2175 2845 2684 1823 1242 1489 2245 1233 1649 2364 1992 1963 2190 2597 1784 2083 2040 2185 1993 1437 2894 2641 1982 1413 1978 1351 2568 2065 2839
3920 3053 3683 3380 3830 3345 3684 3867 2918 3264 3627 2777 2563 3298 3875 3743 4226 3400 4003 3835 2747 3520 2881 3488 3862 3967 3197 2950 2814
5483 4221 4276 4844 3835 4519 4476 5084 4322 4999 4825 4087 4359 4697 3893 5068 4900 3802 5146 3885 4644 4315 4091 3882 4165 4001 3893 4145 5309
6821 6371 7407 6059 7315 7222 6143 6029 6250 5806 7260 6751 6415 6057 6326 7414 7289 6524 6901 7315 6787 7414 7177 5962 7218 6181 6802 7332 6640
5755 4975 5604 5576 6155 5855 6518 6413 5721 5145 5384 5841 5432 6122 5087 5896 5249 5837 5597 5512 5038 5453 5744 6070 5067 5014 6134 6625 6538
1874 3276 3331 3128 2856 2739 3321 3210 3062 3223 2904 1962 2246 3259 2078 2004 2554 1742 2003 1807 2747 2133 3237 2429 2460 2833 2738 2134 2785
5121 3861 3614 4034 4905 4636 4023 3894 4955 4730 4790 3850 4734 4593 3709 4455 4969 3996 3966 3968 5116 4150 4497 4862 4335 4868 4344 4540 4145
3155 3458 3589 2685 3096 3909 2591 3431 3081 2783 3652 2794 3524 3809 3765 2662 2654 3129 3301 3425 3585 2672 3961 3361 3679 3015 2778 4023 3829
6847 6050 6056 6381 7654 6597 6376 7369 6134 7048 7688 6840 7082 7684 6796 7348 6282 7162 6370 6677 7145 6681 6143 7103 6747 6987 6966 6082 6476
7444 6779 7822 6752 7684 6989 6811 7201 7096 6309 7617 6327 6711 6681 7618 7434 6815 6470 6368 6132 6360 6489 6591 6637 7584 6690 7702 6869 7286
2385 3146 2971 3197 3996 2499 2374 3078 3190 2946 3204 2729 3303 3191 3656 2330 3914 2650 2405 2354 4044 2504 2815 2553 3275 2409 3798 2355 2590
5614 4643 4409 4061 4758 5635 4710 4681 4361 5251 5479 4033 4726 5028 4495 4206 4724 5533 4101 5330 4989 4132 4656 4932 4164 4622 5423 5659 5279
5888 5919 4794 5343 4954 4452 5685 6017 5316 4588 5447 5684 5695 5481 5595 4572 5261 5161 5922 5605 4477 5560 5612 5229 4850 4572 4877 5705 5321
4683 4139 5248 5482 5397 4444 5169 5226 5463 4264 5395 4834 4114 4256 5318 4653 5368 4995 4549 4562 4417 4678 4446 4823 4276 5271 5394 5267 4298
5210 6496 5702 5361 5959 5412 6215 6567 6111 6259 5028 5339 6136 5238 6591 6642 5036 6229 5045 5921 5256 5484 5020 6130 5202 5753 5153 5021 5023
5067 5953 5670 5616 6120 5812 5784 4662 6136 5808 5089 5622 6031 6152 5887 5484 5107 4585 6130 4600 5012 5739 6108 4597 6103 5434 5050 6157 5180
4606 4408 3733 3645 3799 3271 4435 4657 3866 4308 4247 4333 3457 3504 4384 4722 4527 4657 4742 3524 3565 3957 4297 3687 3834 3882 3492 3758 4546
5477 6524 6339 6340 5777 6158 4992 6545 4964 5023 5022 6259 5383 5861 5036 4840 6383 5850 5409 6326 5980 6254 6180 6086 5483 4947 6455 5492 5368
3738 4905 4640 4759 3423 4505 4253 4338 3676 4333 4074 3777 3574 3822 4478 3363 3899 3423 4704 4937 4070 3882 4131 3944 4301 3754 4463 4057 4839
5474 6569 6548 6057 6499 5698 5707 6443 6201 5628 6496 5814 5342 5715 6423 5623 6833 6584 6250 5475 5300 5722 6087 5848 5436 5546 5283 5903 6255
2858 1364 2837 2124 1937 1885 1684 1840 2085 2449 2590 1720 2471 1863 2457 2476 1337 1846 2438 1976 2308 3041 1454 1889 2623 2208 2736 2203 1589
3961 3441 4283 3680 3542 3584 3836 4572 2893 2901 4515 4162 2952 3739 4367 4068 4020 3138 4534 3475 3057 3998 3274 4545 4433 2882 3086 4452 4513
6075 6201 5254 5369 6237 5608 4935 6255 5861 5788 4916 6587 5476 5746 6454 5803 5383 6487 5695 6065 6451 5643 6464 6347 6118 6419 6346 5092 5855
6699 6641 6510 5893 7051 7096 7373 6348 5748 7421 6103 7328 7114 7285 6133 6160 6635 6289 7301 6785 6939 6666 6989 6755 6538 6672 7386 7320 7294
7039 6973 6313 6827 7715 6830 6940 6585 6766 6295 6235 7700 7101 6408 7318 6192 7064 6756 6558 6285 6755 7728 6306 7820 7372 7783 7327 6616 7815
4025 3817 3095 4491 3996 3833 4368 3210 3158 3678 3201 4617 4052 3791 4224 4247 4141 4611 4689 3908 4100 4198 3205 3644 3470 3596 4382 3242 3942
3008 2629 2493 2003 2161 1856 1421 2271 1456 2107 1475 2752 2689 1659 1990 1372 2194 1780 1390 1464 2020 1552 2629 2757 2117 1558 1775 1805 1886
7828 6832 6248 6297 6396 7403 7418 7378 6740 7216 7046 6551 7758 7635 6391 6317 7257 7775 6695 7800 7671 6435 6683 7584 7248 6492 7624 6818 7531
5229 4886 4294 5263 4677 4940 4447 5598 5402 4765 5520 4744 4772 5617 5729 4444 4655 4964 5785 5187 4132 4189 4625 4580 4346 4958 5387 5612 4613
5296 4605 5881 5873 4652 4492 5498 4964 4464 5717 5505 5916 5020 5620 4441 4672 4742 5283 4481 5590 4510 5921 4406 5583 4985 5816 5638 5993 4643
4462 7477 5794 2320 6069 4518 7973 8197 5931 4996 5876 5988 7689 3672 3623 6352 1321 5911 6104 3993 3801 3952 5998 7470 7212 2327 6453 3443 4009 5738
3691 6454 5999 2154 6062 5355 8318 8735 6408 4436 5944 5593 7523 2583 4119 5644 1990 5744 7340 4792 4115 2813 5621 6787 8056 2895 6905 2986 3519 6396
3545 6945 4659 3227 6139 4765 8175 8823 6742 5104 7206 6040 7196 3379 3803 6806 2521 5125 7079 3770 3821 3131 6056 7607 7983 2382 6660 4346 3441 5092
3814 7300 5811 2192 5371 5397 8330 8375 6415 5173 7101 6957 8265 3381 4495 5109 1393 6047 7374 3776 5277 3467 5682 6848 8072 3464 6314 4284 2828 6350
3299 6445 4572 3220 6332 5182 7571 7680 6391 5690 6023 6678 6968 2648 3861 6024 1148 5106 7343 5106 4038 3382 6721 6309 8590 1847 6790 2856 3376 6453
4849 7264 6165 2862 6367 3988 7800 8957 7089 4867 5812 6537 8410 2740 3923 5192 1362 5870 7008 3978 4750 3091 6149 7090 7530 2524 6867 3170 3063 5192
4396 7742 4560 3228 6275 5332 8482 8205 5755 5983 5883 5866 7970 3923 4275 5336 2331 5154 6587 4570 3599 3406 5673 7120 8846 3229 6604 2893 3553 5305
4500 6650 5056 2327 6116 5330 8713 7264 7212 4706 7053 5895 7521 3354 3886 6133 1175 5427 6771 4442 4991 2856 6391 6439 8332 2570 5794 3599 3196 5371
4930 7757 4940 1969 5489 4004 8263 7992 5950 6123 6701 6249 6812 3194 4754 6540 1263 5498 6265 3996 3577 3052 6597 7060 7424 2564 5912 3785 4265 6145
3790 6616 5443 1806 5931 4401 7245 8200 6565 4944 7216 6078 7410 2801 3751 5197 1413 5094 6483 4222 4838 3930 6221 6590 8851 2687 6951 4052 4156 6326
4682 7594 5003 1853 4880 4378 8039 8004 7050 5420 6649 6362 6754 2790 4526 5642 1258 5991 7262 4333 3581 3169 7197 7296 8713 1934 6186 4134 4354 4997
3767 7132 4797 2071 5200 4971 7162 8472 7178 5250 6093 6165 7494 3935 3233 6680 1708 6476 6734 4685 3779 3003 5508 7325 8417 3122 6657 4486 2980 4956
4026 6310 4879 2738 4951 5489 8129 7365 5956 5941 6794 5645 7557 4057 3585 5391 1875 6480 7546 4479 4043 3165 6773 6365 7549 3368 5637 2850 4287 6613
3781 7133 5223 3437 6418 5093 7727 8774 6373 5516 6534 5863 7528 3639 3615 6437 1573 6388 7701 4472 3657 3915 5510 7601 7220 1763 6428 2905 2898 5122
4537 7471 5051 3448 5292 5396 7276 8236 7030 4845 6954 6862 6936 3993 4417 6342 1735 5275 6688 4603 3843 3872 6590 7505 8789 3159 6557 3858 3176 6448
4387 6865 4856 2958 5376 5426 7532 7856 6590 6118 6182 6483 6803 3395 4489 5836 1095 6633 6278 4420 4658 4334 5941 6492 8516 2198 6700 3026 3129 5720
4263 7527 4910 2795 5936 5022 8426 7720 5977 5686 6400 6486 7943 3756 3421 6502 2194 4968 7616 4454 4127 2695 5679 6612 8615 2554 5678 3935 3847 6332
3412 7765 4701 1991 5532 5263 8651 8910 6706 5103 6489 6426 6853 3715 4576 5850 1775 5346 6427 4658 4630 4177 6259 7368 7629 3002 6429 3260 3393 5217
4373 7076 5807 3456 4986 5104 8249 8295 6662 5571 5718 5810 7548 2584 3501 5734 1881 5198 7323 4252 4699 3249 5714 7032 7873 2561 5552 4134 3004 6482
4032 6683 5466 2147 4871 4670 8001 8239 6470 6027 7157 6700 7000 3646 3555 6479 2585 5084 6911 4696 4853 3372 6949 6313 8363 2281 6001 4480 3043 6435
3571 6685 5888 3113 4824 4859 7530 7507 7238 6075 6045 5614 8117 3324 3350 6818 2322 5274 6243 4371 4117 3186 5875 7138 7839 2038 5523 3527 3945 5974
4318 7404 5349 3375 5887 4894 7857 7886 6399 5969 6797 6226 8197 3756 4153 5515 1556 4994 6260 4603 4191 3278 6983 6516 7431 2360 5830 4029 4284 5780
3608 6506 4632 1755 6359 4298 8488 8014 6160 5722 5735 7129 8212 3632 4402 5269 1149 6672 6421 3556 5194 3033 6225 7578 7592 3069 5686 3719 3387 6141
4035 7752 5767 1763 5111 5515 8124 7511 7351 5194 6265 6468 7318 2616 3277 6289 1210 6419 7519 4396 4913 3534 5626 7514 7855 3318 6573 3857 3693 5590
4091 7766 6048 2935 5322 4437 7480 7867 7292 5903 6157 6459 7961 2538 4344 6066 1093 5860 7578 4279 4166 4092 5921 6615 7840 1964 6108 3087 3047 5237
3391 7332 5022 1998 6331 4966 7646 8069 5872 5174 5792 5873 7085 2936 4450 5279 2248 6183 6985 4342 4075 3674 5925 6272 8789 2420 5701 4182 2784 6510
4205 6483 6180 2054 5723 4140 7486 7423 6262 5119 6338 6275 7238 3993 3894 6237 1691 5730 7367 4551 4270 3450 5990 6435 7634 2828 5955 3367 3204 5273
3791 6233 5032 1948 6436 5122 7269 8133 6983 4503 6601 5580 7076 3717 3954 5401 2456 6158 7615 4229 3775 3112 7188 7360 7508 3002 6112 3160 3882 6191
3354 7536 5914 2364 5506 4258 8093 7991 7153 5477 7188 5916 7712 3986 3407 5461 2332 6531 7451 3702 5114 3893 5535 6879 7331 3050 5926 2944 3063 5342
29 5 0 11 88359 1
28 10 9 18 65180 1
4 0 21 7 66003 1
27 27 20 15 36657 1
23 17 28 6 45133 1
6 12 24 10 73502 1
27 4 15 29 86165 1
4 1 28 14 94881 1
3 11 24 23 85901 1
26 23 17 1 70645 1
27 8 0 11 75553 1
15 8 2 2 66648 1
10 10 29 16 52149 1
0 26 26 29 75975 1
21 14 26 24 31477 1
27 8 1 4 84172 1
9 10 4 3 43908 1
2 13 21 12 55044 1
2 11 25 16 57748 1
16 4 22 0 28982 1
25 10 13 24 68013 1
14 25 22 5 67940 1
23 11 13 19 57706 1
4 21 6 0 63557 1
1 18 0 1 39130 1
6 14 5 2 39164 1
27 29 19 5 67968 1
5 2 15 15 60500 1
21 28 5 15 57231 1
5 1 16 1 43445 1
15 29 26 4 80442 1
28 29 5 24 73982 1
8 13 20 3 60432 1
6 27 29 24 71483 1
10 18 21 26 48075 1
17 11 22 23 53682 1
28 28 3 5 105515 1
25 22 5 3 87118 1
5 13 26 24 57928 1
27 0 6 29 108373 1
0 0 16 16 57519 1
27 6 8 3 59114 1
9 12 24 16 42605 1
6 11 19 14 50185 1
9 1 21 25 88158 1
3 29 6 15 47478 1
12 22 0 25 47236 1
16 25 19 18 33038 1
6 2 24 5 63465 1
13 15 26 24 42855 1
7 3 0 7 26002 1
22 22 5 0 91708 1
25 2 24 20 45374 1
20 13 12 29 64953 1
25 17 6 6 71763 1
1 1 17 28 102805 1
20 16 11 22 40347 1
23 27 10 28 47589 1
28 5 25 28 56135 1
8 8 2 28 75437 1
6 2 19 9 57420 1
6 28 1 22 31587 1
14 24 23 7 83227 1
2 6 18 28 101683 1
24 29 28 8 63749 1
29 2 15 10 71618 1
14 13 20 23 42285 1
18 27 26 20 39303 1
18 27 24 2 75871 1
16 4 19 23 62328 1
26 16 6 15 37894 1
29 6 29 28 72250 1
19 3 23 20 50827 1
16 19 17 6 64116 1
22 29 3 21 77114 1
17 11 7 9 58187 1
9 6 24 2 60150 1
11 17 26 19 36087 1
27 0 7 9 79063 1
2 10 23 2 90817 1
5 22 24 16 44446 1
27 28 21 14 41936 1
9 0 17 3 31592 1
23 28 4 3 102110 1
10 0 28 23 96779 1
4 13 29 7 83361 1
12 25 12 12 53167 1
20 4 19 18 35551 1
2 3 3 27 62385 1
19 1 26 14 47673 1
13 23 20 19 39022 1
7 5 0 20 55356 1
6 28 4 1 80750 1
25 19 13 2 72345 1
24 15 20 25 31341 1
28 20 1 14 64344 1
14 17 2 19 37904 1
17 7 0 23 85531 1
14 27 20 4 69025 1
3 13 25 22 64496 1
10 21 4 0 70683 1
24 18 13 15 37548 1
20 19 11 28 50195 1
11 4 16 23 79889 1
16 2 16 12 40294 1
26 14 11 26 60482 1
22 24 18 7 65009 1
24 12 4 4 89096 1
26 19 10 23 53307 1
19 0 21 18 48098 1
28 17 1 12 64134 1
2 0 24 26 111587 1
21 26 25 2 63715 1
3 17 25 23 63932 1
22 11 2 5 84838 1
17 1 10 20 77040 1
20 7 7 7 52907 1
7 1 11 24 84632 1
8 13 12 29 62791 1
19 29 7 26 51949 1
29 4 1 14 86922 1
1 8 5 18 35222 1
16 13 15 28 62972 1
2 26 28 15 76198 1
19 27 24 12 55510 1
28 18 18 9 50968 1
16 17 16 2 54665 1
26 13 29 25 31804 1
19 3 22 26 59390 1
16 21 28 27 47529 1
29 7 20 16 48149 1
15 2 5 14 63319 1
23 5 9 15 62777 1
16 14 28 20 41992 1
19 18 1 21 57893 1
8 27 26 10 79752 1
3 23 23 4 96320 1
19 29 22 8 65476 1
16 13 25 4 51918 1
0 24 6 0 67682 1
25 1 20 16 43700 1
8 3 15 28 96239 1
14 27 5 24 36294 1
2 8 25 0 94361 1
29 29 29 3 69411 1
23 17 28 5 41496 1
10 21 7 10 39424 1
13 12 6 20 43141 1
11 28 9 0 91415 1
23 0 23 23 78289 1
3 18 29 10 83219 1
29 25 19 21 36428 1
6 26 27 3 90571 1
18 11 10 5 59954 1
0 12 20 24 58539 1
28 24 12 2 93002 1
13 18 22 25 46511 1
3 17 22 3 69122 1
10 29 21 18 59066 1
7 15 1 24 38525 1
24 4 2 29 113408 1
18 0 11 17 64190 1
24 1 8 28 112049 1
9 2 19 10 56469 1
13 29 9 0 102980 1
2 1 8 26 81672 1
22 19 16 29 47245 1
5 25 26 7 73684 1
25 11 9 12 62281 1
14 29 10 7 82245 1
1 18 9 2 64922 1
5 18 7 4 46720 1
2 29 6 22 36934 1
3 8 25 15 70344 1
20 26 13 1 78320 1
25 6 0 8 85492 1
5 4 14 18 58087 1
19 25 13 6 82723 1
17 18 9 9 49974 1
9 16 27 11 45407 1
27 6 14 15 54163 1
15 23 24 11 70516 1
10 1 18 20 75986 1
7 8 27 18 68519 1
18 11 9 29 76219 1
1 25 22 1 100010 1
14 9 7 27 82602 1
7 8 13 25 64859 1
24 1 13 17 69079 1
27 6 8 12 76189 1
22 14 5 6 64928 1
25 28 18 4 70717 1
1 15 4 27 40334 1
7 22 15 25 32168 1
3 3 27 5 67741 1
25 26 3 14 71158 1
19 28 8 2 93408 1
8 26 2 12 56782 1
5 5 22 8 68177 1
11 3 2 21 68828 1
11 8 20 16 48819 1
14 19 9 2 70831 1
19 21 29 12 44592 1
24 6 6 25 92755 1
18 18 22 6 48810 1
9 6 0 3 41307 1
19 10 28 20 45185 1
16 24 29 29 49331 1
23 5 10 16 55250 1
1 8 26 23 78756 1
2 3 9 10 49327 1
8 7 10 28 75692 1
2 18 24 19 61534 1
27 1 23 10 43094 1
21 20 14 12 45735 1
11 13 6 28 51391 1
22 9 12 13 50059 1
6 10 19 6 73836 1
15 12 26 20 46329 1
16 22 7 1 86896 1
0 21 7 13 32851 1
12 8 6 20 57304 1
25 15 18 20 28726 1
3 25 20 25 44827 1
21 2 5 20 68306 1
24 24 0 17 72705 1
2 25 17 15 52627 1
3 1 4 24 79132 1
14 21 23 6 76271 1
25 17 29 1 48453 1
5 23 27 7 76218 1
9 7 4 24 70613 1
12 27 23 21 48839 1
4 20 21 12 50439 1
20 14 23 24 37850 1
19 11 10 12 45744 1
29 4 15 11 75677 1
8 9 3 28 66409 1
6 8 25 1 74316 1
22 29 29 12 63544 1
3 13 19 12 53716 1
8 10 22 29 88191 1
17 20 5 25 52585 1
24 5 4 8 84358 1
24 19 29 5 48553 1
23 0 13 21 81656 1
25 1 17 9 48109 1
29 21 20 17 30218 1
18 0 9 5 46168 1
21 1 1 17 74919 1
3 27 20 18 62229 1
27 9 15 13 50040 1
0 23 17 29 65771 1
24 22 29 15 33397 1
1 7 14 20 68352 1
0 23 18 11 63316 1
17 20 6 10 58630 1
19 16 11 19 28194 1
20 24 26 6 45059 1
16 17 1 4 58588 1
21 13 26 8 25957 1
28 7 22 25 62001 1
22 26 5 0 99358 1
0 2 9 24 75294 1
21 21 7 29 59601 1
13 20 21 7 59770 1
28 16 10 22 49275 1
1 22 1 5 43830 1
3 27 24 6 102942 1
27 27 26 15 25975 1
26 3 1 18 74691 1
2 16 11 23 39930 1
29 6 6 19 83822 1
7 26 24 20 65571 1
28 2 18 14 52939 1
2 2 21 11 74209 1
24 19 7 26 66995 1
26 7 0 24 77530 1
14 15 22 13 31783 1
26 2 18 6 35722 1
13 1 9 18 68789 1
28 22 25 8 40971 1
20 28 11 17 47204 1
26 27 4 23 69216 1
24 16 14 9 54042 1
29 2 22 22 66283 1
13 22 19 0 78869 1
0 21 28 12 71226 1
26 16 14 13 37463 1
25 22 7 12 61193 1
4 9 26 7 75938 1
0 25 20 17 53496 1
14 13 21 21 40976 1
26 19 17 5 53499 1
4 15 19 14 39143 1
7 10 27 6 77992 1
13 26 9 7 76036 1
28 27 8 21 69100 1
22 22 29 2 66283 1
23 15 19 23 31900 1
18 23 23 6 69206 1
22 29 23 4 79608 1
8 0 5 9 39108 1
14 15 23 29 62876 1
11 26 6 21 30947 1
20 9 0 15 51705 1
16 6 5 25 79813 1
26 23 14 8 76523 1
4 22 8 14 33694 1
14 13 4 16 31399 1
27 27 1 18 74082 1
8 4 18 13 64065 1
24 13 5 0 81680 1
26 26 11 23 49831 1
5 2 7 25 66188 1
9 17 28 26 64176 1
14 16 23 29 56234 1
27 29 9 22 68272 1
15 6 1 17 77511 1
14 29 10 13 63795 1
13 4 8 17 60485 1
5 21 1 12 31384 1
23 21 2 26 69714 1
22 4 23 24 69085 1
23 0 9 3 47256 1
6 3 28 9 71953 1
5 10 28 7 82581 1
5 19 0 11 25289 1
10 23 21 26 36690 1
24 16 0 4 62664 1
14 0 18 28 91747 1
29 3 18 20 58305 1
2 11 17 11 68869 1
20 2 27 5 26080 1
24 18 17 13 36798 1
15 9 28 13 62676 1
16 24 10 2 84864 1
23 19 3 21 61076 1
19 24 25 20 35970 1
13 25 3 23 40044 1
12 28 0 22 47758 1
1 19 8 26 43815 1
1 21 21 11 64400 1
24 19 27 5 39173 1
18 24 5 7 77226 1
10 7 1 21 57747 1
7 28 27 16 71925 1
20 23 0 17 50036 1
26 0 20 24 59209 1
5 8 0 18 33336 1
15 22 6 21 36107 1
15 15 10 10 32046 1
0 9 22 1 79823 1
8 29 16 8 92038 1
9 1 3 9 54104 1
17 15 7 16 20129 1
15 12 12 29 78899 1
4 15 13 17 24797 1
12 10 20 22 60051 1
27 0 11 24 94209 1
28 26 13 20 64180 1
22 7 27 0 42935 1
24 7 12 10 84238 1
5 22 17 15 36808 1
7 0 2 25 77844 1
19 22 3 28 66340 1
16 24 16 7 70434 1
23 18 11 24 61294 1
4 9 29 24 89935 1
13 28 19 23 39736 1
10 15 0 2 45585 1
5 1 8 12 48240 1
29 4 9 20 80869 1
10 28 28 12 79836 1
18 18 24 22 38695 1
24 3 8 20 75004 1
28 23 11 20 66385 1
5 25 9 8 59770 1
1 17 19 12 51624 1
9 14 21 2 62393 1
26 27 9 16 49906 1
12 17 5 27 42454 1
0 16 11 5 52795 1
16 16 24 24 45504 1
5 10 27 11 65991 1
29 12 13 28 79864 1
22 29 16 13 59899 1
10 21 15 3 68607 1
19 12 24 1 48606 1
22 8 6 23 79207 1
28 26 23 10 58842 1
7 13 23 11 61722 1
9 1 18 26 94716 1
7 5 27 23 86573 1
24 17 7 11 51385 1
23 16 28 28 34678 1
19 3 15 10 42405 1
3 1 26 20 94436 1
1 17 29 12 67816 1
25 28 4 7 92254 1
11 5 0 27 75277 1
12 23 24 25 41750 1
10 15 14 4 52823 1
1 15 23 29 80987 1
24 27 3 6 106476 1
19 23 0 14 58176 1
10 29 2 11 70405 1
1 24 19 29 69137 1
2 22 28 19 74093 1
26 17 23 9 32509 1
16 15 0 19 36101 1
22 28 8 26 53556 1
25 28 12 26 48549 1
0 29 13 10 76714 1
18 29 27 26 40715 1
29 21 18 24 43822 1
12 20 2 19 43574 1
14 1 13 25 93004 1
8 13 7 4 32215 1
15 29 9 6 95197 1
9 12 24 29 80950 1
1 0 17 22 91945 1
12 24 20 8 62759 1
25 20 16 27 48002 1
1 24 26 16 66971 1
2 26 3 8 63255 1
19 18 12 4 65988 1
21 27 14 24 28963 1
14 11 8 0 65741 1
2 29 9 24 41130 1
16 12 4 10 53331 1
19 5 21 22 45279 1
18 21 13 14 39335 1
14 27 28 8 81891 1
27 8 23 15 32473 1
16 3 25 16 45300 1
4 2 16 15 65405 1
8 3 21 20 69964 1
14 27 24 12 70742 1
9 2 10 18 54671 1
16 10 10 18 40455 1
7 21 18 26 45839 1
28 28 20 19 40684 1
14 25 15 11 69030 1
1 14 20 27 63749 1
12 22 3 23 46594 1
24 19 16 25 40615 1
26 21 26 9 22892 1
5 5 26 27 86045 1
6 27 15 15 51030 1
7 1 5 15 47125 1
29 1 25 7 32362 1
11 10 13 21 49766 1
12 21 19 16 36633 1
11 12 9 23 43969 1
2 21 17 22 56722 1
4 2 22 7 70012 1
2 8 26 5 89586 1
8 20 28 19 61139 1
16 12 17 27 59185 1
10 14 2 16 18592 1
11 13 1 8 45942 1
25 0 25 21 49255 1
1 26 22 21 69542 1
18 24 27 19 41402 1
9 14 6 1 54263 1
8 5 27 28 94407 1
24 27 13 20 57834 1
20 8 26 25 45592 1
17 14 3 15 38813 1
14 13 14 25 59408 1
29 8 21 15 44931 1
19 9 15 15 37067 1
8 14 27 0 78968 1
12 6 0 7 50777 1
16 13 28 3 53427 1
8 1 26 12 75216 1
20 17 24 0 51509 1
12 10 3 26 71303 1
21 23 13 11 56376 1
17 29 26 27 37753 1
26 24 16 21 39786 1
21 15 17 3 37959 1
25 19 9 24 68263 1
6 22 12 17 33865 1
2 4 6 14 49028 1
10 26 27 10 74455 1
7 2 3 11 47757 1
27 13 14 15 36499 1
25 11 7 2 72147 1
27 21 13 28 57311 1
27 3 1 26 95297 1
9 3 5 25 67490 1
23 26 0 26 67921 1
14 14 3 4 70538 1
29 15 2 18 59716 1
10 28 8 11 61376 1
3 8 13 15 50582 1
22 18 19 0 54358 1
28 26 13 19 66019 1
12 18 19 2 61019 1
14 16 29 4 58294 1
16 0 5 29 107542 1
19 4 27 22 56296 1
2 9 25 3 84253 1
19 29 9 27 43730 1
9 6 27 11 79795 1
12 16 25 2 54596 1
18 14 22 22 34001 1
2 23 25 20 74943 1
24 24 4 8 89421 1
0 20 5 9 33704 1
10 16 18 24 45734 1
8 15 29 18 53785 1
23 5 8 9 74407 1
6 23 10 17 33344 1
11 2 24 13 63563 1
7 28 25 26 59924 1
0 21 20 15 46621 1
16 13 4 5 64588 1
11 17 17 9 47351 1
2 17 25 2 75068 1
1 14 8 25 44105 1
20 29 23 4 69365 1
8 10 2 21 51785 1
8 28 17 2 102690 1
21 12 2 27 74994 1
2 29 13 16 56156 1
2 13 7 18 26225 1
14 2 4 11 59114 1
19 5 25 0 32609 1
8 7 13 29 91611 1
6 8 3 22 52614 1
9 23 28 22 72910 1
20 27 11 14 48978 1
17 1 10 12 58885 1
13 2 29 18 79143 1
12 17 4 29 53826 1
24 10 16 3 49235 1
17 5 4 9 65169 1
22 5 3 0 68494 1
7 0 9 19 69026 1
2 24 18 1 100922 1
8 12 12 4 48318 1
23 20 18 27 37694 1
27 9 13 20 61053 1
26 21 14 2 68504 1
22 6 27 11 41685 1
28 6 19 18 53619 1
27 22 7 28 72241 1
16 14 6 17 29501 1
26 2 16 2 31554 1
16 15 18 7 39131 1
11 20 4 13 32437 1
29 25 23 14 42216 1
1 1 22 0 71563 1
6 0 7 28 84755 1
13 4 15 24 90906 1
23 2 13 27 88807 1
2 0 28 1 86346 1
8 21 28 3 78820 1
16 24 1 21 56004 1
26 18 24 3 34119 1
23 5 27 11 31779 1
28 20 2 28 88136 1
26 0 20 13 43854 1
20 23 6 16 38261 1
16 4 28 12 60322 1
0 8 29 17 71017 1
16 18 29 24 58965 1
4 19 13 24 46193 1
8 5 25 0 66370 1
10 6 25 17 59151 1
29 16 25 29 36246 1
25 21 28 9 36188 1
18 1 24 5 38775 1
7 21 23 4 79341 1
15 18 7 25 50952 1
1 10 6 21 40802 1
0 21 19 1 82610 1
29 12 15 28 73790 1
20 23 17 2 55914 1
4 0 11 20 70220 1
19 10 26 0 44230 1
4 15 14 5 67019 1
27 1 16 5 44377 1
25 2 7 17 64067 1
6 15 12 1 64078 1
7 29 20 8 82596 1
5 11 8 22 37962 1
26 6 20 15 31246 1
22 16 3 9 57640 1
14 8 11 25 77750 1
18 18 27 12 36314 1
13 2 13 29 102598 1
5 10 28 10 74130 1
23 12 20 23 39022 1
8 16 29 28 63123 1
26 25 8 12 67414 1
16 22 29 24 51250 1
7 2 26 8 61236 1
21 2 12 15 54262 1
27 15 1 8 73336 1
23 2 17 20 64113 1
26 19 23 5 41330 1
9 8 27 2 71844 1
13 25 16 17 39383 1
16 15 3 15 31465 1
27 21 9 28 66334 1
1 26 12 9 72803 1
21 20 16 4 53329 1
21 20 0 16 45310 1
0 25 26 7 79508 1
21 4 6 3 43017 1
29 8 7 29 107670 1
0 9 15 3 48533 1
21 21 18 13 26117 1
0 28 19 20 70593 1
12 15 22 25 42595 1
15 8 23 4 50922 1
28 15 17 27 53400 1
4 14 5 3 35771 1
9 28 5 15 44898 1
19 22 29 15 39728 1
6 10 27 11 71803 1
3 19 12 5 64574 1
10 4 6 23 66631 1
24 17 8 4 77932 1
5 22 2 2 54763 1
1 10 25 26 85578 1
8 24 14 13 60978 1
18 24 5 28 46680 1
21 15 25 1 45446 1
15 29 7 5 97803 1
25 0 5 17 74088 1
6 8 8 28 66127 1
14 24 15 5 88874 1
14 8 28 19 77638 1
22 15 21 6 37464 1
10 0 27 2 58637 1
9 17 28 23 59709 1
7 19 6 28 33909 1
7 4 2 14 49188 1
12 26 11 10 61204 1
19 7 8 17 54827 1
5 19 29 29 78933 1
4 17 14 0 78147 1
6 15 21 18 37742 1
22 22 2 28 75690 1
19 8 11 17 45726 1
17 1 18 22 68446 1
11 7 26 17 65082 1
21 0 5 19 69733 1
9 4 13 22 71809 1
15 1 27 11 60895 1
9 20 25 26 62316 1
2 1 2 21 54641 1
28 19 12 12 59778 1
25 7 21 28 64164 1
24 4 26 13 29841 1
24 15 22 24 41857 1
27 13 8 13 51443 1
2 20 27 7 81237 1
7 18 11 11 30360 1
20 5 16 27 60204 1
28 11 8 29 99477 1
2 9 21 10 77623 1
2 8 27 0 97757 1
5 3 29 17 82014 1
26 3 15 22 68086 1
5 24 19 21 54355 1
23 22 1 0 96484 1
29 25 8 2 100667 1
29 5 22 10 46580 1
7 0 16 2 36542 1
15 19 1 15 42310 1
2 21 28 11 77881 1
6 8 13 26 75251 1
11 20 13 10 48315 1
20 5 7 2 40646 1
10 18 27 25 54552 1
25 7 26 22 34982 1
10 27 6 10 60530 1
10 9 26 29 73543 1
10 10 24 9 70791 1
22 8 8 18 65192 1
14 12 4 12 44649 1
24 27 24 2 64858 1
12 25 27 10 67651 1
27 0 29 16 44026 1
11 13 16 3 49811 1
28 9 17 23 65151 1
23 27 13 17 52872 1
14 12 9 18 41890 1
26 7 6 19 62533 1
14 11 25 23 68239 1
24 5 10 22 75579 1
25 20 1 27 80002 1
21 2 15 28 77452 1
12 4 17 17 64397 1
0 19 5 14 18673 1
9 29 24 22 72409 1
1 26 15 8 89429 1
24 11 12 7 85425 1
8 12 18 0 76009 1
6 22 28 4 87372 1
15 15 27 28 50837 1
17 10 28 2 56514 1
20 0 5 17 62417 1
27 26 21 18 39830 1
9 0 5 22 72515 1
6 6 16 11 68454 1
1 11 27 27 82712 1
28 19 13 9 69394 1
16 2 3 13 67110 1
6 8 21 14 61004 1
7 29 13 17 57015 1
25 13 17 10 40010 1
1 1 6 13 45649 1
4 14 27 0 80291 1
6 25 18 6 84081 1
11 14 17 19 35067 1
19 2 0 23 84652 1
0 25 3 9 48072 1
24 0 23 17 52010 1
28 28 15 24 46092 1
19 19 4 11 53767 1
5 22 17 12 51523 1
17 27 3 24 52956 1
11 24 29 26 58037 1
9 18 27 5 65492 1
12 19 3 13 38901 1
27 26 4 8 87346 1
6 20 3 6 56026 1
27 27 3 28 75294 1
9 20 13 12 39343 1
23 23 28 7 66757 1
7 2 20 12 54899 1
16 12 1 16 39907 1
25 2 29 14 38198 1
1 16 28 23 66077 1
19 29 9 19 62880 1
2 27 6 5 70695 1
29 4 27 25 58182 1
21 0 14 16 49476 1
26 9 10 15 43631 1
4 6 21 10 75429 1
17 24 8 4 96870 1
0 14 29 12 68778 1
12 15 18 11 33833 1
11 15 22 14 33063 1
14 7 27 4 62407 1
20 19 14 25 29046 1
20 12 25 27 44263 1
7 2 14 16 55636 1
29 10 23 17 43250 1
18 13 7 2 63600 1
5 10 8 27 50710 1
29 4 2 13 89001 1
14 19 20 15 30051 1
12 19 3 25 45448 1
18 8 21 16 33565 1
4 24 18 11 67013 1
1 6 23 11 91625 1
28 28 23 5 66093 1
5 19 9 7 49670 1
24 26 17 3 72655 1
3 15 10 8 42048 1
11 26 12 17 41297 1
19 16 11 24 47046 1
18 13 15 23 51170 1
13 15 14 28 59089 1
0 14 9 8 50898 1
7 7 13 29 84347 1
5 12 3 24 43228 1
15 4 3 0 46949 1
4 26 26 5 83822 1
26 22 4 6 80041 1
25 12 10 16 39266 1
16 0 22 24 80145 1
27 27 23 2 63021 1
28 25 28 15 32324 1
17 1 19 24 72690 1
1 10 18 8 78712 1
14 13 3 3 62541 1
7 15 22 3 58261 1
27 24 10 2 90444 1
1 20 24 26 82532 1
3 17 10 20 28697 1
22 2 10 4 41833 1
27 26 26 2 53121 1
12 6 27 23 91923 1
13 18 9 8 46318 1
29 26 17 28 46452 1
24 11 8 4 79071 1
11 3 14 16 47960 1
10 1 0 4 33245 1
1 15 5 26 34740 1
27 11 15 23 64459 1
7 12 20 8 53401 1
16 26 24 13 53265 1
2 7 10 20 61051 1
23 3 17 7 38441 1
13 15 25 25 47392 1
17 22 11 26 35729 1
5 11 24 19 59319 1
21 24 3 4 93918 1
10 2 27 6 58310 1
13 22 14 9 66919 1
26 29 9 19 65375 1
9 13 29 8 72842 1
7 15 8 6 38143 1
15 0 0 0 62059 1
8 10 23 20 69888 1
20 20 18 3 40781 1
15 23 16 6 77674 1
5 2 28 8 80313 1
26 21 28 11 31095 1
0 12 5 21 27880 1
9 2 2 7 44521 1
11 26 5 1 83213 1
12 0 0 22 80100 1
24 8 8 15 65945 1
16 18 8 29 66609 1
1 9 8 14 38580 1
5 3 23 6 64294 1
0 14 17 3 65392 1
5 7 11 26 64562 1
16 15 26 13 27756 1
12 21 4 29 47836 1
27 24 1 3 93568 1
21 21 9 17 38998 1
8 11 14 16 32714 1
16 23 10 27 29272 1
22 14 26 3 37659 1
10 21 21 18 42472 1
19 20 25 13 29985 1
27 20 3 18 62253 1
4 11 17 12 56764 1
29 14 13 16 37033 1
17 9 23 18 50678 1
0 29 3 17 40507 1
0 22 11 23 42892 1
29 16 26 25 24382 1
25 24 15 23 39515 1
27 11 8 13 59166 1
11 12 17 8 49933 1
3 14 4 28 44631 1
9 17 28 0 76823 1
2 1 14 16 59956 1
14 4 27 7 51959 1
1 20 24 27 83135 1
12 9 20 24 65997 1
28 6 6 1 77004 1
1 5 22 9 80688 1
26 8 27 17 23424 1
0 2 26 29 95439 1
4 15 15 18 32429 1
7 2 24 4 53418 1
2 14 12 17 29794 1
28 20 20 13 31247 1
26 12 7 13 49054 1
17 3 15 26 72117 1
3 11 25 11 76320 1
28 10 9 6 84325 1
25 17 2 7 78878 1
27 8 3 5 86562 1
11 25 7 8 58369 1
25 21 10 3 76575 1
4 2 5 27 70578 1
7 10 3 20 41320 1
8 8 2 4 42497 1
10 23 12 4 67262 1
0 24 10 6 62503 1
23 0 6 28 103240 1
4 2 9 23 78715 1
26 28 22 5 63305 1
4 10 26 23 68306 1
15 8 11 1 48740 1
12 17 1 6 52217 1
16 5 5 27 88655 1
26 19 18 27 40767 1
13 27 12 4 90445 1
23 29 18 7 80550 1
12 15 6 3 53936 1
13 2 5 20 67253 1
1 22 13 12 56822 1
23 24 1 17 69418 1
20 1 12 11 64307 1
6 11 24 4 80923 1
12 2 8 20 68149 1
28 8 12 27 87570 1
16 16 28 25 41746 1
27 1 16 18 64014 1
5 18 2 27 32403 1
3 8 4 24 60786 1
11 17 5 8 34264 1
22 16 6 6 64170 1
11 29 16 10 76554 1
19 29 16 13 54580 1
10 7 28 8 76856 1
18 26 20 3 55089 1
12 8 2 27 81588 1
24 12 9 6 82099 1
0 24 19 2 86065 1
12 16 19 11 32400 1
15 21 20 27 31778 1
11 20 0 0 63179 1
19 16 4 20 34782 1
11 2 6 28 85379 1
29 23 0 4 95545 1
25 27 13 3 82809 1
6 13 24 10 68768 1
20 21 24 12 37079 1
27 14 10 18 41077 1
25 4 4 23 86873 1
6 13 2 2 44306 1
7 27 7 11 52114 1
11 16 21 3 47115 1
28 13 17 4 56774 1
7 7 17 12 59562 1
7 25 5 3 62857 1
4 15 9 3 50398 1
25 25 12 17 49875 1
23 28 24 2 68918 1
22 8 9 10 74701 1
20 12 5 24 53142 1
7 12 27 7 70062 1
11 22 5 8 50950 1
18 6 1 23 89422 1
1 12 9 20 44236 1
24 10 14 4 61002 1
0 7 26 14 64391 1
1 2 16 13 68428 1
11 22 28 12 67428 1
3 28 14 23 49002 1
3 23 19 15 57641 1
14 10 29 0 85583 1
5 10 15 17 35253 1
3 27 28 16 72771 1
15 7 14 23 83798 1
0 12 26 5 72876 1
8 5 24 21 81520 1
21 4 1 28 92433 1
3 21 26 0 85845 1
22 25 24 2 65027 1
22 16 14 5 58279 1
9 27 4 10 60518 1
4 6 9 0 40778 1
29 28 25 18 36201 1
6 15 14 25 47338 1
22 21 19 7 44559 1
15 16 28 6 53055 1
18 15 9 14 26313 1
28 5 8 6 77454 1
25 20 2 8 82804 1
11 16 18 22 36829 1
16 0 12 22 94961 1
13 9 4 4 55933 1
11 12 18 4 60017 1
20 22 28 18 36290 1
3 22 23 7 93697 1
20 23 10 14 38065 1
16 12 29 20 53519 1
25 1 22 20 59298 1
22 21 12 13 46730 1
3 28 19 1 98709 1
11 17 4 25 36485 1
12 5 6 9 42079 1
17 5 7 26 92869 1
26 29 6 25 59185 1
13 15 10 4 45990 1
15 14 22 28 55189 1
26 10 12 6 65933 1
18 27 29 4 79000 1
7 20 14 16 22774 1
5 12 7 23 33570 1
26 25 16 4 69096 1
5 11 19 5 64962 1
16 29 1 18 78052 1
7 7 22 15 60712 1
22 27 20 6 52582 1
23 26 18 6 70850 1
5 14 29 7 77454 1
26 11 5 21 56116 1
11 5 14 21 65497 1
15 17 21 11 31238 1
10 14 24 19 46212 1
12 11 22 4 68693 1
29 20 25 11 36322 1
28 4 1 8 90366 1
24 14 16 8 50957 1
14 24 14 7 95468 1
2 23 16 14 55133 1
19 21 29 22 40455 1
18 19 9 4 67666 1
13 8 3 8 64433 1
25 6 8 6 74350 1
10 19 20 2 57066 1
9 6 20 27 78781 1
