3626 3862 3473 3522 3784 2845 3362 3492 3959 3050 3356 3295 3260 3446 3756 3529 3831 3865 3941 3396 3798 2839 2946 2956 3578 3734 2859 3275 3955
3582 4094 3293 3942 3780 3987 2936 3301 3441 3318 4226 3080 3601 3547 4142 2798 2957 3468 4130 3042 3848 3150 3041 3008 3117 3700 3866 2841 3783
7120 8184 7890 6818 7066 7806 7929 7354 7470 6815 7002 7764 7941 8103 7161 7100 7903 6896 8176 6868 7519 7143 7566 7469 7507 6870 7545 6966 8201
7154 6381 5923 6388 6834 7112 5966 6895 6548 6738 6822 5981 6511 6732 5955 6305 6295 6796 5747 6809 6982 6248 6119 6617 7055 5819 6991 7093 6189
6475 6651 6304 6880 6733 5885 5907 7216 6058 5813 7025 6120 6003 6558 6845 6828 6986 6191 6158 7016 7066 6756 7149 6838 5920 6923 6112 5782 6225
4486 4415 5459 4960 4653 4614 5164 5385 5350 5273 5180 5496 5020 5413 5064 5106 4917 4721 5072 5294 5474 5638 4476 4319 4568 4506 4953 4926 4932
2965 3547 2856 2997 3217 3246 3077 2983 3402 2971 4072 3995 4182 3788 3274 3214 4069 3207 3870 4318 3414 3470 3430 3541 3460 4005 3899 3352 3987
5174 5215 4872 4285 5522 4632 4226 4905 5160 4484 4768 5547 5181 4355 4325 4947 4912 4772 4422 5601 5110 4716 5530 5619 4475 5018 4693 4616 5075
5241 3988 5257 4715 5174 5079 4930 4971 5216 5059 3920 4868 5161 4694 4356 4322 4109 3902 4647 4469 5185 4654 4783 4550 4989 4616 5121 4544 3909
2672 3025 3365 3057 2840 2630 3351 3764 3879 3391 3480 3503 3640 3482 3500 3319 2746 4035 3749 3275 3759 4031 3539 3235 4038 3444 3894 3041 2729
6877 6598 6347 6775 6223 5903 6996 6416 6022 6022 7063 5990 6716 5681 6057 5998 6159 6356 6989 6017 5864 6833 6548 6807 5936 5607 6813 6942 6726
6728 6787 6346 7504 6690 7298 6712 6919 7316 6919 6441 6884 6738 6744 7344 6570 6326 7370 7370 6494 6684 6801 6704 7535 7231 7536 7740 7155 7440
5167 6124 5717 6471 5607 5244 6100 5476 5460 6505 5398 6226 6480 5073 5843 5794 5649 6065 6038 5153 5147 6437 5905 5658 5384 5729 5337 5507 5072
1651 1621 2285 2769 1719 1600 2579 2280 2471 2515 1533 2023 2077 1958 2352 1603 2070 2149 2433 1522 1766 2414 1575 2034 2384 2621 1660 1638 2779
2426 2299 1146 2206 2437 2359 1511 1673 2063 2394 2477 1956 2445 2526 1437 1425 2270 2198 1755 1612 2469 1233 2282 1368 2517 1223 1285 1603 2170
7604 7187 7465 6707 7718 7491 7824 6699 7424 7630 7747 7269 6553 7812 7210 7329 7543 6898 6843 7488 7510 6982 6543 7512 7029 7357 7853 7163 7839
5522 5730 6847 6433 6731 5551 5886 6123 6015 5842 6701 5612 5744 6618 6484 6738 6327 5496 6085 5779 6218 5545 6635 5704 6304 5712 6492 6003 5593
2466 2447 1542 1972 1473 1485 2263 1710 1849 2011 1889 2627 2703 1724 1794 1908 2326 1340 2244 2014 1514 1530 1341 2636 1291 1665 2399 2072 2197
3126 2659 3064 3868 2588 2880 3160 2687 2779 2884 2942 3400 3388 3749 2514 3343 2541 2493 2856 2427 2658 3213 3251 3711 2566 2475 3319 3410 2470
7361 7602 7574 8015 8020 8117 8161 7817 8000 8732 8509 8135 7489 8077 8650 7534 7624 8042 7375 7686 8370 7373 7288 7317 7653 7434 8375 8228 7344
4828 4686 4981 4579 4796 5267 5439 5358 5581 5103 5345 5344 4871 5353 4602 5499 5420 5792 5445 5826 5119 4603 5656 5247 4792 5616 4997 5138 5847
5946 4636 5853 5778 5860 5085 5488 4594 4973 4583 5309 4590 5859 5689 4603 5508 5892 5617 4865 5295 5163 5522 4549 5650 5620 5822 5736 5117 4598
3533 2480 2755 2475 3660 3701 2583 3457 2813 3717 3166 3183 3665 2989 3267 2487 2486 2721 3469 3454 2638 3038 2625 3258 2688 2453 2604 2871 3432
5723 6029 6305 5983 6265 5768 5939 6228 7005 7037 6425 6451 6157 7181 5888 6109 5879 6114 6729 6102 5915 7181 6990 7018 6533 6028 5883 5764 6853
3773 3433 3187 3783 3781 4137 3598 2906 3286 3791 3834 4107 3410 3289 3619 2738 4105 3822 3088 2790 3222 2991 3603 3113 3898 3769 2900 3844 3308
3468 4553 4554 3831 3983 4038 3646 4030 3261 3615 3894 4367 3495 4509 3211 3349 4389 3369 4488 3361 4431 3572 3388 3864 3977 3290 4202 4553 4560
7303 6733 7912 6940 7332 7050 6764 6981 7857 6648 7958 6900 7582 6774 6843 6882 7923 8051 7453 7550 7090 7106 6951 7801 7370 7553 6879 8068 7242
6670 5323 6475 6175 6563 5311 6041 5489 5736 6535 6479 5696 6243 6554 6217 5419 6202 5547 5249 6208 6361 6671 6220 5606 5825 6520 6283 5494 5665
4782 5663 4766 4772 5453 5322 5769 5409 5473 5195 5132 6055 5321 5495 5441 6014 5677 4705 5715 4995 4646 5532 6047 5670 5911 5985 5489 4748 5648
5908 5888 6019 6845 6353 6190 6349 6161 6287 6427 6042 6979 5622 5886 6469 6387 6398 6560 6629 6264 6808 5634 6162 6237 6021 6592 6380 6896 6584
4160 5822 4105 6673 2760 2646 2025 3309 7366 4403 7106 5034 7390 2192 3535 6910 2469 2302 4584 2788 5880 7739 5180 6054 2590 2916 2986 6332 6807 3626
3292 5929 4449 6226 2303 3007 1957 3181 7285 4390 7295 4653 7625 1864 3356 7106 2685 3054 4723 3291 5829 8196 5792 7242 1886 2641 1734 5757 7897 3742
3593 5990 4303 6969 2836 2929 2707 2807 7365 4178 7239 5270 8687 2353 2805 7462 1435 3189 3804 2537 6169 7762 5250 6972 2512 3077 2718 5760 8015 3592
4202 5562 3913 6123 2452 2535 2045 3585 7636 4369 7264 4908 7689 2767 3527 6910 1820 3505 4252 2949 6078 8275 5722 6351 2681 2093 1565 5877 7450 3604
3844 5516 3790 6124 1794 2741 2103 3525 7950 3961 7633 5062 7735 2743 3248 7885 2426 3205 3511 2249 6551 7479 6147 6434 1802 3104 2560 5398 8043 3573
3573 5497 4290 5743 2237 2458 2664 3116 7123 4148 6692 5229 8762 1842 3665 8117 2640 3495 4704 2045 5733 8521 5137 7369 1417 2760 1761 6779 6815 3539
3562 6049 4726 6413 2554 2338 3004 3432 7870 4013 7265 5088 7525 2232 3768 7192 2320 2507 4742 1955 6221 8269 5467 6061 2549 2912 2183 5350 6956 3829
3681 5733 4842 5899 2844 2723 2606 3927 7538 4414 7426 4869 8463 2935 2704 7788 1826 2673 3834 2198 5585 8212 5838 6157 1915 3335 2837 5447 7860 3803
4454 4828 4165 6957 3053 2881 2391 3948 8133 3384 6881 4975 8509 2569 3708 8175 2041 3439 3733 3207 6555 8479 5268 6175 1612 2803 2476 5372 7093 2570
3474 5106 4259 5861 1853 2489 2003 3188 7268 3372 7183 5024 8497 2831 3830 6869 1413 2837 4369 3057 5118 8551 6120 6774 2236 2075 2230 5576 6743 3019
3424 5519 4360 6724 2126 2627 2015 3961 7837 4590 6904 4449 7898 2345 3544 7463 2170 2629 3509 2566 5495 7991 6058 6924 1581 3339 2360 6397 6956 2876
4259 4767 4807 6630 2350 1635 2964 2726 7450 4130 7420 4568 7398 2234 2943 7035 1412 3371 4742 1974 5181 7773 5936 7372 2657 2967 1858 5601 6909 3642
4151 5503 3923 5927 2469 2264 2948 4175 8252 4444 8037 4336 8116 1694 3788 7617 1366 3502 4064 2548 6124 7166 5305 7367 2320 2733 2275 6202 6736 3552
4151 5589 3766 6465 2142 2021 2395 3200 7887 3342 7928 4807 8076 2005 2585 7049 1569 3452 3579 2556 6216 8242 5967 6365 2185 3204 2502 5818 8003 3080
4558 5858 4898 5901 1995 2953 2650 3323 7223 4362 7335 4442 7927 1674 3266 7778 1559 2681 4207 2628 6515 7259 5242 7405 1799 2323 2294 6668 7459 3696
4165 5940 4556 6288 1676 2257 1879 2799 8278 4566 7089 4344 7598 1780 3805 7122 1656 2772 4305 2522 5125 7624 4795 7318 1713 3345 2678 5700 6922 3319
3762 5067 4637 6338 2656 2082 2987 3942 7901 3248 7885 5113 7775 2316 2850 8237 1689 3448 4555 2362 6240 7228 5000 7028 2703 2217 1892 5685 7851 3831
3650 4674 4347 6882 1745 1842 1941 3633 7618 3593 6793 5472 8557 2787 3705 7387 1831 2525 4432 2927 5907 7522 5973 6822 2206 2654 2561 5609 7399 3312
4545 5216 4961 6366 2966 2883 2727 3780 7392 3262 7031 4885 8112 2448 2557 7176 2023 2419 3389 3222 5778 7488 4764 7264 2380 3018 1968 6094 7996 2957
3729 5969 4960 6163 2242 2521 2325 2943 8480 3690 6631 4943 7468 1997 2712 7826 1679 2366 3874 2192 6455 7805 5250 6278 2533 2299 1702 6608 8060 3046
4084 4653 4225 6179 2838 2583 2031 4109 8198 3918 7026 4924 8437 2714 3759 7725 2428 2355 3952 2560 6389 7957 4865 7288 1728 2714 2262 6252 7149 3499
3458 5351 4083 6484 1938 2880 2515 3320 8323 4364 7205 5223 7525 2715 3579 6925 2563 3512 4387 3181 5756 8025 6089 7218 2199 2689 2331 5416 7951 3019
4367 5070 4714 6717 2917 2290 2879 2743 7668 3822 6780 5578 7471 2870 2526 7438 2295 2867 4633 1927 5906 7927 5355 6957 2562 2937 2525 6480 7490 3506
3757 5158 4088 6791 2143 2589 2120 2780 7565 3482 7622 5248 7379 2322 3341 7412 1622 3481 3698 2023 6248 7756 6093 6241 2482 2762 1690 6516 7868 2861
3741 4923 3956 6295 2550 2939 2257 2733 7417 4621 7563 4922 8238 1713 2834 7324 1773 3158 4648 2880 5851 7381 5508 7195 2505 3201 2334 6003 8136 3067
4519 5264 4001 6021 2548 2429 2626 3853 8400 4061 7945 5125 8032 2201 3464 7023 2557 3275 3540 1910 6100 7758 5548 7287 1404 2452 2632 6522 7522 3434
3980 5684 3839 6121 1655 2368 1947 4077 7918 3590 6810 4624 7718 2902 3254 8160 2425 2601 4178 1982 5476 7171 5289 6557 2767 3048 2218 6006 7666 3938
4204 4677 4684 6740 2047 1997 2445 3546 7266 3936 7166 4876 7567 2788 2793 6943 2547 3506 3429 3316 5686 8208 5053 6734 2165 3476 2884 5425 7439 3426
3965 4794 3940 5808 3077 1867 2537 2937 7953 3630 7160 5384 8685 2807 3705 8015 1752 2705 3843 2393 5322 8145 5479 6924 2389 2822 1779 6164 7515 3108
14 19 29 7 66124 1
8 7 1 23 73882 1
29 24 26 6 77425 1
11 16 1 3 60301 1
23 17 1 4 75273 1
4 1 15 7 47871 1
8 21 26 23 60593 1
3 16 24 22 58060 1
3 7 17 12 52969 1
3 21 13 3 72207 1
24 12 10 11 46491 1
16 0 21 20 57731 1
15 17 23 13 29503 1
16 9 29 25 66190 1
22 2 25 10 34336 1
12 15 23 0 64408 1
21 5 2 23 84819 1
3 0 17 1 55663 1
23 19 1 8 79307 1
4 29 27 7 110789 1
18 7 2 29 88970 1
25 10 12 12 47271 1
22 17 1 18 49462 1
21 13 6 18 41669 1
21 26 16 13 34136 1
4 9 10 13 33896 1
12 11 25 13 35777 1
2 2 29 18 107891 1
8 11 26 21 75099 1
26 24 10 15 52363 1
15 24 23 11 49874 1
7 19 24 15 45854 1
25 17 8 19 47080 1
1 21 5 15 30917 1
27 24 16 16 39400 1
24 8 9 6 42392 1
14 19 13 28 18504 1
9 15 20 23 43464 1
24 20 14 7 49240 1
13 0 23 12 56017 1
0 22 19 5 79813 1
3 9 23 7 66647 1
4 19 12 14 35731 1
23 26 7 8 79623 1
22 17 8 4 55386 1
2 26 7 1 99307 1
19 16 28 21 39025 1
20 17 6 6 54294 1
22 23 16 28 29582 1
20 22 11 10 58697 1
25 14 1 15 55599 1
2 18 28 27 85562 1
5 16 19 4 49808 1
14 8 16 0 24780 1
3 26 23 8 90737 1
23 15 23 1 54128 1
4 17 4 7 49284 1
1 22 22 8 85253 1
13 0 17 28 61223 1
1 21 12 6 65338 1
29 1 9 5 64158 1
19 12 15 27 48474 1
2 5 29 12 87790 1
17 10 8 3 35826 1
1 29 24 13 86659 1
28 18 7 12 66211 1
9 11 18 21 42466 1
8 1 22 18 69329 1
1 19 21 8 74674 1
13 9 6 3 30895 1
11 3 27 10 67605 1
12 8 28 21 73228 1
11 29 22 28 38495 1
13 12 3 23 51340 1
19 27 29 20 57519 1
0 3 11 15 69211 1
22 28 3 28 61854 1
14 3 24 17 50359 1
19 8 16 18 36641 1
11 20 29 22 67213 1
11 11 0 28 75562 1
5 23 26 28 65612 1
26 9 7 15 66072 1
25 6 2 20 86088 1
25 27 10 15 56895 1
25 4 9 12 57868 1
9 19 6 7 48598 1
13 1 6 5 25351 1
24 11 8 3 61455 1
2 2 1 28 94009 1
4 2 0 17 67316 1
9 0 29 12 82806 1
11 27 1 13 66882 1
10 1 29 12 84353 1
3 23 19 1 88835 1
0 9 9 29 85804 1
13 19 16 9 31029 1
17 6 28 28 73723 1
16 9 5 1 51696 1
14 1 17 23 47567 1
21 1 16 21 64892 1
4 25 6 17 34339 1
11 20 20 15 35173 1
0 20 17 21 50356 1
14 2 29 3 45190 1
14 16 28 1 69130 1
7 3 25 1 59564 1
14 9 11 28 53032 1
26 0 17 27 82961 1
2 10 11 23 80718 1
29 27 26 7 89965 1
17 1 18 27 53178 1
9 7 26 18 66758 1
6 17 14 26 37113 1
0 16 10 24 47723 1
5 25 17 18 40534 1
26 28 15 29 43093 1
3 22 22 19 65023 1
13 0 6 3 28572 1
23 26 3 14 67199 1
20 25 13 12 38581 1
1 20 12 26 43351 1
7 4 16 23 64557 1
9 20 2 14 39725 1
24 16 10 26 47267 1
21 4 25 19 56132 1
16 4 23 9 29828 1
8 2 2 7 37418 1
13 1 5 19 57124 1
27 1 17 22 75282 1
4 6 17 13 45382 1
18 13 5 22 54719 1
6 14 6 0 47298 1
18 3 11 0 30740 1
2 10 13 2 58071 1
16 18 5 1 70408 1
27 21 18 10 59996 1
6 13 17 20 37061 1
15 6 23 18 45708 1
25 13 8 28 72189 1
29 26 29 1 113178 1
4 5 24 26 83902 1
27 3 24 27 88993 1
6 2 8 12 43646 1
15 24 19 15 30749 1
22 2 3 8 66351 1
0 23 8 3 87953 1
23 1 5 17 74523 1
0 25 24 6 90493 1
28 24 1 4 99272 1
3 25 21 18 59253 1
4 23 4 10 72404 1
5 7 10 13 35288 1
14 26 4 12 53748 1
29 8 14 29 90047 1
18 29 10 27 32652 1
26 24 2 22 65408 1
4 27 5 13 59335 1
4 2 14 21 67107 1
19 24 29 27 34043 1
2 12 29 15 78665 1
8 11 15 19 37466 1
6 2 22 15 66638 1
29 21 13 4 79228 1
17 13 23 9 30214 1
8 3 7 25 74035 1
4 28 0 5 90632 1
17 15 3 6 50945 1
25 17 26 29 50007 1
0 9 6 0 43142 1
10 2 6 22 77750 1
9 15 4 3 56690 1
21 5 26 11 37345 1
23 18 10 18 43371 1
0 2 9 26 93027 1
13 4 10 16 29658 1
18 7 10 29 63887 1
22 3 23 22 64324 1
4 13 18 28 60913 1
22 0 8 0 55864 1
23 11 3 1 85756 1
1 19 21 20 56840 1
29 11 16 22 64259 1
2 10 18 7 64710 1
23 10 25 19 41043 1
28 7 9 3 54864 1
2 23 8 6 80426 1
5 28 5 16 51064 1
14 15 7 10 36072 1
28 16 8 4 66119 1
17 24 6 28 35792 1
24 0 7 9 71475 1
24 23 29 12 51300 1
26 1 19 29 91653 1
25 19 15 3 60505 1
27 10 13 21 64926 1
9 9 20 8 48017 1
11 17 7 29 50531 1
14 4 24 13 42190 1
14 2 5 15 49918 1
12 6 28 14 58584 1
29 18 22 4 66132 1
10 15 23 2 62528 1
26 11 24 25 54978 1
4 10 12 7 41489 1
1 26 4 16 39401 1
18 19 2 18 47294 1
14 20 23 28 40312 1
17 3 9 22 59743 1
7 14 25 25 63490 1
18 6 8 24 55101 1
11 0 6 10 44921 1
16 25 12 6 48607 1
17 14 23 23 39273 1
4 20 5 3 71074 1
14 9 24 13 32895 1
23 0 4 9 74629 1
16 13 11 26 34404 1
21 9 26 29 76436 1
21 20 21 9 43990 1
9 28 6 18 42536 1
13 25 3 21 42138 1
4 16 3 29 57225 1
5 22 24 2 93701 1
18 17 8 23 38500 1
3 17 7 7 48494 1
26 18 20 23 39045 1
27 23 10 9 76926 1
27 9 3 3 78867 1
1 7 22 26 88274 1
17 7 21 14 27246 1
26 13 11 24 54446 1
8 7 18 25 62084 1
1 9 14 14 47165 1
9 16 27 28 64735 1
24 19 3 16 49057 1
24 22 0 19 70467 1
29 12 17 29 65881 1
25 20 28 13 34567 1
10 21 17 17 32621 1
9 1 13 16 42955 1
12 13 29 18 51959 1
6 22 18 21 42622 1
17 11 3 22 66538 1
3 9 22 26 85560 1
25 10 16 26 56541 1
4 5 3 29 98133 1
26 12 16 23 54112 1
12 29 4 10 77083 1
19 8 2 11 70512 1
20 15 12 7 40149 1
4 20 13 5 57995 1
5 13 20 0 64818 1
5 13 20 18 45107 1
25 28 15 26 30698 1
6 4 3 14 45175 1
4 5 2 20 66274 1
27 29 15 13 62953 1
28 18 17 12 42254 1
22 18 24 6 41533 1
16 0 6 1 42844 1
22 15 8 20 43957 1
25 28 12 10 69996 1
25 29 0 8 105685 1
3 20 9 7 63343 1
29 24 5 8 96120 1
24 4 3 17 72427 1
11 21 5 28 50038 1
17 9 8 13 28678 1
12 19 6 5 49148 1
25 19 18 28 41976 1
9 2 26 29 95238 1
14 14 19 6 28016 1
2 24 15 9 59676 1
17 3 25 11 42108 1
2 6 6 24 73289 1
11 16 7 5 40388 1
12 5 11 24 46195 1
23 24 19 4 56700 1
12 10 10 1 43665 1
9 18 25 15 39178 1
23 9 5 9 65666 1
8 13 5 5 35553 1
19 18 3 10 66057 1
26 9 21 22 58603 1
14 26 5 18 39858 1
18 21 7 26 38739 1
22 24 22 11 39280 1
22 13 0 2 77290 1
27 2 5 6 67938 1
12 27 0 12 68073 1
16 6 16 21 40131 1
4 24 8 18 30192 1
22 8 1 9 66575 1
18 22 10 2 65610 1
16 12 10 7 34964 1
2 25 4 16 38342 1
7 17 9 2 55070 1
24 3 5 23 86890 1
0 6 15 21 71297 1
12 26 3 29 35898 1
16 1 26 18 61976 1
24 7 0 22 93248 1
9 24 6 0 79081 1
9 17 12 10 28690 1
21 9 5 13 50150 1
18 25 19 7 44518 1
8 1 21 22 85418 1
9 14 13 26 34148 1
28 15 19 14 33703 1
19 13 17 23 22970 1
0 27 26 6 100634 1
10 28 13 8 57748 1
28 0 21 9 54361 1
15 10 23 22 58190 1
15 15 24 29 53666 1
6 21 21 12 59130 1
7 23 11 7 59616 1
18 15 0 14 44955 1
23 15 11 15 34749 1
10 6 19 26 57563 1
5 23 3 1 97609 1
20 10 1 14 62523 1
27 26 10 11 69874 1
12 4 11 23 55654 1
19 3 7 6 38694 1
21 13 16 0 40145 1
1 2 18 6 49474 1
14 23 12 4 41909 1
25 5 27 29 95765 1
6 28 28 27 63432 1
10 9 7 29 72953 1
22 5 18 15 37189 1
2 19 16 9 57851 1
4 1 17 29 92417 1
6 11 1 16 29459 1
4 20 20 8 72259 1
13 28 28 0 98639 1
7 24 7 2 76846 1
0 24 25 28 65242 1
24 22 16 0 67778 1
12 20 10 0 59168 1
1 2 4 13 45889 1
11 18 23 17 35375 1
17 23 6 5 58072 1
19 23 17 4 49831 1
23 10 27 2 46812 1
18 28 11 22 35496 1
13 12 25 2 52849 1
7 13 11 3 45728 1
21 22 0 6 90458 1
10 1 22 15 66000 1
28 12 25 0 63333 1
3 11 25 1 93538 1
8 5 23 28 82392 1
7 25 22 25 38930 1
19 3 21 17 46927 1
22 23 19 12 44089 1
0 16 26 20 67986 1
14 24 5 29 37238 1
10 17 27 1 81894 1
2 15 16 6 53974 1
19 11 29 26 64673 1
22 2 0 12 76605 1
29 9 22 22 63670 1
10 8 22 20 62285 1
9 29 0 4 95696 1
2 5 17 29 80995 1
8 29 7 4 81330 1
4 26 24 25 48714 1
25 27 13 0 78327 1
22 17 28 28 50864 1
28 4 3 15 81237 1
4 27 0 14 55344 1
14 4 10 23 55440 1
6 28 28 1 114029 1
25 3 6 19 76773 1
15 24 28 28 42716 1
23 28 0 12 87656 1
16 17 1 13 43333 1
15 22 1 16 41902 1
20 8 18 27 54563 1
22 4 11 27 73371 1
3 24 20 16 48579 1
13 22 12 10 31937 1
26 11 28 27 74075 1
7 29 23 15 70021 1
10 11 16 24 43545 1
2 24 21 3 84563 1
27 12 0 25 89815 1
16 18 3 9 64911 1
4 27 1 18 39165 1
8 4 5 25 73379 1
20 19 24 0 68652 1
26 8 5 25 95155 1
29 14 3 17 68192 1
3 1 27 26 112125 1
0 8 19 20 76668 1
23 4 20 21 63278 1
26 8 13 1 51236 1
11 17 6 23 35242 1
12 16 3 12 35321 1
15 28 5 1 86702 1
2 7 21 27 92852 1
28 23 26 2 98458 1
23 5 5 1 56748 1
18 19 21 12 30068 1
3 11 13 22 54951 1
28 22 17 19 43293 1
8 8 1 23 73744 1
14 6 2 27 73704 1
13 0 29 16 64346 1
2 13 27 17 65321 1
6 6 3 14 38712 1
23 1 14 7 36494 1
17 19 9 8 45204 1
14 23 26 22 38978 1
23 3 27 28 95966 1
8 20 23 1 78891 1
26 23 0 20 76497 1
2 10 0 1 39802 1
0 23 27 10 101503 1
22 9 14 27 56934 1
4 26 26 26 49911 1
11 4 12 26 52772 1
19 13 27 24 48372 1
8 11 14 25 46319 1
21 15 14 21 28677 1
7 6 3 20 63160 1
24 24 2 9 90164 1
7 28 22 15 62689 1
20 18 24 3 58136 1
10 18 22 8 57638 1
14 14 0 4 54390 1
19 5 22 20 49342 1
12 29 0 3 90460 1
25 7 26 29 84667 1
25 0 28 8 42623 1
23 11 7 24 65110 1
28 6 5 15 73058 1
6 3 29 11 88640 1
7 6 18 7 29939 1
23 10 7 26 75250 1
5 0 25 5 63656 1
4 8 24 11 78238 1
11 16 0 13 33455 1
23 27 24 11 58318 1
15 12 28 2 63786 1
13 29 20 8 62751 1
2 28 28 16 89410 1
16 26 23 29 25129 1
10 28 8 17 50222 1
14 3 23 22 65498 1
29 18 25 3 70983 1
26 25 17 14 43671 1
7 15 3 25 47768 1
3 10 23 28 97493 1
9 16 5 23 38148 1
11 14 9 3 39341 1
9 27 25 1 94501 1
27 3 29 12 58338 1
19 1 22 17 52182 1
23 22 29 13 48168 1
5 13 18 16 32810 1
6 15 24 21 51397 1
15 8 28 9 56959 1
27 18 20 4 62079 1
2 1 27 21 119145 1
28 29 2 7 117579 1
8 18 6 1 62978 1
3 20 16 20 45042 1
8 14 26 17 47239 1
29 18 0 22 88237 1
2 8 28 24 105341 1
14 3 6 28 71808 1
12 12 22 11 35458 1
10 21 3 8 75496 1
25 17 15 5 46905 1
19 12 27 18 44824 1
12 26 13 9 37304 1
27 6 17 27 64146 1
3 23 20 27 49971 1
29 17 12 6 62047 1
10 3 4 8 39033 1
7 7 21 7 43576 1
28 6 0 15 82316 1
3 8 20 4 56345 1
15 1 5 15 58075 1
5 14 25 21 62996 1
6 13 21 0 67060 1
29 2 14 14 65373 1
13 5 9 16 29352 1
24 13 16 17 29053 1
22 23 7 15 50897 1
3 22 13 14 53424 1
22 27 7 28 46139 1
17 22 4 18 43083 1
6 10 28 16 65129 1
26 21 4 14 74002 1
12 1 8 21 66546 1
10 20 27 16 47426 1
5 3 17 18 58637 1
0 29 5 3 102903 1
23 14 17 7 30965 1
14 14 8 10 29673 1
23 21 28 2 84646 1
27 24 24 9 58198 1
15 17 13 8 22963 1
24 25 7 19 52694 1
29 10 19 9 45541 1
9 17 0 3 66505 1
23 27 7 8 85506 1
12 5 23 4 27098 1
26 25 19 14 49933 1
2 28 7 13 71579 1
16 13 13 23 24340 1
24 29 15 20 46433 1
26 10 1 16 74720 1
24 22 18 10 49658 1
25 21 11 5 66527 1
20 11 17 2 31494 1
20 1 8 12 63818 1
15 3 29 26 79262 1
16 26 17 4 43229 1
5 11 8 22 52241 1
26 22 24 8 58881 1
16 1 3 12 67516 1
3 16 21 23 55349 1
18 9 9 25 53357 1
26 29 9 20 65679 1
11 19 11 1 52829 1
0 23 15 20 46766 1
12 8 5 20 54998 1
3 14 21 4 66446 1
12 24 23 25 27391 1
5 16 9 6 44136 1
14 11 22 23 43942 1
23 23 5 26 50928 1
17 13 21 26 31820 1
26 3 12 29 87784 1
3 25 12 5 67270 1
24 19 7 24 47788 1
3 15 26 27 76997 1
22 26 23 1 76670 1
10 3 20 2 38702 1
0 15 27 23 79342 1
21 21 6 11 64583 1
16 4 27 28 77993 1
29 23 15 15 59176 1
4 29 19 27 55909 1
12 22 27 2 83123 1
25 28 9 27 48111 1
20 18 4 10 66998 1
23 18 8 15 39561 1
0 6 21 16 66599 1
14 10 9 23 41667 1
4 16 20 0 67874 1
15 16 16 6 25995 1
3 19 5 28 44521 1
20 29 24 6 70900 1
6 3 0 28 97772 1
25 26 5 19 57590 1
20 5 21 21 56478 1
23 3 6 26 86617 1
0 13 14 20 45637 1
17 2 10 9 35741 1
21 19 3 13 53300 1
2 1 1 21 76860 1
28 25 14 23 38425 1
10 17 0 3 69342 1
18 2 22 9 30851 1
12 4 19 18 43248 1
17 27 3 10 76103 1
1 28 29 10 113930 1
17 10 26 26 50551 1
15 23 20 5 55337 1
25 23 7 11 75037 1
27 27 16 4 72499 1
28 21 15 20 50133 1
28 27 24 18 41802 1
15 5 0 1 49181 1
27 11 18 3 54322 1
5 21 22 27 55504 1
26 14 13 28 55869 1
3 22 6 6 73386 1
1 10 20 10 69883 1
16 23 14 6 44148 1
21 16 5 23 50843 1
0 23 4 14 42672 1
4 9 26 15 78119 1
12 24 24 27 31615 1
22 22 3 2 93950 1
2 5 5 26 83422 1
15 25 11 17 27791 1
27 15 2 5 83041 1
17 15 5 19 34120 1
16 1 1 1 59697 1
1 2 3 26 87305 1
28 0 5 9 88901 1
15 6 2 7 38561 1
22 17 16 9 30914 1
22 15 12 6 43165 1
13 18 21 16 18653 1
2 13 29 19 74473 1
19 0 25 24 73598 1
6 29 5 10 75836 1
17 2 1 27 83706 1
24 16 20 8 40254 1
11 28 28 19 66420 1
2 29 16 27 54755 1
1 16 27 14 59519 1
19 9 16 23 40848 1
2 25 13 1 76477 1
0 5 20 7 55895 1
14 9 27 27 65971 1
18 7 5 23 64730 1
16 8 10 3 33190 1
16 12 8 7 42100 1
16 2 6 20 66072 1
4 12 12 21 50447 1
12 19 20 22 33661 1
2 9 23 14 72975 1
10 10 25 26 72087 1
20 19 14 28 30084 1
2 19 10 5 62991 1
9 8 4 15 42977 1
7 19 13 8 38734 1
27 16 0 13 63902 1
2 6 9 27 82426 1
17 4 23 27 60569 1
21 17 29 0 82434 1
22 18 6 10 57117 1
4 22 21 17 61913 1
5 17 23 13 47535 1
22 22 24 4 61494 1
11 27 1 16 56395 1
17 4 24 17 41982 1
24 19 21 5 50534 1
20 20 27 25 40730 1
8 1 14 28 70509 1
17 23 22 16 22833 1
24 15 1 0 91486 1
29 15 10 20 58112 1
8 17 22 16 29508 1
25 18 24 8 37605 1
9 29 12 13 46962 1
17 22 1 26 42856 1
20 20 15 10 44582 1
26 2 0 2 78811 1
8 15 11 8 40838 1
25 23 0 3 103082 1
29 2 4 18 97015 1
17 24 3 24 29170 1
23 3 26 12 48772 1
9 19 0 23 36198 1
24 16 0 19 57533 1
3 7 16 1 53525 1
29 23 5 2 106419 1
29 7 14 14 57867 1
15 2 3 28 90571 1
3 23 11 20 43770 1
10 27 13 10 45820 1
13 10 2 19 45020 1
20 1 28 3 36346 1
4 11 2 26 64789 1
6 14 4 22 40120 1
24 11 4 27 83781 1
25 27 20 17 42962 1
10 14 24 9 52724 1
1 10 24 21 80583 1
13 20 7 24 20110 1
9 20 16 12 36227 1
8 3 22 19 66291 1
21 11 16 25 44274 1
29 22 4 21 86104 1
26 25 12 19 45283 1
15 3 2 9 57043 1
8 2 9 18 57237 1
4 11 27 28 97746 1
21 23 3 13 65931 1
12 28 19 8 64787 1
25 20 16 18 31072 1
0 16 12 8 49988 1
15 19 29 11 59085 1
4 8 22 28 92724 1
11 12 0 9 46372 1
7 21 18 20 41683 1
7 28 6 14 54764 1
21 29 14 17 41570 1
16 17 27 14 35266 1
22 17 3 1 85011 1
10 7 16 28 66281 1
23 7 1 0 72074 1
6 23 22 23 41115 1
12 5 18 24 48221 1
19 7 23 20 52857 1
13 1 15 19 41147 1
22 14 9 29 60998 1
13 16 7 7 40544 1
4 0 11 18 74766 1
29 28 10 27 62834 1
21 1 19 10 47054 1
0 8 16 7 48314 1
29 1 10 29 110430 1
29 19 24 9 48284 1
24 2 11 20 71336 1
24 6 15 19 47810 1
26 22 25 8 58859 1
14 6 5 11 42060 1
24 4 4 15 71140 1
6 22 29 0 114342 1
20 23 14 15 33640 1
2 24 23 5 82520 1
24 24 7 0 90612 1
14 9 4 29 70658 1
12 18 5 26 38793 1
10 26 25 15 52389 1
26 11 27 0 56497 1
0 24 10 8 76968 1
6 15 23 6 57131 1
29 18 4 2 99675 1
24 5 5 20 77057 1
13 29 5 10 67336 1
10 5 25 15 54895 1
26 22 6 4 90716 1
27 1 19 25 86222 1
15 26 0 17 51603 1
13 24 7 20 30462 1
9 4 6 28 77946 1
2 22 3 1 90912 1
10 1 5 26 86122 1
12 2 9 17 42794 1
12 29 6 22 36475 1
17 13 2 25 56831 1
3 20 26 23 77068 1
16 10 26 0 57095 1
24 4 5 17 66803 1
13 3 22 6 25735 1
4 11 0 18 38718 1
4 7 10 2 33870 1
25 13 6 14 47969 1
2 11 17 10 54737 1
3 27 3 0 108857 1
5 7 23 19 72457 1
29 4 14 24 72193 1
13 7 9 13 22003 1
4 15 19 15 42303 1
9 9 9 29 68386 1
29 17 29 29 70904 1
20 26 29 14 58889 1
19 29 4 22 55522 1
2 3 18 0 53932 1
19 17 4 1 74639 1
19 24 12 4 52525 1
28 12 11 10 59998 1
27 20 29 28 53974 1
22 26 17 16 28725 1
29 26 7 29 61012 1
19 18 23 12 34886 1
3 0 0 20 80414 1
14 4 4 9 40963 1
17 5 5 0 43129 1
3 10 0 2 40633 1
17 22 27 17 37201 1
5 12 1 6 38650 1
14 12 23 23 48308 1
9 16 17 2 39784 1
17 13 4 28 64193 1
26 28 18 14 58958 1
19 27 17 19 23965 1
27 23 29 14 57151 1
21 14 8 21 52566 1
13 7 13 27 41440 1
16 21 0 10 69283 1
21 25 20 5 56130 1
19 3 26 10 51233 1
14 14 25 8 46494 1
27 26 29 14 62755 1
1 25 5 2 91722 1
0 22 20 4 83514 1
12 26 16 8 52527 1
1 20 22 2 84019 1
0 2 8 23 94255 1
23 24 12 3 67774 1
9 9 29 14 67043 1
5 0 6 27 98042 1
18 17 20 5 33581 1
27 7 14 23 68610 1
10 3 18 26 64707 1
19 19 25 6 51332 1
10 13 19 19 30629 1
18 0 11 21 66338 1
19 3 20 28 69682 1
4 13 15 23 50042 1
23 24 1 8 86733 1
15 19 21 10 41924 1
18 26 17 11 31218 1
10 23 5 16 40735 1
15 20 2 25 45181 1
8 23 29 14 73222 1
2 25 29 23 71086 1
22 2 1 4 54299 1
25 11 6 29 86644 1
11 12 16 19 29432 1
18 24 0 28 50205 1
10 6 4 23 70208 1
26 9 29 27 83190 1
22 16 14 24 30615 1
4 23 22 24 44373 1
1 5 19 26 81863 1
1 18 15 26 52236 1
28 13 14 11 37628 1
18 15 28 28 58419 1
24 8 5 25 84838 1
26 12 2 15 69217 1
27 23 0 17 78603 1
12 28 18 2 67664 1
24 0 3 13 80942 1
13 11 27 15 43012 1
7 18 22 2 66780 1
5 21 0 15 38347 1
28 12 22 1 57772 1
10 17 2 28 65116 1
23 15 1 25 69489 1
0 20 1 9 41173 1
4 5 17 3 34316 1
26 0 15 5 45037 1
5 6 16 27 73288 1
14 6 15 25 39934 1
14 22 2 3 70544 1
23 26 15 3 65725 1
0 1 4 27 99491 1
15 10 2 22 71111 1
21 0 10 7 49664 1
18 17 6 0 64511 1
28 27 3 4 102754 1
20 4 9 26 65445 1
11 24 18 16 29084 1
11 13 25 1 61828 1
20 6 2 21 81805 1
11 11 29 3 67526 1
29 6 0 3 74930 1
27 12 11 19 53985 1
17 13 23 21 38570 1
10 22 13 8 46185 1
14 20 17 5 34702 1
12 3 10 23 62734 1
6 20 21 11 60306 1
0 23 21 5 84782 1
26 8 14 13 52368 1
25 11 13 0 56853 1
17 21 21 2 53612 1
22 27 10 2 79998 1
26 0 14 1 50761 1
15 28 20 11 57051 1
29 27 26 15 63461 1
23 5 20 27 66091 1
27 4 24 15 46321 1
8 5 6 13 32989 1
5 6 15 29 70578 1
5 0 18 14 64619 1
28 4 4 9 72879 1
28 18 0 4 96281 1
28 10 15 16 52736 1
12 17 14 2 35196 1
27 25 8 25 50499 1
19 7 17 24 40573 1
16 12 0 27 68417 1
21 11 4 23 73024 1
8 5 15 18 44473 1
13 17 22 26 36073 1
26 11 17 6 42303 1
7 9 18 10 46329 1
4 16 8 0 66095 1
2 24 5 9 67375 1
8 20 13 3 51952 1
7 13 14 16 22001 1
4 25 23 24 45967 1
10 15 21 7 50099 1
2 29 26 14 93360 1
29 13 14 12 38479 1
17 9 5 10 51383 1
6 23 2 2 89348 1
28 29 29 0 129830 1
12 23 0 4 77637 1
25 20 0 18 68542 1
13 5 23 12 45972 1
22 10 14 16 33005 1
18 24 6 9 61508 1
28 18 12 27 62451 1
25 29 4 20 77640 1
29 21 11 6 81821 1
29 1 1 19 108973 1
18 23 28 5 68415 1
14 12 10 5 22595 1
29 26 20 10 73005 1
28 2 8 12 77746 1
15 16 21 22 35165 1
10 0 16 24 64480 1
7 10 13 28 60283 1
29 25 26 8 82376 1
28 29 25 17 57359 1
28 21 10 16 54300 1
7 22 1 12 52909 1
1 16 1 6 34390 1
25 18 2 3 87883 1
18 17 5 16 26033 1
19 4 2 8 57369 1
17 11 26 25 50725 1
1 15 9 5 53699 1
0 6 28 9 82599 1
6 17 25 25 60607 1
14 29 22 16 39413 1
5 6 14 17 45167 1
26 21 5 5 89801 1
6 23 2 15 41199 1
26 12 1 15 67600 1
3 11 21 28 86228 1
24 29 0 18 82143 1
13 6 21 22 59026 1
26 6 16 25 60352 1
19 22 3 28 62443 1
15 0 20 13 41596 1
26 9 11 19 62071 1
15 3 21 22 66295 1
17 7 20 25 42422 1
15 3 2 20 74721 1
2 11 26 14 74958 1
3 27 8 11 75133 1
23 7 3 15 69555 1
13 22 3 4 60796 1
17 13 7 29 56519 1
8 19 6 7 47180 1
12 14 9 27 41328 1
6 18 3 25 33225 1
23 7 16 17 43117 1
15 9 28 7 45218 1
13 22 23 16 31646 1
27 6 6 28 93649 1
8 0 2 26 95872 1
21 16 1 8 66141 1
12 23 0 4 77637 1
16 12 7 16 26383 1
17 28 19 17 24990 1
14 8 29 26 66414 1
18 21 26 16 29915 1
18 14 4 25 53642 1
28 11 5 7 85618 1
16 16 27 28 53590 1
0 19 27 1 107406 1
22 11 9 8 54231 1
27 8 2 17 88995 1
21 26 13 21 25872 1
28 3 0 3 73983 1
11 9 1 27 74026 1
4 10 23 8 74319 1
26 1 13 28 90446 1
1 4 11 28 91492 1
20 14 19 1 44444 1
22 8 2 8 68360 1
5 24 7 8 65405 1
6 10 22 28 75586 1
10 21 14 4 51893 1
5 12 18 7 47899 1
26 5 21 20 62202 1
1 1 19 11 71706 1
2 23 17 21 44658 1
13 17 25 22 45937 1
1 14 16 4 56566 1
29 0 1 26 125863 1
13 26 27 9 74347 1
4 19 25 20 56140 1
4 12 9 26 62902 1
13 0 4 25 72958 1
0 11 10 15 41421 1
13 6 5 20 52424 1
3 29 27 14 93998 1
11 24 2 20 39067 1
12 28 1 3 88525 1
23 10 6 0 71930 1
0 15 19 8 64445 1
28 22 4 11 94256 1
22 1 2 3 61294 1
1 24 22 18 60154 1
28 15 14 20 42496 1
23 15 2 19 58875 1
24 26 12 9 57829 1
24 8 11 0 50636 1
7 23 20 21 48965 1
6 25 4 1 94274 1
23 26 0 2 100401 1
24 28 15 4 67452 1
23 20 17 25 29802 1
23 29 10 19 50992 1
28 6 12 16 54130 1
11 1 9 13 44846 1
28 21 27 5 75307 1
19 19 15 8 40909 1
6 26 13 12 45177 1
19 28 1 27 57075 1
