1821 1738 3396 3625 1689 2394 2539 3517 3994 2866 3605 2363 1423 1394 3484 1395 4110 1630 2303 2456 3948 2569 2526 2386 2140 2318 2245 2736 3274
5992 5952 5035 4301 4595 6099 6421 5398 5597 4636 6533 4297 6443 5642 4751 6320 6609 6657 5208 5849 6400 6034 4135 5510 5513 4322 5313 4708 3866
5203 5317 5100 5950 4677 5728 6591 4190 5061 4456 5534 6001 6360 4174 4391 6396 4395 5506 4492 5598 6727 5003 4078 5255 4155 6328 6699 4706 4821
7110 7128 6534 6330 6884 5169 6474 5484 6298 6373 5757 5310 5258 6338 7389 7067 6082 5737 6017 6813 6496 7480 7550 7066 6663 5282 5653 6343 5185
3171 4412 5030 5455 4748 4580 3508 4526 4930 5066 4211 5027 5009 4415 5516 3909 4046 4756 4732 5683 5565 3593 5151 2977 5324 3640 3583 3079 3224
7828 7721 7707 7382 6644 7212 7888 6894 6837 5286 5851 7433 6897 6209 7866 5469 7673 7012 5360 7761 6600 6983 7351 6314 6529 7774 6895 6484 5858
5489 5706 5342 5794 5408 6617 6274 5379 5174 4957 5735 6948 4647 6654 6277 5890 6871 6516 6863 5887 6119 5159 6205 4980 6616 4871 6773 5761 4717
5633 3569 5303 3493 3541 4066 3911 3451 5784 3812 3508 5341 4938 3821 5625 4237 3729 4723 3816 4364 5569 4261 4470 4475 3863 3608 5818 5111 5260
5583 5063 5209 5663 5458 5253 7312 7281 5183 4941 6353 5014 7506 5777 6235 5430 5253 7107 6507 6392 6177 6545 6736 7065 5583 7333 7269 4837 5629
3699 4797 3304 4630 2552 2522 4914 3851 2483 2701 4503 4549 4416 2876 4479 2496 4498 3947 3718 3224 3812 2362 3915 3803 4127 2961 3748 4066 4030
4362 3213 2269 3961 3215 3582 3507 3167 3661 2971 2792 2768 1973 4561 3915 2385 2247 2898 4564 2439 2281 2426 2950 4390 3149 2443 2581 2084 3327
6766 5336 4304 4280 4965 6260 4943 6653 5305 6134 6202 6161 4746 5348 6101 5518 5833 4269 5924 5766 6640 4765 6707 4393 5104 5239 5809 4391 4216
5642 5699 5820 5949 3985 5672 4259 5939 5540 4288 5162 5490 3757 5942 4345 3499 4909 5789 6219 3449 5943 4336 5750 6063 4335 3665 5275 4811 3977
2210 2506 2386 2887 1652 2197 2108 3841 2901 1828 2452 2082 1615 3646 2517 3926 3299 1476 2091 2868 1791 2429 1480 3606 2702 2874 2199 4010 1610
3478 1781 2630 4284 1780 1671 2703 2685 2825 2809 2835 1927 3889 1878 1800 2075 2807 3832 4379 4265 3708 3703 1916 4178 3879 2336 3937 3383 3449
5017 5265 5838 6443 4834 6392 6747 6032 5780 5480 5088 6240 5405 5065 5295 7324 5525 7227 4892 6639 5854 7448 6289 5514 7249 6370 6329 6889 4900
5535 6640 8167 5544 7356 6122 7615 6191 5687 6901 6379 7852 7407 6559 7897 5785 8227 6152 8009 5515 6143 7929 7456 5696 8207 7019 5635 8075 6711
4818 4212 3514 5003 4946 5525 4878 5729 5274 5376 3813 4454 4126 5048 4592 5125 5293 4268 4259 4143 5723 5302 4071 3891 4999 5395 3593 4965 6206
3860 4504 5188 5399 5287 6021 5931 4698 3864 5396 5715 3989 3813 5477 4322 5499 5118 5459 4904 5164 3764 4839 6526 5789 6460 5351 4640 6283 6403
4915 5282 6323 4234 3953 4417 5591 3975 5441 6726 6432 6042 5667 4577 5441 4537 4741 5875 5359 4646 4435 4493 6100 4896 5428 6154 4590 4965 4347
4841 4882 4370 4709 5593 3382 4946 3953 4648 4976 5275 4180 3932 5553 3463 3965 5282 5039 4528 3816 2897 3567 3189 3087 3850 3508 5140 2805 3059
2790 3648 1718 2474 1279 1752 2516 1623 1333 2602 1466 2749 3052 2840 1279 1197 3791 2900 1255 3556 3690 2555 3003 3029 1525 2623 3034 3137 2896
1972 3398 2330 3458 3483 2776 3148 3564 1187 1106 3505 3525 2411 3724 3539 2904 3040 1950 1237 2810 2726 3449 2155 2431 3218 1133 1688 3393 2704
7383 7394 4907 5090 5356 5850 6060 7154 6330 4623 6116 5658 6210 7100 5614 5412 4687 5346 7038 6148 4720 6005 5284 5552 6147 6959 5902 7089 6903
7208 6454 6304 6201 5739 6657 7319 8038 8198 7890 6956 6270 6301 7624 7095 7420 5858 7010 7541 6751 5626 6942 5576 6171 6456 6099 7595 7826 7542
5903 5394 5288 7121 5634 4625 5960 4715 5039 4665 6643 6631 7100 5863 6114 6187 6078 6449 6585 5491 5410 6008 4943 6015 6034 6302 5696 5685 4740
4693 5924 4491 4563 3844 5005 3840 5222 6378 4221 5912 6077 6029 5756 5824 4971 6457 6520 6439 5391 4610 5360 5685 5146 6532 5363 4866 4991 6295
3603 3218 2885 4392 4177 1861 2561 4006 3232 2020 1976 3914 2987 2198 4220 3596 1785 2874 4020 2640 3972 3992 1850 4177 3394 2616 3487 3820 1801
2056 4183 2775 4069 4491 4434 2877 3568 4237 3858 3304 4074 3898 2367 3269 3744 2408 2846 4226 3517 3699 2415 3441 3149 2900 3008 2695 3692 2526
3806 4277 2567 4585 4329 3239 2597 2536 4545 3081 4350 2723 2179 1860 3149 2531 2436 3978 4466 3629 3662 3004 3753 3107 3034 3965 2105 2614 4279
6758 5504 3629 5132 5874 4991 4046 3227 3996 6702 3938 5122 6044 2425 4175 2680 4515 6294 3890 5675 4573 5772 5573 6459 6204 7787 6548 5240 5643 4369
7498 4821 5167 4293 5839 6393 3539 4257 5395 6505 3315 5159 6332 4240 4791 3644 3790 6765 3245 3864 3541 3936 5406 4180 4457 7718 8406 5481 6075 5636
5538 4837 3953 4264 4227 5965 4462 4039 5157 4474 3642 4681 4578 3019 5466 3276 3075 5096 3218 4914 2748 5015 4642 4428 6492 7821 6583 5427 5573 4646
4969 4653 3614 4643 6633 4894 4342 4293 4981 4686 2004 5760 4809 3928 2974 3625 3244 5289 3525 4410 3717 4060 3744 4243 6443 7277 8149 6060 7784 6402
6665 6264 3851 6134 6628 5465 4532 5051 4423 4262 3306 5787 5237 1678 5669 2914 3018 7057 3660 5544 4595 4968 4757 6481 5721 6176 8679 5882 6066 5705
5137 4742 5296 6512 4688 3699 5540 4380 3786 5351 2790 4114 5081 2830 3832 2491 1937 6576 3529 5586 4054 5131 4039 5146 4592 7404 6083 6545 6820 6432
6892 6121 3744 6072 4202 5156 3114 3127 6041 4830 3219 6361 6878 2922 3191 3165 2000 5363 3399 6340 5318 3171 4695 4877 4684 6821 8497 7113 6573 6343
6883 6676 4788 6679 5058 3837 4410 3554 4547 4835 3669 3902 6350 2771 3595 3650 3788 6860 3378 4476 4182 5955 4905 5642 3998 7824 7897 4723 5729 5825
6094 6575 5425 5591 5112 4332 3634 4292 4232 4891 4217 4012 6560 4174 4220 4381 4075 6039 5547 4455 3216 5771 4777 3958 5183 6934 6375 7264 7644 4903
6479 4596 3090 5009 6029 4536 4483 4010 5520 4504 2269 5418 5713 3203 4526 3065 1850 6273 4705 5621 2674 3884 5355 5135 4508 7890 7198 7104 7009 4938
7509 4650 4921 6911 5699 3973 4541 2786 4907 4908 4217 5340 6177 1945 4019 3161 3431 6149 4786 6288 4500 5698 3247 6685 6041 7355 6278 5245 7464 5084
5292 5802 3227 6114 4858 4344 3350 4782 4202 5361 3324 6181 4674 2690 4752 3969 3575 6889 4666 5554 3449 3745 3497 5101 4358 7108 6881 6992 7814 4384
5215 5680 5377 4363 5882 3899 4325 3752 5094 5967 2687 6145 5714 3189 4821 4099 2072 5683 4443 5012 3102 4738 3375 4725 4945 8023 6628 4857 6501 6826
4948 5358 3974 5450 4450 5342 4094 4417 3827 5138 3764 4864 5869 2586 3458 2308 4622 7327 5475 4213 3941 4473 3879 4219 4535 8543 7609 5281 7942 6196
4834 5002 3781 4947 5811 5652 3388 4755 3805 4046 2078 6291 4465 1786 5735 4458 3785 6833 4807 3660 4863 4273 5203 4244 6055 6863 7898 5392 5533 6918
6811 6734 4253 4937 4753 5461 5169 3123 3986 5286 4056 4279 5455 2382 5649 3751 4258 7089 4375 5498 3505 5608 2860 4524 4144 6369 8018 4908 7646 6427
5893 6359 3669 4497 5981 5607 3362 2675 4050 5473 2134 5023 7071 3501 4803 2079 2470 7117 4117 3628 3247 5142 3327 4971 3899 6594 7902 5375 7584 5087
6106 6842 5662 5382 5851 4391 3791 4261 4339 4173 3166 3723 4442 3351 3340 3925 4300 5996 5640 5274 3044 4489 5406 5258 5899 5972 6202 4810 6704 4704
6299 4394 3374 5726 5393 3650 3878 2465 3505 5814 4165 4976 5067 2382 5725 3125 3748 6189 5476 5377 4009 4783 3951 5117 5535 7608 6208 5644 6276 5852
5543 6434 3685 6895 6607 6382 3310 4813 4513 6112 3114 5140 6768 2747 4033 2946 2096 5700 3938 6158 3412 4563 4760 5428 5677 7725 6848 6538 7204 5753
7105 6566 3379 4501 6388 5607 3551 4608 5638 4089 3268 5625 4813 3571 4252 4661 3946 5458 4505 4401 3634 5495 4081 4865 4312 5793 6755 5095 7683 6959
4847 4391 5344 4776 4858 5127 4238 2636 6009 6416 1787 6296 4886 2858 3780 2204 3745 6369 5461 4792 2691 4356 3395 4073 5893 6451 7778 4623 7914 5770
6367 4158 5061 5114 4180 5239 4564 4199 4314 4799 3329 5452 6429 3101 3280 4235 2235 6420 5424 6080 2800 3465 4548 4164 5022 7973 8200 4948 6409 6233
5402 4485 3773 6900 6183 5118 4764 3418 5825 4679 2350 4100 5847 1713 3448 4486 2642 7662 4460 6097 3103 4514 4072 5783 4734 6663 8606 5988 6353 6552
7064 4540 4269 4244 5142 4130 4118 3935 5805 5368 2990 4694 5380 2838 3373 2028 1918 5171 5615 4516 5130 3330 4606 4228 4347 6284 7207 6098 6452 6580
5919 4539 5220 4903 5890 4067 3847 2719 5739 4040 2540 5115 4522 2979 4472 2970 3211 5939 4773 5165 5127 3303 3182 5359 4282 8119 6298 5249 6822 5941
4870 4935 5477 5301 5959 6189 5423 4061 4725 6186 1924 5616 4386 3500 4756 3630 2524 7346 3506 4470 4010 4907 5230 4925 4774 7564 8733 7029 7735 6696
6979 5778 5570 6816 5874 5143 4547 2822 5709 5581 2723 4235 7031 4089 4328 2590 3413 7178 4574 3545 3730 4244 3994 4501 6411 6847 6244 4677 5888 5892
5088 6599 5390 6875 4278 4781 5318 3802 4963 6388 1790 6237 5291 1703 5208 2844 2269 7844 4760 5969 3394 5440 4565 5300 4978 8110 7840 7029 7625 5431
17 14 16 28 69772 1
2 28 16 0 135199 1
28 29 7 28 127433 1
3 26 22 25 107924 1
24 2 14 27 98470 1
21 29 6 20 81588 1
26 5 24 22 70920 1
18 27 15 18 54678 1
24 3 7 8 81573 1
19 11 14 1 43948 1
3 22 21 2 108425 1
28 29 14 8 98170 1
19 13 13 18 28089 1
13 24 7 29 44594 1
17 4 1 18 94117 1
0 27 4 15 43251 1
0 12 25 19 94724 1
23 26 19 1 76320 1
4 17 10 0 73016 1
13 17 26 26 79822 1
14 7 24 23 73065 1
25 12 20 7 33896 1
26 13 4 16 68867 1
1 12 18 9 69775 1
18 15 0 3 87506 1
27 9 11 10 48696 1
25 2 12 14 70888 1
2 18 14 6 70876 1
27 8 20 26 67360 1
9 17 23 23 69454 1
29 11 5 24 111693 1
0 19 22 1 106239 1
3 18 14 25 60691 1
5 27 29 27 138527 1
5 19 26 6 102185 1
10 11 19 6 46552 1
15 19 11 2 57570 1
25 20 20 7 46564 1
11 23 21 12 57944 1
14 14 28 23 67793 1
4 20 17 3 96525 1
9 27 14 7 73572 1
27 27 7 22 99180 1
19 24 1 13 94906 1
8 19 3 0 98811 1
2 19 6 4 79488 1
28 14 12 25 81397 1
5 9 1 26 68089 1
2 15 12 17 39393 1
2 7 23 26 117896 1
27 16 19 18 31409 1
11 13 27 0 82327 1
0 3 15 6 69508 1
7 19 2 2 80327 1
20 12 23 26 48913 1
8 1 24 29 129138 1
28 17 10 13 57542 1
7 20 21 9 70358 1
7 4 12 11 43153 1
8 10 17 19 53986 1
5 26 7 1 120421 1
4 8 19 23 98581 1
29 21 24 15 34329 1
6 18 24 1 99520 1
10 9 29 19 78787 1
20 17 27 2 61865 1
8 8 5 21 66170 1
19 14 0 21 80299 1
7 4 8 20 66882 1
24 11 2 22 108849 1
11 8 20 17 54452 1
9 21 11 2 67961 1
6 7 15 10 38347 1
13 15 8 28 60249 1
29 13 19 0 61243 1
20 7 7 26 99638 1
24 1 24 29 93026 1
26 28 17 22 59492 1
3 17 0 8 37986 1
0 25 20 10 97981 1
14 25 5 11 73809 1
19 23 25 4 74268 1
2 7 21 19 89748 1
21 10 16 20 41431 1
27 20 4 23 100418 1
7 29 27 5 126162 1
5 19 7 0 90773 1
1 2 10 0 46503 1
16 27 14 7 69278 1
29 20 3 16 92933 1
12 1 21 4 44155 1
8 7 26 17 78783 1
3 28 21 3 133987 1
10 25 1 18 54024 1
24 4 0 4 107196 1
7 22 15 5 75902 1
19 4 13 29 89978 1
7 1 2 9 54024 1
19 9 29 24 73630 1
8 6 11 21 58373 1
20 9 0 15 77494 1
14 24 29 0 115469 1
10 21 8 7 48419 1
28 22 1 1 142727 1
20 15 16 4 54367 1
7 27 16 18 68273 1
21 29 14 1 93849 1
15 12 23 17 39322 1
0 16 9 14 35700 1
21 5 13 12 40105 1
17 2 5 28 127098 1
18 5 2 17 87776 1
15 22 9 29 45063 1
14 25 19 19 40698 1
10 9 27 15 64041 1
14 23 25 13 59795 1
8 29 14 1 96569 1
19 13 6 13 36882 1
20 21 5 4 100352 1
7 20 8 0 84430 1
27 20 13 21 54307 1
5 23 22 19 77203 1
20 12 6 11 54925 1
15 7 13 19 38503 1
2 29 21 21 112065 1
24 19 27 7 50979 1
13 13 28 21 62645 1
12 1 15 24 73635 1
27 7 2 9 89723 1
4 18 21 4 82552 1
23 13 28 20 36093 1
13 10 23 5 44552 1
14 24 8 28 44789 1
27 17 22 3 48998 1
29 25 3 3 148899 1
8 12 14 18 36981 1
4 16 28 18 79913 1
24 12 9 17 59031 1
15 10 1 23 83279 1
8 11 6 20 49814 1
2 4 26 1 115874 1
16 23 28 27 69476 1
17 27 2 22 80850 1
23 10 20 3 23196 1
20 28 23 7 63287 1
26 28 2 4 154260 1
4 21 1 0 78644 1
16 3 18 14 53349 1
17 1 25 3 43064 1
3 14 7 21 41555 1
4 13 15 17 43051 1
0 6 25 15 98699 1
4 26 18 23 79707 1
23 25 2 0 146089 1
9 27 16 5 89059 1
7 0 21 24 113380 1
21 7 15 26 80145 1
18 2 0 9 86602 1
15 27 23 3 97856 1
25 19 29 2 68267 1
16 15 20 27 53989 1
19 0 9 29 119392 1
24 2 5 0 92859 1
11 20 29 27 88330 1
21 17 15 24 47931 1
15 27 12 12 54523 1
29 24 9 13 86893 1
26 28 6 17 113743 1
14 18 3 1 89711 1
26 18 2 9 96991 1
7 23 13 0 82512 1
13 25 14 12 35543 1
19 29 11 15 77077 1
14 5 28 8 57994 1
27 1 27 21 62534 1
12 6 8 28 87564 1
2 25 18 28 100944 1
29 9 1 10 86918 1
28 13 10 22 74783 1
16 2 25 16 58189 1
2 13 2 1 50139 1
27 8 8 12 71748 1
28 20 0 4 122350 1
20 4 0 8 92695 1
1 10 11 16 50256 1
5 20 22 0 102436 1
0 6 16 13 66075 1
23 27 25 18 41294 1
7 17 27 23 89153 1
4 10 16 17 59436 1
17 21 10 3 79376 1
26 22 24 8 62167 1
5 5 23 21 97716 1
21 25 5 27 97561 1
2 23 11 18 55953 1
28 24 8 21 90200 1
0 6 19 16 86221 1
24 22 27 2 76326 1
18 12 16 29 76721 1
16 21 20 0 75973 1
11 23 19 6 74433 1
29 6 26 23 61291 1
5 13 5 23 55525 1
4 5 22 24 106318 1
22 11 17 5 32685 1
22 0 7 5 73634 1
27 1 2 0 120279 1
9 15 16 24 46979 1
2 0 11 2 49202 1
7 29 18 10 90660 1
16 5 28 1 67582 1
8 25 19 29 76563 1
7 8 13 2 37857 1
8 1 12 16 65114 1
22 29 7 25 88595 1
13 7 5 27 96857 1
12 28 29 21 90051 1
20 11 7 7 57130 1
26 4 17 6 43807 1
26 9 8 15 68865 1
9 23 20 29 72228 1
19 9 4 21 90584 1
17 13 11 2 44808 1
8 19 25 25 84648 1
28 27 22 19 46907 1
7 25 8 1 99545 1
14 6 17 22 58808 1
28 2 9 13 85678 1
16 16 1 16 48520 1
26 29 0 4 152011 1
11 9 0 1 66006 1
27 6 14 27 95734 1
0 1 13 10 68355 1
8 5 17 18 66706 1
18 17 14 11 31500 1
22 7 11 23 69803 1
7 28 22 26 88914 1
15 10 14 0 28724 1
14 3 3 18 75393 1
4 16 10 3 59126 1
21 8 0 11 75882 1
3 0 21 20 117344 1
18 18 4 13 59131 1
10 24 16 11 57711 1
3 25 28 13 123410 1
1 21 22 16 92879 1
28 29 14 6 103558 1
1 9 8 15 46288 1
0 1 23 25 134497 1
17 7 28 6 42814 1
6 24 22 28 86712 1
15 15 22 0 57181 1
3 4 12 21 92886 1
21 19 7 19 58698 1
23 26 7 21 82154 1
4 13 8 7 37818 1
8 16 12 10 31860 1
27 13 28 4 32191 1
11 2 27 2 69525 1
20 28 22 13 47035 1
11 26 26 22 77441 1
25 8 0 3 108990 1
4 16 10 27 49036 1
28 3 13 3 71652 1
5 15 16 10 48116 1
1 28 11 2 113260 1
24 13 9 24 73225 1
6 1 18 10 71276 1
14 9 11 23 46632 1
27 17 3 6 100597 1
19 16 10 14 38088 1
29 17 20 18 35589 1
3 21 0 13 34130 1
11 22 10 11 35704 1
18 29 1 14 106718 1
7 27 29 8 122349 1
26 24 21 4 65616 1
26 18 28 26 32508 1
14 13 24 0 64064 1
25 11 13 4 57371 1
24 3 4 12 90353 1
20 29 29 7 84098 1
5 2 0 23 77440 1
3 28 3 8 83730 1
22 5 27 19 51105 1
9 3 9 22 64991 1
28 14 6 29 120083 1
24 28 8 2 121348 1
1 12 12 16 50712 1
27 25 2 17 110664 1
4 28 29 15 128117 1
26 4 0 1 120042 1
14 16 1 21 65211 1
7 24 26 22 84418 1
9 12 18 11 36851 1
28 22 22 3 68376 1
29 11 14 11 48599 1
29 5 7 13 82976 1
29 20 24 5 63880 1
3 0 29 28 165804 1
12 28 7 18 55520 1
26 18 12 11 61904 1
8 4 1 24 93633 1
23 8 18 16 30767 1
12 25 0 18 69499 1
3 11 21 29 104514 1
25 13 25 28 66263 1
23 15 15 11 40085 1
8 8 28 23 95543 1
14 27 29 14 84991 1
25 0 20 14 56781 1
7 19 0 24 44339 1
23 6 6 19 89654 1
0 27 22 13 99082 1
10 26 12 16 36793 1
4 3 22 19 102950 1
25 15 28 3 49278 1
6 28 26 13 111746 1
24 14 12 2 66942 1
4 19 20 14 69261 1
20 26 7 18 75422 1
10 25 25 17 79084 1
11 25 13 7 58255 1
14 12 17 19 33446 1
10 1 8 28 97045 1
18 12 12 2 48734 1
6 4 6 28 114453 1
19 4 8 21 90264 1
6 11 0 21 50435 1
26 10 4 10 68439 1
9 28 27 1 128850 1
18 15 16 27 62843 1
8 28 12 13 64601 1
28 2 10 13 82475 1
8 2 19 8 58941 1
20 9 5 10 53845 1
19 16 24 9 30996 1
8 3 28 21 109515 1
24 19 5 9 86578 1
27 26 5 5 126338 1
15 3 25 1 50270 1
18 24 8 16 58087 1
2 20 29 2 135100 1
5 29 13 7 98246 1
18 23 1 4 115459 1
6 14 25 27 99147 1
25 20 13 28 64470 1
12 25 24 19 63586 1
17 21 19 3 68368 1
9 4 19 25 100731 1
26 19 13 2 82995 1
28 4 28 17 46074 1
26 13 20 4 38249 1
14 26 11 0 81051 1
2 27 8 7 91831 1
8 18 19 17 52399 1
21 27 11 8 78757 1
12 22 24 28 67017 1
23 23 0 29 118651 1
9 3 18 17 69549 1
23 19 28 9 50136 1
0 7 12 0 72711 1
26 12 16 1 66691 1
29 29 19 17 75024 1
7 5 19 6 50800 1
19 5 28 16 51623 1
9 4 19 11 56064 1
14 0 14 25 72663 1
23 27 28 6 76990 1
25 29 8 8 109708 1
9 26 28 2 124986 1
9 25 15 1 86781 1
0 29 23 4 129644 1
19 8 28 23 67548 1
3 4 20 7 81427 1
3 9 12 24 77278 1
7 19 21 23 64390 1
15 3 16 13 36523 1
12 12 16 1 47539 1
8 1 0 12 69093 1
4 8 7 1 40598 1
8 23 28 28 102457 1
25 19 29 2 68267 1
4 3 5 18 73362 1
11 18 28 21 72903 1
20 22 13 26 40048 1
8 22 25 7 90184 1
2 28 8 0 125457 1
20 4 4 16 80138 1
0 28 9 16 60809 1
21 26 25 16 34948 1
12 25 5 13 61796 1
14 21 7 7 60594 1
7 17 19 4 80063 1
2 21 23 22 91351 1
9 25 4 0 110634 1
29 18 12 14 63564 1
23 25 17 2 78692 1
9 7 6 0 42881 1
12 21 21 22 40634 1
12 19 14 5 43134 1
22 11 24 25 52113 1
25 18 26 0 68654 1
29 11 5 22 105043 1
7 24 11 4 81770 1
17 25 9 10 69899 1
6 25 24 6 112805 1
15 13 13 23 27132 1
6 20 14 7 63057 1
23 16 29 20 28738 1
7 22 18 20 47860 1
25 9 17 15 41164 1
27 24 29 1 79540 1
25 7 14 5 44824 1
24 0 8 6 79879 1
8 19 2 28 68140 1
25 29 17 11 80585 1
21 10 4 14 59390 1
19 27 16 7 79557 1
19 19 8 18 53469 1
12 8 0 11 51715 1
25 28 27 12 65771 1
29 4 1 6 120459 1
24 1 16 13 54798 1
18 18 5 24 73312 1
23 28 27 10 66887 1
6 26 2 1 113376 1
17 4 13 16 49581 1
20 16 20 29 45866 1
24 2 10 21 89440 1
5 9 6 22 69296 1
26 3 24 28 97487 1
13 18 28 27 81402 1
16 9 3 6 62843 1
4 14 18 6 65620 1
3 18 19 6 87246 1
0 20 9 18 38150 1
26 19 1 5 123752 1
6 7 23 28 104640 1
29 8 8 10 69518 1
7 28 27 3 136120 1
16 29 12 8 78037 1
9 8 28 13 66194 1
25 2 12 3 56973 1
28 28 19 4 92211 1
25 25 3 21 107070 1
19 17 8 11 53636 1
14 23 0 16 60023 1
3 9 27 17 88886 1
24 0 10 19 92763 1
17 13 1 12 53287 1
27 0 19 29 107131 1
7 4 26 21 103549 1
25 20 15 0 85999 1
12 3 29 25 106826 1
10 6 24 9 61010 1
27 0 24 27 99976 1
10 17 27 0 95099 1
10 18 23 4 71265 1
26 23 22 9 56122 1
6 11 26 2 94046 1
15 0 8 23 86159 1
15 9 20 24 65842 1
11 12 24 19 60396 1
28 10 17 6 40247 1
21 20 12 18 39057 1
9 12 16 28 73853 1
13 2 25 8 60419 1
21 29 13 13 64616 1
27 19 10 22 69495 1
0 26 28 24 133396 1
20 14 28 24 50756 1
2 13 10 4 52161 1
18 22 27 29 58970 1
16 16 22 20 29342 1
22 14 8 10 50731 1
1 16 22 21 80588 1
25 20 24 1 68377 1
17 4 3 22 105810 1
21 22 28 2 75408 1
21 2 6 7 66177 1
22 3 0 11 90302 1
3 13 24 24 90251 1
0 16 0 2 37684 1
29 28 24 2 101158 1
15 10 13 28 51466 1
29 4 19 2 52900 1
29 22 0 22 122001 1
22 19 23 8 30949 1
19 2 18 18 55311 1
24 6 8 14 67816 1
3 9 24 7 79081 1
0 8 4 28 74442 1
7 8 9 22 55301 1
11 29 16 13 57725 1
17 5 3 18 85102 1
13 20 3 20 38807 1
10 27 18 2 96901 1
1 14 12 26 76195 1
2 16 6 28 71334 1
20 9 1 15 78160 1
15 23 28 6 90653 1
16 11 3 12 53560 1
18 11 21 27 52779 1
24 23 18 2 69377 1
17 8 10 11 33417 1
23 14 1 14 73482 1
24 4 22 23 60021 1
19 0 8 22 103546 1
14 23 27 3 93721 1
27 13 5 12 69916 1
9 2 24 0 70172 1
26 27 15 9 89831 1
17 23 18 11 58977 1
18 11 22 23 42930 1
6 0 29 6 113472 1
12 6 22 18 57509 1
12 16 27 25 76276 1
6 12 28 28 109486 1
17 19 9 22 39277 1
18 23 8 18 54587 1
25 11 8 6 72924 1
19 22 27 4 71720 1
18 6 3 24 111837 1
13 28 25 16 69269 1
27 0 21 4 38491 1
15 7 23 0 48062 1
12 12 13 21 28560 1
11 12 19 17 42266 1
14 29 1 5 112966 1
21 0 4 26 127697 1
0 9 4 27 67369 1
28 0 9 5 93984 1
5 24 14 4 87414 1
14 15 25 24 63788 1
8 15 16 13 28829 1
9 20 17 27 51317 1
19 20 0 29 96420 1
10 16 28 19 66802 1
11 27 24 20 67179 1
19 10 7 2 65991 1
22 15 10 25 67188 1
27 27 11 0 119876 1
12 25 1 4 105227 1
2 26 10 14 78350 1
7 5 22 3 67942 1
18 24 8 11 75168 1
19 28 27 20 56697 1
15 10 17 22 49864 1
17 25 19 1 88904 1
14 5 1 11 60807 1
10 8 21 21 64803 1
15 28 24 11 88990 1
28 3 9 15 89570 1
16 28 1 29 89855 1
21 0 13 12 52014 1
26 18 10 13 59886 1
21 0 26 17 54526 1
29 4 20 26 86948 1
29 19 2 21 111551 1
4 9 2 24 64218 1
7 22 15 11 61013 1
17 28 15 6 85709 1
29 24 6 24 108810 1
3 5 9 22 83759 1
21 23 22 13 28924 1
14 18 11 0 56150 1
5 7 18 4 62732 1
20 16 2 10 69469 1
16 5 14 21 57201 1
24 7 5 28 127605 1
17 27 25 14 69091 1
11 4 27 21 90604 1
7 12 27 8 72655 1
15 4 28 29 112820 1
24 18 10 10 61598 1
13 11 21 6 36271 1
24 27 11 4 99556 1
4 28 3 2 104351 1
1 11 15 5 66459 1
6 17 20 3 82641 1
2 9 23 12 78933 1
12 24 28 25 80931 1
27 5 22 10 26813 1
17 28 9 21 55211 1
25 0 24 12 62441 1
6 3 8 18 73430 1
2 3 8 29 122625 1
26 27 2 2 152722 1
2 4 27 23 134812 1
29 12 26 21 35340 1
16 8 6 20 68163 1
22 10 15 29 84113 1
12 11 7 24 62317 1
0 5 25 18 112404 1
4 17 16 28 78450 1
4 14 19 18 67333 1
15 6 5 9 49010 1
21 0 16 13 44554 1
19 3 16 28 103155 1
18 25 3 15 81436 1
29 6 1 25 138907 1
29 3 9 4 96902 1
20 5 18 17 42498 1
11 14 1 13 36058 1
20 6 6 3 67216 1
8 20 22 2 84215 1
28 20 16 11 61888 1
21 23 12 7 66843 1
24 10 18 18 40416 1
16 25 6 16 61477 1
29 16 29 6 29551 1
14 9 8 2 43197 1
14 19 24 2 73233 1
20 15 27 12 28756 1
24 8 10 11 52984 1
29 28 24 14 63006 1
16 27 4 21 69867 1
15 13 18 5 43190 1
2 1 20 14 102840 1
14 15 21 0 52400 1
3 29 26 12 134501 1
25 26 24 0 99642 1
16 10 11 21 44705 1
16 15 1 28 91823 1
16 27 14 4 75432 1
18 27 13 0 93335 1
4 4 9 24 91331 1
11 0 20 26 103399 1
24 25 17 14 59346 1
5 27 20 23 90670 1
27 6 8 20 90313 1
8 13 18 17 43471 1
18 6 12 10 32341 1
24 27 22 4 69064 1
28 6 24 20 59434 1
12 13 28 18 55753 1
16 13 2 17 50540 1
24 17 28 6 47359 1
3 10 21 10 57447 1
1 16 12 9 57000 1
5 3 18 13 75490 1
2 8 27 13 89285 1
3 12 0 2 45982 1
20 29 28 19 58737 1
8 14 26 18 70185 1
11 5 6 18 60819 1
16 12 27 28 83177 1
16 6 28 7 44198 1
16 16 11 21 32673 1
9 26 4 12 65602 1
1 27 4 13 53756 1
1 21 7 6 73055 1
29 15 10 6 78759 1
21 5 8 25 93412 1
21 29 13 5 83640 1
16 7 2 18 76051 1
16 7 1 5 69979 1
19 22 24 3 69312 1
20 0 20 27 77038 1
22 13 14 26 62280 1
10 18 29 24 90729 1
15 28 26 15 84696 1
12 10 25 24 74104 1
8 15 4 25 56669 1
14 29 17 5 85660 1
14 17 13 2 37095 1
11 4 21 22 76785 1
4 7 18 17 75335 1
23 11 15 16 40380 1
19 8 15 24 72173 1
7 28 14 18 62752 1
29 5 9 8 78857 1
28 23 20 14 47607 1
16 15 3 27 93149 1
3 28 28 27 146158 1
28 27 1 19 127388 1
5 6 14 22 74994 1
25 10 2 28 128401 1
2 19 3 6 55994 1
5 22 22 1 107963 1
4 27 27 13 119267 1
2 16 20 0 97363 1
15 7 27 4 51512 1
2 27 9 7 92151 1
10 25 4 5 85534 1
26 16 18 28 61846 1
29 7 16 1 63740 1
21 21 14 27 48389 1
26 17 9 22 77424 1
7 10 12 19 47479 1
15 22 28 3 96790 1
29 9 28 19 31622 1
10 8 22 3 57419 1
9 26 19 9 83897 1
14 26 6 4 89888 1
24 22 0 0 129183 1
15 16 24 7 48662 1
29 2 10 13 84309 1
28 7 2 8 97606 1
16 3 28 8 61208 1
8 27 10 10 64887 1
16 20 4 1 102070 1
18 10 3 10 46900 1
10 26 27 3 111073 1
21 20 6 3 94496 1
1 3 13 3 59065 1
9 6 22 12 59150 1
7 27 16 10 83088 1
14 10 0 1 72119 1
6 9 20 16 62684 1
0 3 21 6 92569 1
8 21 1 5 82535 1
22 6 18 21 49696 1
14 10 1 10 42423 1
7 4 16 25 96582 1
25 9 2 15 85608 1
21 18 0 4 97717 1
27 2 6 10 89401 1
15 14 12 25 42089 1
12 28 9 14 54386 1
8 9 0 12 36792 1
10 27 24 17 81970 1
23 17 14 16 35270 1
26 11 9 22 84539 1
16 1 29 3 69080 1
11 4 17 18 59693 1
6 23 17 19 56600 1
12 3 4 12 58337 1
1 29 4 11 68931 1
9 21 0 20 39756 1
1 25 22 25 110980 1
6 6 21 9 63872 1
23 1 16 26 101842 1
28 7 25 22 58666 1
8 29 3 20 62809 1
16 25 27 22 62786 1
24 24 17 6 68486 1
29 6 18 1 54870 1
8 12 21 18 56316 1
11 27 14 8 62861 1
27 23 5 26 113136 1
14 16 6 21 44219 1
7 29 12 22 43334 1
5 11 6 26 83276 1
4 19 14 23 50247 1
22 25 12 21 51833 1
0 2 25 13 103241 1
2 0 22 13 108919 1
21 10 14 1 44881 1
27 5 25 17 44384 1
24 25 4 12 97788 1
28 0 4 28 163730 1
15 24 23 11 71284 1
11 3 17 27 91900 1
3 19 19 21 72227 1
22 23 25 12 42286 1
9 19 16 23 35191 1
5 17 16 14 49819 1
6 27 17 20 71326 1
22 1 18 15 45454 1
7 27 26 9 112507 1
6 27 4 5 110815 1
12 0 25 24 101148 1
5 29 29 4 150097 1
21 21 0 28 103882 1
5 20 5 8 66318 1
5 3 25 5 98645 1
9 25 17 5 87077 1
16 1 0 17 92837 1
27 7 21 16 36761 1
27 2 5 27 149002 1
0 7 3 28 72699 1
28 4 14 16 70974 1
8 6 5 26 97458 1
21 27 22 17 27420 1
23 29 7 16 89928 1
7 13 24 23 76653 1
16 26 2 19 82680 1
14 28 1 15 75679 1
10 18 1 12 48851 1
28 10 12 28 91025 1
19 28 6 2 129800 1
19 5 7 2 63092 1
17 1 4 22 108350 1
3 17 27 9 88911 1
25 0 19 20 73553 1
28 24 5 10 103171 1
2 22 21 18 85603 1
18 19 21 26 32644 1
11 5 4 28 106857 1
6 1 10 23 86895 1
26 13 14 20 54245 1
5 6 25 28 126883 1
8 19 21 9 66602 1
20 14 10 12 34085 1
17 23 13 16 33294 1
29 11 6 27 122819 1
5 20 26 26 103882 1
2 13 9 16 31173 1
27 0 4 27 156420 1
25 28 16 20 59444 1
28 8 20 21 56354 1
29 12 18 29 80955 1
11 6 2 27 101876 1
27 7 19 26 78214 1
5 28 7 8 102216 1
26 11 4 16 80973 1
22 2 21 29 70218 1
7 11 26 12 67721 1
22 1 0 2 95898 1
8 19 24 22 68545 1
12 15 22 0 62380 1
18 22 27 11 59517 1
26 1 0 6 117845 1
2 25 18 16 93794 1
8 26 23 1 113777 1
16 14 26 21 54514 1
9 19 7 28 44697 1
28 29 10 0 133520 1
3 9 16 2 69883 1
27 14 6 29 115825 1
8 26 16 6 87526 1
11 10 7 17 36053 1
11 24 18 4 83775 1
24 22 21 13 32893 1
11 17 23 23 63177 1
7 6 0 26 79222 1
27 23 16 27 65014 1
0 22 25 21 102567 1
20 8 15 27 83960 1
19 19 26 5 61848 1
25 15 1 12 82410 1
8 25 23 8 91980 1
29 28 23 7 84247 1
17 22 6 25 57101 1
17 0 20 29 94708 1
14 21 26 28 74585 1
29 15 12 1 84231 1
27 29 0 8 137590 1
21 6 15 15 39947 1
23 5 15 24 83112 1
21 6 15 24 72379 1
15 25 8 4 86167 1
7 27 27 23 104787 1
2 6 9 9 39050 1
11 20 25 16 54729 1
12 20 2 22 48035 1
26 3 23 11 43470 1
5 8 24 23 100097 1
14 6 26 25 93169 1
3 16 9 29 62629 1
25 25 29 7 73036 1
17 8 8 20 62713 1
22 28 29 22 44215 1
14 11 1 24 81821 1
27 12 4 9 81319 1
1 26 21 13 100527 1
22 23 16 16 37672 1
25 13 18 26 63487 1
23 20 20 7 38331 1
24 22 7 29 92191 1
29 26 2 15 121024 1
5 13 2 6 41869 1
20 28 13 18 59023 1
5 20 14 3 77549 1
21 7 4 24 102556 1
14 20 27 8 68195 1
23 9 12 5 50211 1
28 3 26 23 72332 1
1 27 13 15 78167 1
3 13 12 19 50820 1
12 2 24 13 61304 1
15 29 26 7 104241 1
29 28 11 5 114851 1
25 16 8 23 74560 1
22 1 18 21 62240 1
27 16 20 4 46351 1
26 19 21 25 38044 1
25 17 29 23 38931 1
25 13 6 2 89337 1
0 29 5 1 99364 1
10 18 14 3 51543 1
27 11 2 12 84905 1
13 17 22 12 38200 1
20 10 11 29 80921 1
20 24 0 10 101903 1
1 23 16 29 92794 1
10 25 17 19 44527 1
24 6 0 24 116908 1
27 10 9 27 98509 1
17 2 1 7 75230 1
2 1 10 3 41347 1
21 4 16 19 55226 1
28 12 24 18 34273 1
14 7 28 12 55321 1
16 17 25 8 57394 1
27 10 17 10 28633 1
18 24 24 6 71791 1
25 2 5 0 97128 1
18 5 22 14 36851 1
9 24 0 27 54477 1
25 20 20 27 37551 1
29 11 8 20 83990 1
1 5 27 27 145410 1
1 2 14 12 78772 1
19 2 6 5 61715 1
4 15 28 7 90868 1
7 1 27 18 104902 1
27 13 29 29 57364 1
28 16 18 29 68967 1
2 27 9 2 110073 1
1 5 24 10 96109 1
12 8 7 21 61924 1
14 0 4 25 110632 1
2 19 11 1 89295 1
9 16 16 11 37226 1
1 18 1 1 54556 1
14 2 19 24 88515 1
11 25 5 2 101379 1
19 13 27 2 53639 1
10 8 24 24 82910 1
8 9 11 2 36690 1
29 18 0 13 95007 1
21 23 8 27 76470 1
28 23 24 29 41267 1
14 25 28 22 68588 1
22 5 15 9 38951 1
15 20 26 0 90687 1
21 5 25 18 45476 1
23 2 10 8 64766 1
9 8 2 20 67561 1
5 4 3 19 80017 1
2 11 7 4 45060 1
22 24 1 16 88623 1
28 16 0 14 87718 1
26 18 3 3 122061 1
9 4 21 18 70962 1
4 15 27 9 80808 1
24 4 28 21 71444 1
8 18 14 9 45847 1
3 23 14 9 83251 1
16 20 27 26 58311 1
17 22 9 24 37236 1
8 20 21 17 54307 1
3 7 3 20 56925 1
21 7 15 28 83469 1
6 9 24 7 69565 1
6 13 18 2 68182 1
4 1 18 26 133676 1
2 18 15 24 65866 1
10 18 17 11 40384 1
4 14 25 26 107421 1
15 13 22 1 48537 1
1 7 17 17 82582 1
10 18 22 17 50233 1
2 24 12 12 78444 1
6 7 16 12 50951 1
26 14 13 9 49528 1
19 18 19 8 41803 1
15 23 23 2 86478 1
3 29 16 28 79573 1
15 7 4 28 107362 1
20 1 5 20 100686 1
1 10 19 28 117067 1
19 26 10 10 84432 1
23 19 17 26 53942 1
10 9 3 19 55977 1
20 26 22 1 70524 1
28 15 14 9 57177 1
9 8 18 18 56539 1
16 5 25 3 50424 1
16 25 9 0 101757 1
6 13 1 8 36367 1
22 29 11 20 61794 1
2 19 18 12 70528 1
14 29 9 11 66703 1
27 29 13 18 84687 1
0 11 11 17 49747 1
4 19 9 10 50865 1
14 19 3 12 53945 1
7 25 16 23 49478 1
25 1 0 10 104861 1
15 16 27 17 38878 1
29 4 9 18 95587 1
0 25 2 13 37006 1
2 2 22 12 100810 1
24 20 14 17 46095 1
6 21 0 5 68820 1
14 25 29 22 73153 1
15 21 15 0 69148 1
13 14 26 1 73381 1
11 17 8 8 38475 1
1 1 8 21 93496 1
8 18 26 28 102634 1
1 20 22 0 115240 1
27 14 21 19 31365 1
6 13 14 1 52598 1
27 9 15 27 91327 1
16 16 8 19 39766 1
