5373 3900 5563 4210 3985 5700 5684 5250 5935 4353 5959 3771 4076 3828 6619 8908 7446 7902 6641 7828 8411 7909 7787 7433 6615 6600 7478 7989 7258
3804 7565 6090 6022 6727 6997 6442 7544 6944 7033 7345 5969 7524 7359 6820 5870 6565 6381 5851 7436 7126 5751 5511 6735 6666 6401 7797 5970 7583
7442 6694 8266 6879 8250 7364 6164 7477 5885 7909 7562 6094 7342 6704 5690 7059 6639 6867 5691 8085 6474 7990 6455 6925 6123 7702 7679 5685 6516
6028 4781 5949 5716 4300 5236 4768 4948 4347 6281 4134 4755 4459 5830 5963 3912 4932 6279 4651 5283 5281 4173 4438 5348 6055 6677 5852 6146 6527
5249 6418 4622 5783 4362 6789 5399 6172 6796 6910 7007 6044 6488 6605 6972 6163 7450 8367 8393 6936 7941 6476 7629 7149 6868 7920 6085 8621 6641
4774 6611 6153 6587 5450 4768 5084 4792 5059 6514 4775 4694 6560 6477 5266 5270 6159 5192 6298 6750 5836 5282 4816 6514 6065 6314 3368 3903 3280
5259 4239 3086 5355 4532 2964 4377 4026 2872 7683 6906 5547 5318 6711 6149 5809 6472 7392 5264 7723 5263 6709 7551 5623 6844 6617 6543 6315 7018
5071 4674 6680 6322 6847 5182 5305 6112 4496 6243 6929 5066 4929 6288 6830 6301 6890 6854 5395 7444 6948 7522 7916 5466 7645 6203 6606 7735 6186
2960 3764 3852 4039 4506 4115 3460 2904 3158 4455 4334 4294 2694 4555 4552 3797 2763 4851 4372 3912 4404 2900 2809 3950 3733 4265 6360 6074 4263
8229 7663 6807 7501 6133 8382 8232 4466 4209 5643 6247 4474 4609 5152 5416 4431 5056 5645 4740 4576 5219 5056 4391 5782 4615 6400 4355 5900 5180
4768 5213 5439 6364 7507 5381 5555 5638 7535 6716 5830 7505 6377 7458 6609 7529 7285 6809 5562 6442 5699 6985 5994 7085 5999 6794 6064 6591 6906
3339 5192 4645 3004 2791 3609 4468 3552 3029 4387 4114 3308 2316 3558 3411 3642 4346 2452 3002 2071 2719 2439 2710 2215 1975 3201 2564 3510 3949
4443 3778 6112 4998 5654 4572 5452 4492 5180 4842 5089 5168 4995 5096 5566 4279 3659 4713 3829 4018 4265 2908 3460 4089 4690 4069 3795 3915 3784
1583 2648 3457 2953 1550 1274 2220 2056 3542 3191 2087 1325 1325 2141 1905 3501 4902 4057 4342 4023 4137 4801 3486 4192 4648 3487 5432 3848 5223
1979 3927 2286 3051 2334 1934 3069 2452 2341 3792 3172 1640 1500 1414 3755 3465 2137 3363 2545 2792 3481 1991 3808 1398 6808 5400 4843 5324 6893
7315 7227 8343 8463 7113 8582 7747 7175 7826 7192 8650 8834 7814 8124 8640 7383 7914 7438 6978 6837 6995 7368 3736 3965 3194 3980 4191 4389 2388
1880 1670 2866 3376 2049 1828 2650 2019 2940 3073 1832 3234 2743 2949 2498 3275 2188 2994 1433 1867 1928 3331 2466 2764 3234 3549 1901 4089 4652
2853 3398 3031 3697 3588 4871 5419 3824 4248 5322 5204 4077 4310 5751 4177 4094 4839 4376 4909 4541 5385 3783 5747 5893 5050 3739 3552 5149 5326
4397 3310 4563 4512 3552 4565 2836 3785 4893 3920 4529 4597 5734 4891 5109 3809 4893 5578 5563 4906 5529 4992 4042 4716 5740 4317 4003 5275 5075
3317 3589 2240 3725 2783 3227 2195 2498 1358 1791 2577 3408 1509 2638 1381 3256 3486 3627 1574 2924 1480 1259 2071 2877 3027 2056 1588 4825 4244
7098 8479 6497 5896 3943 3961 3824 5851 4374 5919 5901 5182 3812 5031 4995 4123 5369 3685 5126 4891 4407 3861 3971 5184 6008 5888 4415 4917 5390
5286 6126 4772 6758 4992 5933 5998 6440 5927 5107 5899 6486 5291 5876 5764 5131 6672 3889 5507 4916 3853 5026 4933 5594 5077 5707 4219 5374 4622
2544 4699 2510 4370 2378 3022 2940 4785 2915 3144 4017 4156 6665 5342 6805 5953 6090 6623 5413 7356 5662 7765 6570 7346 6629 6317 7283 5892 6979
5327 4012 5308 5785 4620 5193 6263 5481 6238 6437 4326 4874 6427 5997 4897 4609 5224 6234 5137 5856 5252 5570 5861 4530 5404 6004 5408 5875 6050
1811 3439 3093 1894 1655 1526 3694 3466 2869 2251 1940 3994 2220 1686 2545 2248 2921 2668 1499 2489 3813 2750 3542 1429 3259 1852 3538 4256 6306
5552 6265 6589 6937 6484 6874 3244 2377 2850 2912 2948 1876 2228 3328 3288 3964 2155 3049 2194 2101 1711 2273 2862 3976 2602 1641 3502 2531 2751
7069 7954 7687 8477 4745 4940 3956 3201 4864 2688 2931 3081 4214 3000 2640 3833 3889 3900 4823 4457 4242 4077 5045 3280 3071 2714 2696 2802 5088
5441 5027 3058 4414 3289 3079 3689 3861 4789 1931 1952 2797 3209 3943 2293 3152 2671 3629 2991 2032 3422 3150 3578 1980 1782 4060 3975 3049 3771
3044 3609 2085 3076 8608 8523 7599 6669 7197 6846 7132 7627 8213 6439 7050 6681 7370 8356 7309 6580 8527 7077 7446 6712 6827 8163 7112 8668 7103
3585 5951 5034 5188 4910 3596 4387 5367 5635 3467 4394 3427 4511 5886 4350 5384 4699 6212 6330 5825 4860 5633 5210 5902 5029 4716 4900 6354 6317
5410 4635 6285 7106 3667 5226 3975 1748 8361 4972 7712 4699 4344 6617 4795 7203 3082 3777 5157 3394 6987 5742 5147 6526 4971 5128 3681 7728 5142 4366
4892 6175 5340 6638 4959 4870 5047 1533 7299 7409 6754 4964 5435 4833 4777 4885 2605 2263 5938 4736 6761 4831 4920 6430 6880 5121 4086 7839 4855 3724
4608 5141 6206 5986 3212 4968 3813 3325 6802 4894 7432 6359 5327 5895 5419 5387 1464 2380 4964 5082 5765 3573 5208 6942 4491 5201 4032 8195 5456 4482
4638 6184 6270 5656 3921 3989 2992 1782 5930 6983 5987 5269 3946 6431 3264 5235 2702 2046 4319 5175 5195 3957 5682 5801 5592 6829 4424 7001 5273 4260
4488 4275 6403 6077 3927 3427 3188 2435 3926 6320 7381 5741 5446 4658 3680 5112 3401 3515 4629 4220 4512 3500 4546 8004 5203 6132 1947 7829 5484 4320
4924 6123 5848 5427 2941 3520 5265 3199 3250 7141 7005 4529 3293 6478 5247 5421 3446 3455 5951 3249 6462 4448 6045 7436 5978 7761 2855 6814 5465 5081
3274 6224 6025 6094 3375 4348 3443 2376 2288 6339 6466 6441 8071 5145 3458 6555 1690 3632 4579 5275 5280 3645 5343 5685 6283 6801 3388 6302 6301 3090
4663 3864 4093 6656 3256 4799 3368 1994 2757 5589 8002 4814 7917 6039 3225 7055 3637 3617 5602 5331 5088 5390 4448 7570 5757 5939 3513 7231 4306 5503
5454 4892 4452 7551 3024 5486 4438 6120 4410 6531 6706 5253 7675 5463 4091 6809 2901 2397 5095 4349 6370 3848 5221 7062 4669 6445 2250 6974 5698 4042
5037 5746 6144 7792 4706 4674 5087 6811 4462 6287 7968 3725 8738 6418 4578 6440 2546 1833 5285 5214 5865 4962 6674 6640 5974 5429 2648 6742 4485 3697
3348 5489 5593 6300 4080 5177 3065 5401 2404 6481 6374 3874 7855 6977 4115 4944 2701 2801 4027 4055 4613 3770 6664 7552 6433 6275 1250 5894 4860 3020
4397 3795 4472 4412 3000 5878 4356 5287 4211 6360 8327 3282 8437 6334 3222 5323 2526 1990 3688 5821 5610 5211 4525 6651 5389 7969 1646 7223 5353 4720
3980 3912 4856 4497 4330 4683 3871 5482 3044 5752 8954 4724 8246 6770 3779 5986 1807 2080 4600 5333 4621 5655 6461 7408 4927 6288 2713 6799 4856 4578
4537 4724 4990 4357 4237 4645 5270 6088 2769 6641 7708 3466 8183 6528 4143 5794 2332 3268 3383 5096 5133 4949 6677 6264 5954 5943 1334 7254 5469 3512
5461 4388 4494 6266 3057 6655 4439 6608 2192 7235 6508 5690 8313 6591 4683 5870 2095 3399 3418 5555 6563 4414 6423 7976 4791 7296 3288 6608 6122 5453
3820 4188 5613 4271 3419 6123 3712 6841 2127 7113 8482 3941 7883 6182 3905 5464 1797 3588 5779 3292 4858 5086 4546 5679 5469 7378 1543 4765 3070 3612
2909 5593 5314 4293 3800 4337 5028 4626 2249 4979 7755 3764 6530 6635 4746 7425 3612 1433 3333 5005 6707 3615 5034 8119 5304 6462 2509 4946 3847 3323
4660 5331 5169 4586 4320 6024 4231 4742 3808 6048 7361 3435 8322 5613 3943 5058 1469 3736 3857 5287 5343 3922 4181 6521 5083 7966 2856 4344 3859 3012
2970 4919 6168 4167 3177 5763 3640 5923 2765 4923 8445 5192 8774 5429 5064 6438 2449 2387 4931 4037 6746 3241 6150 7735 3479 5688 3210 3402 4314 3377
4516 6012 4527 5574 3727 6390 4187 5753 3291 5918 7186 5669 7408 4853 4202 6860 1585 1975 4506 3633 6981 5258 5043 7300 2573 6745 2225 4907 4087 3685
7179 5600 4074 5278 3474 4233 4390 5117 2092 5991 6473 3316 8369 5261 3990 6404 2174 3093 5281 3716 4738 3465 4726 7989 3990 6709 1923 3909 3599 3259
6881 5787 6596 5416 2832 4527 8022 4662 4122 6517 8825 4715 6628 6438 5008 5980 1861 1958 4049 5597 5567 3366 4384 5375 3612 5663 1499 5074 2439 5177
7388 4339 4999 4211 4131 5854 6246 6232 3633 5701 7923 4436 6950 4606 5492 5267 1903 3798 4403 4792 4802 3918 5094 4536 1934 5488 2587 5322 3473 1904
6391 4920 5808 4919 4152 6558 8074 7013 3162 5432 6602 5310 8299 6463 5012 5679 1879 4192 4508 3397 4926 4967 6285 6420 4129 5482 1812 3046 4296 3511
5500 8016 4106 4019 3632 6156 8299 5800 2754 5753 8899 5350 7278 6484 4999 7297 3699 5295 3780 5221 6264 4837 4886 6396 4275 6307 3371 4892 3028 2702
5213 7701 5219 4304 4217 5183 5908 5249 4390 7285 8369 4901 7957 3473 4632 3554 1916 3984 4047 3760 6838 3456 5498 6415 2714 6141 1162 3413 2221 1814
5921 6756 5067 5600 3566 5813 7719 4520 2599 7930 7924 5091 7174 3524 6097 2946 1925 5635 5824 5554 5417 3431 5769 4400 3749 6828 2344 5210 4484 3904
6167 5777 5179 5448 3760 5080 8351 5338 2781 6540 7957 5528 7488 4152 4681 4024 4075 4164 4151 4784 5448 4156 5359 6052 2133 6309 1393 3343 2235 3723
6239 7627 6150 4335 2703 5202 7172 5585 2520 6585 7930 3577 8926 3990 5902 4674 4826 4444 4263 4645 6813 3910 4231 6836 2834 6868 1241 4713 2400 3234
12 9 23 20 58886 1
18 26 8 9 77148 1
22 27 25 5 72499 1
1 4 23 25 120141 1
28 11 28 23 48447 1
11 11 25 7 54167 1
0 26 15 28 51635 1
8 11 11 21 39930 1
5 14 9 3 60930 1
26 27 25 11 43106 1
17 6 2 21 90595 1
21 29 1 21 89849 1
15 15 11 28 47668 1
2 8 19 28 105777 1
16 0 28 7 62402 1
20 21 28 6 73148 1
12 8 18 2 34375 1
17 0 25 12 59709 1
2 7 11 9 32320 1
17 2 9 6 40444 1
20 13 27 26 53299 1
16 18 27 16 29654 1
26 11 8 22 77991 1
7 17 28 7 79642 1
15 4 28 22 78412 1
25 6 1 21 110595 1
23 2 4 6 82827 1
26 3 11 11 69594 1
3 28 26 29 77046 1
2 10 14 10 62734 1
8 26 29 19 71603 1
14 11 1 9 64641 1
19 2 15 25 69750 1
2 8 25 1 101393 1
1 24 26 8 123239 1
6 7 7 24 74831 1
26 16 6 21 67773 1
9 5 5 15 56651 1
9 24 25 28 53462 1
9 2 1 6 46775 1
19 20 1 10 94689 1
7 6 9 20 61692 1
3 26 17 16 62038 1
6 20 1 27 59774 1
29 12 0 23 129836 1
5 21 15 3 83434 1
7 10 3 21 72157 1
29 12 1 13 104212 1
15 18 28 6 73290 1
17 18 22 4 51787 1
24 11 3 10 86580 1
2 19 2 1 100390 1
21 27 28 18 44140 1
3 17 24 18 59184 1
16 22 15 0 58443 1
4 21 0 12 59841 1
14 12 24 13 37437 1
17 8 13 14 22948 1
25 17 17 8 39747 1
17 0 28 19 79004 1
7 6 24 1 75761 1
10 14 29 12 68238 1
27 1 11 5 74349 1
11 28 25 20 53655 1
28 28 0 18 107542 1
28 9 18 19 55483 1
9 15 23 24 57900 1
14 26 24 28 31246 1
2 17 8 29 69242 1
0 24 11 9 99155 1
2 18 29 3 115522 1
23 25 3 13 92355 1
27 22 8 10 83491 1
11 2 29 7 74700 1
29 15 14 8 59851 1
25 10 12 23 70982 1
2 3 2 17 76336 1
8 3 3 22 95558 1
22 13 29 4 52562 1
5 26 11 20 31163 1
14 28 28 20 63916 1
3 20 26 23 92769 1
18 28 6 26 37269 1
7 1 24 0 85183 1
23 16 16 9 34657 1
4 10 26 0 107959 1
26 28 7 16 73058 1
23 11 18 22 47905 1
9 2 25 1 82400 1
0 26 26 24 73537 1
27 23 9 13 76259 1
2 29 14 28 55377 1
15 22 3 4 87188 1
7 19 23 26 63612 1
19 5 0 28 118620 1
0 7 8 11 33243 1
11 11 24 12 50058 1
0 2 14 9 70079 1
27 27 7 26 49658 1
22 1 9 29 110453 1
5 15 22 28 79567 1
7 11 27 7 80306 1
25 4 7 15 79301 1
29 18 10 19 62062 1
7 19 6 3 73658 1
28 29 16 16 62080 1
27 18 14 26 53324 1
12 23 12 9 49351 1
8 26 23 18 60434 1
29 6 10 0 86474 1
5 14 16 27 64312 1
18 23 17 11 44494 1
15 15 19 28 45791 1
13 14 1 6 58132 1
12 2 9 21 63815 1
4 11 20 17 70523 1
26 3 17 6 42414 1
10 4 22 7 48710 1
26 24 12 12 67008 1
3 7 10 18 60331 1
5 13 26 10 86322 1
15 22 27 25 45976 1
14 9 26 24 66296 1
6 2 28 5 94322 1
3 3 28 15 106265 1
4 18 13 13 42559 1
23 19 1 0 124102 1
29 8 14 2 59611 1
2 20 19 3 98517 1
20 2 10 5 47800 1
3 19 1 7 65349 1
1 18 4 7 62367 1
28 18 13 10 53431 1
14 7 28 27 82000 1
27 20 11 8 68291 1
28 0 23 7 40877 1
6 22 29 29 84470 1
6 8 19 21 68166 1
22 16 6 28 75007 1
19 7 23 18 39397 1
16 3 27 12 58256 1
22 26 11 20 40005 1
8 20 26 14 62553 1
22 21 16 29 42596 1
15 21 5 19 52492 1
0 15 14 27 74049 1
24 10 10 22 64279 1
26 17 12 27 61058 1
0 10 15 7 67194 1
4 8 22 21 87431 1
0 13 9 26 76734 1
20 5 13 14 42362 1
21 23 5 6 94639 1
20 27 15 9 63851 1
17 0 26 2 49865 1
3 19 20 29 87639 1
25 3 24 23 55689 1
29 14 9 26 80348 1
19 5 24 12 35274 1
6 10 16 18 60622 1
29 12 4 3 108679 1
2 5 3 15 55689 1
0 9 17 16 79865 1
6 1 10 12 60257 1
10 1 20 22 80246 1
27 21 11 16 49285 1
12 7 17 29 72496 1
26 23 15 16 45188 1
5 5 20 3 65132 1
9 12 5 27 71257 1
8 11 18 28 76690 1
21 27 29 25 24344 1
5 6 24 8 66298 1
3 2 7 22 100148 1
22 11 16 20 41904 1
13 20 21 2 70579 1
20 11 6 12 68817 1
29 1 12 13 92363 1
20 22 15 1 66779 1
16 12 24 7 39667 1
2 27 11 13 71727 1
19 26 29 12 63364 1
19 1 17 13 41942 1
7 21 3 5 82225 1
3 22 9 13 62287 1
6 5 13 21 73624 1
2 15 28 24 91652 1
3 1 15 3 66560 1
14 11 15 29 52868 1
1 2 12 27 118641 1
16 6 6 28 86921 1
2 2 17 22 104580 1
28 18 18 13 40097 1
7 9 14 18 52633 1
10 1 27 19 88358 1
25 0 1 12 125249 1
6 27 14 17 49714 1
14 21 8 16 29131 1
18 15 10 25 48115 1
1 1 14 27 129926 1
25 23 12 13 57481 1
4 27 24 7 100037 1
24 12 29 26 43102 1
18 19 6 17 43324 1
1 19 15 12 68093 1
7 8 0 13 49680 1
14 6 24 24 67093 1
10 17 21 20 42148 1
11 17 22 9 51235 1
28 14 19 29 62106 1
4 27 28 5 122023 1
22 26 24 7 53840 1
14 5 20 12 37138 1
5 3 13 14 56010 1
0 12 16 15 66314 1
22 21 14 14 42550 1
15 4 27 10 53550 1
24 19 7 4 78757 1
21 20 29 1 86538 1
1 1 18 13 103404 1
23 27 18 17 36924 1
2 25 2 10 87484 1
2 1 6 29 143879 1
26 23 5 0 121450 1
9 17 7 7 41897 1
10 7 11 23 55546 1
28 0 17 21 86739 1
23 12 28 17 31373 1
18 19 27 29 47449 1
4 12 27 9 98254 1
0 25 18 1 124401 1
12 4 10 28 71621 1
6 8 23 11 63348 1
9 26 27 9 83597 1
2 14 14 13 49635 1
12 23 14 2 63815 1
29 1 10 11 94823 1
1 4 15 17 78716 1
26 20 0 14 91381 1
11 20 0 21 50385 1
4 6 16 17 64267 1
15 13 26 0 76417 1
20 13 26 4 49986 1
5 14 26 0 105990 1
15 23 6 25 39786 1
7 19 10 6 63626 1
29 23 3 1 142025 1
10 0 10 24 79980 1
26 29 24 17 36406 1
13 29 20 25 37101 1
16 9 14 29 62259 1
8 17 28 18 55321 1
2 27 10 10 87055 1
14 21 9 2 69483 1
0 20 8 23 49166 1
23 18 0 10 99280 1
9 9 0 29 110461 1
26 21 26 11 33350 1
21 14 2 19 71960 1
4 2 28 12 111054 1
3 5 23 0 94121 1
0 27 18 7 107739 1
1 25 24 16 89676 1
23 1 25 20 56638 1
2 21 10 25 48885 1
26 25 17 19 42311 1
3 1 15 19 95055 1
22 11 15 29 70296 1
24 14 2 12 80797 1
18 23 26 26 27857 1
18 7 16 20 40480 1
16 29 6 4 94508 1
19 0 1 17 90328 1
24 19 6 26 61328 1
3 22 4 5 89198 1
8 1 15 16 61339 1
29 10 9 3 87073 1
22 10 19 22 44259 1
16 18 1 5 81941 1
10 6 11 26 64825 1
23 1 14 18 69764 1
25 28 11 17 61333 1
4 26 16 12 65467 1
26 27 17 6 72005 1
3 18 28 1 113913 1
4 5 8 25 87095 1
27 2 0 5 111584 1
12 3 16 13 35460 1
0 21 19 10 93576 1
15 2 29 20 87667 1
7 22 29 16 76912 1
17 13 4 21 68531 1
8 17 21 20 46378 1
29 10 23 27 67253 1
18 27 1 4 112194 1
9 4 29 29 113771 1
7 16 7 27 51715 1
11 25 6 2 87368 1
1 7 15 25 88928 1
5 5 29 1 105721 1
8 11 19 21 56628 1
17 13 5 3 69483 1
10 5 4 17 68672 1
12 16 24 4 55057 1
14 4 7 16 46472 1
6 11 26 1 105750 1
8 16 7 0 66102 1
4 15 9 4 63807 1
22 3 24 25 65488 1
5 20 16 9 68946 1
6 3 0 24 126000 1
25 21 16 0 69389 1
28 15 25 1 57350 1
7 19 21 22 64099 1
13 9 2 26 72022 1
6 18 29 23 91717 1
13 15 11 29 43764 1
28 1 26 27 82777 1
21 29 9 25 46998 1
17 25 28 26 28121 1
8 27 4 11 85108 1
1 8 0 20 79247 1
18 21 5 5 79854 1
12 27 2 5 99520 1
8 1 20 21 87743 1
18 13 1 9 84549 1
1 2 17 26 117447 1
13 24 24 26 32921 1
24 16 26 25 29805 1
26 0 12 4 65606 1
4 28 29 10 117974 1
11 3 21 1 53036 1
14 18 15 29 38948 1
18 16 29 0 75173 1
13 16 29 14 46724 1
18 8 1 21 91786 1
18 0 23 21 72221 1
29 0 9 17 98255 1
9 20 22 5 77070 1
13 4 7 25 72221 1
13 14 25 8 48575 1
11 5 27 13 70886 1
3 6 29 3 103126 1
2 27 12 14 71391 1
3 0 21 9 89164 1
11 15 28 22 61436 1
2 2 15 27 118260 1
28 21 17 20 49402 1
20 1 9 26 91565 1
9 27 9 7 74480 1
24 1 13 16 61676 1
1 12 13 18 63723 1
5 3 12 14 59789 1
2 26 28 25 71885 1
24 24 25 14 30592 1
8 12 26 20 70549 1
10 27 0 28 54116 1
2 24 19 21 69887 1
2 1 21 28 134868 1
9 19 17 21 40885 1
9 2 18 22 81046 1
16 7 4 5 49200 1
6 28 23 23 66728 1
9 27 13 16 38493 1
13 1 9 22 66663 1
12 9 26 16 49998 1
1 20 15 8 79041 1
1 21 18 19 81212 1
6 4 29 18 97298 1
17 6 10 27 73356 1
1 21 29 17 101286 1
16 22 28 0 87756 1
10 6 14 27 75361 1
12 13 5 8 43059 1
16 29 7 24 41069 1
24 13 8 5 74494 1
17 11 18 0 37516 1
27 7 12 0 67535 1
26 22 9 9 82945 1
15 26 20 18 31892 1
22 10 14 14 42564 1
0 21 27 22 106313 1
29 16 14 1 75955 1
8 22 19 9 63181 1
22 28 24 17 38864 1
14 11 28 9 58467 1
10 15 10 28 46650 1
23 8 0 18 91430 1
0 29 1 10 127453 1
10 15 26 8 62972 1
8 20 22 23 69912 1
18 5 6 22 85934 1
6 27 1 6 109232 1
25 24 25 11 35005 1
8 16 29 18 57891 1
7 23 0 8 91966 1
27 11 16 4 52083 1
26 29 0 21 102005 1
22 20 15 24 42559 1
28 8 29 26 58776 1
12 27 24 12 63730 1
6 15 27 0 103738 1
0 29 18 22 79359 1
21 28 12 13 64885 1
13 4 26 23 75732 1
23 4 14 18 59707 1
27 2 10 7 76723 1
4 21 28 25 86366 1
26 25 2 8 115462 1
5 13 24 14 66216 1
5 21 11 8 68418 1
10 21 27 9 71130 1
22 20 25 7 44189 1
27 13 20 22 45723 1
13 18 23 10 50942 1
20 18 1 5 92163 1
4 10 0 26 99956 1
1 27 23 29 81971 1
1 17 27 10 83124 1
26 11 24 19 29056 1
9 23 13 2 68406 1
19 10 1 28 102409 1
20 21 27 24 34175 1
22 29 28 1 95820 1
6 21 22 24 67197 1
18 9 7 24 80620 1
0 6 20 23 100374 1
17 16 5 12 52671 1
2 26 20 10 91742 1
8 3 22 22 90281 1
21 25 24 9 52747 1
27 2 28 16 49531 1
18 8 8 27 74910 1
20 4 1 25 112622 1
20 29 8 12 79284 1
2 15 19 28 79156 1
7 0 12 23 91761 1
26 20 29 4 61187 1
6 16 28 13 62044 1
12 22 26 3 87818 1
4 16 24 16 47811 1
26 6 6 3 84719 1
18 19 2 15 59011 1
11 26 2 8 89370 1
26 13 17 17 33247 1
23 5 10 28 98438 1
9 11 16 27 59681 1
14 12 2 15 48343 1
10 24 11 1 74379 1
2 9 15 26 96663 1
13 29 25 29 42527 1
1 9 18 26 108927 1
1 15 4 2 79378 1
15 25 19 8 53082 1
4 1 11 17 82422 1
25 19 3 0 115214 1
15 4 29 8 52131 1
6 24 21 13 82809 1
28 18 0 7 99991 1
4 13 29 2 121811 1
13 14 25 20 41760 1
5 2 9 22 93698 1
9 10 22 13 67078 1
23 4 27 17 44457 1
5 14 14 9 46936 1
10 9 22 9 45095 1
24 22 7 28 62115 1
12 14 1 6 61200 1
20 9 24 23 51562 1
24 9 17 23 56070 1
20 2 25 11 46009 1
15 8 22 11 30375 1
28 19 2 6 105590 1
22 27 14 9 66199 1
9 10 24 2 71511 1
22 26 9 28 38899 1
8 12 28 0 103512 1
27 0 18 3 52876 1
3 7 7 18 59745 1
20 25 18 7 52347 1
29 2 10 8 78696 1
19 14 2 15 54271 1
4 19 27 29 95840 1
27 6 7 22 97517 1
29 13 11 28 84026 1
24 21 18 7 47260 1
19 17 8 13 41353 1
0 25 2 15 69771 1
28 14 17 1 73312 1
29 20 16 3 79188 1
28 6 22 25 79200 1
12 20 14 11 31689 1
11 12 2 1 76695 1
17 9 26 25 66738 1
2 16 14 21 45471 1
14 28 0 5 112957 1
17 5 8 0 49636 1
3 16 27 19 67344 1
26 10 5 5 83572 1
5 24 27 25 68365 1
25 10 11 20 57839 1
20 27 7 9 88159 1
12 28 13 5 64163 1
21 12 24 23 47387 1
18 10 8 11 45683 1
11 12 19 3 50472 1
8 15 4 7 40950 1
12 23 29 27 54758 1
24 20 11 18 42328 1
7 26 20 11 71002 1
22 6 15 23 64564 1
18 24 8 26 32094 1
11 12 23 6 59520 1
10 19 23 5 74430 1
27 3 24 16 45911 1
10 9 8 17 42128 1
4 3 13 29 112497 1
24 22 9 6 78968 1
15 16 29 4 66701 1
29 2 26 10 39140 1
28 12 8 14 71611 1
18 9 9 26 68861 1
15 26 16 2 64629 1
5 21 28 17 80981 1
2 13 19 24 80054 1
13 28 2 28 53027 1
28 27 7 18 83608 1
26 29 8 21 66919 1
9 18 23 11 58581 1
21 7 7 4 57229 1
18 18 1 21 76159 1
18 23 24 1 72078 1
13 1 28 7 67310 1
28 1 12 21 99173 1
13 18 20 1 64492 1
26 4 14 17 60904 1
15 25 3 25 41913 1
23 28 8 25 49029 1
14 13 25 13 42421 1
10 28 3 11 83307 1
14 17 14 6 28737 1
9 21 17 17 34734 1
28 27 4 8 110873 1
28 8 2 7 81280 1
9 28 25 16 70734 1
1 23 13 25 58041 1
27 2 13 10 68159 1
27 4 2 21 119145 1
6 11 24 23 85148 1
17 0 22 21 73167 1
14 14 20 25 45249 1
10 7 14 0 34849 1
2 4 16 17 74301 1
0 8 8 27 102704 1
7 13 27 0 110464 1
27 21 11 6 76472 1
6 7 12 20 62042 1
29 3 17 23 91866 1
18 27 9 13 65925 1
17 10 16 19 30282 1
24 5 17 1 37594 1
2 15 16 8 61985 1
25 9 0 15 89209 1
6 16 10 0 66291 1
8 8 23 4 59308 1
7 17 10 29 46475 1
12 23 20 6 68363 1
29 27 20 2 87818 1
22 18 2 10 92816 1
5 25 21 3 108278 1
29 4 0 4 106602 1
2 11 22 26 101145 1
4 23 13 11 71388 1
6 16 0 8 59025 1
10 2 15 13 49477 1
4 21 14 1 86881 1
7 0 27 23 115317 1
19 13 27 28 55470 1
26 25 5 8 98804 1
3 22 7 5 91448 1
26 26 12 26 32032 1
1 17 8 23 44156 1
6 3 23 20 94902 1
3 5 22 4 72903 1
7 8 14 19 50682 1
11 11 28 27 79307 1
29 12 25 2 50381 1
19 16 25 11 26469 1
4 3 2 17 75949 1
5 17 11 3 61642 1
11 22 19 12 42364 1
27 18 19 2 57828 1
11 23 3 27 35518 1
8 24 19 22 43276 1
0 13 29 3 128575 1
21 3 4 29 116835 1
10 15 20 9 49151 1
3 24 17 28 55368 1
7 5 21 24 90805 1
14 11 27 16 40138 1
18 21 1 23 83600 1
16 11 6 17 42346 1
24 12 10 24 63039 1
29 14 8 12 74803 1
5 23 29 5 124822 1
14 9 25 11 43246 1
2 0 8 24 117544 1
17 9 16 23 40790 1
8 24 14 7 64177 1
24 6 13 7 41426 1
4 0 17 2 61432 1
12 17 6 0 72377 1
12 2 16 14 42225 1
18 25 18 2 68767 1
10 26 6 18 45424 1
7 4 9 21 74230 1
16 4 24 7 36488 1
25 13 22 0 46138 1
26 11 21 3 43146 1
12 20 28 0 97952 1
26 28 5 23 73973 1
19 20 8 25 42282 1
29 15 3 6 99552 1
24 9 0 15 83456 1
4 1 24 15 100370 1
11 22 1 10 80592 1
2 16 11 6 60273 1
18 4 5 15 69295 1
16 9 2 14 66871 1
7 15 29 9 85475 1
27 3 3 5 97003 1
28 20 24 4 54405 1
28 16 19 24 40315 1
23 18 15 12 45859 1
17 6 21 20 51434 1
23 5 19 15 40768 1
24 16 17 1 55646 1
14 12 20 25 48163 1
11 28 27 0 115921 1
6 4 17 21 72137 1
12 13 18 28 59955 1
15 21 14 7 42263 1
24 22 24 6 43053 1
16 8 3 13 65188 1
8 27 6 9 84075 1
24 12 14 21 43841 1
4 23 17 2 106370 1
15 19 21 10 44513 1
16 8 4 27 80281 1
29 14 23 24 47338 1
6 18 8 2 72119 1
27 13 2 26 96117 1
0 28 11 21 61842 1
21 4 22 13 36854 1
3 27 6 1 122935 1
9 4 20 23 78079 1
2 23 22 16 85834 1
14 17 8 11 35524 1
12 21 23 9 67450 1
29 28 5 18 93392 1
22 12 20 27 60184 1
17 23 24 5 67625 1
17 13 25 24 51362 1
20 27 20 10 52831 1
9 14 21 7 57038 1
14 23 24 18 46530 1
17 5 16 19 39993 1
0 0 2 9 51058 1
26 7 12 5 52788 1
14 27 20 8 63839 1
12 16 19 1 53736 1
17 5 21 13 38192 1
28 6 3 15 99822 1
10 5 14 24 63813 1
0 7 20 9 63013 1
9 17 19 16 25531 1
25 28 1 29 81790 1
14 9 27 27 74167 1
20 10 8 28 84017 1
20 15 1 11 83061 1
1 25 19 0 121766 1
24 0 1 15 100783 1
0 13 25 25 102517 1
1 11 23 9 96798 1
25 13 17 3 53765 1
11 17 17 13 28724 1
8 23 24 7 82051 1
22 7 23 23 57435 1
24 20 2 29 85307 1
21 4 16 19 49967 1
14 5 20 9 27872 1
6 12 22 24 81497 1
17 4 0 28 117993 1
3 24 1 15 50324 1
2 11 10 9 54178 1
6 20 10 2 84679 1
29 0 13 22 107132 1
29 26 3 25 67608 1
11 2 10 20 60690 1
28 26 1 22 92336 1
2 22 9 7 90618 1
19 27 19 5 51807 1
1 25 26 13 104764 1
28 28 5 29 71736 1
4 28 29 14 105109 1
10 13 25 7 66768 1
9 4 4 20 85961 1
9 10 17 5 41895 1
1 19 27 26 98977 1
18 1 24 9 44345 1
18 0 17 15 51601 1
14 25 1 27 49283 1
17 27 9 4 80272 1
25 16 15 22 38918 1
17 21 7 3 75084 1
12 11 29 7 66165 1
19 14 25 4 43554 1
27 18 1 17 72078 1
20 15 9 21 45581 1
28 3 15 17 71053 1
25 25 6 14 77291 1
15 29 1 20 80224 1
4 28 0 13 95770 1
24 8 3 21 93816 1
25 23 19 5 55284 1
20 5 25 20 53359 1
21 17 12 27 47211 1
11 13 13 24 42881 1
10 13 28 18 63068 1
16 0 14 22 60045 1
28 2 10 21 94743 1
26 0 14 4 57039 1
21 26 11 29 33270 1
29 1 2 21 139302 1
4 23 24 27 72471 1
7 1 1 23 122531 1
25 10 2 8 84210 1
5 8 12 12 39551 1
11 4 12 14 31820 1
14 21 12 29 34946 1
17 24 0 5 100727 1
9 18 29 15 59968 1
7 0 29 3 100112 1
20 14 11 15 30568 1
7 18 18 15 39741 1
11 18 18 24 43624 1
27 24 8 12 81718 1
15 29 6 4 95314 1
16 3 25 14 55940 1
2 23 29 26 85079 1
15 28 15 2 77759 1
19 25 0 21 80046 1
19 11 8 18 44971 1
16 2 9 26 75031 1
9 8 21 27 78368 1
16 1 15 25 66636 1
17 16 18 2 44672 1
17 12 13 19 35028 1
14 16 22 29 57309 1
9 1 13 29 102075 1
8 8 27 19 77535 1
7 26 29 18 77092 1
14 0 25 9 56077 1
18 26 20 15 33299 1
7 11 1 18 54758 1
4 16 20 8 59618 1
27 14 4 8 85910 1
7 2 15 14 59535 1
4 15 27 7 87331 1
5 22 14 12 61169 1
22 0 21 27 85525 1
4 9 16 13 58458 1
8 6 28 7 76047 1
6 23 20 5 93444 1
22 3 9 3 60030 1
3 12 28 24 103293 1
16 12 14 27 46893 1
12 3 26 8 53904 1
25 24 5 18 77246 1
20 3 11 26 81400 1
26 7 15 14 56143 1
13 28 29 20 68419 1
15 4 23 13 52588 1
9 16 28 22 63041 1
22 24 22 0 77497 1
28 20 6 8 90060 1
21 26 28 13 51214 1
27 0 11 23 102657 1
11 0 21 18 70060 1
7 11 19 9 51760 1
9 20 4 25 46347 1
7 9 18 26 82144 1
7 21 18 13 60471 1
11 10 19 12 39715 1
4 19 14 10 57736 1
20 16 6 11 57649 1
28 14 21 10 45435 1
13 20 22 29 60672 1
28 1 0 16 111703 1
15 6 19 27 61090 1
3 29 29 6 132468 1
2 5 0 14 49981 1
27 6 7 0 94123 1
2 5 16 6 59917 1
25 24 18 4 65220 1
5 19 2 7 69937 1
17 12 13 0 40515 1
7 27 22 13 82926 1
3 26 27 13 92085 1
0 15 24 14 71365 1
18 28 17 11 55465 1
6 19 18 22 60986 1
26 10 20 19 46621 1
13 22 28 13 64890 1
7 26 8 6 79675 1
28 14 21 23 52209 1
1 11 7 24 86836 1
19 27 29 1 97037 1
27 19 22 13 34379 1
8 13 11 5 41498 1
19 19 1 14 65285 1
23 9 14 0 52294 1
19 13 3 16 48386 1
6 9 20 29 96670 1
14 13 27 1 76129 1
15 14 14 4 28331 1
22 19 11 10 56432 1
23 18 26 9 37684 1
18 11 25 20 39984 1
20 8 8 28 83271 1
5 0 18 18 89913 1
16 7 29 1 67712 1
19 19 28 9 51446 1
5 4 4 19 83104 1
25 27 1 11 117381 1
29 3 5 29 132017 1
16 14 10 6 39427 1
7 18 22 27 72297 1
16 29 5 27 40438 1
16 24 18 8 47184 1
17 2 15 17 47394 1
10 24 5 16 42608 1
5 20 14 21 47714 1
1 0 27 25 145882 1
18 1 28 21 78448 1
5 27 0 9 106397 1
5 23 8 15 47651 1
8 19 3 29 54860 1
7 12 20 18 56900 1
0 28 3 13 95849 1
28 11 12 19 65313 1
19 13 19 3 25071 1
12 16 6 23 47437 1
15 18 9 23 41060 1
5 26 0 16 66639 1
15 20 21 28 42595 1
15 2 2 28 109813 1
22 5 3 12 92361 1
25 4 6 29 115983 1
17 20 15 9 41906 1
18 1 1 15 90783 1
11 18 19 6 45960 1
25 26 3 15 81549 1
24 12 18 25 46114 1
18 8 23 28 64581 1
24 10 29 1 47033 1
18 10 0 13 85390 1
19 19 7 2 78410 1
12 5 5 19 65931 1
8 20 2 13 51691 1
0 6 11 14 58968 1
23 10 7 17 62182 1
13 11 28 17 47728 1
3 17 15 14 44674 1
18 27 0 2 125332 1
28 4 27 20 53067 1
28 26 21 7 69157 1
15 21 11 29 39535 1
15 21 7 11 56933 1
10 25 11 1 76196 1
16 11 5 9 46818 1
25 13 8 0 87735 1
21 11 9 28 78810 1
0 21 21 15 87697 1
20 16 16 3 40247 1
0 5 28 22 123689 1
15 0 24 11 54340 1
5 7 25 19 82274 1
6 23 2 1 121686 1
0 8 11 29 100986 1
9 13 7 3 48961 1
3 13 17 8 67437 1
29 22 10 3 100443 1
2 6 15 10 57212 1
14 23 28 8 73218 1
28 3 10 16 78535 1
29 10 8 8 74887 1
14 17 23 20 37464 1
4 9 1 24 93706 1
20 8 16 24 47710 1
13 21 1 29 66430 1
15 1 9 5 37861 1
28 24 3 16 83129 1
29 28 7 17 81113 1
15 9 15 25 54351 1
22 21 3 24 77485 1
15 1 20 22 66779 1
28 22 3 0 134422 1
19 19 8 22 52806 1
19 1 19 24 57473 1
3 7 26 13 84472 1
13 21 27 7 73448 1
20 0 15 7 38215 1
9 26 1 18 61002 1
29 10 7 7 79785 1
10 21 4 8 67868 1
26 11 15 19 48807 1
8 16 28 16 47252 1
17 20 9 12 50601 1
0 19 15 8 74999 1
14 9 14 19 26783 1
21 6 9 7 47767 1
5 3 21 17 82452 1
10 5 13 26 74565 1
29 16 19 28 56637 1
7 16 9 27 44468 1
27 16 24 26 31776 1
11 0 0 21 110501 1
27 11 11 0 76743 1
29 27 1 22 98477 1
3 27 9 13 75503 1
15 12 12 3 36577 1
18 17 5 4 68410 1
21 23 24 7 58819 1
21 19 13 4 54635 1
0 5 0 26 127535 1
19 12 0 22 92747 1
7 7 15 21 63510 1
5 6 27 2 94918 1
28 10 19 22 56595 1
23 12 2 24 109378 1
11 19 23 13 48695 1
17 5 6 0 57573 1
28 11 11 0 82271 1
27 20 28 0 64881 1
15 28 24 0 91749 1
0 26 28 27 77414 1
12 14 24 18 37930 1
1 7 5 15 51822 1
22 19 8 5 82142 1
8 27 28 24 56505 1
11 13 7 1 58903 1
24 23 20 16 27499 1
1 1 14 0 62044 1
12 17 10 27 32088 1
29 18 21 12 49959 1
8 0 20 28 106337 1
26 28 29 12 57106 1
6 23 5 1 109055 1
22 23 3 8 102608 1
29 4 9 11 84854 1
24 10 15 12 48894 1
7 16 25 13 52237 1
1 13 13 15 54976 1
26 21 15 5 67127 1
7 14 29 27 85375 1
22 28 5 4 107872 1
8 25 24 8 83048 1
10 11 0 27 88791 1
27 8 23 0 36712 1
29 3 11 27 108126 1
4 24 26 22 80427 1
10 6 6 19 68901 1
12 6 5 21 70927 1
6 20 19 15 54687 1
15 7 24 19 52090 1
17 20 11 8 47685 1
12 11 14 25 45576 1
27 17 10 29 75689 1
4 25 22 7 101459 1
1 1 29 20 144719 1
26 26 1 27 71868 1
22 6 1 14 93018 1
26 15 11 3 69055 1
13 8 26 5 51433 1
3 23 15 0 106587 1
27 4 3 13 107727 1
19 12 24 23 37868 1
20 8 2 26 90996 1
15 23 7 14 52165 1
12 20 0 14 59359 1
19 25 13 13 42354 1
11 7 23 28 86204 1
16 24 21 6 57689 1
27 21 2 2 125500 1
11 14 13 24 39323 1
9 0 4 25 109531 1
11 6 15 28 72558 1
28 24 24 14 37409 1
3 1 22 24 121078 1
