3837 5769 4874 3569 3951 5117 3767 3722 3125 3004 1971 1555 2616 3514 1668 2051 3486 3061 1507 2369 3411 1454 1551 2045 3216 1814 2101 2183 3032
4109 4938 5592 5072 5824 6047 5571 5136 4554 4880 6382 4756 5662 6127 4857 5538 4984 4271 5460 6413 5080 4136 4848 6195 6314 4984 4668 4775 4340
3068 2901 4034 3265 2837 3482 4116 2266 4211 3701 2953 4080 3784 2766 3895 4228 3196 3432 1916 2973 3800 3420 2391 3913 2131 2425 2217 2412 2257
6853 6316 6737 6848 5607 7105 6616 7023 6133 7849 7773 7429 5565 6419 6624 6520 6635 5498 7446 7016 7691 6582 6122 6174 7533 6330 6157 1285 3471
8169 6989 7734 6611 8176 4624 4413 5835 4881 5792 5452 4953 5156 4704 5584 4676 5935 4080 5248 4874 4650 5060 5511 5231 5022 6012 4906 4680 5579
5083 6260 5400 6415 6069 6324 5452 6332 5872 6762 6539 6527 6786 7088 6328 5366 6891 5302 6716 6325 5588 6500 5944 6387 5180 7319 6616 5247 6468
3605 4526 3725 3723 3573 3965 5159 2718 3657 4354 5038 4416 3187 3536 3042 4373 2927 4482 2680 4871 2921 4267 3918 2713 3272 3723 3203 4238 3238
6598 8753 8484 6808 7321 8955 8330 6826 8578 6711 6972 6789 7061 6622 8873 7269 8105 6966 7724 6573 6789 7927 8938 6791 6847 7068 8557 8609 2571
5375 5498 3459 3684 3635 5474 4435 4465 4429 3769 3614 3375 4235 3450 2215 2753 2149 2680 3688 2849 2242 3679 2939 3511 2997 4565 2902 3500 3523
3881 4994 4971 4770 3984 4533 5457 4957 5967 4948 5242 4715 5429 6055 5205 6035 4620 4233 3890 3845 4742 5933 4956 4971 4099 4299 5636 5396 5779
8039 8388 6225 7491 6752 6557 6173 8131 8454 7690 6262 6591 8239 6101 8174 6885 7443 6890 7365 6867 7792 6377 6523 6173 4242 2956 3472 3393 3270
5082 3935 6124 4043 4221 4016 5004 3765 5376 5493 5257 5748 6131 4510 4144 5309 6118 5471 4203 4716 4535 6081 5024 5409 4370 6078 6144 5242 5973
5628 4212 4324 5652 5722 4512 4735 3735 4371 5692 4204 3840 5955 5733 5508 4275 3904 5413 3675 4161 4983 5284 4565 1882 2889 2413 3668 2846 3495
5606 5772 3863 3930 5361 4231 5867 4167 4692 5848 4936 5587 4454 5429 3498 4485 5808 5432 3837 5765 5428 5025 4279 4337 5674 5520 5696 6081 4923
6176 6135 6559 8386 7555 7317 6971 7065 6218 7008 8096 7996 6878 3154 4373 4327 4726 4328 3696 5263 5122 3855 4977 3470 3783 3033 4437 3200 2935
7684 6931 7217 4515 4762 3272 4876 3149 4663 4407 3306 5001 4030 4304 4817 4085 4397 3868 2792 3409 3975 3724 5101 3643 4157 2891 4081 5018 4848
7043 6287 6136 7420 7130 5435 5989 7422 6139 7261 7740 7587 7550 6210 6725 4853 3782 4970 3786 3610 4456 4454 4395 3551 4835 5384 3438 5015 3479
5579 4658 5328 4528 5735 4929 4939 6604 7059 6912 8158 6716 6938 6647 6378 8128 6686 6515 8183 8391 7760 7354 6560 8043 7391 7533 6058 7257 8076
2751 2339 1377 3384 1417 2908 3759 7750 7826 8360 7162 6761 7566 8095 7292 7163 7774 7194 6578 7394 7012 8253 7605 7860 7877 6514 6594 7463 6193
4831 6858 6803 6071 4782 5476 6466 5859 5098 6217 5915 5136 5304 5854 5373 6897 6692 6079 6532 5387 5161 5547 5643 5284 2570 1430 2637 1504 3358
5526 4024 4416 5198 3331 3785 5153 3876 4474 7386 6825 6237 7688 7955 7579 6733 6533 6442 7979 7756 7369 7787 7272 7445 7537 6300 7072 5983 6342
2026 2534 3773 2911 1805 3710 3039 2392 3960 2488 3668 2827 3348 2498 2456 2530 1604 2661 3815 5957 6972 7053 5062 7033 5184 6657 6461 5753 5090
2385 4269 3544 2951 3862 3956 3723 2982 4007 3909 3542 2278 2626 3419 3884 2645 2881 4344 2181 2691 2817 2916 3791 3380 3552 2051 3353 3472 2616
4304 2987 2506 3785 2256 2055 3499 5801 7866 7001 6369 5999 6852 5877 7702 6447 7684 6348 5714 5842 7547 7191 6207 7614 7310 7093 5964 6650 7114
5560 5033 4885 5341 5773 5920 5868 6319 5513 4509 5625 6921 4677 4998 5719 4839 4864 6591 5931 4460 6143 5545 4559 5435 5306 4604 6652 1791 3138
7747 8240 8533 7879 7561 7980 7505 6195 6492 7447 6257 8163 3216 4631 4649 2751 4168 3389 3343 3588 2448 3849 4529 2882 3870 4421 2560 2548 3196
4619 5246 6221 6454 6390 6643 4639 4556 4356 4752 5172 5655 4968 5482 6589 6004 4954 4627 6448 7026 6950 5621 5808 5954 5770 5044 5241 5653 5939
4397 4559 5097 5037 3925 5200 3289 5278 4391 5276 3840 4230 4966 3443 3685 3916 4742 3544 3050 4996 4871 5358 4661 5271 4870 1728 3330 3182 2488
3270 2465 4310 2063 2021 2613 2672 2998 3830 3798 3812 2355 2836 3987 3368 4008 3058 3319 2753 2971 2808 1969 2491 2402 2030 3115 3532 3374 2490
3196 3633 3604 2823 3685 2144 3181 2837 3024 2130 6192 4814 6170 5861 6330 4475 5864 4279 5385 5238 5470 4649 6030 4460 6005 4713 5663 6284 4314
3996 4005 3102 3626 4781 5703 8527 3919 5000 4393 5851 4071 7183 1654 5894 5206 6446 2316 3448 4788 5366 5697 1985 6501 5108 2584 6875 8007 2846 3545
4808 4212 3067 2580 5136 6093 8044 3286 5223 3415 7431 3694 6737 2435 5233 6497 5944 4711 3606 3696 4035 5342 1988 6890 4250 3730 7591 6724 4036 1658
3856 2302 3473 2557 4859 5561 7311 1636 5119 4771 7613 5849 8198 2872 5303 5630 5436 4667 2507 4479 5076 4817 3179 5500 4372 3397 5462 6894 3973 2694
3365 2234 3220 2972 4441 6814 7186 1583 4102 2104 6720 5293 6734 5982 4410 4689 4785 2506 3385 4038 5974 4291 4114 6502 4449 3456 7473 6643 2722 3368
4018 2406 3584 3126 6039 7713 7402 3768 4443 1751 7484 4600 7204 7297 3790 5430 4802 3447 4379 2812 5953 4082 4399 6623 4307 4793 6337 6916 4589 2631
4855 4319 3385 3767 6120 7535 8230 2453 3224 2410 6023 4369 6825 7336 4879 6202 5894 4656 2949 2827 5094 3727 4571 2739 2628 2816 5750 8070 2371 6815
3851 2198 2690 2401 5949 6845 8108 3381 3503 1604 7154 4673 8089 6280 4854 4938 6050 3531 3043 5125 5064 6013 4998 2922 4369 4441 4149 8332 3181 5946
2962 4588 3550 3901 2995 7294 7292 1639 4354 2604 6675 4423 3323 5993 5033 6732 5737 3746 4323 4973 4995 7431 5778 2888 3436 4520 3790 6459 4322 7991
3257 2287 3363 3013 1954 6705 8523 3521 3681 2652 6388 5820 3274 7851 6180 4494 4377 2523 3007 1439 4795 6245 5294 3276 4145 4364 4629 7720 3908 7993
3212 3645 1793 3781 3081 6896 6215 2771 4655 2384 6695 5233 3453 6989 5709 4284 5180 2613 1572 3779 4977 8241 4475 4215 2729 4015 3970 6364 3544 7905
2733 2277 2142 3569 1429 8075 6935 2268 3620 2941 7710 6411 1949 6494 6070 2919 5900 4022 2041 3337 5293 6615 5373 2280 3948 3864 4405 8427 2841 7246
2443 4241 2121 2529 3414 8579 6441 3376 2793 1248 6577 4999 2860 7197 4829 4083 5337 4305 1768 2767 3580 7822 6787 2777 4358 3213 5972 6659 4271 7783
3584 2215 2104 2999 2265 8577 6649 3760 2413 2081 6240 4745 2148 6343 5056 3436 5447 2519 3908 3022 3665 7403 6549 2338 3683 2326 3617 6965 3570 7462
3306 3656 2514 1908 1690 8532 7999 1891 4096 3151 5691 6103 3925 7322 5048 2764 5275 3867 1679 2702 5885 7621 4733 3872 2233 2931 3595 8152 2195 6499
2720 2251 3445 3760 2947 7100 6367 1630 4719 3390 7488 4768 2839 7076 5803 2685 5327 4687 2166 3474 5587 6504 5319 2650 2302 1574 5934 4773 3139 7311
2668 2540 3162 1734 1982 6202 6782 2116 2788 3060 7078 5470 3912 7326 5160 2909 5448 4278 3698 2159 7814 7412 4488 3486 4167 1687 3982 5410 3777 7578
2732 6651 3148 3745 1295 8135 6519 2546 4079 1384 6264 3938 3393 6976 4838 3739 4139 3803 3242 3740 7889 6170 5855 2291 4125 2448 5625 3895 3806 7836
4331 7361 1749 3605 1654 6881 7118 2839 4619 3334 7227 5931 3323 6908 5768 4246 5463 4653 2958 2425 7208 6252 4770 3812 4293 2275 5548 5517 2535 7836
3370 7894 2709 2738 3213 6196 6141 2873 4419 1376 7628 4467 2917 7534 5218 2715 3996 4707 3709 3238 6281 7157 5557 3586 4304 2476 4205 3642 4274 8258
2738 5555 3733 3188 2465 8025 6774 3498 2656 2162 5662 5680 2815 7566 5214 4762 5902 2859 2309 3256 5523 7445 4783 2172 3475 3880 3925 3709 2852 6948
2998 5929 3772 3185 2563 8277 8249 1478 3570 2641 5747 4061 2151 8124 6457 3162 5928 2849 1477 1810 7894 7069 4364 3892 3895 3708 5466 5739 3045 6337
4874 7901 1761 2643 2997 7594 8310 2392 2869 1457 6203 6360 2381 6895 4850 4793 5038 2776 1932 2146 7493 7580 4360 2864 3707 2951 4846 4832 3744 6659
2983 6667 2694 3221 1690 6496 6943 2607 3775 1255 7534 4691 2632 7338 4957 2596 5954 4854 2013 3798 6346 8046 4620 2576 3666 3378 4914 4971 2304 8016
4142 7787 2065 3152 1666 6839 6573 1770 4713 2782 6967 5612 2513 6824 6290 3998 4292 3733 2646 1480 6219 7826 5894 3669 2886 2952 4355 4300 2569 7297
3552 6963 3104 3801 2567 7420 7278 2219 4465 2227 5866 5057 1832 7438 5492 4424 5623 3909 2870 1748 6327 7433 5748 3306 4647 2753 4047 4555 6587 8207
3928 6682 6632 7146 2205 6386 7528 1554 2448 2724 7079 5207 1912 7743 5354 4632 6144 3280 1902 3686 6268 6796 5250 1946 2764 2781 3940 4607 5965 5914
6680 5539 7539 7902 2326 8447 5954 2684 3184 2761 6329 6395 1920 6781 5436 3098 5250 3213 2857 2016 6908 6813 6448 2252 2680 2350 3752 5464 6067 6268
5190 7047 5575 8135 2432 7609 5685 3633 2628 1817 7115 5586 2194 6989 5381 4330 4871 4832 1809 3049 6303 6593 4986 3366 2255 3319 3560 5185 7991 6255
6698 7390 6695 6957 3019 8208 6529 2392 2911 3329 7110 5495 1500 6799 6979 3702 4339 3055 3029 1936 7570 6465 6009 3559 3116 3479 4306 5835 7159 7998
22 3 27 27 86313 1
25 7 2 2 72880 1
29 13 17 24 75841 1
19 23 22 12 42734 1
20 9 27 13 29602 1
20 9 11 8 26562 1
8 21 24 2 92246 1
21 15 16 29 59570 1
16 19 11 28 45197 1
7 15 0 19 38501 1
24 4 15 9 34486 1
29 1 3 14 111858 1
16 27 2 7 98121 1
23 23 29 1 85220 1
10 25 18 21 45252 1
1 25 15 14 77326 1
15 27 5 13 77075 1
26 26 7 14 88494 1
1 9 26 25 109629 1
7 13 19 8 53085 1
16 16 20 6 53745 1
18 0 20 27 95451 1
10 17 4 7 47500 1
25 0 7 15 99333 1
22 5 19 15 41334 1
8 11 8 1 42462 1
2 14 24 5 87778 1
25 0 19 14 65246 1
24 2 8 28 116339 1
14 21 16 10 57133 1
7 17 23 15 53519 1
23 27 8 25 52087 1
27 13 8 9 58765 1
19 19 18 7 47162 1
8 14 17 6 51730 1
12 28 7 4 95316 1
7 17 25 0 101249 1
28 6 23 18 52125 1
27 6 2 4 75977 1
24 29 8 29 59035 1
5 26 22 28 63250 1
16 2 26 16 71497 1
7 11 1 24 66519 1
19 0 29 1 44517 1
24 20 11 4 75463 1
12 21 18 12 55977 1
24 25 0 22 79869 1
1 19 11 23 49410 1
10 10 2 27 82738 1
20 17 11 29 73508 1
10 23 23 0 106291 1
26 20 7 28 86957 1
29 27 19 4 89949 1
2 18 10 16 34972 1
29 5 19 16 61183 1
8 26 25 8 96931 1
23 4 6 18 83843 1
22 9 4 9 41630 1
2 9 12 27 82281 1
26 15 14 15 44661 1
28 17 10 18 48303 1
13 12 7 3 53563 1
9 28 9 9 67672 1
11 3 7 14 56421 1
3 1 21 24 118327 1
14 15 6 10 47338 1
27 3 15 25 98740 1
7 23 13 17 33239 1
7 4 19 27 106173 1
16 5 6 29 107060 1
23 9 22 21 36413 1
8 2 23 18 79164 1
10 23 2 3 84851 1
11 7 18 29 105587 1
13 7 4 17 61105 1
15 17 27 8 62165 1
28 17 2 23 87968 1
16 26 23 10 76509 1
4 19 28 14 79001 1
0 0 22 6 81777 1
11 27 23 11 86014 1
15 8 0 9 45562 1
6 27 19 14 80225 1
8 18 1 13 40538 1
23 21 17 16 41321 1
1 2 4 24 81992 1
3 17 15 16 44972 1
9 18 15 7 54933 1
5 28 2 6 80581 1
29 19 0 21 89179 1
0 6 17 19 84067 1
4 23 0 6 59058 1
6 29 9 8 77944 1
21 4 0 0 70962 1
12 9 9 26 68033 1
29 10 24 0 46609 1
17 27 27 3 103080 1
16 18 5 2 82192 1
15 9 14 28 77260 1
11 16 11 3 63017 1
2 19 7 13 39776 1
20 20 23 8 46700 1
22 28 9 9 85368 1
29 29 16 21 69522 1
16 18 18 5 58643 1
2 29 28 26 92599 1
7 24 24 16 72558 1
13 6 27 14 61494 1
16 1 28 29 108274 1
23 24 18 5 68322 1
17 26 28 18 56458 1
5 17 9 11 34724 1
8 22 23 29 60605 1
13 22 29 21 60944 1
20 19 4 22 63854 1
0 16 16 1 89871 1
24 4 28 29 84140 1
16 7 2 0 59496 1
7 2 11 29 110030 1
0 23 20 3 104851 1
15 18 23 26 47618 1
5 9 29 3 73421 1
18 19 0 23 65189 1
27 15 6 19 70002 1
9 6 22 5 43374 1
21 3 9 20 80159 1
9 22 20 11 70922 1
10 15 21 12 45722 1
26 1 7 18 104138 1
5 23 3 0 94887 1
27 11 17 17 44924 1
4 2 5 25 94200 1
19 19 0 11 76086 1
12 14 13 4 50764 1
4 18 28 10 84876 1
27 5 0 3 75942 1
19 26 7 26 39569 1
9 4 0 22 75677 1
12 6 15 22 71943 1
23 12 20 20 33491 1
27 27 2 20 96058 1
25 19 6 11 74626 1
26 20 26 0 82554 1
7 24 17 17 49068 1
3 3 7 13 55347 1
13 0 12 28 120916 1
26 29 2 14 119552 1
23 28 3 9 100797 1
15 10 25 21 59090 1
24 19 17 4 57410 1
20 19 3 18 51830 1
3 1 4 20 76756 1
5 3 19 8 52280 1
7 6 18 23 91213 1
23 27 29 4 89272 1
21 16 25 29 49295 1
3 29 11 17 62234 1
28 21 18 19 32006 1
17 26 6 24 44341 1
8 23 16 3 86482 1
22 0 11 9 53832 1
22 0 0 5 80079 1
15 2 29 2 46390 1
4 3 18 7 46674 1
13 20 1 6 77009 1
8 27 18 24 42652 1
24 20 24 10 46733 1
22 11 3 22 87673 1
8 19 5 2 66041 1
7 17 17 12 46301 1
12 21 24 9 66815 1
7 2 10 20 75320 1
22 21 18 8 47706 1
11 8 18 27 94102 1
28 11 15 0 64500 1
22 4 24 19 51374 1
9 13 8 27 50470 1
10 16 2 11 53424 1
28 16 10 11 68406 1
24 18 2 7 82498 1
26 7 10 29 108812 1
21 2 10 21 92400 1
3 17 12 23 48511 1
17 14 2 28 88859 1
2 18 18 22 64823 1
18 27 5 17 70755 1
8 9 15 6 28562 1
25 0 8 23 111784 1
21 6 28 10 28212 1
10 13 5 8 36813 1
19 10 26 7 27616 1
10 0 2 27 110831 1
27 16 20 0 67153 1
6 26 16 12 72757 1
17 27 1 27 66124 1
28 22 23 13 48300 1
8 4 13 22 81020 1
24 17 6 4 85722 1
5 10 18 16 73257 1
25 15 15 17 41030 1
2 9 25 27 110414 1
26 21 15 7 69753 1
11 2 23 9 46583 1
8 23 1 19 39639 1
21 10 7 13 55278 1
15 9 20 18 39514 1
21 14 5 29 88614 1
19 5 19 28 86031 1
3 18 21 15 58408 1
26 15 18 2 62337 1
17 24 17 10 76692 1
1 14 23 27 107739 1
27 13 29 3 37101 1
23 10 0 15 78897 1
7 21 16 27 48510 1
3 12 3 26 54385 1
22 29 5 4 117892 1
28 7 14 17 69818 1
10 22 3 4 85784 1
22 14 28 27 51922 1
17 26 5 29 57665 1
22 4 12 21 79224 1
17 13 7 10 48355 1
16 24 1 26 60946 1
28 5 11 4 41392 1
15 22 6 8 66146 1
21 15 4 9 57458 1
4 5 26 0 87421 1
6 13 3 20 37527 1
21 28 19 2 89055 1
29 1 0 21 127305 1
8 1 4 22 93588 1
9 2 0 27 94956 1
25 28 11 16 80264 1
21 28 26 15 56417 1
15 28 18 13 77422 1
13 1 19 27 106675 1
12 5 9 20 63790 1
24 6 18 29 91919 1
18 7 4 24 90282 1
28 12 0 9 79045 1
5 5 16 29 110855 1
29 9 15 20 65481 1
13 14 26 1 85519 1
3 8 29 13 80269 1
6 20 20 10 75790 1
4 24 27 8 104700 1
27 2 28 22 67124 1
8 13 14 28 60655 1
22 26 2 10 100140 1
5 9 16 16 57652 1
14 17 5 14 41732 1
15 9 13 19 45897 1
24 14 21 5 39107 1
18 6 26 18 53403 1
3 3 16 4 38613 1
2 6 20 19 85648 1
15 21 20 11 49009 1
0 23 17 22 65260 1
21 9 5 2 60764 1
14 13 5 27 75705 1
27 15 21 9 34089 1
3 21 29 21 94060 1
28 7 9 7 47905 1
19 15 29 16 41464 1
3 0 19 28 129826 1
29 27 11 25 58338 1
4 25 20 13 86842 1
5 20 29 8 98188 1
14 4 22 11 39071 1
24 14 3 9 68283 1
25 16 21 6 42801 1
11 8 26 6 43425 1
10 0 22 10 60987 1
24 28 17 13 70250 1
22 29 1 15 103373 1
5 26 18 14 81976 1
23 16 11 4 67246 1
24 18 0 28 89416 1
6 18 13 29 57502 1
16 25 6 12 67641 1
15 13 10 26 64136 1
23 3 15 17 67216 1
5 0 22 26 119724 1
8 25 16 18 40378 1
4 28 29 15 107600 1
10 5 20 5 32437 1
29 21 26 7 58683 1
6 22 15 27 40850 1
15 11 10 24 68551 1
23 4 25 23 68496 1
1 14 24 3 95365 1
28 17 17 18 29801 1
22 17 3 13 78010 1
24 20 1 18 71577 1
29 5 3 20 113685 1
28 23 14 23 41868 1
27 6 12 9 45148 1
6 1 10 27 99946 1
22 28 15 5 86066 1
3 29 17 29 59216 1
6 16 18 14 57391 1
29 0 23 29 109702 1
4 19 25 3 102900 1
27 6 23 26 76874 1
16 23 16 4 82785 1
9 20 25 24 66022 1
22 14 22 29 46574 1
10 27 6 15 53709 1
26 10 19 16 44759 1
0 1 24 8 87893 1
3 13 23 26 102798 1
19 25 27 6 79759 1
2 8 0 18 34945 1
22 4 29 13 44655 1
21 26 24 3 80037 1
19 17 9 17 37053 1
15 12 24 26 67802 1
18 3 23 23 68653 1
13 15 17 8 42817 1
12 8 23 13 47620 1
8 19 14 6 60955 1
13 1 5 29 120862 1
6 16 26 28 93954 1
17 14 16 28 66646 1
7 22 4 29 37535 1
23 27 12 14 75966 1
25 1 2 15 106790 1
17 7 5 15 62331 1
9 19 0 23 41410 1
23 28 23 15 44974 1
10 23 1 7 74437 1
22 4 26 19 56808 1
6 4 14 27 96963 1
27 9 7 15 72400 1
5 5 3 28 87917 1
18 0 1 27 122575 1
15 29 11 6 105327 1
27 13 11 7 59320 1
3 14 10 7 49816 1
10 27 0 13 73124 1
16 1 8 15 74532 1
14 3 21 7 29139 1
1 5 16 4 53365 1
15 29 11 11 85575 1
24 12 15 0 58198 1
6 10 24 0 76953 1
28 13 5 4 86085 1
5 9 22 15 59537 1
2 22 8 14 42492 1
25 19 10 22 58470 1
3 13 4 29 56306 1
11 26 20 22 41400 1
2 9 10 23 66372 1
28 8 1 22 107361 1
8 1 5 24 89867 1
0 28 18 6 102575 1
23 10 2 14 74045 1
29 21 4 13 97617 1
1 28 13 8 86473 1
9 4 4 25 87433 1
3 0 0 24 76874 1
26 25 16 15 60505 1
13 13 8 6 42225 1
9 17 9 2 61027 1
16 15 10 2 68293 1
15 18 27 20 39230 1
16 13 4 19 60020 1
17 19 7 8 61855 1
28 15 11 13 61989 1
9 13 18 14 46703 1
11 2 17 16 75143 1
21 12 17 3 37450 1
13 28 4 25 43807 1
3 8 19 16 80055 1
16 28 2 27 50815 1
24 2 21 28 87179 1
26 8 3 26 115636 1
10 18 3 14 37342 1
11 4 27 20 83449 1
4 4 12 0 42023 1
17 10 19 25 73615 1
22 22 13 12 52909 1
28 8 29 27 64277 1
19 17 9 20 40555 1
22 22 10 25 43367 1
28 27 21 9 64180 1
22 4 0 25 111238 1
2 9 15 8 37754 1
20 0 5 10 68610 1
22 14 0 10 75091 1
23 26 13 19 51062 1
2 27 20 5 118220 1
27 21 13 15 60485 1
29 19 20 28 49805 1
24 2 9 14 82548 1
10 4 16 23 92548 1
17 10 2 7 49226 1
4 25 28 25 75815 1
16 29 15 8 88484 1
12 1 5 4 33235 1
10 27 0 18 59344 1
12 22 29 16 69270 1
29 5 19 5 32397 1
4 14 3 1 56411 1
27 29 21 25 27893 1
4 20 14 17 38862 1
9 20 9 9 39864 1
14 12 27 8 47107 1
18 23 5 19 55611 1
15 15 3 6 68275 1
23 7 5 17 80350 1
5 2 13 28 107566 1
21 12 6 20 63548 1
23 8 28 23 62340 1
2 22 5 14 40363 1
6 15 25 21 67966 1
26 10 4 9 55370 1
4 25 3 4 80274 1
3 4 26 8 78092 1
28 12 10 27 92813 1
16 20 7 16 35268 1
26 21 7 8 88638 1
8 29 17 17 63119 1
2 3 3 25 75224 1
15 19 26 4 69021 1
24 15 1 1 104383 1
6 5 1 26 78663 1
21 3 9 12 61662 1
19 22 22 12 42454 1
24 2 8 22 95925 1
29 6 27 24 60561 1
28 11 10 1 72716 1
18 1 21 26 83622 1
0 5 8 23 77362 1
20 28 0 12 96560 1
7 25 24 16 76639 1
23 13 20 22 43840 1
7 2 18 18 86264 1
26 1 23 14 61475 1
25 24 12 27 45290 1
28 11 25 0 49650 1
26 15 7 28 93763 1
9 7 23 9 40110 1
15 12 21 6 36062 1
18 20 7 24 54894 1
28 6 24 14 36998 1
19 25 8 26 34349 1
5 3 1 23 74907 1
9 17 12 4 60383 1
11 17 25 22 53409 1
22 14 19 27 48999 1
17 18 27 23 40204 1
7 27 17 29 48519 1
19 26 11 13 69829 1
0 26 4 2 78772 1
20 3 9 16 76369 1
14 12 6 28 73447 1
13 19 16 27 40496 1
8 19 18 13 57094 1
18 15 11 8 52005 1
14 22 24 16 53496 1
16 28 8 12 71806 1
27 10 8 26 94995 1
2 9 23 10 56761 1
17 5 25 18 60449 1
12 27 22 9 80445 1
23 16 7 0 92614 1
8 29 15 19 53227 1
20 27 9 18 56313 1
0 10 6 21 50668 1
10 23 24 16 66530 1
17 8 27 11 38894 1
22 3 14 26 91143 1
0 2 25 27 139096 1
16 23 23 17 41374 1
10 14 0 5 66444 1
21 8 12 13 45498 1
16 12 19 5 44802 1
10 10 1 14 50487 1
20 25 14 18 41733 1
9 21 2 7 61977 1
20 29 27 10 81624 1
28 0 20 17 65533 1
11 18 24 9 56488 1
22 5 15 29 98126 1
27 20 16 5 76927 1
27 7 20 17 43548 1
17 17 23 7 47540 1
28 12 19 11 25486 1
28 15 11 2 78251 1
12 2 21 20 75602 1
8 6 20 12 56267 1
26 24 21 11 49123 1
29 6 10 16 88984 1
12 8 8 20 48373 1
8 8 26 3 64733 1
20 16 5 23 66307 1
1 4 7 24 86178 1
29 1 11 11 76813 1
21 3 2 9 64865 1
3 10 18 15 72488 1
0 0 12 4 50920 1
24 7 7 15 72017 1
27 0 7 3 70078 1
7 23 7 8 55308 1
3 13 8 29 72668 1
9 4 21 0 38714 1
27 26 28 6 62512 1
22 19 8 17 40327 1
20 11 23 18 25930 1
10 23 29 21 64060 1
6 8 27 5 64020 1
26 6 23 24 68689 1
15 4 2 22 94476 1
6 13 20 5 67654 1
24 29 14 0 108814 1
15 17 10 24 41917 1
2 5 16 22 89473 1
5 15 13 23 53742 1
19 20 9 14 51859 1
24 15 4 6 80730 1
7 15 19 24 65317 1
15 8 2 27 94279 1
1 15 29 26 112347 1
17 18 22 24 30161 1
14 27 23 2 100274 1
16 23 26 23 30114 1
0 2 15 2 43553 1
5 9 13 6 32650 1
10 29 4 21 49522 1
10 27 21 24 39162 1
26 7 9 18 71203 1
22 20 18 5 51752 1
26 25 15 9 73123 1
11 2 12 26 100248 1
16 29 24 9 82349 1
3 29 14 15 77499 1
17 28 11 19 51945 1
1 9 18 0 67781 1
23 20 7 2 91919 1
24 23 12 11 68933 1
8 9 5 26 64905 1
4 22 28 8 106736 1
7 5 0 2 36766 1
17 13 5 12 52928 1
18 5 23 22 62105 1
7 4 17 21 89001 1
22 10 6 8 45035 1
14 17 19 27 46248 1
22 7 8 11 47633 1
18 27 4 6 105599 1
28 28 21 0 93704 1
6 13 23 27 90389 1
10 9 13 21 58593 1
27 4 20 16 53370 1
6 2 26 20 102454 1
13 1 24 29 109645 1
24 18 13 4 62524 1
7 16 7 5 55245 1
14 1 29 9 60419 1
5 29 17 4 115308 1
16 23 11 5 87570 1
25 4 13 9 43594 1
3 9 24 19 75748 1
19 7 11 2 32543 1
15 2 22 26 84496 1
17 10 0 5 65315 1
17 15 21 2 53760 1
23 1 1 2 66166 1
22 3 23 28 78980 1
9 23 17 13 65471 1
25 29 7 9 103518 1
15 9 9 25 72356 1
6 2 18 15 84894 1
1 12 4 19 36047 1
13 3 13 23 93027 1
5 17 27 9 82503 1
9 20 7 29 38023 1
17 28 4 28 45514 1
7 2 18 17 86523 1
13 24 6 10 68501 1
13 10 3 4 52471 1
0 11 19 4 70511 1
21 27 1 0 137914 1
11 24 1 16 62888 1
12 2 11 26 104625 1
8 10 17 23 64769 1
0 22 18 12 84939 1
12 5 26 29 113254 1
17 0 5 14 83071 1
13 2 6 21 87182 1
14 17 2 24 56613 1
7 9 26 20 79483 1
19 12 24 7 26772 1
12 6 14 21 72332 1
19 19 20 4 50430 1
7 1 21 28 119635 1
19 27 28 2 96787 1
29 4 12 1 50820 1
12 12 18 26 73053 1
16 6 12 17 58846 1
3 21 4 4 71753 1
20 29 16 19 47265 1
20 2 8 26 105184 1
5 24 27 9 96002 1
10 27 26 16 79412 1
12 21 8 8 53876 1
24 12 0 21 91084 1
6 7 6 26 69738 1
2 1 20 8 69180 1
18 6 28 17 59406 1
16 24 26 17 50622 1
25 25 11 14 77745 1
24 5 15 24 87018 1
11 24 26 7 91625 1
16 23 26 12 60763 1
10 8 8 17 38325 1
12 4 7 11 44106 1
29 7 14 16 70043 1
9 15 18 18 37920 1
20 27 28 9 78338 1
7 12 0 17 47457 1
20 6 2 10 61611 1
21 19 4 12 73774 1
5 10 7 2 38382 1
9 4 16 14 61756 1
19 15 24 5 48655 1
24 12 23 25 49261 1
26 11 14 23 70521 1
14 15 22 11 37179 1
0 9 6 27 65463 1
5 24 17 29 61393 1
23 9 7 18 64649 1
17 4 7 1 35736 1
26 7 14 2 42546 1
27 24 7 25 64629 1
1 23 6 29 36523 1
17 19 7 1 90524 1
16 28 13 12 73307 1
4 17 14 0 95279 1
12 8 7 22 60072 1
22 24 19 8 53559 1
10 15 18 6 60021 1
3 26 26 24 83785 1
8 19 3 6 56931 1
18 24 6 13 73196 1
26 3 9 16 91347 1
1 16 22 18 68624 1
14 7 9 25 76565 1
26 29 4 14 112568 1
24 24 28 1 81253 1
16 27 6 7 88681 1
14 1 23 24 90475 1
5 3 25 1 67147 1
6 19 17 15 45185 1
22 5 3 4 62355 1
11 20 10 9 48815 1
10 15 26 16 62126 1
1 16 12 18 41546 1
18 6 7 29 102951 1
19 21 27 4 71136 1
19 3 3 17 88839 1
26 17 21 2 61561 1
19 26 7 0 120813 1
21 23 18 1 72657 1
4 22 23 9 90595 1
27 28 18 14 69738 1
14 2 17 27 108966 1
4 9 23 9 42885 1
29 13 13 8 57049 1
4 14 29 0 110644 1
4 2 13 27 110379 1
8 4 10 29 93793 1
27 12 15 6 48573 1
4 22 20 24 57779 1
26 9 3 16 88336 1
19 15 29 22 47258 1
5 6 11 29 95387 1
3 16 25 10 93059 1
18 1 3 17 89817 1
16 18 1 9 66738 1
17 6 22 20 52863 1
3 7 3 24 62004 1
0 19 24 4 99818 1
14 11 7 28 80050 1
12 15 11 26 49416 1
14 27 28 21 54894 1
20 17 14 12 36635 1
8 6 6 28 79925 1
14 11 19 5 40657 1
3 3 19 21 105563 1
22 16 3 1 94592 1
27 25 21 11 54696 1
27 15 15 11 48796 1
23 25 2 6 106661 1
11 24 21 24 32904 1
3 25 28 10 107073 1
1 1 12 10 59787 1
29 5 13 12 62973 1
8 24 21 1 99280 1
5 9 29 28 113135 1
26 8 17 14 48575 1
1 7 12 10 38226 1
19 18 27 12 32073 1
0 22 8 11 57238 1
17 15 6 14 43415 1
4 17 10 13 40487 1
14 13 26 29 89484 1
20 4 16 18 55244 1
13 0 11 21 99347 1
18 22 3 22 61327 1
27 14 18 5 51272 1
22 19 2 8 79452 1
23 26 26 19 36564 1
19 20 17 11 47287 1
25 24 12 22 47961 1
16 23 26 21 41543 1
24 23 14 13 61113 1
21 21 14 15 47384 1
28 0 14 16 87095 1
24 8 4 7 58896 1
20 16 23 27 43828 1
10 19 15 6 65708 1
3 2 8 18 69157 1
17 15 16 29 63747 1
0 13 29 4 96178 1
17 20 27 11 55452 1
13 27 17 11 80221 1
11 16 20 10 60354 1
17 9 12 28 84218 1
28 7 25 17 42234 1
28 10 12 24 83239 1
20 27 18 14 63961 1
26 3 4 11 83172 1
2 12 26 11 78151 1
21 0 29 15 63694 1
20 13 25 6 41369 1
1 18 15 21 50509 1
16 2 28 21 80584 1
10 1 13 13 60347 1
9 19 1 9 52026 1
1 15 29 5 103928 1
6 29 2 21 35802 1
27 11 25 20 37797 1
26 15 10 18 53356 1
11 11 25 11 53552 1
29 20 5 28 96424 1
8 19 0 3 71857 1
3 13 27 20 94410 1
22 10 2 17 80850 1
28 25 1 16 100145 1
26 26 19 20 48616 1
13 21 25 24 50362 1
22 25 21 3 65157 1
28 6 15 22 79351 1
15 7 23 22 62939 1
26 21 10 6 88851 1
12 24 15 14 46910 1
12 9 27 20 68496 1
0 10 17 13 70860 1
7 15 25 17 60698 1
12 2 4 19 82925 1
10 24 9 8 62132 1
9 0 15 29 124882 1
5 24 26 15 83117 1
25 23 4 20 79516 1
26 23 12 0 103056 1
13 8 26 9 35635 1
3 29 18 18 76182 1
11 20 11 5 69917 1
28 24 18 25 32578 1
7 22 18 8 79927 1
17 10 12 0 56452 1
18 15 4 8 67416 1
3 21 12 17 43301 1
3 16 10 11 52545 1
20 18 28 27 41577 1
17 9 17 23 66247 1
1 5 22 2 71894 1
7 15 25 10 74362 1
28 9 19 29 81142 1
5 11 23 0 82218 1
18 16 4 15 65331 1
23 5 0 22 103130 1
11 8 5 14 42971 1
16 12 27 11 32019 1
12 1 4 10 55666 1
11 29 16 15 67062 1
26 15 14 24 64913 1
15 13 12 1 56212 1
0 14 23 19 79351 1
9 9 15 20 53234 1
13 10 7 27 77520 1
24 29 5 27 70633 1
11 27 1 13 80330 1
13 5 7 24 80847 1
17 7 28 23 70141 1
18 18 2 8 73734 1
19 11 3 27 105934 1
25 18 26 27 36097 1
27 5 0 0 88338 1
20 7 25 25 64215 1
0 3 4 11 44179 1
12 15 1 26 70982 1
6 5 0 23 65834 1
18 29 11 10 98918 1
10 20 28 16 63279 1
16 10 18 2 37992 1
16 12 29 16 48351 1
14 20 1 13 63472 1
24 18 12 16 39684 1
23 24 12 5 85684 1
21 19 18 26 36778 1
12 20 27 5 84107 1
10 3 5 11 49178 1
2 2 13 22 96339 1
29 25 10 9 87780 1
14 2 2 24 105180 1
28 17 7 6 92113 1
5 24 23 26 61691 1
4 23 10 12 54778 1
4 23 27 3 119481 1
9 5 26 14 76551 1
6 3 27 13 80943 1
26 26 20 3 85212 1
10 7 22 4 39748 1
18 4 27 17 64129 1
4 16 21 2 96244 1
7 21 25 5 102985 1
11 8 23 25 79921 1
4 14 23 8 74451 1
13 22 5 29 50963 1
26 15 19 4 55225 1
7 5 19 5 39640 1
13 13 29 0 83321 1
16 26 11 13 66386 1
12 11 22 10 37841 1
19 22 21 2 70646 1
6 19 25 25 74445 1
7 1 17 12 73200 1
21 24 4 6 100516 1
6 15 20 27 73466 1
28 18 7 16 60129 1
17 21 23 0 87220 1
20 12 18 23 46090 1
4 10 1 20 50856 1
25 2 10 26 113263 1
21 10 13 23 63963 1
27 26 13 13 81204 1
7 27 23 13 92857 1
10 14 14 20 41065 1
9 2 9 15 58096 1
0 18 27 0 124237 1
25 4 1 16 100777 1
27 0 16 16 87217 1
7 5 23 25 105030 1
2 21 24 16 80855 1
22 12 4 26 90459 1
26 2 15 27 110003 1
23 29 15 27 38469 1
3 2 2 24 77203 1
5 14 15 17 44572 1
29 8 10 0 69995 1
24 5 13 29 108884 1
7 6 23 23 93651 1
11 11 4 8 31977 1
18 11 29 24 64205 1
1 21 19 15 76690 1
10 17 14 2 74314 1
26 28 8 22 68612 1
9 22 9 4 70384 1
4 28 24 3 127364 1
5 2 25 1 63244 1
9 28 11 5 91158 1
18 25 22 9 61123 1
20 24 6 20 55997 1
4 0 9 13 67193 1
14 14 4 10 52560 1
6 16 28 27 86518 1
12 7 19 11 36379 1
27 14 4 26 103088 1
0 5 15 9 53959 1
9 1 16 25 106840 1
19 5 7 28 109484 1
25 20 0 23 86193 1
3 5 21 15 81197 1
8 4 22 21 77697 1
3 26 21 14 86006 1
17 8 3 22 91221 1
18 5 0 7 55050 1
9 27 15 14 68146 1
2 0 21 7 69850 1
6 26 19 24 44858 1
27 21 24 14 38125 1
11 24 19 6 92823 1
6 10 28 11 62999 1
26 9 21 21 51269 1
20 3 9 3 33556 1
21 21 8 14 58287 1
4 13 14 21 61113 1
10 19 3 2 78063 1
19 29 20 8 73234 1
11 22 18 11 71693 1
14 22 17 7 69908 1
16 28 29 23 52249 1
15 0 26 28 113746 1
19 20 9 12 56638 1
21 28 21 7 66312 1
3 23 19 11 93682 1
16 3 3 25 109342 1
8 14 22 14 55070 1
4 10 0 1 47996 1
29 0 4 17 118176 1
9 7 5 25 70663 1
16 12 0 16 72228 1
25 9 27 0 38734 1
19 22 19 8 58827 1
5 23 2 1 87963 1
27 18 23 11 37907 1
8 9 22 6 43973 1
28 1 23 19 66652 1
7 15 29 1 101430 1
1 25 19 8 96214 1
9 3 26 22 97166 1
20 3 22 20 51886 1
27 20 15 24 54385 1
18 5 3 18 84173 1
18 19 1 17 55720 1
14 12 26 6 50745 1
22 3 4 3 52385 1
4 27 13 12 76885 1
8 4 5 29 97873 1
0 26 27 5 122918 1
10 28 11 18 45099 1
14 26 7 13 60246 1
18 1 1 22 103075 1
20 21 6 21 65809 1
25 5 4 20 108700 1
27 10 8 28 101397 1
27 26 29 5 67527 1
27 25 28 15 31128 1
11 26 14 4 101880 1
15 6 27 7 33452 1
12 23 8 3 82307 1
2 16 14 6 69678 1
26 16 5 25 83120 1
28 12 12 10 50851 1
0 25 17 3 105120 1
19 14 10 18 42894 1
15 12 9 28 74710 1
3 5 22 9 65369 1
0 21 17 1 103704 1
13 11 8 24 55661 1
9 25 17 4 94382 1
27 23 28 11 39289 1
18 4 10 20 81460 1
1 29 19 1 127805 1
26 8 16 23 73277 1
0 9 8 23 61631 1
7 1 27 20 105592 1
13 12 4 24 62021 1
16 8 10 0 47252 1
28 9 16 12 38605 1
24 22 9 3 93943 1
27 29 23 13 69270 1
3 0 7 23 94107 1
13 17 4 4 75559 1
17 4 4 7 44842 1
2 22 4 7 52911 1
29 26 3 23 89057 1
16 17 1 16 57445 1
0 17 22 24 83943 1
15 7 17 17 49024 1
29 27 17 22 56915 1
24 2 28 9 33686 1
27 7 4 16 93934 1
5 16 26 2 106807 1
28 6 7 2 61162 1
17 25 0 1 120797 1
13 28 21 26 33258 1
18 29 19 13 74515 1
0 16 4 1 55602 1
9 8 14 24 72093 1
2 24 3 13 38802 1
1 14 6 26 55494 1
29 2 17 23 95337 1
18 24 29 10 77831 1
21 10 8 11 41675 1
24 20 14 20 37249 1
15 8 4 24 81605 1
16 10 10 27 87023 1
25 4 22 18 49108 1
18 19 4 12 65470 1
19 27 29 20 51409 1
13 14 25 20 52002 1
22 10 18 28 66253 1
16 25 22 0 94394 1
20 28 26 20 48594 1
15 18 4 21 41350 1
