6158 4192 6514 6511 5608 5684 7351 5749 5213 4802 7096 7366 6878 6178 6644 7752 5640 6837 4687 4416 4679 5817 7232 5880 4124 5349 4809 7611 5918
3221 3682 4499 3790 3728 2758 2493 3457 4474 1809 2205 3029 3538 3599 3663 2961 3448 5169 4641 4003 2714 3855 3763 4362 4945 1598 4903 3084 3583
5011 6475 6302 5322 6285 5433 6156 7248 7899 4881 5680 8220 6312 7255 7961 6148 6232 5873 5794 4688 5164 7972 6414 5210 5348 5238 6247 8163 6020
7101 6750 6727 6718 8352 5652 7463 7032 5801 7717 6302 7550 6720 7946 5801 7809 7961 8058 8166 8539 8005 6547 6758 8549 6237 5413 6052 5321 8119
6874 7058 5918 5337 6219 7510 5099 5705 7886 5391 6727 5734 6771 5751 6667 6811 5379 6977 5705 6535 6660 8415 5275 8302 5226 5068 5066 7441 5776
4780 3095 6018 5508 4095 4929 5729 3891 3209 6095 5413 6505 5658 3063 6222 6561 4713 3802 6282 3849 6345 6393 3628 5507 3400 4869 3956 5050 3102
4715 5895 3634 5280 6526 5735 6020 6262 6448 5426 3478 6035 6166 3284 6847 4365 5463 6134 5613 3773 5604 3878 4532 6266 4581 3313 5618 3834 5850
5196 5093 5335 4691 4585 5002 7282 6004 4256 4883 5334 6971 7642 7695 6245 6033 7293 4606 7642 6992 5984 5897 6071 6650 6619 5013 7289 6171 7656
3010 3165 3757 3730 1272 1847 1572 2835 4343 1790 2580 1281 3147 1806 2503 1222 4189 2200 3567 3776 1750 1931 4105 3555 4330 3533 2397 4263 1368
3189 2960 4531 4132 4461 4906 4411 4400 3466 3586 2463 2777 4972 3541 2541 4081 4208 3324 3628 2489 2689 3161 3195 3350 4178 4734 2456 2719 3201
4612 6656 4032 6847 3740 5059 6121 4660 3685 3972 3811 5432 3504 4964 5849 6885 4630 4756 5754 5018 5799 6397 3613 5012 7045 7077 5117 5772 4650
6256 5210 6479 4482 4870 3334 3461 4513 4783 4628 6057 5193 5147 4996 6313 3045 3755 3649 6086 4073 3033 4524 4491 4505 4763 4484 5392 3911 4451
6057 5986 5188 7964 6374 6392 8171 5818 5551 6114 7556 6400 5347 4943 6415 7404 6277 5887 7162 5522 6346 6875 5307 6252 5146 6217 7571 6646 7161
7805 6406 8339 7007 6683 5377 7155 7347 7756 7783 7812 8474 8375 8327 7245 5984 6953 8678 8378 6067 5962 7515 7206 6640 6076 5619 6375 6165 5912
3943 2394 3100 3763 4755 5120 3822 3434 4778 3011 3789 4344 1852 2021 3674 5231 3870 4949 2519 3159 3130 3853 2648 3423 4365 2010 2803 2142 3511
5039 7811 7796 6784 8012 5336 7357 7524 6485 6275 5781 6310 8250 4787 7140 8107 7670 5047 5612 6021 6214 4964 6545 5377 7367 7760 6115 5893 6200
4814 7187 7828 6620 5738 6939 8188 6152 5034 5559 7186 4887 6967 6631 6866 7778 6823 7230 4931 8002 4770 6856 6143 8001 6295 7601 6289 6871 5384
2907 2043 2938 2922 4353 2458 2618 2973 3223 3063 3543 2026 3656 4492 3205 3752 3518 3422 1431 3977 1390 4275 1643 2527 3895 3631 1920 2648 1713
5735 5570 5765 7148 3994 5961 7293 4022 5225 6561 5507 6055 5936 5925 5560 6889 7209 5676 4775 6494 5885 5577 3947 4042 6965 5316 6882 4290 3972
4815 4546 4307 5770 5965 5366 5668 6735 4855 6125 5621 4567 6087 5733 3710 4069 4742 6545 6847 6272 6688 3655 3830 4705 6509 4440 3525 3554 5057
3844 2997 2749 4333 5647 2967 4137 3293 6195 3667 6186 4227 5882 5838 5916 5062 3650 3495 3927 4541 3838 3787 6022 3491 3599 4416 3936 4581 5483
7422 8498 7923 7797 7904 5263 7635 8596 6419 8670 8067 6241 6295 6897 5298 6977 8588 6889 7328 7067 6229 5968 6874 7628 5238 5797 6061 8781 7271
5508 5969 3973 6144 3531 2703 3701 5290 4049 5468 3400 5221 4587 6185 5781 3184 5496 5079 4030 3111 4581 5344 3893 3043 3361 3073 6172 2862 3747
8389 6028 6274 5895 6251 4939 7898 7557 5568 6531 7851 6495 5744 6996 7159 8136 4848 6578 8365 7310 7535 7371 8115 7278 5837 4750 6962 7159 6863
4834 5014 3889 3794 3103 4449 2371 4486 3625 4803 2957 3598 4471 4698 3919 4526 2545 5310 2016 4796 3112 2090 4750 2015 2538 2158 3688 4989 5013
3779 5399 5351 4632 5477 4748 3512 5168 4812 5646 4932 6866 4913 5109 6280 3545 3636 4032 5490 6619 5212 3614 6721 6635 4904 4155 4627 4297 6298
5688 4367 5466 4592 4372 3020 5606 3530 4283 5923 5147 3754 4575 5704 4358 3530 4381 4792 4376 4195 2911 5431 4514 3544 4853 5759 4438 3600 4000
2469 2226 3520 4465 3435 2798 3186 3968 3291 3439 2439 3277 4102 2075 3735 2693 2952 5504 3588 2533 3718 4098 4168 3946 2636 3398 3490 4379 2724
6028 7222 6659 6813 7775 6971 6480 6872 6957 8188 5585 7212 6221 7948 7885 7996 6826 4764 6156 7221 6324 7495 7843 8182 6497 5832 6182 5101 7938
5740 4618 3392 6296 5652 4511 6067 6382 4254 4991 5675 4601 4011 3733 3720 4109 3153 5513 3218 4914 3933 3420 6380 4554 6245 4009 6023 3855 5295
4941 5031 5305 5035 2621 5389 3108 6217 5543 4316 2008 4813 4623 6843 4841 3297 5677 3330 5066 4694 4813 4516 2198 4572 5066 5643 1686 2825 3796 2674
3738 5454 4405 4756 4528 6277 5125 3915 5103 3757 4404 3082 2536 5333 3817 2529 4348 4074 4060 5691 6056 2025 3644 3884 1733 4752 4931 2956 3801 4887
2945 5689 4777 2615 3848 6067 5839 6961 6426 4462 1879 3040 5101 8436 4378 4380 3841 5294 4828 5240 3902 3277 4555 6062 3704 5601 4438 1474 3467 3424
4338 6762 5669 4100 4403 5162 3020 5047 4445 4431 4906 4422 4597 8533 5795 2821 6648 4407 7573 4190 4041 2737 2186 4959 2283 4398 4558 3835 6200 3335
2589 4331 4853 4095 3065 4120 2596 5458 4236 4288 4574 3669 2218 5634 5163 3211 4363 5138 4632 5859 6243 4617 2213 5076 2412 2250 3975 1522 4462 4766
4538 5256 3521 5776 6088 6186 2891 4056 5538 6813 4096 5490 4526 7674 2478 3677 4371 3882 5900 4925 3684 5302 1748 5909 5096 4406 3371 4531 4254 3622
4209 4369 3576 4327 3746 3783 2313 6330 5140 5934 4237 2526 4983 5891 2893 2539 3719 2991 7499 6307 4768 4126 3068 5752 5313 3214 3678 4702 5868 1659
5800 4466 5267 5164 4944 5204 3410 6744 3156 4095 2571 3682 4080 6920 3842 2512 5792 3957 5029 5054 3751 3546 3286 5424 3293 4140 3036 1521 3549 4630
3288 4369 4906 3030 3590 3626 4193 5901 5002 3754 3709 4638 3801 8600 3135 5262 4080 2057 4609 6482 4342 2935 4538 4912 3230 3488 3650 3638 3634 4401
4706 4104 4680 3069 5649 5438 3424 5807 6561 4948 5008 2180 5432 6370 4054 3180 6284 4948 6020 4418 6317 3979 3815 5855 4554 2367 1931 2142 5134 1943
4326 3977 3446 3069 6089 3449 4651 4934 3632 6126 3484 3787 2181 8251 4418 3859 5050 2610 5450 4169 6182 3818 4680 3284 3339 3507 2055 3955 4640 1572
5441 3804 2788 4108 4822 5671 4096 5629 5479 3758 1855 5162 2472 6761 4181 3481 5800 4022 7292 6142 4811 3824 2996 5556 2163 5147 2502 2537 6143 4191
4849 4658 5333 3947 3828 3353 5513 4391 6100 5166 1726 4133 3538 5343 5127 3458 4989 5374 5158 6521 3760 4728 4677 5126 4434 4745 4118 4699 4500 2896
5502 4736 2740 3413 5198 5823 3973 6825 5963 6748 4134 2389 5231 7733 5544 2055 6172 3832 4809 5436 2774 4362 2111 5478 4979 2954 4103 4587 4038 2454
5263 4307 5272 5113 3237 3721 4323 5492 5826 5520 4664 3393 4228 8360 3430 3025 5446 4812 5361 7515 6093 5251 3017 4193 3391 5634 2482 4677 3247 4694
3291 7397 2411 5504 2779 5544 3656 3839 6220 5373 3966 4485 2871 6884 5281 2607 5029 1910 4247 7385 5983 4116 2680 5324 2005 4108 2457 4329 5769 3519
4451 4986 3640 4696 3368 4942 5023 3423 4590 4345 4277 3602 3902 5991 5765 3729 5817 4773 5766 6234 4908 2516 1165 6085 2296 2766 1344 3916 4189 1871
3694 5706 3351 4072 4882 6685 3623 6461 6652 6755 2127 2613 3027 7473 3309 3363 6127 3452 4323 5442 6011 3672 3997 6006 5277 2671 4062 3946 3266 3286
6063 4412 3475 2864 4793 5748 4185 5111 6583 7313 4633 5016 4327 5155 2753 3306 3901 2059 5785 6828 4082 4433 1997 3997 1912 3405 4639 2669 3318 4419
4464 3994 4766 4953 2778 3432 2609 6076 4686 5143 3738 4585 5548 5491 4903 4872 5690 4746 4044 7211 5625 4175 3338 3492 3727 2484 3965 4973 3656 3603
3943 7035 4336 3315 3719 4045 5069 5378 5563 4078 1784 2765 2282 5732 5697 4988 4072 3266 5837 4222 4571 4057 3348 3850 5339 4589 1762 1809 3059 1807
4667 5359 3529 5892 4487 3660 5015 3830 3474 5266 4714 2129 4067 6119 5481 5299 6000 5117 4327 5556 5364 4307 3585 6179 3183 5475 3037 3658 4910 4463
4513 5857 2430 4750 4622 3233 5262 6439 6337 4910 4917 3485 5114 7738 3352 4903 4036 5468 6232 6704 3317 2948 4039 3680 2485 2764 3979 2666 3884 3481
4576 6544 5691 4107 5662 5530 4588 4020 4568 5950 4538 4894 4756 6882 3865 4940 6810 3859 5909 4043 4578 3643 1636 4618 4594 2356 2767 4084 4889 1905
3269 7099 4522 2827 4408 5577 4303 5248 6504 5993 2602 2431 4175 7462 3739 4133 5678 2091 6632 5275 3026 4857 2491 6247 4228 2859 2987 2552 5901 2832
3030 4951 5920 5488 3721 4342 4903 5121 4046 5721 4334 3622 2555 8017 4795 4982 5682 1886 4405 6655 6209 5217 1263 3650 3489 3164 3420 2137 6049 2977
4532 7203 2327 5270 4858 5253 3158 6412 6252 5440 2852 5028 5153 5529 3063 4927 6064 3589 6866 7593 4975 5017 4255 5715 4627 2820 4369 4828 4044 3399
5232 4499 3085 4366 3229 5067 5559 4370 5801 4176 4201 2888 4133 8156 4477 2178 4036 2984 7110 4605 4198 2480 3355 4967 3369 5387 3861 4630 3489 3065
3470 7340 3888 4682 5036 3512 4076 5676 6735 6497 4579 3394 4434 6923 5664 2554 6009 4672 6888 4431 3369 5408 4196 5823 3210 4830 4287 1832 3072 4921
26 4 8 14 93930 1
8 25 6 8 56371 1
17 16 10 9 43964 1
9 28 25 7 119613 1
14 14 27 13 57508 1
24 11 7 19 82291 1
6 14 22 6 80082 1
1 7 27 8 112199 1
5 28 9 4 79432 1
20 26 26 21 31480 1
4 4 1 21 70468 1
27 26 0 0 162515 1
11 23 2 0 96045 1
1 22 12 4 84461 1
27 14 22 2 59517 1
16 4 15 17 52931 1
11 6 17 23 73549 1
11 10 11 24 60047 1
19 28 19 17 42854 1
4 6 24 18 102181 1
4 21 4 0 89586 1
16 23 12 5 81862 1
10 8 13 19 56541 1
10 2 15 26 93836 1
8 5 2 14 45750 1
13 25 0 20 62711 1
11 22 4 6 64321 1
12 10 6 21 49081 1
2 22 27 28 95279 1
15 11 20 23 56547 1
21 28 0 14 106840 1
3 7 16 14 70996 1
16 13 28 13 61005 1
10 19 22 15 60103 1
24 11 4 23 100284 1
11 29 5 23 38810 1
5 19 19 14 64951 1
14 4 4 24 91389 1
28 24 29 4 80579 1
1 3 5 21 74135 1
27 10 17 19 61659 1
23 15 17 29 64538 1
29 22 13 16 72014 1
8 27 10 4 70770 1
23 22 5 27 69793 1
28 1 21 11 58080 1
26 17 9 18 67549 1
18 5 22 22 75972 1
13 20 5 3 79624 1
14 25 7 18 48933 1
29 11 7 4 96386 1
3 0 13 5 57462 1
19 6 1 2 83734 1
21 7 14 0 49327 1
17 6 26 8 46621 1
10 29 7 19 41932 1
6 23 13 7 73180 1
24 28 24 3 90807 1
7 8 24 15 80844 1
28 12 25 27 62281 1
25 23 1 5 128861 1
6 28 16 1 113152 1
22 17 3 9 91094 1
22 14 8 15 56004 1
5 10 23 17 82166 1
19 24 28 20 44504 1
22 16 8 12 61035 1
7 20 14 8 57059 1
6 9 8 21 39840 1
11 17 27 8 81330 1
0 22 8 27 40685 1
0 13 0 28 67347 1
25 13 9 11 67304 1
28 10 28 27 67183 1
3 7 27 21 125160 1
24 20 13 22 36115 1
4 1 14 3 44183 1
26 26 2 11 118459 1
16 20 2 5 96934 1
3 27 18 18 70242 1
8 18 28 19 85233 1
3 14 13 9 51882 1
14 16 1 8 67573 1
10 19 17 27 46061 1
4 19 9 27 47150 1
13 9 29 25 106868 1
28 6 6 16 108570 1
5 4 24 1 86159 1
14 25 23 23 38218 1
2 29 22 2 146844 1
9 28 23 28 50147 1
8 26 16 8 83661 1
25 28 15 22 46968 1
11 20 13 28 38770 1
18 1 24 15 77552 1
25 3 27 20 65685 1
19 9 21 21 63634 1
12 22 18 9 61025 1
0 16 5 3 62747 1
27 16 14 27 70564 1
16 14 27 27 76526 1
6 25 21 8 106113 1
6 10 2 17 46376 1
10 12 27 2 92783 1
11 6 27 1 79869 1
10 18 8 27 37612 1
12 1 17 28 101674 1
7 7 10 19 45448 1
8 5 25 23 102756 1
12 3 27 22 107831 1
4 11 25 27 110830 1
29 4 1 11 125267 1
6 28 10 1 89943 1
6 19 16 11 61443 1
2 24 11 9 71749 1
0 8 12 28 103664 1
3 15 16 16 49465 1
20 29 6 5 109080 1
6 20 18 2 90589 1
7 4 14 18 63123 1
5 14 4 28 67044 1
29 23 3 12 119032 1
12 25 1 15 66172 1
18 9 28 16 63030 1
28 29 24 7 90223 1
16 10 23 23 66802 1
1 5 15 28 110518 1
24 26 8 15 80486 1
2 5 11 16 60616 1
8 1 20 25 100153 1
0 11 2 24 55291 1
10 12 27 9 68120 1
8 8 1 26 69997 1
27 0 25 14 52548 1
20 6 17 20 55316 1
20 26 11 24 35967 1
17 15 19 7 37753 1
16 9 2 28 105923 1
9 15 20 12 47483 1
27 21 15 20 49070 1
18 23 4 3 103446 1
27 22 20 13 60556 1
11 16 14 5 47884 1
2 1 2 12 43914 1
23 9 9 23 93298 1
3 0 25 18 129556 1
16 18 2 2 102332 1
24 13 17 4 55532 1
24 18 26 7 50661 1
14 20 20 0 86826 1
26 20 0 13 117710 1
13 27 28 23 59723 1
7 24 20 16 66256 1
17 4 26 14 67549 1
2 20 28 15 111821 1
8 18 3 8 47576 1
1 18 8 13 37556 1
15 0 2 21 104351 1
27 27 21 10 82240 1
20 16 8 14 47498 1
21 14 24 1 63956 1
8 14 14 28 59965 1
16 12 5 24 70516 1
28 9 1 24 132423 1
8 15 19 6 63157 1
26 28 3 19 103651 1
12 11 24 4 66377 1
17 23 21 11 51766 1
24 0 21 29 117377 1
16 10 7 9 34431 1
27 14 1 6 116689 1
27 3 8 12 96837 1
18 0 25 3 39840 1
5 14 15 26 66715 1
20 15 27 9 49913 1
9 23 27 6 110323 1
1 3 26 1 108279 1
4 16 10 5 50918 1
16 12 4 11 46402 1
17 10 26 24 72439 1
8 28 21 6 107547 1
28 4 8 20 117104 1
22 3 10 19 95672 1
3 8 5 16 51365 1
6 26 27 11 108716 1
26 22 21 6 77942 1
11 20 11 4 67384 1
4 19 3 7 67512 1
21 7 23 20 68028 1
7 12 5 3 40597 1
21 21 24 8 61274 1
21 0 14 3 36799 1
11 5 24 17 88712 1
7 13 0 23 58899 1
7 26 24 5 119790 1
19 6 0 13 93741 1
1 27 1 15 46362 1
22 11 10 16 54771 1
4 10 20 5 73562 1
29 22 15 24 45971 1
6 20 23 7 105187 1
8 10 6 28 57929 1
23 0 6 9 91217 1
8 19 29 24 81405 1
29 18 27 6 47019 1
28 24 23 3 91918 1
22 27 28 15 54612 1
19 21 5 3 98135 1
2 23 15 26 52283 1
22 0 15 12 63933 1
20 20 29 7 79256 1
17 2 2 21 104074 1
8 3 22 13 78438 1
3 20 24 14 99365 1
19 10 4 6 61333 1
15 28 21 20 47699 1
8 19 18 2 78294 1
3 24 4 15 50083 1
19 2 8 0 46573 1
26 2 11 26 127234 1
16 1 25 17 85827 1
6 25 20 12 89427 1
23 29 15 27 33665 1
0 9 20 3 94621 1
4 14 16 11 50777 1
2 19 27 21 95903 1
27 19 0 9 123440 1
27 14 19 21 51310 1
26 11 28 26 61312 1
14 2 4 28 107770 1
8 14 2 28 63957 1
1 21 16 27 69460 1
9 28 4 19 49869 1
3 21 23 24 74413 1
28 2 10 18 113153 1
29 14 17 4 75993 1
3 25 16 9 90389 1
17 12 4 3 73791 1
23 21 25 11 45065 1
8 20 18 12 56527 1
13 5 6 22 70230 1
2 13 29 16 116462 1
10 2 21 11 67764 1
29 1 20 11 65711 1
22 18 26 9 52020 1
24 20 4 4 116860 1
6 29 23 0 143796 1
8 27 14 14 60227 1
1 6 20 17 93145 1
28 4 19 21 86549 1
8 5 25 9 79909 1
27 11 19 1 64919 1
12 12 7 5 35338 1
16 23 5 18 60299 1
28 6 21 29 98577 1
20 0 6 6 66064 1
14 1 5 29 106933 1
22 9 6 12 67543 1
19 13 0 16 75963 1
22 11 1 25 108629 1
29 6 25 12 36943 1
22 0 14 16 80939 1
2 9 8 23 61201 1
19 18 8 25 58744 1
0 12 18 12 69347 1
23 22 8 26 56642 1
2 17 19 13 75439 1
5 1 28 5 105431 1
13 21 6 28 49192 1
6 4 18 15 65596 1
21 22 8 14 63083 1
8 14 1 11 32145 1
10 21 18 5 81590 1
18 3 17 14 39399 1
10 26 13 16 52876 1
25 25 18 19 48061 1
25 11 12 21 79760 1
20 24 17 11 50230 1
18 6 23 21 73504 1
21 2 24 13 53196 1
19 2 0 22 112124 1
0 24 26 6 144577 1
16 3 19 27 85224 1
7 26 20 13 81147 1
18 1 4 6 60867 1
26 21 11 20 55328 1
13 28 4 9 91877 1
22 1 25 15 68386 1
1 21 10 22 32703 1
25 17 10 26 72112 1
6 5 27 24 118654 1
21 3 8 4 54883 1
12 27 28 27 58244 1
13 19 25 13 72204 1
8 0 28 11 101710 1
27 11 11 16 69181 1
17 19 24 23 36332 1
10 1 16 24 95836 1
26 29 21 17 57872 1
29 12 20 2 68811 1
22 9 27 0 52206 1
20 12 2 20 92791 1
11 16 23 13 57096 1
23 26 16 1 100083 1
23 7 5 16 95501 1
20 11 6 27 92316 1
15 11 2 15 53559 1
18 25 7 4 88556 1
16 2 14 16 57536 1
4 18 22 4 104644 1
28 17 7 18 80084 1
8 26 26 7 120562 1
22 20 20 5 72831 1
8 6 22 0 68951 1
13 23 5 16 54285 1
5 17 9 25 38901 1
1 2 18 13 96683 1
13 14 23 14 45515 1
4 28 2 19 51009 1
9 8 3 29 80525 1
23 10 2 1 108123 1
18 29 10 18 59462 1
11 20 21 2 94195 1
26 0 2 0 103755 1
20 1 16 24 84290 1
2 22 13 15 53634 1
26 23 28 0 87512 1
28 3 18 11 64567 1
13 14 6 19 45957 1
17 27 15 8 69399 1
21 21 12 25 41102 1
6 13 7 26 49716 1
26 22 24 2 78312 1
9 21 15 5 74049 1
15 12 7 8 40033 1
17 29 6 6 92661 1
7 23 28 28 83031 1
3 3 27 1 101094 1
3 11 26 13 93427 1
11 9 17 14 37786 1
25 29 23 20 37763 1
4 16 26 18 90980 1
18 28 27 11 80381 1
17 22 5 17 53319 1
19 27 7 27 37095 1
21 27 27 3 96302 1
16 27 3 16 84888 1
9 25 15 21 36265 1
28 10 13 9 63106 1
22 26 13 11 71246 1
22 28 26 9 79699 1
5 17 12 1 67298 1
26 0 15 19 108513 1
5 14 21 26 82419 1
3 3 13 20 87648 1
12 17 15 24 36278 1
0 21 18 17 76341 1
14 2 19 27 93853 1
19 3 21 21 79295 1
16 19 29 27 68129 1
0 26 4 7 84842 1
26 24 11 21 54922 1
18 8 7 14 57749 1
29 29 13 13 102689 1
6 5 5 14 39401 1
3 18 8 24 45608 1
23 29 2 12 118493 1
29 12 19 11 39822 1
25 29 26 12 71268 1
26 7 6 10 86718 1
25 0 2 20 144509 1
18 20 16 11 39092 1
2 24 22 7 119546 1
7 26 20 27 41186 1
11 27 3 13 74797 1
18 2 4 8 67273 1
26 9 11 4 80528 1
17 24 22 15 45828 1
25 12 11 28 100114 1
20 20 15 29 40324 1
3 11 28 4 114109 1
0 3 26 28 154825 1
14 27 5 20 52569 1
1 24 21 17 85066 1
2 16 19 14 65211 1
7 22 22 29 67310 1
26 2 11 7 78777 1
12 19 2 7 77231 1
29 8 2 27 142448 1
1 23 20 23 67458 1
11 17 3 12 42278 1
9 22 26 2 123673 1
23 18 17 26 51133 1
24 5 6 17 97560 1
23 4 10 12 71111 1
25 16 23 29 50107 1
19 0 12 20 89634 1
13 28 1 11 94339 1
11 7 4 1 46125 1
27 9 4 9 93370 1
19 8 27 18 66183 1
26 0 5 0 93883 1
27 4 21 26 86813 1
21 8 26 16 52744 1
22 12 29 26 75995 1
7 7 2 16 51898 1
11 14 20 21 54438 1
5 13 29 3 123114 1
20 15 1 21 83234 1
14 0 2 20 100122 1
13 23 28 25 58462 1
10 11 1 20 57446 1
18 14 14 4 45098 1
18 22 2 14 76836 1
2 27 18 20 67996 1
4 22 5 7 64125 1
8 0 25 17 104533 1
5 27 22 20 75553 1
10 6 12 22 63724 1
1 27 13 20 62728 1
14 3 22 16 73667 1
9 1 24 26 119713 1
21 17 28 13 41621 1
19 11 20 27 67750 1
21 13 24 5 45735 1
9 7 24 0 85513 1
29 11 6 6 94046 1
22 28 20 1 111130 1
10 15 0 28 72091 1
10 8 21 3 61168 1
27 28 23 14 59661 1
25 9 27 24 61660 1
4 13 17 21 66470 1
15 24 10 8 70709 1
5 28 15 17 69935 1
9 12 24 11 57368 1
18 29 16 15 46757 1
4 21 17 6 89644 1
5 9 4 23 62541 1
3 25 0 14 55094 1
0 3 22 22 126527 1
22 0 11 14 86886 1
7 29 17 25 39430 1
7 25 25 24 64739 1
18 8 18 21 51022 1
18 2 12 9 51520 1
4 9 28 29 132504 1
26 14 10 13 73169 1
25 20 8 12 84782 1
13 10 24 6 58777 1
20 21 7 3 92207 1
16 7 8 9 42260 1
3 23 3 9 66562 1
17 9 14 27 62532 1
9 12 28 10 73314 1
21 5 13 14 55293 1
24 6 16 14 59668 1
17 12 9 7 44954 1
2 15 17 26 77940 1
16 6 15 21 57944 1
10 8 15 16 45213 1
25 26 2 5 130832 1
22 22 13 13 60819 1
10 28 25 1 141890 1
15 29 21 6 89417 1
20 2 5 16 89144 1
28 11 27 29 65904 1
25 21 16 23 35353 1
14 0 19 24 91318 1
4 23 24 2 125568 1
0 8 19 16 87496 1
2 24 28 29 92392 1
14 27 8 4 80296 1
1 3 7 24 86915 1
0 16 22 16 85975 1
5 9 19 23 86040 1
14 23 28 7 92681 1
17 23 0 7 102353 1
28 5 13 7 72288 1
17 21 27 3 91608 1
9 4 0 0 49709 1
23 15 10 22 67887 1
9 17 5 26 40787 1
6 11 15 8 41651 1
7 19 2 6 58158 1
10 25 20 16 60110 1
26 24 16 27 41268 1
14 7 7 14 43127 1
14 12 27 14 58182 1
9 14 25 19 74785 1
25 20 20 13 50371 1
15 14 17 2 48421 1
9 5 2 18 64283 1
26 28 0 14 122636 1
14 1 16 23 83324 1
24 21 15 7 78168 1
7 25 26 12 107492 1
25 0 18 27 118976 1
29 17 5 3 122999 1
22 12 5 5 80545 1
13 24 12 1 94851 1
24 2 27 20 72401 1
27 1 15 19 104476 1
7 21 22 0 111058 1
5 19 8 0 64963 1
22 21 0 29 90100 1
8 9 21 19 70845 1
29 19 29 7 53360 1
6 2 24 15 101544 1
11 3 4 23 72099 1
15 1 24 16 88397 1
8 5 18 0 48705 1
26 28 5 19 93602 1
26 26 21 4 97762 1
0 1 10 28 118585 1
22 19 16 12 49982 1
26 23 10 7 100530 1
9 4 0 1 51207 1
18 16 5 28 77186 1
12 24 25 7 103025 1
24 0 4 17 121276 1
22 23 26 5 75793 1
18 15 29 2 88879 1
27 23 20 14 58886 1
6 25 4 4 80539 1
1 21 6 27 37744 1
6 18 15 7 65773 1
3 29 28 5 150729 1
8 17 3 6 41498 1
14 3 26 8 66160 1
23 11 5 19 87490 1
28 3 11 16 99793 1
20 0 18 26 97426 1
10 10 24 1 81246 1
20 0 26 18 88830 1
2 2 9 29 106239 1
21 8 5 16 81921 1
17 12 14 19 35117 1
28 22 23 28 36391 1
20 23 7 24 48091 1
24 13 21 27 58569 1
13 14 23 1 78450 1
2 22 7 7 62301 1
26 10 17 16 52511 1
13 16 25 15 53204 1
20 23 24 15 43025 1
11 2 26 2 60204 1
26 22 6 2 114900 1
3 28 0 8 83485 1
17 23 20 9 54495 1
16 21 2 9 87034 1
16 26 20 13 54813 1
6 11 22 17 69422 1
3 20 20 14 80970 1
8 19 22 26 62603 1
16 3 4 12 68310 1
1 5 12 22 84059 1
3 3 3 25 92504 1
9 26 5 8 69092 1
23 19 0 22 88456 1
1 8 22 23 111194 1
12 6 19 11 45537 1
21 27 4 27 54632 1
23 10 20 17 43786 1
12 16 16 29 59351 1
6 16 5 3 53389 1
25 21 19 25 33076 1
19 26 7 5 95389 1
1 2 9 9 52473 1
7 21 27 16 84565 1
19 22 5 25 55317 1
7 2 24 7 81921 1
3 5 8 29 83925 1
17 11 23 16 42325 1
3 19 15 0 98612 1
2 27 25 16 101311 1
21 22 21 12 51566 1
17 7 28 17 69755 1
26 14 7 15 74267 1
9 10 0 0 63645 1
9 28 13 21 40142 1
29 27 8 16 98931 1
6 29 14 9 82051 1
13 29 9 15 58015 1
11 15 25 1 95158 1
19 14 1 16 64553 1
26 11 15 8 51924 1
27 16 7 4 104242 1
23 18 12 27 69505 1
1 20 27 19 97041 1
3 23 13 2 88298 1
29 12 18 24 72663 1
29 2 8 11 102348 1
21 4 2 24 122370 1
5 3 13 25 93221 1
11 2 21 27 111269 1
18 8 2 0 86705 1
15 5 25 23 94660 1
19 29 15 15 53783 1
29 6 5 4 108840 1
22 6 5 10 76105 1
23 2 12 5 51062 1
6 7 2 23 74113 1
17 24 18 14 32449 1
19 18 10 5 76250 1
22 4 0 9 101225 1
11 23 29 29 74245 1
8 20 10 9 36763 1
0 13 23 23 107512 1
22 7 9 19 86193 1
19 13 5 4 78830 1
0 15 27 5 121359 1
24 21 6 25 68947 1
12 10 21 22 65346 1
25 12 11 16 63883 1
3 22 9 1 70363 1
23 13 9 13 64406 1
14 15 8 4 44182 1
18 4 6 2 51265 1
20 17 19 2 65823 1
27 24 7 4 115883 1
8 21 22 11 74384 1
28 2 17 19 92846 1
1 24 4 8 71224 1
12 15 7 29 61301 1
24 27 1 13 113105 1
16 1 26 17 87713 1
8 27 25 21 66780 1
4 8 17 10 57026 1
25 10 27 1 37514 1
23 11 9 22 79810 1
5 20 13 10 53588 1
10 9 24 25 93220 1
1 29 4 15 62759 1
27 0 4 29 158442 1
25 10 0 5 105757 1
0 19 14 11 73608 1
0 2 27 10 124876 1
6 8 9 15 28919 1
16 23 29 6 98930 1
23 12 24 21 40149 1
1 15 11 26 63463 1
8 23 20 10 76710 1
22 3 14 9 54348 1
16 13 8 21 55477 1
13 3 2 1 53221 1
24 26 25 12 53119 1
18 5 25 17 73528 1
10 12 1 5 51586 1
27 0 6 8 99653 1
27 0 20 6 47135 1
29 25 6 21 89212 1
28 19 15 20 59926 1
1 6 10 2 42174 1
3 13 3 28 75917 1
3 28 13 24 47309 1
26 6 11 7 69602 1
23 1 13 8 65355 1
28 28 25 8 83248 1
20 8 5 21 93510 1
28 12 28 2 41036 1
27 7 29 27 75512 1
1 13 25 11 94165 1
11 17 22 6 72289 1
1 10 19 29 109639 1
15 1 28 27 127518 1
8 26 13 13 62735 1
0 18 28 28 122160 1
10 19 7 1 58932 1
12 5 8 28 82706 1
13 26 13 3 91036 1
3 0 25 28 150652 1
9 28 4 11 67016 1
23 12 14 29 83918 1
25 29 19 21 46713 1
28 7 7 22 115793 1
6 21 13 2 74780 1
22 17 6 0 103124 1
13 0 6 4 44962 1
0 25 13 4 104148 1
22 22 1 6 111216 1
3 26 14 13 76841 1
26 10 1 19 114747 1
20 23 2 13 93410 1
24 9 5 3 96275 1
21 20 26 29 45899 1
26 8 7 11 81974 1
26 16 1 4 125699 1
19 28 2 13 102146 1
11 26 20 13 70475 1
21 22 10 1 103911 1
9 10 7 29 61842 1
15 10 29 23 90810 1
22 11 2 25 107299 1
10 2 25 12 85790 1
22 21 9 23 49819 1
12 10 4 29 81568 1
19 22 28 10 66310 1
28 4 7 11 98002 1
24 22 12 22 35590 1
26 9 1 8 105083 1
17 2 6 23 93286 1
3 14 19 4 89503 1
6 1 20 15 84571 1
21 25 11 9 80363 1
26 8 4 22 115072 1
28 25 29 4 85233 1
13 18 27 28 72939 1
3 2 21 20 117977 1
14 3 5 18 69385 1
4 22 14 1 83786 1
16 6 26 16 73649 1
17 6 9 25 84639 1
13 5 5 7 37727 1
7 19 21 15 62120 1
18 20 7 16 59160 1
17 21 2 1 110761 1
22 18 9 0 101482 1
16 20 26 3 94871 1
25 2 25 23 88059 1
19 7 5 23 94668 1
21 6 1 13 94576 1
12 9 19 22 64774 1
2 12 21 6 88884 1
10 29 14 4 99326 1
0 18 15 11 72664 1
29 22 6 19 82779 1
5 16 4 26 51237 1
20 17 7 8 66700 1
23 14 25 27 49880 1
27 4 8 13 95519 1
28 0 25 24 94545 1
11 4 27 26 123472 1
13 19 17 0 75620 1
16 7 1 26 103666 1
24 9 7 3 86172 1
4 10 27 19 107257 1
10 22 24 0 120693 1
10 23 26 4 116069 1
12 26 0 23 47037 1
17 11 26 13 39869 1
8 9 13 15 30258 1
27 1 1 25 157287 1
18 26 20 2 90585 1
16 27 16 13 52985 1
19 14 29 0 88287 1
16 22 28 2 100455 1
0 2 25 16 135047 1
28 25 20 0 118178 1
1 9 21 29 116858 1
24 19 4 1 123383 1
0 19 9 17 46304 1
22 11 13 18 56541 1
15 29 1 2 125689 1
10 7 6 14 34386 1
29 29 21 7 109433 1
4 21 24 0 134192 1
22 1 29 17 81215 1
12 4 11 17 60152 1
3 3 17 26 110797 1
1 8 25 14 108007 1
3 6 15 3 46828 1
12 28 27 20 69227 1
21 28 28 11 76283 1
23 26 1 5 127528 1
19 7 2 23 106408 1
8 15 23 16 59704 1
5 21 25 19 80961 1
10 28 12 17 52637 1
15 16 29 10 74834 1
19 3 1 1 80840 1
22 24 27 2 86876 1
11 6 5 14 40835 1
0 2 1 20 68569 1
25 28 11 19 71399 1
11 1 25 6 72885 1
18 0 20 24 86965 1
26 17 6 19 83410 1
0 12 6 23 60887 1
2 24 12 20 46143 1
13 23 27 16 64770 1
7 15 4 5 42032 1
5 5 17 3 56124 1
2 29 0 14 66420 1
29 18 0 14 116801 1
19 9 8 2 66854 1
1 27 10 3 91901 1
16 15 25 6 65140 1
11 17 14 10 31474 1
19 1 9 14 75769 1
13 27 16 18 42105 1
26 18 0 23 101321 1
25 5 20 15 62429 1
21 13 8 26 83843 1
0 11 26 13 104362 1
8 15 28 19 87156 1
5 13 18 28 81413 1
1 29 26 9 142390 1
9 8 21 6 58956 1
25 5 28 12 34253 1
14 3 6 7 39228 1
24 4 20 14 55014 1
12 20 9 5 59221 1
7 4 6 17 42279 1
4 20 12 0 89799 1
28 27 18 27 34006 1
3 7 11 5 35716 1
26 3 18 1 39593 1
9 21 3 25 32151 1
26 16 0 25 113860 1
26 27 18 14 69242 1
15 4 0 25 111536 1
5 0 14 17 80956 1
25 21 8 12 83401 1
8 7 18 9 50479 1
6 20 29 5 127538 1
25 17 17 2 78798 1
20 28 13 15 59685 1
15 27 18 10 62426 1
15 2 22 7 42484 1
1 29 28 25 94135 1
19 16 22 8 46440 1
27 23 25 1 84629 1
3 24 27 18 95497 1
14 22 8 26 30805 1
22 23 16 6 75745 1
3 6 28 0 106412 1
29 15 16 18 55098 1
14 9 4 29 90439 1
0 23 29 26 104676 1
27 24 11 26 54143 1
17 13 12 20 43320 1
14 19 19 12 42471 1
28 8 19 4 52330 1
10 8 5 21 55172 1
21 10 2 1 98492 1
16 14 4 2 77463 1
8 2 29 29 137702 1
1 19 10 21 39261 1
4 18 17 10 68147 1
21 7 1 18 105750 1
13 7 14 24 66510 1
13 27 25 18 65955 1
0 14 17 1 95981 1
11 15 2 25 60623 1
22 13 0 15 87155 1
11 14 24 23 73123 1
16 14 12 29 62520 1
16 8 11 23 70700 1
4 5 9 0 37515 1
0 13 0 26 57250 1
29 20 15 21 53662 1
5 8 10 0 43009 1
9 7 23 5 63392 1
5 1 28 29 148240 1
20 23 8 2 93679 1
22 7 25 24 78404 1
8 23 17 24 33946 1
17 19 26 5 80693 1
22 22 13 28 43227 1
14 5 26 22 92665 1
26 0 2 24 150467 1
7 13 25 1 103875 1
6 18 6 28 47012 1
13 0 7 10 52502 1
11 2 10 22 68857 1
3 14 5 4 55129 1
16 9 1 24 90473 1
6 26 19 19 64964 1
27 23 1 1 147525 1
27 3 1 14 129625 1
12 25 29 26 59127 1
20 18 2 27 81545 1
24 16 9 2 100692 1
4 12 0 26 66179 1
28 26 10 3 129928 1
14 22 21 16 39336 1
1 3 9 20 74236 1
15 22 10 28 38640 1
4 3 5 16 61684 1
11 11 28 14 73663 1
16 9 11 29 82071 1
5 18 26 15 88825 1
6 22 4 11 49093 1
28 26 29 6 82242 1
11 5 2 21 76526 1
26 2 25 13 48766 1
10 19 29 1 127413 1
24 25 7 15 81655 1
19 11 22 4 37621 1
7 23 9 5 55322 1
5 4 17 25 95460 1
11 5 12 19 65366 1
1 0 1 21 72881 1
20 8 19 22 65041 1
5 29 25 7 134526 1
27 2 17 13 72016 1
14 25 4 15 63413 1
27 20 0 9 125973 1
27 20 19 15 50277 1
28 16 27 3 46939 1
15 7 0 11 69267 1
18 12 12 22 49795 1
8 2 11 16 45720 1
14 29 26 25 46420 1
17 0 13 21 80155 1
10 12 18 19 47895 1
14 0 3 11 69831 1
15 17 26 21 52303 1
24 2 10 6 69525 1
3 1 20 27 131323 1
24 3 0 5 106092 1
23 19 23 2 74294 1
23 28 29 11 75033 1
26 6 2 17 124587 1
0 4 28 9 121518 1
22 0 19 8 43263 1
1 22 20 17 75131 1
26 17 16 2 84324 1
9 28 28 1 140793 1
9 6 28 10 85417 1
0 10 22 7 93301 1
29 6 4 22 131273 1
18 7 24 24 83112 1
23 16 12 8 71614 1
3 22 27 27 87908 1
20 7 10 19 76684 1
11 8 25 29 107705 1
25 29 13 7 108627 1
5 2 9 15 48000 1
1 20 7 25 35846 1
20 8 18 27 76609 1
6 6 21 10 61368 1
6 21 25 23 70061 1
18 1 1 10 86864 1
12 10 6 4 36405 1
8 3 1 11 45880 1
18 1 13 22 79957 1
2 29 18 2 130738 1
11 29 13 14 66372 1
4 10 21 21 89189 1
11 5 5 12 42350 1
20 27 22 7 92911 1
10 29 18 9 84923 1
14 4 21 26 89562 1
6 19 6 1 67002 1
0 0 1 26 96345 1
23 3 14 7 50509 1
0 29 5 15 68644 1
15 27 28 12 88132 1
10 5 3 8 37370 1
15 13 2 26 86746 1
27 23 5 24 81033 1
16 10 14 25 59191 1
2 25 22 27 70299 1
18 3 8 14 66224 1
1 19 16 16 72593 1
20 9 25 18 51824 1
29 25 16 6 105890 1
25 22 15 0 100358 1
15 5 20 20 71233 1
20 0 11 8 63703 1
4 0 2 13 59014 1
5 15 11 10 31578 1
29 7 18 12 60241 1
29 17 22 9 52333 1
20 26 9 22 46182 1
15 7 6 0 61954 1
5 10 22 9 66191 1
23 20 14 8 73985 1
2 15 14 2 71582 1
22 11 26 22 53214 1
20 5 9 2 53290 1
26 19 21 6 70009 1
16 15 29 28 80662 1
22 12 25 2 51234 1
26 26 6 14 96131 1
3 28 13 29 38678 1
0 5 13 11 65315 1
14 7 20 25 74654 1
14 1 0 10 72194 1
19 28 12 2 104543 1
21 6 21 26 88853 1
25 13 11 13 65598 1
20 7 25 2 38647 1
28 5 0 12 126286 1
22 25 29 4 88968 1
17 25 22 15 49723 1
24 14 6 29 99408 1
2 23 23 9 112951 1
3 8 12 3 46584 1
4 18 27 12 104225 1
2 23 8 12 49561 1
1 23 29 15 111349 1
12 19 19 15 44556 1
8 28 27 11 107161 1
0 10 5 24 63090 1
19 7 3 10 74038 1
7 14 27 24 92308 1
1 8 24 27 127310 1
