7492 7420 7544 7302 7488 7464 7267 7477 7357 7466 7434 7369 7423 7331 7296 7406 7283 7265 7329 7490 7378 7458 7449 7316 7311 7285 7396 7392 7275
7786 7768 2739 2806 2669 2765 2820 2821 2676 2672 2677 2859 2644 2734 2695 2754 2765 2799 2788 2616 2703 2882 2743 2695 2709 2632 2640 2832 2690
8157 8094 8137 8001 8210 8200 8175 7969 8141 8100 8179 8114 8212 8200 8198 8059 8227 8006 8042 8134 8199 7937 7961 2947 2753 2813 2791 3027 2923
1276 1254 1495 1527 1474 1534 1503 1350 1425 1503 1411 1354 1404 1408 1343 1587 1408 1565 1519 1599 1620 1559 1571 1522 1592 1617 1599 1550 1428
6321 6376 6222 6159 6266 6193 6144 6216 6394 6416 5089 4946 5079 4894 4979 5124 5070 5000 5137 4968 4877 5092 4842 4880 5084 4940 4905 4923 5039
7688 7866 5873 5803 5596 5622 5806 5842 5874 5854 5755 5592 5801 5787 5709 5783 5707 5600 5703 5804 5769 5766 5880 5687 5675 5586 5682 5627 5659
5603 5629 5501 5571 5488 5400 5622 5545 5634 5441 5609 5434 5414 5497 5477 5465 5519 2290 2055 2010 2147 2234 2216 2115 2066 2022 2240 2026 2268
1858 1837 1750 1781 2009 2019 1652 1762 1629 1572 1577 1769 1712 1750 1648 1627 1700 1663 1677 1538 1681 1513 1677 1760 1547 1732 1576 1773 1711
8312 8137 8167 8207 8290 8275 8205 8411 8226 8315 8419 8306 1640 1820 1747 1665 1748 1726 1733 1848 1706 1922 1852 1789 1656 1884 1798 1737 1803
2255 2155 2112 2311 6320 6114 6255 6199 6237 6114 6320 6267 6161 6130 6142 6140 6277 6338 6225 6311 6161 6234 6262 6221 6120 6140 6326 6125 6174
8891 8832 8785 8899 8910 8895 8764 6368 6418 6633 6510 6461 6411 6559 6573 6370 6562 6497 6487 6381 6365 6531 6487 6466 6554 6580 6444 6626 6611
8694 8589 8755 8574 8641 8569 8794 8732 8744 8651 8670 8561 8744 8636 8707 8825 4708 4690 4721 4754 4695 4700 4689 4894 4791 4817 4707 4788 4721
3593 3734 3591 3847 3652 3865 3836 7806 7837 7681 7620 7835 7908 7681 7781 7873 7863 7713 7723 7688 7667 7807 7629 7758 7693 7783 7786 7869 7655
2757 2820 7664 7745 7585 7738 7811 7789 7691 7705 7681 7711 7701 7841 7657 7706 7803 7796 7747 7733 7747 7646 7641 7863 7657 7685 7660 7817 7742
7392 7272 7304 7344 7310 7205 7357 7301 7297 7270 7403 7154 2211 2244 2278 2280 2043 2095 2278 2244 2278 2102 2295 2071 2071 2075 2128 2045 2061
2036 2255 2142 2080 2237 2072 2070 2160 2096 1990 2217 1981 2201 2149 1993 2002 2052 2198 2151 2071 2225 2268 2118 3389 3426 3273 3469 3459 3278
3926 3905 4030 4016 4010 4000 4032 3972 3959 3887 3970 3972 3904 3994 3927 4008 3828 3890 3882 3906 3767 3995 1189 1246 1325 1386 1253 1146 1328
7745 7754 7743 7896 2797 2824 2857 2659 2780 2657 2683 2744 2789 2708 2701 2904 2890 2842 2717 2665 2880 2676 2712 2695 2893 2625 2673 2893 2627
3879 3987 3778 3995 4004 3848 4029 3806 3833 3971 3770 3900 3809 3933 4056 3956 3877 3974 3802 3892 3985 4030 3991 4015 1694 1703 1797 1873 1715
8517 8395 8539 5543 5503 5516 5472 5584 5529 5663 5625 5680 5563 5461 5710 5672 5563 5714 5634 5635 5442 5684 5453 5532 5488 5677 5689 5580 5538
5938 6000 5841 5803 5895 6086 6018 5870 6095 5962 6061 5942 6070 6005 5965 5968 6027 7545 7418 7416 7475 7563 7449 7606 7580 7520 7475 7463 7537
2685 2879 2771 2831 2761 2609 2679 2876 2627 2888 2745 2645 2834 2752 2749 2847 2650 5228 5008 5064 5148 5037 5226 5258 5088 5024 5135 5292 5150
2852 2848 2976 2694 3809 3747 3832 3796 3767 3726 3753 3600 3797 3746 3612 3589 3573 3824 3650 3594 3643 3793 3612 3763 3656 3581 3655 3817 3751
6796 6624 6749 6597 6787 6672 6533 6689 6622 6534 6669 6525 6549 6620 6648 6797 6517 6560 6717 6808 6760 6737 6734 6733 3346 3300 3535 3467 3336
2920 2871 2648 2751 2689 2630 5129 5260 5074 5271 5350 5116 5191 5227 5186 5337 5256 5155 5324 5294 5322 5267 5181 5335 5334 5362 5257 5081 5242
4388 4549 4470 4294 4531 4311 4307 4508 4403 4519 4896 5046 5087 4872 4934 4903 4932 5084 4996 4949 4845 4986 4880 4958 4953 4977 5009 4863 4905
8304 8194 8339 8422 8304 8433 8379 7981 7975 7954 7989 7804 7994 7852 7965 7909 8044 7940 8054 8071 7889 8005 7815 7871 7896 7953 8072 7804 8009
2904 3013 2843 2809 2822 2765 2896 2877 2846 2957 2859 2833 2990 2916 2745 2835 2962 2961 2867 5710 5793 5824 5834 5775 5840 5644 5609 5660 5874
6981 7027 6884 7020 6788 6772 6876 6936 6849 6947 6821 7030 3436 3334 3347 3498 3448 3352 3390 3253 3322 3499 3449 3404 3324 3442 3324 3454 3534
6522 6553 6712 6494 6434 6620 6571 6634 6616 6566 6666 6642 6686 6562 6542 6622 6449 6475 6682 3586 3669 3566 3440 3597 3447 3510 3405 3434 3547
4008 6843 8941 5787 3506 3875 3089 8288 3823 1230 4106 3737 4059 2571 1219 3578 6759 6582 1345 7060 1467 2529 6677 2346 2664 6181 6990 8229 7776 1561
4238 6892 8946 5794 3475 3985 3128 8116 4007 1378 4243 7928 4247 2673 1266 3700 6892 6621 1415 7245 1514 2553 6757 2287 2550 6416 6922 8190 7716 1400
4232 6922 8893 5576 3504 4062 3065 8245 3857 1463 4042 7920 4056 2791 1229 3676 6916 6579 1333 7023 1410 2600 6849 2292 2598 6205 6935 8167 7682 1546
4012 6980 8822 5664 3742 4097 3033 8230 4027 7337 4016 7951 4285 2671 1229 3457 6651 6578 2052 7119 1294 2489 6805 2416 2751 6430 6835 8308 5447 1618
4060 7014 8890 5699 3527 4112 3126 8299 3872 7361 4288 7816 4149 2562 1338 3651 6776 6529 2184 7285 1513 2524 6846 2519 2535 6315 6901 7341 5307 1363
4076 6895 8770 5610 3581 4108 3157 8192 3786 7298 4092 7708 4214 2625 1091 3701 6805 2129 2174 7205 8470 2662 6826 2318 2677 6295 6845 7180 5569 1609
4235 6768 8858 5734 3556 3929 3181 8121 3998 7557 4018 7759 4182 2594 1275 3568 6815 2252 2000 7120 8329 2666 6896 2538 2611 6243 6818 7258 5543 4765
4271 6877 8862 5611 3604 3954 2993 8125 4060 7475 4026 7983 4177 2784 1100 3639 6862 2300 2085 7053 8324 2374 6679 2432 2513 6286 6909 7216 5447 4676
4206 7048 8821 5746 3486 3963 3050 8272 3925 7410 4092 7728 4256 6646 1331 3519 6895 2324 2050 7026 8304 2456 6878 2388 2584 6277 5277 7293 5431 4699
4155 6872 8795 5705 3749 3994 3071 8192 4077 7551 4145 7836 4310 6508 1239 3465 6658 2228 2088 7194 8411 2588 6750 2277 2520 6418 5347 7267 5475 4794
4022 6931 8805 5586 3598 4077 2985 8060 4058 7287 4278 7959 4181 6651 1239 3537 6707 2311 1923 7175 8341 2501 7259 2513 2702 6372 5416 7328 5391 4739
4224 6954 8874 5768 3622 4117 3149 8281 3010 7411 4188 7922 4025 6569 1201 3559 6864 2249 2063 7124 8436 2667 7411 2468 2479 6364 5383 7202 5365 4658
4104 6948 8714 5644 3629 3902 3086 8234 3111 7487 4082 7720 4274 6575 1258 3578 6766 2072 2031 7154 8392 2612 7342 2390 2507 6413 5387 7071 5371 4730
4288 7061 8749 5623 3712 3955 2916 8319 3145 7324 4212 7873 4086 6619 1077 3665 6862 2091 1983 7114 8369 1289 7452 2346 2752 6389 5456 7274 5542 4698
4280 6807 6417 5661 3577 3952 3127 8085 3123 7270 4028 7842 4062 6599 1071 3532 6717 2109 2184 7188 8432 1342 7311 2475 2516 6182 5302 7319 5563 4652
4027 6791 6599 5551 3724 4078 3115 8119 3084 7402 4221 7932 4200 6431 1305 3539 6910 2274 2120 7223 8479 1231 7234 2407 2730 6375 5477 7311 5551 4832
4290 6782 6443 5618 3552 3901 3036 8266 3144 7384 4045 7948 4112 6519 1105 3578 6656 2310 2160 7088 8344 1215 7301 2488 2580 6407 5522 7129 5558 4711
7200 2113 6635 5724 3580 4062 2956 8104 2992 7477 4017 7999 4167 6477 1191 3503 6883 2338 2173 3672 8448 1250 7481 2520 2686 6290 5298 7086 5308 4789
7450 1910 6442 5726 3546 8287 5587 8328 3170 7283 4023 7742 4145 6567 1174 3540 6882 2262 2007 3578 8313 1131 7251 2304 2716 3308 5325 7199 5366 4658
7206 2138 6445 5605 3681 8422 5498 8225 3108 7276 4202 7934 4086 6637 1298 3645 6708 2151 2214 3570 8464 1059 7237 2478 2700 3454 5517 7167 5562 4914
7198 2132 6495 5736 3658 8409 5522 8280 3214 7344 4216 7716 4199 6393 1285 3547 6892 2141 2204 3478 8453 1061 7223 2279 2653 3435 5451 7077 5405 4763
7454 1985 6411 5759 3731 8297 5533 8232 3011 7333 4192 7711 4116 6556 1130 3675 6657 2121 2037 3670 8484 1287 7437 2558 2576 3568 5495 7170 5379 4730
7282 2093 6529 1315 3761 8260 5630 8249 2990 7378 4165 7759 4118 6529 1148 6291 2435 2136 2127 3499 8220 1113 7495 2488 2570 3388 5344 7157 5298 4833
7214 1928 6592 1337 3476 8306 5437 8204 3153 7290 6464 7915 4116 6372 1242 6238 2417 2297 2126 3640 8192 1216 7245 2273 2722 3321 5403 7172 5423 4748
7346 1925 6411 1378 5468 8274 5531 8132 3255 7329 6465 7885 4292 6417 1297 6171 2217 2289 1932 3718 8425 1301 7405 2372 4555 3319 5482 7082 5544 4921
7364 2111 6402 1349 5360 8273 5466 8091 3189 7546 6372 7718 4857 6491 1249 6289 2384 2117 1955 3650 8372 1081 7482 2448 4630 3503 5442 7315 5424 4665
7457 1942 6565 1360 5576 8423 5652 5195 2999 7458 6396 7977 4997 6532 3628 6293 2259 2133 1947 3446 8273 1288 7282 6840 4607 3314 5317 7336 5369 4793
7439 2003 6527 1252 5638 8529 5506 5015 3208 7343 6298 7919 4807 6397 3605 6100 2254 2288 2202 3557 8348 1120 7251 6790 4564 3405 5259 7147 5460 4869
7286 2094 6422 1244 5643 8274 5607 4901 3124 7280 6365 7877 4800 6509 3622 6094 2450 2134 2022 3458 8405 1288 7388 6813 4615 3319 5430 7112 5531 4771
27 20 8 20 37187 1
4 23 27 21 42627 1
28 22 4 7 66078 1
23 5 9 25 80580 1
22 4 19 22 63708 1
23 26 4 24 56253 1
20 0 11 7 57530 1
12 29 20 6 77236 1
8 10 11 25 42267 1
16 0 16 10 29386 1
20 13 8 3 46437 1
21 3 7 14 47121 1
20 16 7 19 35837 1
6 26 20 28 53263 1
1 28 4 8 41247 1
19 20 25 25 32256 1
12 0 1 14 52983 1
26 16 19 0 65722 1
15 0 27 19 61108 1
20 0 8 20 70208 1
12 7 21 4 39015 1
21 16 23 0 52367 1
5 5 10 11 35444 1
10 26 5 18 30645 1
29 3 4 5 80255 1
18 11 27 25 62369 1
5 2 17 12 53687 1
7 1 14 5 34936 1
12 22 14 10 40318 1
7 4 11 10 27184 1
0 26 15 13 49370 1
26 3 18 28 81264 1
23 4 2 11 68801 1
12 8 13 23 44790 1
24 25 29 18 37894 1
15 24 27 9 54074 1
24 20 29 8 51688 1
22 3 13 6 38518 1
2 5 18 11 46646 1
27 9 18 28 66293 1
21 1 7 21 64305 1
27 14 14 8 32809 1
14 18 17 25 21276 1
2 21 13 7 54381 1
7 2 21 28 81517 1
24 5 12 3 50163 1
24 28 25 6 95602 1
3 17 23 22 48424 1
29 19 1 15 57244 1
23 18 9 13 36891 1
0 4 22 6 73788 1
6 27 7 0 50100 1
2 9 25 23 59414 1
3 21 14 4 49840 1
13 6 25 11 50087 1
23 8 12 18 43631 1
21 13 10 13 22515 1
19 12 21 3 32946 1
1 9 21 29 75106 1
24 19 10 27 58195 1
26 29 13 7 93828 1
0 26 18 17 60190 1
16 25 28 8 61339 1
13 2 22 13 52795 1
3 26 17 21 37987 1
8 18 29 29 64867 1
18 2 25 16 58453 1
5 29 14 22 35582 1
12 12 27 12 36844 1
24 12 16 22 41214 1
24 12 7 2 51794 1
28 9 13 18 50700 1
1 27 2 12 35290 1
24 11 12 5 56270 1
3 9 27 19 52951 1
18 11 11 19 35808 1
8 29 16 14 36335 1
23 13 9 2 54736 1
14 21 3 5 41766 1
24 13 0 25 59885 1
27 8 14 4 49425 1
19 15 6 20 32704 1
29 2 2 12 78463 1
27 17 17 27 44309 1
26 21 15 20 15170 1
18 5 8 9 49850 1
2 25 27 7 72423 1
10 12 22 6 53304 1
15 14 0 25 43780 1
21 11 4 19 43130 1
7 18 12 1 53320 1
12 20 29 29 57497 1
5 25 17 27 45037 1
20 19 11 1 75865 1
14 8 28 7 48324 1
15 28 5 23 37623 1
4 24 27 13 52461 1
28 19 26 10 35089 1
20 17 2 27 58079 1
3 0 22 14 42855 1
12 19 23 19 35985 1
12 10 24 27 74820 1
26 8 5 27 79571 1
9 3 24 2 57664 1
17 4 26 23 67319 1
25 8 25 27 80511 1
27 19 29 8 38103 1
1 0 18 29 79238 1
22 5 5 5 68023 1
25 15 5 9 47397 1
3 15 20 8 42855 1
23 19 28 3 59002 1
5 1 25 28 107180 1
26 22 3 25 54874 1
6 0 21 14 45786 1
4 24 25 28 74222 1
23 7 21 24 68003 1
5 8 7 26 37556 1
15 0 10 14 35532 1
18 14 19 4 35815 1
11 28 13 0 85353 1
12 7 4 17 48356 1
19 15 12 4 42576 1
0 22 27 6 78882 1
2 3 13 25 65271 1
16 26 22 0 73156 1
17 21 16 0 50851 1
9 1 5 9 34768 1
4 15 16 9 34855 1
4 2 13 13 46352 1
22 20 11 14 31176 1
14 5 20 1 32400 1
5 9 21 5 62301 1
17 10 19 21 32853 1
29 22 1 16 57292 1
7 27 27 15 50652 1
22 4 20 16 43411 1
10 5 16 29 65660 1
22 5 1 4 74029 1
17 16 14 8 23772 1
4 6 6 15 23526 1
1 14 16 14 18249 1
17 14 23 8 27440 1
25 12 7 28 54762 1
9 0 2 7 41976 1
27 22 2 1 74762 1
9 25 24 14 44963 1
2 8 10 27 56029 1
28 28 11 29 71525 1
27 16 13 11 39955 1
18 9 28 6 43201 1
23 29 1 18 72479 1
2 12 13 2 61878 1
24 1 25 19 61577 1
15 12 2 18 26035 1
2 15 23 17 39329 1
24 24 17 2 77823 1
26 29 12 21 57688 1
15 27 5 13 49120 1
4 26 26 27 86918 1
7 17 21 24 45024 1
16 26 23 17 32991 1
15 11 3 6 32138 1
19 14 2 25 39868 1
0 17 23 10 58401 1
15 10 27 16 31180 1
1 18 7 10 20392 1
28 8 17 7 36948 1
17 3 13 28 70785 1
0 26 11 14 42614 1
9 29 22 3 80928 1
26 16 4 21 51975 1
8 27 1 0 57495 1
2 10 29 4 80996 1
21 7 7 8 46250 1
10 9 19 29 76279 1
8 18 25 3 60531 1
15 27 7 25 32288 1
17 21 24 1 66399 1
3 14 13 17 22070 1
25 18 12 9 56285 1
6 29 6 4 50595 1
6 2 24 15 55420 1
2 1 15 24 62480 1
7 20 15 28 37638 1
11 27 27 6 84781 1
26 9 16 29 67856 1
24 0 14 15 55530 1
25 14 12 23 37342 1
24 24 5 4 73490 1
2 3 13 12 43388 1
28 9 24 17 36979 1
16 24 23 10 49044 1
26 2 17 20 69226 1
26 18 14 0 63655 1
14 25 12 13 34051 1
1 18 28 10 58048 1
7 26 26 27 72350 1
17 10 11 4 34744 1
3 18 3 2 23291 1
25 6 1 6 77073 1
21 8 3 10 43875 1
25 12 3 4 50949 1
1 29 15 26 47912 1
8 19 26 17 42511 1
12 1 0 2 65102 1
14 15 24 6 46741 1
10 13 6 26 33412 1
24 28 12 25 55750 1
21 23 20 5 68105 1
8 21 11 9 45273 1
5 4 0 13 28262 1
10 11 18 2 58552 1
0 9 25 6 70673 1
17 29 1 27 58155 1
27 17 20 3 54219 1
27 21 22 10 46245 1
12 19 25 11 48684 1
28 27 14 12 56013 1
2 12 9 8 29795 1
26 4 13 11 68712 1
20 29 25 2 95672 1
16 6 11 29 66947 1
26 23 4 19 58038 1
0 9 23 21 49639 1
29 21 26 14 28586 1
0 21 7 10 28918 1
6 21 2 1 43880 1
19 21 25 29 43798 1
8 23 17 22 24351 1
22 9 26 2 35363 1
15 20 13 1 53478 1
10 13 27 21 41330 1
17 17 16 26 21460 1
5 19 29 21 48498 1
11 3 17 10 40737 1
22 16 26 7 41238 1
28 16 20 29 58795 1
3 3 13 7 43177 1
19 12 16 25 39166 1
14 6 24 21 45246 1
23 27 29 20 35995 1
18 27 18 14 36414 1
7 23 17 26 31040 1
28 12 16 10 39986 1
5 2 23 9 79005 1
4 13 1 25 27229 1
27 1 27 12 31520 1
9 3 18 11 51611 1
1 18 28 22 52375 1
18 10 27 25 64477 1
2 28 17 28 56134 1
15 15 24 6 45385 1
10 7 26 4 70186 1
5 1 2 26 56093 1
5 3 18 3 56768 1
27 15 18 0 58395 1
24 21 14 17 20800 1
16 26 16 6 45043 1
28 27 12 7 80306 1
26 8 6 26 70151 1
20 19 28 24 31856 1
10 25 29 17 55608 1
29 16 18 14 23735 1
2 0 8 4 27794 1
26 25 22 1 88198 1
25 5 6 8 72907 1
11 27 19 23 35857 1
0 4 19 8 64233 1
2 28 26 3 88575 1
23 5 18 16 50906 1
25 18 2 19 54459 1
22 19 8 1 64411 1
23 21 8 7 53451 1
4 1 9 17 39139 1
11 29 9 21 31129 1
9 0 21 25 82180 1
17 5 28 28 79780 1
5 5 15 22 49955 1
24 3 16 13 46540 1
26 29 3 20 82235 1
23 22 27 8 53814 1
20 6 8 10 55210 1
9 5 23 27 79720 1
14 8 21 24 51445 1
22 16 13 5 42532 1
10 3 19 15 52558 1
18 4 8 18 47331 1
2 17 21 6 54770 1
11 3 24 28 97441 1
17 22 18 8 41577 1
27 4 29 14 35988 1
27 17 1 4 61388 1
4 28 12 10 59568 1
26 15 9 25 55474 1
7 0 1 7 32764 1
9 2 5 14 31330 1
25 16 1 3 60612 1
23 27 22 11 60547 1
10 0 26 16 71221 1
27 27 10 25 67746 1
28 21 16 23 19306 1
12 17 20 9 40347 1
14 2 9 11 54211 1
23 10 29 24 63186 1
11 5 20 18 52894 1
19 0 7 28 85281 1
14 19 24 17 26512 1
1 25 15 15 39592 1
9 5 27 4 63948 1
29 26 20 19 40352 1
19 13 28 15 24690 1
20 15 13 28 48401 1
9 14 6 28 29880 1
21 14 11 4 43071 1
25 16 6 9 47465 1
2 2 12 23 57907 1
11 7 21 5 47997 1
26 0 0 1 111277 1
19 5 4 25 74651 1
20 10 8 23 46913 1
1 3 25 10 70676 1
12 28 18 18 39923 1
13 19 3 24 37787 1
13 9 0 10 55641 1
1 26 22 17 57956 1
11 4 7 25 49919 1
20 12 20 28 62757 1
8 19 25 21 30873 1
25 29 28 0 111837 1
26 24 14 27 41908 1
2 15 0 23 23029 1
26 0 22 27 100521 1
9 6 21 28 80001 1
1 15 22 5 57874 1
28 10 8 16 46776 1
12 25 15 12 39804 1
12 5 27 25 76984 1
18 6 22 19 47622 1
12 29 21 8 66159 1
22 3 4 26 80985 1
8 13 4 20 18168 1
20 26 2 3 77776 1
19 21 6 26 34305 1
11 28 10 15 46345 1
11 0 2 5 43822 1
19 13 5 2 56016 1
18 6 18 23 51017 1
1 20 17 5 52233 1
3 24 2 10 24912 1
8 22 18 18 27984 1
12 24 0 4 58905 1
24 20 3 24 48217 1
10 0 18 10 53652 1
12 27 27 29 76081 1
19 24 1 5 65100 1
21 5 8 23 56376 1
20 19 4 21 44402 1
20 12 0 28 66453 1
18 12 1 12 33665 1
12 9 3 28 61802 1
24 2 4 0 77826 1
10 22 16 14 32939 1
28 18 14 0 64723 1
13 21 25 6 62396 1
22 3 24 22 66515 1
29 17 20 7 48233 1
11 16 19 18 23859 1
4 15 14 29 49472 1
24 20 17 4 59026 1
21 10 25 18 31352 1
27 29 8 17 69658 1
25 11 13 16 39671 1
7 29 21 10 52673 1
16 12 19 26 44891 1
6 2 25 22 70898 1
12 4 17 14 34501 1
14 11 4 4 43095 1
17 20 1 9 42277 1
29 21 6 26 46119 1
18 4 28 29 89504 1
29 7 19 24 77581 1
29 11 9 15 52096 1
22 7 8 9 56027 1
14 19 15 4 33218 1
23 23 4 10 56861 1
29 15 15 24 48965 1
25 4 1 17 74681 1
13 14 14 5 25036 1
1 7 14 29 61140 1
8 18 26 5 66716 1
19 8 15 22 41893 1
18 10 8 10 37701 1
9 2 4 15 37647 1
23 5 21 25 82607 1
2 23 3 6 27421 1
21 28 5 4 85123 1
21 23 6 25 40202 1
21 23 1 17 53532 1
29 19 21 5 54902 1
17 6 26 18 49156 1
16 7 27 17 45284 1
13 3 19 11 47233 1
13 19 12 1 62422 1
29 0 10 2 83309 1
15 20 2 1 52480 1
0 7 24 21 63410 1
21 18 10 16 32442 1
27 1 2 2 94524 1
14 25 27 8 59026 1
3 11 20 8 45678 1
25 5 1 20 75778 1
27 24 16 1 79402 1
24 14 5 3 50785 1
19 24 20 1 75722 1
29 15 5 7 63249 1
9 6 6 26 42649 1
12 12 14 21 28311 1
0 15 23 28 73529 1
22 8 7 14 36376 1
11 1 8 10 42140 1
8 15 22 1 55403 1
14 18 7 24 24069 1
4 17 28 7 67710 1
21 7 24 19 43135 1
26 19 4 22 56081 1
17 25 28 4 79277 1
17 17 0 0 57476 1
24 20 7 12 43555 1
3 17 0 0 36734 1
8 0 29 24 80400 1
11 7 6 16 44406 1
17 15 5 7 38262 1
19 16 23 25 43771 1
20 25 1 11 61256 1
7 16 9 6 22741 1
15 19 23 0 64525 1
20 25 26 5 86978 1
11 12 9 22 37070 1
12 14 25 12 25540 1
15 25 2 26 42737 1
12 20 8 7 51048 1
21 7 18 28 61411 1
14 22 1 19 36090 1
13 14 0 19 29626 1
27 25 8 3 81485 1
28 11 14 11 46390 1
23 27 16 20 34689 1
24 7 0 17 69973 1
22 1 20 18 53560 1
2 20 13 11 40061 1
0 16 15 11 35483 1
20 4 25 15 40825 1
5 27 26 27 85190 1
14 17 28 8 45333 1
17 26 0 10 61599 1
18 29 26 9 75466 1
0 24 22 3 78753 1
20 18 13 14 21067 1
3 22 16 10 39418 1
17 22 10 11 45091 1
8 14 23 25 48426 1
14 23 13 5 47274 1
27 29 24 18 50300 1
26 12 21 22 48016 1
22 5 4 26 78021 1
17 20 29 24 27678 1
9 21 28 2 79119 1
1 28 10 6 56185 1
29 19 7 20 43406 1
8 11 15 15 22175 1
1 10 9 4 33406 1
15 7 26 9 44445 1
22 8 18 19 41762 1
3 6 25 17 50254 1
13 22 28 19 32205 1
17 17 22 29 46520 1
19 7 12 22 58259 1
23 25 17 15 39770 1
19 25 5 13 49106 1
1 10 6 24 35732 1
21 12 7 22 35507 1
18 27 0 18 52989 1
23 3 4 29 81660 1
25 12 14 21 38168 1
3 4 28 26 75978 1
8 15 16 11 22685 1
27 0 17 20 71007 1
1 13 3 24 20522 1
25 19 11 17 36787 1
24 28 0 22 83925 1
28 3 16 25 72868 1
16 21 24 25 27408 1
27 17 14 13 28909 1
12 22 8 13 32012 1
4 21 27 13 47547 1
16 5 1 6 49217 1
28 25 23 19 31531 1
22 11 29 24 55268 1
16 11 2 1 52535 1
16 22 18 12 31261 1
7 20 28 19 41438 1
0 1 8 19 53951 1
2 9 24 24 62378 1
27 24 8 25 52943 1
27 9 20 23 57586 1
12 24 17 16 29188 1
19 26 10 12 55157 1
0 25 11 2 80828 1
11 6 24 28 84877 1
17 12 4 22 40578 1
27 29 9 12 78476 1
24 8 7 19 50834 1
27 23 2 14 56261 1
2 8 13 19 43183 1
29 6 28 29 85387 1
2 25 25 8 71351 1
6 24 5 3 49486 1
20 10 29 1 43773 1
0 19 9 12 31074 1
9 19 15 6 40441 1
24 22 0 19 57501 1
5 21 24 29 66861 1
12 4 22 19 57290 1
28 27 27 13 47028 1
14 0 22 24 68060 1
26 4 1 28 94553 1
14 28 28 23 38430 1
22 22 11 25 32366 1
0 13 11 19 31501 1
29 29 10 3 101352 1
2 29 21 18 56417 1
15 11 26 14 19755 1
29 18 13 26 44752 1
22 11 25 22 45244 1
27 17 12 8 47607 1
9 29 8 8 46482 1
21 16 15 29 41561 1
29 5 5 27 100078 1
2 19 6 2 49218 1
9 29 1 18 37042 1
28 22 11 22 31462 1
13 17 9 5 40496 1
9 2 27 15 58277 1
23 3 1 1 89419 1
10 19 3 22 27417 1
13 2 27 21 69486 1
17 9 8 0 52473 1
2 4 21 18 53151 1
27 15 13 28 56160 1
19 8 8 19 41968 1
9 28 25 14 50833 1
10 0 1 11 48851 1
9 4 10 17 35353 1
2 15 9 5 33311 1
0 20 14 7 50740 1
12 28 26 14 55158 1
13 27 7 20 37304 1
13 23 0 8 50436 1
2 12 29 13 51817 1
5 17 27 19 50294 1
15 17 8 26 30732 1
20 21 15 3 43831 1
10 26 1 18 37629 1
0 10 2 20 27130 1
29 18 19 26 44385 1
26 6 6 18 64032 1
29 24 12 16 49507 1
0 6 22 7 65745 1
5 17 12 0 54911 1
12 18 5 15 22468 1
0 4 9 18 39820 1
15 18 4 2 48904 1
1 16 19 22 47596 1
7 11 2 3 30800 1
7 26 21 12 42223 1
3 15 18 26 46808 1
18 0 27 26 97625 1
3 7 8 25 35280 1
16 0 4 20 58477 1
13 3 0 5 55352 1
14 5 23 0 45406 1
7 23 20 14 30313 1
12 14 21 5 35419 1
28 0 13 15 69792 1
2 29 1 13 29854 1
22 27 11 2 93389 1
4 16 19 10 44697 1
21 27 15 2 75064 1
5 24 21 18 44419 1
25 5 12 23 74551 1
27 8 7 1 66788 1
23 12 1 14 37093 1
0 17 24 12 53006 1
27 13 21 7 31977 1
20 16 27 5 47897 1
9 9 29 28 86288 1
11 2 25 11 75583 1
1 19 28 19 57258 1
19 21 28 0 80606 1
17 6 22 22 49734 1
17 7 6 4 40969 1
27 13 7 27 50823 1
17 26 8 15 40614 1
3 10 21 13 30136 1
19 16 5 26 55701 1
14 15 27 11 29140 1
1 19 7 12 19834 1
29 29 29 15 55071 1
4 17 15 13 27514 1
27 18 23 7 48189 1
18 21 24 16 27674 1
25 14 16 21 28098 1
0 12 10 5 44218 1
15 28 6 17 44602 1
9 21 27 13 43013 1
5 11 21 3 64571 1
17 5 12 16 44304 1
0 28 18 13 56844 1
21 18 20 29 45983 1
19 15 9 9 41041 1
7 11 18 5 44566 1
24 19 12 11 52847 1
14 4 24 28 80485 1
3 28 20 10 58650 1
18 24 27 15 44601 1
5 25 27 17 62557 1
14 3 3 22 55563 1
22 2 14 20 58464 1
24 11 5 18 46740 1
4 8 27 3 74919 1
25 16 2 19 50906 1
27 25 9 5 80001 1
24 22 19 5 67596 1
29 25 18 11 60626 1
1 25 18 5 67418 1
13 9 10 23 53521 1
17 6 18 26 54031 1
23 25 24 15 45557 1
8 17 12 7 38767 1
2 28 5 21 21920 1
3 8 22 18 44503 1
12 10 1 9 41487 1
16 5 7 25 50561 1
24 18 2 9 48794 1
20 29 0 24 65309 1
29 21 8 13 41569 1
17 16 5 29 48524 1
21 0 14 19 57985 1
18 17 4 1 53040 1
28 7 7 6 65284 1
0 28 7 7 51565 1
19 11 2 14 36846 1
26 23 17 15 38630 1
17 28 17 14 35431 1
4 18 8 6 29304 1
27 0 11 0 54812 1
0 28 27 11 75101 1
1 25 2 13 27349 1
20 17 6 5 46269 1
20 23 0 20 49317 1
11 3 9 22 60106 1
3 6 8 28 42202 1
22 29 11 12 70465 1
4 25 7 12 31523 1
14 17 2 10 29598 1
11 19 15 13 22714 1
10 5 2 14 33515 1
18 28 25 12 56820 1
10 18 28 16 42653 1
10 23 3 15 27988 1
7 20 16 10 32138 1
12 9 20 13 40629 1
27 22 5 0 77188 1
29 0 20 14 58340 1
8 16 13 22 29231 1
21 6 3 6 55211 1
27 12 13 22 47927 1
15 18 4 22 34247 1
19 1 9 6 46716 1
0 16 13 15 34024 1
15 19 4 16 33719 1
2 26 22 5 76141 1
7 12 27 9 44585 1
11 5 4 18 44318 1
0 29 28 19 66553 1
28 27 16 4 75384 1
19 20 24 2 68302 1
13 18 26 15 33139 1
29 27 7 4 79265 1
21 3 11 21 60207 1
0 6 13 17 42710 1
18 14 23 5 42894 1
26 18 18 27 40778 1
10 25 28 10 72758 1
12 12 19 20 38847 1
8 2 7 19 38159 1
28 14 22 29 60357 1
17 27 7 20 37942 1
23 27 23 8 71489 1
20 25 6 1 75178 1
13 29 11 2 85983 1
24 1 28 9 33832 1
24 14 5 13 27363 1
29 19 23 11 47303 1
17 25 2 12 49143 1
8 5 1 12 32202 1
1 4 7 0 28611 1
22 16 23 25 35368 1
6 29 21 9 60326 1
26 20 11 8 60549 1
0 0 10 4 43275 1
29 24 22 27 34252 1
5 26 20 20 49684 1
12 23 9 16 29034 1
8 0 27 10 67114 1
1 5 15 10 43313 1
3 27 12 19 40540 1
27 0 6 19 76907 1
13 24 5 3 62019 1
29 17 26 24 34974 1
20 1 26 22 75823 1
24 8 2 10 57071 1
1 6 11 19 41252 1
27 0 29 24 75891 1
20 13 24 26 58135 1
11 27 15 14 44555 1
17 3 23 10 45389 1
4 9 15 17 34913 1
14 29 1 29 45295 1
11 0 10 11 53296 1
13 12 13 24 33257 1
2 13 9 7 33325 1
28 28 0 0 100786 1
4 5 16 19 45685 1
12 12 3 13 27601 1
1 15 9 17 18707 1
27 14 29 2 40778 1
25 2 15 23 68777 1
17 18 6 1 51628 1
17 5 1 7 54862 1
10 8 2 28 54552 1
18 29 21 7 63126 1
24 15 2 6 44936 1
24 4 5 9 76030 1
20 5 1 12 62744 1
14 12 22 20 32095 1
3 4 19 14 33590 1
11 16 0 10 39463 1
15 11 25 12 28465 1
11 17 4 28 40279 1
13 23 22 29 41587 1
0 12 19 4 61956 1
16 5 17 16 31029 1
25 27 22 12 66421 1
12 19 5 26 41322 1
28 2 4 23 86710 1
24 5 10 26 86338 1
19 7 7 10 46841 1
22 11 11 23 47266 1
18 11 24 25 58574 1
28 3 15 21 63882 1
25 25 22 0 89219 1
19 4 6 11 58081 1
7 5 17 27 58082 1
2 3 13 15 40790 1
2 12 7 20 21654 1
27 4 27 16 34341 1
17 8 11 2 41997 1
18 22 2 3 58336 1
25 15 8 27 48599 1
18 4 2 0 64023 1
18 16 17 2 50050 1
23 1 25 11 42979 1
0 25 9 10 49190 1
3 9 19 8 46462 1
14 21 20 12 33177 1
15 25 8 15 36056 1
6 12 26 24 63170 1
6 24 29 19 49286 1
2 16 18 15 31952 1
25 29 16 2 95311 1
0 29 14 23 40420 1
19 16 6 25 46834 1
3 12 12 7 40127 1
24 19 13 29 44067 1
27 16 20 22 35120 1
29 15 0 27 81198 1
29 14 1 22 56258 1
18 27 4 7 65347 1
17 15 22 2 44466 1
16 13 23 8 32539 1
29 25 25 15 42974 1
3 21 21 6 54494 1
17 8 25 20 50172 1
9 13 19 20 38176 1
2 20 10 27 40070 1
26 17 16 25 38308 1
15 2 25 21 51951 1
10 29 2 2 68421 1
7 26 26 25 58552 1
3 15 22 27 60778 1
19 0 28 26 97999 1
14 5 3 2 45497 1
12 8 21 15 32120 1
6 10 3 25 32644 1
2 15 25 16 41480 1
20 20 10 4 65859 1
12 22 24 0 79923 1
19 25 3 25 45737 1
26 25 23 12 64056 1
15 1 4 0 47957 1
13 12 11 23 35638 1
4 28 12 24 33913 1
25 4 16 29 78314 1
0 29 16 24 45504 1
7 4 23 24 63631 1
25 28 2 12 82499 1
28 0 19 9 50780 1
29 13 16 8 46218 1
22 1 9 10 67886 1
14 5 17 29 56390 1
3 6 10 24 40231 1
28 16 18 16 28740 1
26 7 26 24 68666 1
1 21 15 8 41731 1
0 18 7 22 18912 1
14 24 3 19 35025 1
23 7 14 24 59041 1
16 26 28 6 70796 1
17 15 22 24 33854 1
24 22 14 2 62334 1
5 25 2 6 40677 1
3 17 11 13 22816 1
8 12 11 20 25882 1
29 4 17 8 45563 1
16 9 25 14 28621 1
29 26 23 3 79512 1
27 5 28 15 32891 1
16 13 0 11 34217 1
19 12 10 29 60011 1
11 14 29 29 63886 1
5 6 22 18 50826 1
10 29 5 8 55000 1
27 7 19 16 43937 1
7 22 8 3 37890 1
0 10 6 28 46636 1
24 4 16 18 56107 1
20 8 11 6 32006 1
1 23 24 0 84980 1
18 15 26 1 53752 1
11 11 24 3 67980 1
17 22 5 20 34048 1
2 22 20 18 48637 1
9 3 7 29 51675 1
6 12 13 24 39272 1
24 26 8 21 49456 1
15 20 29 12 44694 1
15 14 27 2 50781 1
20 15 25 27 59269 1
20 29 5 17 59690 1
14 19 9 4 43960 1
26 27 15 27 57043 1
14 11 29 29 71959 1
9 9 2 6 33198 1
12 25 25 28 61294 1
17 11 27 5 47739 1
27 28 14 10 71977 1
13 25 10 16 39108 1
28 8 3 13 53518 1
27 13 21 23 43668 1
0 25 24 25 73063 1
22 12 27 28 69133 1
6 20 12 12 33963 1
27 27 8 0 96098 1
8 10 18 4 50183 1
5 13 27 6 56711 1
29 27 10 6 84351 1
24 20 15 3 53830 1
2 4 6 21 36186 1
25 11 11 8 52203 1
12 3 23 21 59977 1
12 7 13 29 67399 1
12 8 21 28 73032 1
4 28 12 20 46318 1
28 4 6 29 90555 1
13 16 17 23 26976 1
8 12 9 3 27567 1
3 13 15 7 30651 1
1 2 7 8 31443 1
12 26 24 13 53596 1
11 11 10 23 45380 1
28 18 6 1 69860 1
4 11 0 3 33466 1
15 10 27 2 49730 1
23 11 1 14 43618 1
28 20 17 16 30223 1
26 1 25 19 59769 1
3 19 21 25 56207 1
11 3 10 14 41813 1
25 12 6 6 48254 1
7 1 27 2 72093 1
6 29 13 5 65947 1
10 20 19 29 43143 1
10 29 1 24 36458 1
6 27 21 12 47883 1
27 22 1 4 70543 1
7 23 15 15 26233 1
5 25 13 15 41835 1
0 1 11 1 60888 1
10 8 15 2 29208 1
2 8 8 4 26839 1
13 26 1 12 52817 1
10 5 14 23 55691 1
28 14 11 13 33900 1
26 7 6 8 66048 1
19 19 0 15 45295 1
0 9 17 0 63603 1
6 29 19 10 60478 1
15 11 6 7 35399 1
3 10 21 26 64560 1
16 27 28 13 50308 1
8 21 27 22 35512 1
6 14 22 7 41447 1
23 17 22 6 39633 1
0 3 1 12 30552 1
1 14 8 1 37124 1
0 14 26 24 64173 1
18 6 0 7 62530 1
4 17 26 16 49761 1
12 21 25 17 34910 1
8 6 25 8 56735 1
29 21 14 24 24451 1
29 18 12 5 62637 1
12 1 26 0 57639 1
23 10 1 19 52579 1
16 12 0 1 62298 1
21 26 6 4 75057 1
5 19 23 10 52722 1
13 14 1 2 39191 1
8 28 17 5 59066 1
27 14 19 29 58111 1
28 19 19 10 46183 1
3 16 22 3 58578 1
5 21 23 25 48475 1
24 24 10 17 43654 1
18 23 27 27 44008 1
19 20 20 2 68674 1
24 9 12 29 79343 1
16 20 7 25 29324 1
20 16 8 0 56470 1
0 5 6 25 49396 1
10 8 28 12 56508 1
25 28 13 23 51570 1
9 9 0 2 54606 1
12 1 19 7 46565 1
15 22 10 29 35869 1
11 29 7 4 59397 1
15 9 10 24 41794 1
19 22 0 9 50803 1
13 17 12 0 52121 1
12 5 5 20 49297 1
28 6 19 21 62876 1
12 15 26 29 74248 1
29 1 21 28 103568 1
26 1 4 4 78026 1
8 20 4 8 29032 1
0 27 22 28 85855 1
15 26 28 0 91944 1
5 16 26 1 76671 1
24 9 10 9 55805 1
17 28 11 12 50932 1
7 10 11 4 25080 1
16 26 26 3 71642 1
0 3 1 22 47468 1
23 29 29 8 85244 1
28 29 9 27 76432 1
18 2 0 13 62051 1
17 2 29 1 32128 1
3 29 12 28 37496 1
22 9 29 26 69704 1
11 19 0 29 42960 1
28 26 11 20 45076 1
11 23 28 11 61345 1
7 26 7 10 26571 1
18 16 7 28 44241 1
8 23 22 17 41000 1
17 14 15 1 30060 1
14 11 22 8 35868 1
10 9 3 22 42837 1
21 17 6 29 54708 1
7 14 16 6 29495 1
8 12 17 10 25210 1
11 17 21 2 54460 1
11 20 16 13 30618 1
9 2 2 5 31455 1
22 23 27 18 26691 1
11 18 21 8 39693 1
23 9 11 22 60527 1
7 24 1 5 41733 1
