5878 8159 6816 8050 7818 6516 7937 6150 7796 7272 4418 4633 3987 3147 4238 3903 3985 3506 3441 5374 4791 5262 4766 4143 3925 5011 3349 5105 4789
3205 2322 2628 1474 4928 6116 6356 6031 5363 5089 5847 6459 5088 5523 6352 5375 6232 4938 6297 4926 6720 5975 6140 6742 6157 6063 6619 6896 6045
7201 7422 5535 7981 6689 6802 5902 7905 6398 5842 5732 7581 7394 6256 7577 6368 6424 7885 6452 6545 6734 7869 7796 7856 7638 6680 5913 6516 5528
6874 6797 5207 5574 6977 7089 5487 6536 7564 7001 6765 7116 5959 6219 5873 5769 7167 5786 5776 6316 6340 5582 6614 5659 6709 7773 6366 8320 7572
6719 7935 6220 7881 8104 6903 8043 7993 7752 6106 7486 7276 6448 6679 6185 8429 6401 7790 6961 3986 4198 2900 2927 2640 2339 2927 1919 1984 2676
3668 3830 3285 3397 3497 3766 3539 5285 5089 3672 4215 5574 6553 6363 7465 6115 6004 7060 5196 5265 5308 6404 6953 6588 6216 6222 6325 5137 7121
5352 6550 7477 7540 6022 5461 6311 5461 5621 6102 6747 5815 6424 7173 5572 7550 6569 5717 5924 5812 4248 4601 5914 4263 6587 5702 6151 5030 5740
4598 4992 4413 3855 4780 5701 5247 5293 3692 5201 5043 5540 3917 5015 5493 3806 4800 5426 5611 5692 4551 5921 5341 5526 5343 5383 5200 3872 4051
5386 6203 7509 5449 5943 5754 5890 7080 6270 6153 7778 6988 5775 5864 6792 6526 6108 6254 6573 6232 7392 6106 5275 6610 5432 6977 6354 6838 6996
3399 4969 3606 3721 4189 5824 5611 5016 3747 3953 5891 5623 4638 4203 5274 5161 5609 5778 3565 3564 6492 6577 6428 6262 4821 4381 4472 5092 5103
5588 4577 6409 5871 4839 6117 7561 8091 7462 8653 8501 7538 8307 8009 7990 8523 7518 8508 8258 8492 8000 8450 8807 7395 7376 7817 7519 7990 7581
5268 4524 4153 3947 4028 4281 4682 4059 3979 3578 5647 4934 5094 5511 4996 4316 5446 4578 3505 4296 6057 5451 5172 4666 4407 5979 5752 3831 5478
2206 2935 3648 2834 2914 3741 3651 1906 2116 1873 3257 1819 2146 2654 3636 2043 3670 2936 1665 2532 1700 3876 3794 3444 3680 2274 2290 3397 2628
2641 1450 3613 4963 6046 4501 4622 6078 6518 6884 5153 6941 4696 5110 5694 4615 5510 5548 5515 5557 5733 4805 5932 6733 5991 4955 5524 6512 6153
5313 5344 5295 6199 5343 6461 7021 7621 5993 6342 6571 6276 7352 6918 8615 6360 8008 6110 6903 6726 8164 7860 8353 6165 7823 7973 6144 7446 6404
5069 5765 5536 6342 4412 4713 4759 5779 4214 6052 6053 5779 5281 5445 4621 6563 6386 4996 6196 4734 6254 4662 5909 5707 6033 5455 4655 5059 5552
7533 8088 7915 6320 7530 7977 6240 7887 6864 6448 6283 7722 6561 6486 5751 6083 3881 5080 3752 4688 4342 3771 3730 5823 4917 3882 3713 3874 5091
4542 3643 4672 3454 5353 4680 5893 4876 5323 5697 5752 7106 7682 7878 6155 7893 6987 7099 6417 7242 7288 7739 6717 6282 7637 6288 6736 6171 6275
3622 5540 4782 4156 4019 5482 4850 5721 4205 3787 5954 5890 5032 5289 3839 4360 3608 3737 4241 4177 4574 4464 5629 4804 5379 2650 3068 3014 3522
6234 6417 4989 4899 5164 5213 4269 5430 5481 5536 5091 5910 4359 2952 2320 2927 3350 2251 2892 2951 1974 3119 1931 2102 2968 3118 3408 4356 2222
6666 4979 5259 7254 5320 5627 6541 6523 5445 4845 6934 6312 3238 2087 3641 3649 2921 2640 4006 2956 2548 4251 3741 3690 2536 3416 3452 2918 4023
7365 6286 6742 5468 5581 5311 7540 6608 7015 6173 6701 5348 5274 5465 4637 4278 5223 4171 5014 5458 4968 3942 4918 4145 3398 3909 4321 3762 4788
2568 3785 4739 3755 3358 4039 4029 4317 5338 3878 4460 5430 3209 4041 3291 3365 5047 3530 3760 4707 4262 4134 5524 5352 5242 5305 3467 4332 4996
5966 5484 6022 6040 6172 6189 5932 6775 6622 6616 5606 5609 5566 5315 5832 5431 7112 2409 3041 2408 2445 3207 2508 3954 2858 3559 2736 1850 3872
3806 3914 4264 4317 3965 2420 2305 3150 7743 8308 8058 6499 8914 8892 8111 7798 6914 8043 8718 7734 8832 7690 8785 8626 8746 8002 8494 7320 6970
6934 7381 6618 8308 8634 7757 8605 6354 7998 6617 7329 7255 6496 8473 8412 7561 8312 6960 7056 7047 8276 8492 7153 6818 8548 6810 8164 7311 7824
6500 5710 5129 4921 6049 4929 6368 6290 7165 6684 5041 5140 7190 6887 6571 6776 5627 4718 4888 5941 4726 5835 5023 4697 6984 4906 5441 5039 6082
4820 5774 5167 5614 6166 5645 4318 4855 3877 4874 4453 5663 5589 4694 3802 5919 5470 5794 3919 3850 5843 4749 5711 5000 5249 5791 4669 5855 5637
8335 6641 8199 8273 6900 6878 6695 7281 6396 7587 7495 6582 7862 6981 8366 6473 6659 6386 6966 7043 6712 8347 7169 5789 7481 5735 5403 6491 7176
4313 5545 5062 4403 4908 4749 4485 6206 4916 5185 6222 8312 7188 7432 6754 6969 6998 6144 7485 8301 7841 7048 6681 8204 7455 6574 8363 7354 6842
5746 7593 5149 6625 2516 6753 4371 5632 6837 5893 8509 7675 4301 2295 1396 2791 7647 2188 4089 6377 5189 7066 6248 2742 3806 3663 4287 5199 3375 3765
6013 6482 7052 5691 3092 5211 2606 6574 6495 4030 7159 5198 3755 3665 3584 4218 7677 6235 3170 4964 5823 6605 6837 3744 4315 4175 4206 4006 4214 4956
3928 6561 5351 5509 1765 5173 3347 6979 5673 5728 8069 5896 2275 3955 2588 3454 7757 4287 3776 4685 5159 8389 5040 1719 4035 2087 6207 5556 3665 5462
5324 6456 6502 7093 3062 6659 3055 6118 6557 4092 7739 5378 4046 1799 3022 2176 7352 5946 2724 6251 6222 7441 5830 1572 3800 3985 6242 6322 3843 4831
4075 5718 6154 7273 3019 4988 4120 7221 6534 5567 6733 7500 3677 2470 7844 3789 8668 5564 8296 5534 6577 8152 4806 3547 2180 2430 3923 5035 3550 5625
4913 6648 6193 7234 3358 7423 4438 6837 6389 5842 8043 6389 4695 2242 6941 3675 7759 6568 8270 5243 5403 7431 5658 2729 5726 1727 7199 4360 3730 5111
6314 5936 6474 7138 2055 5180 3452 7480 6764 3584 8130 6193 4507 3072 6901 3181 7256 4268 8387 5557 6141 7912 5728 2878 5883 2285 4937 4021 3350 4688
5957 7803 6671 7177 1806 1671 3333 6356 7130 4521 7391 5893 8293 1936 8543 3212 7285 4189 8182 6457 5450 6718 5469 3012 5501 3226 6696 5325 3470 3592
6019 6766 4639 7019 3499 2015 3210 6673 5923 4091 6886 6372 6546 2250 6495 2485 7305 6384 7879 6869 6431 6748 4880 2690 6014 2765 6792 4184 3952 4935
5032 7534 6486 6607 3194 3542 3046 6035 5692 4381 6427 7230 8490 2382 7017 4600 8780 6246 8237 5866 6131 6590 4795 2046 6875 2906 6716 4520 4112 4406
4709 6686 6140 7465 2741 1456 2647 7264 7277 5518 4484 7560 7149 2983 6922 3941 8212 5569 5938 5726 5115 7806 7099 3708 6129 2010 5343 4349 3145 4656
6184 5394 6606 7512 5087 2774 3880 8070 8148 5725 6824 6923 6719 2632 6246 3370 7006 5806 7480 6292 5113 7949 6119 3861 7020 3371 5243 4671 3251 5468
6573 6825 4786 6318 7352 2136 3890 6453 7244 5240 6110 6246 6915 4073 7585 4126 6696 4922 7759 7435 5025 8104 5195 5046 6224 3427 6351 4896 4630 3875
6107 6954 6363 7181 5542 2496 4432 7164 7986 4788 6853 7234 6834 3404 8439 4494 8560 4692 7468 6648 6801 6766 5695 4979 5917 3471 6162 4987 4154 3439
5928 6541 4739 6825 7393 1641 2957 7092 6772 4051 4477 7684 7343 2632 6701 2491 7251 4387 6604 8570 4741 6537 5976 6346 6297 3939 4937 7010 4015 4016
4872 7302 5749 6972 5893 2815 2620 7552 6102 5092 6209 5356 7389 3735 6810 3551 6896 4291 7684 6443 6067 7855 5238 6583 6687 2091 7201 7460 3504 2962
6923 5697 4705 6656 4909 1717 3975 3065 7438 4239 5807 5620 6800 2007 7065 2294 7751 4056 5891 8273 6698 6958 7080 5476 6787 3840 6646 6903 4855 4141
6112 6522 6176 7350 6690 3487 2530 4173 7310 5646 6347 5198 6805 3015 6367 2844 7777 5801 7662 6749 5196 7600 5321 5884 5487 2024 5848 8503 4650 4807
5107 7030 5178 3575 6253 2670 4053 2538 7545 4849 5731 3630 6429 2856 8677 2331 7430 5126 7114 7412 6913 7459 6575 5433 7164 2283 6681 8507 5106 3734
5059 6651 5859 3294 5693 2945 3645 3016 8212 5833 5496 4549 7524 3133 6774 3225 4103 6151 6770 7789 7111 7741 7162 4412 7181 3277 4869 8062 3995 4794
7239 5426 6419 4049 6272 1716 3680 3252 6136 4457 5106 4289 8357 3622 6245 3562 6076 6390 6830 8546 6910 6700 6845 5914 6257 2467 6106 8752 3773 5221
6510 5706 4778 2834 6422 2652 2460 3975 6611 4340 4318 3910 7117 3624 8180 4117 6192 5833 8355 8568 5883 7239 4642 5249 6322 1910 4718 7439 4865 5415
5150 6608 6486 3374 7163 2377 3347 3281 6383 4824 6400 3944 7716 3512 8280 3245 4806 6413 6869 6304 6872 7526 5754 6761 5945 2733 6853 7890 5527 3492
6102 5359 5737 3267 7029 3818 2986 2876 8094 4251 6280 5427 7132 3074 7902 4025 4433 5990 7627 7263 6391 7576 4134 6104 6450 2447 7187 7177 3194 4063
4802 7396 5665 2408 7319 2480 2719 1850 6222 5421 6744 3323 7411 3801 8647 2233 4524 5067 7354 7082 6107 7126 5467 5066 7319 2371 7201 6995 5310 4118
6594 6033 5600 3932 5926 3807 3217 2199 6640 4218 6355 5723 7398 3303 6287 3275 6240 4981 6417 7688 7096 7578 3937 5959 5047 2132 6985 7566 4197 5419
5991 5292 5360 2720 5859 3276 4121 2652 7526 5642 5191 3299 8295 4114 7588 2614 5104 5582 7988 7353 4946 6970 5265 5380 6490 4973 7011 6578 3947 3427
7098 5150 6753 2019 7104 1785 4125 2205 3436 4282 4406 4690 7817 2907 7144 3125 6097 6280 7862 7058 5775 7376 4099 4403 6205 4921 5503 7356 3738 4388
6981 6365 4628 4312 6763 2189 4575 3596 3210 4529 6606 3392 6011 2712 7007 6219 5017 5444 6824 6354 7149 6059 4073 5558 5750 3130 5047 6332 3358 4222
15 19 22 4 85338 1
22 17 22 7 42376 1
26 27 1 19 104369 1
22 27 27 13 67521 1
1 5 16 3 60415 1
12 13 2 10 43313 1
15 10 0 10 69381 1
4 20 27 11 123126 1
3 18 28 2 130396 1
13 21 0 19 68235 1
15 4 13 17 48119 1
14 27 16 6 80744 1
23 4 11 28 100175 1
7 1 20 8 64440 1
20 18 16 5 64929 1
12 20 3 13 40902 1
17 3 5 26 100263 1
24 10 17 29 85929 1
1 13 16 24 82861 1
26 11 0 24 124409 1
2 6 4 15 59783 1
18 20 26 12 57815 1
27 22 15 24 54541 1
15 15 10 10 35931 1
26 6 16 10 52238 1
2 26 27 26 82648 1
0 13 21 7 82509 1
5 27 12 13 66231 1
8 2 11 20 68685 1
11 25 26 21 63526 1
26 22 8 5 110067 1
15 15 24 19 49462 1
5 3 1 15 67599 1
11 8 15 0 46104 1
1 21 5 6 87562 1
10 26 1 24 37645 1
13 27 21 4 92803 1
0 25 19 13 87442 1
16 12 19 4 55391 1
21 24 29 28 39930 1
11 28 12 18 31903 1
2 24 2 8 89883 1
25 9 17 20 73604 1
5 13 10 21 54088 1
29 27 16 12 90877 1
19 12 21 24 45238 1
18 4 4 18 93840 1
28 8 12 11 66731 1
17 28 13 8 83204 1
17 26 16 4 95773 1
1 11 2 23 62741 1
2 20 14 29 65008 1
10 25 29 18 97663 1
1 5 7 13 58485 1
15 6 27 24 106716 1
9 16 17 19 58182 1
12 10 6 19 54428 1
23 4 10 13 58948 1
27 10 17 11 47745 1
7 16 18 19 57160 1
29 16 7 12 84005 1
9 1 24 29 124692 1
11 9 17 23 70842 1
5 15 7 7 46050 1
27 4 5 6 71248 1
22 4 9 25 92059 1
2 28 15 21 67504 1
0 11 19 13 62023 1
23 18 5 15 74733 1
7 23 21 7 94651 1
25 17 29 11 47828 1
16 1 7 11 75259 1
24 18 1 29 104827 1
4 2 22 13 87097 1
8 17 21 15 55948 1
25 4 6 10 82661 1
5 24 24 18 84016 1
27 16 15 24 74951 1
23 17 16 23 52104 1
11 22 29 7 99037 1
14 2 11 11 44012 1
23 11 7 5 65738 1
3 23 27 28 83526 1
9 13 24 13 46684 1
10 4 26 13 75369 1
7 14 20 28 83720 1
13 16 5 3 60586 1
18 25 13 5 77067 1
15 2 29 2 62258 1
16 26 17 1 100876 1
25 1 7 9 84994 1
17 5 28 15 72023 1
28 18 16 14 62159 1
23 23 16 4 95592 1
16 11 22 28 74656 1
0 11 22 26 106719 1
25 4 8 10 78866 1
23 6 14 18 79897 1
25 25 15 3 106200 1
28 5 17 0 52677 1
23 10 14 18 66061 1
24 15 2 4 95174 1
18 9 27 28 90436 1
29 14 16 1 96272 1
6 25 24 5 103172 1
27 16 19 10 52847 1
7 9 9 21 63533 1
23 6 15 28 99244 1
5 9 17 6 54447 1
10 1 5 13 62417 1
4 16 13 10 54592 1
15 2 6 1 57358 1
7 24 2 12 74999 1
21 10 10 7 66815 1
27 27 10 2 127780 1
29 17 11 1 113137 1
15 0 0 14 85645 1
19 2 18 12 52628 1
9 19 20 2 89592 1
19 29 8 25 45231 1
23 20 18 12 46747 1
21 6 5 28 114173 1
9 27 27 13 98135 1
13 16 24 1 81745 1
5 6 23 28 112765 1
22 25 2 27 66173 1
8 1 22 24 116994 1
9 1 20 2 58852 1
3 1 0 11 65844 1
4 27 26 4 124511 1
23 0 25 28 119691 1
4 22 13 1 92045 1
20 28 27 3 110035 1
28 9 16 21 93611 1
16 9 16 27 80883 1
25 22 17 8 88600 1
2 0 11 8 58479 1
29 28 4 4 140914 1
9 18 24 8 92876 1
3 6 22 29 127162 1
2 26 12 14 66448 1
4 10 26 2 98865 1
21 12 26 4 50469 1
6 7 7 29 108219 1
22 11 28 24 77003 1
7 4 0 13 60787 1
18 7 26 22 88618 1
21 27 15 23 35952 1
19 12 13 19 48824 1
25 1 17 19 102047 1
0 29 19 16 92049 1
0 13 19 19 70095 1
2 17 24 17 99228 1
11 29 22 3 103584 1
28 18 19 22 68403 1
16 28 0 24 62819 1
19 15 13 24 50104 1
0 11 18 2 88059 1
23 15 26 0 79753 1
3 18 10 11 62074 1
10 23 29 0 124822 1
7 22 14 8 74280 1
11 26 24 8 102001 1
13 19 27 13 72648 1
13 12 21 25 59826 1
19 20 16 1 87967 1
5 16 11 23 56656 1
8 2 29 21 141224 1
3 28 24 9 120636 1
18 0 21 15 77955 1
15 21 10 8 68033 1
19 11 7 20 78758 1
3 24 25 17 92208 1
11 26 7 10 69830 1
11 2 1 21 106543 1
16 14 9 28 68222 1
25 1 3 11 108953 1
28 12 10 15 73666 1
10 12 16 2 60543 1
8 22 0 16 58343 1
18 6 5 16 72834 1
4 0 25 19 132933 1
28 28 0 14 127205 1
0 12 16 10 66539 1
6 8 23 15 82232 1
20 9 7 20 92951 1
3 1 19 4 66463 1
6 26 19 23 48410 1
22 4 10 25 89153 1
24 20 18 10 64982 1
21 2 9 8 62789 1
3 11 15 9 58015 1
29 13 25 0 71424 1
27 27 18 23 43273 1
14 25 19 16 37715 1
16 16 7 26 65461 1
18 25 1 22 57666 1
7 9 28 26 118309 1
21 21 7 6 88523 1
11 15 20 28 65029 1
8 25 10 10 65212 1
27 5 20 22 83022 1
22 16 1 4 94361 1
9 9 15 18 55719 1
13 9 24 26 88630 1
26 0 1 16 127802 1
10 25 13 1 77152 1
0 2 9 28 116448 1
12 15 5 3 51847 1
3 7 19 13 75158 1
16 15 22 3 64933 1
7 14 22 16 58461 1
22 13 11 29 79248 1
19 21 3 9 90509 1
0 8 13 19 83826 1
18 5 8 0 47967 1
21 25 1 1 118725 1
17 14 6 29 87081 1
15 26 2 18 69463 1
14 18 23 1 94504 1
15 2 24 8 48362 1
22 12 7 4 72004 1
24 3 8 11 81283 1
19 3 0 29 129617 1
28 26 10 2 127976 1
3 11 11 5 56953 1
4 19 18 2 105741 1
5 3 0 16 70059 1
10 0 10 22 83869 1
16 14 7 12 36430 1
0 12 27 0 119027 1
5 12 20 23 76851 1
25 15 10 1 92321 1
20 21 0 6 107212 1
12 26 12 15 31614 1
5 26 18 29 55558 1
22 4 20 16 54681 1
15 7 24 1 49406 1
19 14 0 18 75134 1
3 26 21 0 135018 1
2 25 16 23 50460 1
7 27 5 13 77988 1
25 5 12 7 40342 1
4 7 29 25 135354 1
11 11 6 23 57589 1
22 7 18 22 68322 1
13 8 14 20 49417 1
3 4 19 22 94699 1
11 5 0 0 45190 1
17 22 2 6 105192 1
12 17 15 27 44574 1
2 13 19 26 82298 1
18 20 21 6 69957 1
29 4 24 23 100238 1
23 13 17 25 49935 1
0 15 15 15 52003 1
13 11 29 20 98730 1
0 25 18 29 65676 1
12 3 23 21 89283 1
5 12 19 5 61521 1
17 23 6 20 61388 1
9 18 4 11 51719 1
2 14 29 3 104400 1
15 11 8 1 66910 1
26 27 16 12 73860 1
0 4 19 27 115599 1
7 19 24 19 97824 1
8 2 18 23 98258 1
18 20 29 4 92894 1
18 23 13 13 49749 1
29 28 4 0 156150 1
26 14 27 26 66480 1
9 22 12 14 40071 1
2 25 20 24 53680 1
22 17 25 0 78326 1
29 25 7 10 110503 1
17 10 27 11 49044 1
7 11 27 5 81668 1
23 24 4 29 64546 1
0 28 15 5 105059 1
29 10 18 0 71325 1
7 24 16 4 86436 1
23 5 6 2 57632 1
19 12 25 27 66275 1
4 10 27 8 96118 1
22 29 14 9 96320 1
22 21 6 21 83890 1
11 18 29 27 93947 1
17 11 17 23 56960 1
18 9 26 11 44536 1
23 2 5 3 65832 1
19 5 27 25 95336 1
24 2 1 1 81306 1
18 21 19 4 75529 1
7 24 21 27 54670 1
19 2 9 28 105639 1
14 26 4 13 70141 1
7 14 27 0 100557 1
5 28 15 0 117547 1
27 18 23 5 70234 1
0 25 21 25 61449 1
2 27 8 17 66589 1
8 25 25 22 61435 1
20 6 9 5 33306 1
6 24 29 3 124791 1
8 4 20 2 50055 1
4 3 8 26 106489 1
19 21 24 28 31846 1
22 3 19 16 60391 1
18 0 19 12 61658 1
17 7 11 2 36280 1
4 27 23 26 60587 1
28 0 15 6 68388 1
24 21 1 0 133329 1
8 16 11 27 59497 1
13 4 4 8 48589 1
10 11 28 25 99138 1
25 8 7 3 63492 1
22 0 7 22 112153 1
19 5 29 28 115302 1
28 5 6 13 77582 1
3 17 26 27 103940 1
12 3 21 12 60008 1
10 1 24 2 66704 1
12 14 21 9 53295 1
5 0 3 26 121859 1
25 20 15 19 68882 1
19 6 19 22 60812 1
16 7 1 20 101371 1
17 19 1 20 95306 1
9 2 6 27 103843 1
23 15 15 28 63734 1
20 16 10 9 54206 1
19 11 6 4 64455 1
3 1 0 24 119595 1
16 18 26 4 88014 1
8 18 13 8 57302 1
10 6 14 16 44565 1
13 16 3 10 56635 1
4 1 26 27 139533 1
20 14 28 7 51028 1
3 28 0 6 110035 1
18 1 6 14 75726 1
29 9 7 19 121156 1
16 28 14 2 100948 1
13 13 28 16 58815 1
4 12 21 27 93848 1
13 5 28 11 62509 1
4 2 22 10 80363 1
5 8 22 8 70533 1
18 2 20 11 51135 1
17 28 22 2 104333 1
11 22 17 16 48163 1
24 27 5 12 101368 1
11 7 22 2 47864 1
23 10 23 0 51356 1
26 14 8 3 94096 1
24 18 8 18 91180 1
18 25 12 2 84327 1
8 2 0 20 103145 1
7 15 15 4 53885 1
3 12 10 9 43603 1
28 20 4 1 142407 1
9 10 28 6 78063 1
7 28 9 8 89987 1
13 1 28 8 64123 1
0 0 22 15 106371 1
11 19 23 0 91035 1
23 1 29 25 121654 1
26 12 21 17 41830 1
6 28 14 15 67201 1
26 10 22 23 72722 1
23 16 16 8 64615 1
5 16 29 23 121695 1
15 23 23 2 106170 1
4 4 29 28 140914 1
27 12 19 5 48656 1
29 1 3 20 149106 1
10 11 22 20 76755 1
2 5 15 0 63669 1
2 28 23 8 126672 1
6 15 10 7 52778 1
9 13 28 24 95220 1
5 2 6 29 119102 1
10 6 27 1 67732 1
24 29 10 25 52923 1
29 19 4 24 110148 1
25 8 1 18 117988 1
19 7 20 24 66576 1
27 6 3 23 118005 1
23 4 9 23 91454 1
9 16 16 21 56894 1
16 15 19 26 37052 1
22 6 12 19 65427 1
11 11 24 7 58662 1
24 12 11 20 71241 1
4 27 22 4 109338 1
27 27 2 4 136235 1
15 27 7 24 40568 1
11 21 24 6 82184 1
24 9 17 25 72475 1
22 14 0 3 97339 1
1 0 18 6 60233 1
27 17 25 1 84478 1
1 16 6 26 56650 1
28 19 1 15 114688 1
10 4 15 24 79966 1
29 10 2 7 104971 1
22 29 5 17 104329 1
23 6 18 1 35866 1
7 14 16 29 77322 1
27 28 20 2 123735 1
11 6 18 21 71435 1
0 8 11 22 90618 1
26 22 15 2 118197 1
3 29 14 19 68166 1
18 0 20 8 43810 1
19 1 10 27 107171 1
17 27 10 12 76978 1
27 10 25 28 88370 1
14 6 24 3 39426 1
4 7 18 10 72387 1
15 16 14 29 61917 1
18 9 27 24 82815 1
26 9 7 19 110126 1
20 1 1 2 76265 1
4 9 1 21 77778 1
10 11 4 26 77725 1
24 16 13 14 47207 1
20 26 7 11 81792 1
4 16 3 26 49311 1
0 23 23 13 97758 1
12 8 5 26 71353 1
16 9 9 28 82365 1
8 28 8 17 65525 1
23 4 13 16 68362 1
17 4 12 13 36667 1
18 0 25 25 112838 1
1 17 13 22 69040 1
25 23 21 11 61894 1
29 15 21 17 38354 1
7 9 16 28 91778 1
27 5 12 13 60542 1
7 15 15 12 38081 1
25 25 2 14 99237 1
24 29 20 23 29416 1
4 1 20 6 63415 1
25 23 6 10 113080 1
1 25 3 4 112573 1
4 14 12 12 28792 1
9 3 25 20 109270 1
24 14 14 0 92468 1
12 2 26 29 119368 1
26 24 9 26 58064 1
20 18 10 28 60139 1
23 19 1 7 118431 1
5 26 25 3 121088 1
18 5 5 18 83527 1
25 24 1 5 135238 1
8 16 4 24 53634 1
29 10 23 22 72252 1
7 21 7 11 49851 1
5 25 5 9 85171 1
6 1 6 29 126203 1
21 14 1 16 77031 1
2 5 10 3 34318 1
25 16 9 16 67171 1
22 14 19 3 56031 1
0 16 2 29 65680 1
27 17 17 7 77699 1
8 6 16 19 68678 1
13 2 22 5 36761 1
28 18 5 22 118890 1
15 8 25 26 92744 1
7 4 15 14 52301 1
9 25 26 26 51605 1
26 26 5 0 132042 1
2 11 11 12 40043 1
26 4 27 16 63014 1
18 16 0 26 89638 1
11 1 15 28 94624 1
28 28 7 29 89935 1
21 28 1 21 82760 1
28 26 13 10 99142 1
9 5 16 22 75097 1
29 11 12 11 73204 1
1 15 25 13 82997 1
5 19 10 6 75744 1
14 3 27 8 53661 1
22 9 1 18 103158 1
6 9 27 11 94930 1
19 17 9 7 65223 1
12 7 1 19 73395 1
4 24 22 12 89459 1
16 11 2 16 70205 1
10 5 17 18 66005 1
2 26 4 15 61323 1
2 20 29 21 121670 1
28 29 1 12 131033 1
2 18 14 27 67618 1
12 24 2 1 97954 1
11 27 5 16 69154 1
19 24 19 10 44129 1
2 25 9 22 32335 1
5 28 21 29 64627 1
21 24 26 5 93434 1
9 13 18 28 71151 1
23 18 16 11 55571 1
12 3 27 25 102026 1
6 18 20 23 82375 1
12 28 25 3 104537 1
0 22 22 1 127941 1
11 3 11 18 53645 1
23 13 6 23 81705 1
20 19 26 27 44129 1
9 8 18 14 52621 1
12 9 9 28 63194 1
22 3 13 20 76058 1
2 22 19 25 57861 1
19 11 28 20 72564 1
13 1 23 26 103546 1
9 0 18 13 67031 1
0 22 9 0 115685 1
24 26 23 4 98685 1
13 15 20 0 77165 1
23 16 10 26 74264 1
21 28 3 7 123731 1
1 12 6 1 65550 1
24 11 6 13 65366 1
12 19 23 12 57174 1
19 13 1 14 55879 1
28 24 13 15 78234 1
11 2 22 23 99375 1
10 5 25 7 41275 1
10 28 9 8 78453 1
7 0 29 29 156105 1
20 24 16 10 63213 1
3 0 21 9 90074 1
7 15 0 19 38119 1
10 7 1 0 50877 1
1 8 26 25 127309 1
13 5 20 19 66080 1
18 3 9 2 41755 1
2 27 20 24 64332 1
17 7 14 0 44062 1
18 4 8 0 51986 1
24 3 18 23 88275 1
20 18 20 4 65723 1
16 8 23 11 46812 1
28 6 0 18 118041 1
11 20 20 16 46964 1
25 8 6 13 79163 1
4 8 11 24 86167 1
14 8 10 22 63046 1
24 25 24 6 82528 1
23 1 6 8 78651 1
10 18 16 0 84014 1
16 27 0 20 70818 1
2 21 11 19 60542 1
18 15 5 11 55714 1
20 28 15 1 115359 1
13 26 29 11 101857 1
17 25 8 7 87839 1
10 10 21 19 69803 1
14 22 22 27 50257 1
10 6 29 27 121455 1
9 25 25 17 73636 1
1 26 28 23 95067 1
21 28 15 15 54321 1
7 8 19 12 61657 1
11 29 25 19 79244 1
15 28 0 17 83376 1
14 9 25 22 92941 1
28 17 15 21 85703 1
23 1 2 13 92498 1
15 14 19 26 45224 1
15 7 4 6 44164 1
16 15 29 6 72896 1
16 4 14 27 87164 1
21 9 14 25 74833 1
15 29 13 10 70881 1
12 11 3 26 69484 1
12 20 4 14 45782 1
27 18 15 17 65203 1
17 5 2 18 87670 1
22 7 9 26 101150 1
23 6 14 22 87772 1
28 0 14 0 83487 1
9 23 12 8 49332 1
21 28 27 10 88356 1
5 23 28 1 133119 1
18 9 29 4 52034 1
23 10 2 1 97771 1
4 2 2 12 57471 1
13 15 0 22 65356 1
7 26 10 10 73821 1
22 27 25 5 96486 1
0 4 22 16 96877 1
15 0 3 15 84675 1
10 5 17 13 40590 1
16 1 23 19 98596 1
5 9 16 4 55540 1
10 15 6 6 49937 1
14 18 10 10 46257 1
4 17 10 3 82679 1
2 29 16 23 64187 1
10 29 4 8 105477 1
18 17 8 14 48956 1
8 27 28 24 76163 1
24 8 12 23 87360 1
2 8 6 0 50685 1
19 9 3 14 70603 1
20 14 19 5 46509 1
4 6 18 3 51636 1
28 8 20 0 56812 1
13 3 12 20 51711 1
28 10 20 26 86653 1
8 8 12 17 46392 1
7 18 15 14 47372 1
19 24 16 3 89737 1
10 12 7 29 79494 1
2 8 22 0 91858 1
9 24 14 1 87478 1
19 12 11 2 61492 1
20 22 12 18 54989 1
7 24 21 28 57532 1
3 2 29 20 150188 1
26 11 1 26 126241 1
22 16 7 25 75262 1
19 8 10 23 83565 1
7 25 24 24 55048 1
18 3 18 23 84052 1
15 1 20 28 115359 1
29 23 29 6 98490 1
12 20 25 29 68154 1
15 16 27 24 71607 1
23 28 3 2 131013 1
25 28 19 6 94849 1
13 3 16 14 52905 1
20 12 5 21 90271 1
12 17 4 24 43614 1
21 26 19 6 77466 1
23 9 21 24 71434 1
18 23 25 9 73952 1
26 0 24 14 84654 1
2 24 18 12 87350 1
20 23 8 6 82352 1
4 12 21 14 59602 1
18 0 25 22 112070 1
13 17 6 23 39620 1
7 20 23 9 100669 1
6 8 13 16 56118 1
25 12 9 15 66458 1
3 1 7 18 93730 1
15 13 4 16 51369 1
27 4 22 25 100963 1
16 17 7 13 42478 1
15 27 5 28 42868 1
1 11 4 20 56858 1
23 19 0 6 116446 1
8 12 11 1 54256 1
20 26 14 0 105041 1
26 24 13 12 78403 1
16 29 26 14 80203 1
5 5 28 22 133675 1
0 18 13 8 68915 1
10 27 10 13 54829 1
5 7 6 17 59084 1
6 24 11 7 72151 1
28 20 18 19 67454 1
13 21 28 15 74202 1
5 28 23 18 82983 1
19 1 4 10 86815 1
15 14 0 24 76339 1
4 13 14 28 72342 1
8 24 24 7 103125 1
22 19 6 18 84936 1
17 21 26 22 56119 1
25 2 26 23 109050 1
27 21 0 12 119753 1
18 23 3 28 60368 1
9 26 29 1 132732 1
18 15 14 24 50796 1
3 3 15 27 110392 1
18 6 12 0 32552 1
20 15 7 3 70821 1
7 21 26 28 86011 1
9 29 24 26 65483 1
26 21 20 27 42671 1
3 23 17 26 50327 1
3 22 20 2 116267 1
22 12 4 8 84444 1
22 27 25 14 61548 1
26 3 6 18 106160 1
18 23 15 8 71092 1
18 0 0 29 139986 1
20 16 1 20 94874 1
28 12 5 21 122852 1
19 29 25 20 50583 1
13 11 16 22 57027 1
28 14 26 26 70322 1
16 19 19 9 52433 1
3 23 16 17 60838 1
23 7 26 22 79118 1
22 14 17 23 46907 1
25 14 4 12 77376 1
3 2 2 18 94779 1
15 14 8 3 56972 1
24 12 18 16 37842 1
5 20 16 28 66565 1
13 27 21 1 110599 1
28 8 26 26 95764 1
14 4 12 17 42487 1
20 2 7 3 54688 1
15 25 25 7 86993 1
24 0 12 24 102472 1
16 0 5 0 62608 1
5 28 19 20 64269 1
8 15 18 20 54319 1
24 2 4 27 123998 1
26 7 20 28 92017 1
1 6 15 22 95480 1
12 14 23 8 63178 1
27 25 21 13 60534 1
4 21 26 27 80285 1
13 23 4 24 32157 1
1 2 7 21 101938 1
10 3 9 19 69937 1
25 21 7 16 94279 1
14 12 1 10 60890 1
15 24 17 7 85626 1
20 19 3 6 91384 1
6 28 10 15 65892 1
18 13 3 28 85889 1
4 25 23 1 123127 1
8 28 8 9 86861 1
28 8 27 28 104207 1
21 20 26 2 90889 1
4 6 25 8 72568 1
6 13 11 25 54256 1
29 23 22 14 65282 1
8 12 19 6 57247 1
20 14 5 3 72499 1
13 3 29 28 128310 1
27 21 2 2 147607 1
1 4 29 28 148833 1
17 16 20 1 83224 1
10 27 14 20 41904 1
23 28 0 0 140464 1
8 17 3 23 46458 1
4 29 20 13 86171 1
11 12 3 1 69419 1
22 16 18 25 42192 1
25 0 13 27 120414 1
20 22 8 4 89159 1
12 2 10 27 79119 1
25 16 3 4 103203 1
7 5 18 6 29473 1
11 7 27 12 76681 1
20 7 29 10 41687 1
28 19 24 1 93853 1
18 25 1 12 88177 1
25 29 5 29 86933 1
3 11 29 16 102746 1
26 9 15 6 49105 1
19 29 15 15 50589 1
7 14 20 12 45291 1
1 21 14 11 88577 1
21 16 18 4 64133 1
9 26 13 19 39129 1
8 12 7 25 65930 1
12 25 6 1 91573 1
12 28 27 19 81638 1
4 7 23 1 82077 1
7 1 15 25 96474 1
10 20 25 28 74833 1
8 25 25 29 62712 1
21 11 24 26 67985 1
15 26 24 7 90598 1
9 11 7 2 46776 1
10 20 29 20 109128 1
7 9 12 0 45928 1
9 28 21 24 48686 1
3 15 0 7 50844 1
18 1 11 6 39844 1
29 11 15 16 70372 1
13 1 20 17 72930 1
18 25 11 29 34849 1
3 13 13 11 31977 1
16 24 27 28 48244 1
12 22 29 5 89228 1
26 15 14 17 49793 1
7 28 23 7 117654 1
19 17 29 9 69122 1
28 22 14 28 69504 1
6 3 5 16 71764 1
0 27 3 1 131880 1
12 11 5 8 43881 1
9 29 21 16 78364 1
0 9 24 28 127176 1
26 19 15 13 62576 1
6 26 2 10 90895 1
10 20 7 1 79371 1
18 4 7 4 34549 1
21 12 9 16 56386 1
17 8 0 15 76894 1
17 0 25 20 112347 1
22 0 7 26 118280 1
13 10 29 23 108696 1
13 23 1 14 67709 1
18 1 12 25 88928 1
26 26 18 9 77499 1
14 11 10 24 60607 1
27 18 27 2 81900 1
5 22 27 6 119839 1
22 19 0 0 122073 1
7 2 20 21 93954 1
17 14 28 16 47224 1
14 25 24 21 44667 1
4 24 15 12 71007 1
18 3 14 9 39710 1
15 27 17 0 109555 1
23 8 28 19 79307 1
23 28 12 6 88759 1
19 4 28 24 111954 1
1 13 15 11 50555 1
17 29 9 27 36661 1
28 26 3 23 81312 1
10 19 14 25 37942 1
21 27 14 10 78914 1
2 0 8 10 66639 1
4 23 19 15 68818 1
25 17 14 6 87573 1
8 5 22 16 71559 1
28 26 20 15 62627 1
28 9 3 3 88216 1
0 10 14 10 64904 1
22 2 21 24 96185 1
8 5 15 18 61296 1
20 18 12 24 49462 1
7 10 14 25 69211 1
10 25 7 16 56135 1
18 9 28 26 88222 1
15 21 1 19 79704 1
0 9 10 17 70487 1
28 2 21 26 116843 1
15 26 14 11 69367 1
1 5 21 18 104285 1
19 25 24 3 87912 1
15 16 16 4 61051 1
15 2 10 20 72436 1
8 27 9 4 89424 1
20 28 14 11 72673 1
21 15 6 18 65117 1
1 28 26 15 110494 1
12 24 0 18 61326 1
19 8 24 16 55157 1
22 19 14 3 88919 1
19 20 6 9 76833 1
15 24 15 12 64902 1
0 8 11 12 62249 1
15 19 8 25 48847 1
11 28 21 25 38031 1
0 5 5 14 64305 1
6 20 20 8 104537 1
6 22 28 7 117225 1
3 23 1 9 75396 1
18 29 11 5 89959 1
4 16 7 28 57602 1
22 12 10 1 80177 1
9 11 24 23 93103 1
14 24 4 19 54067 1
29 13 7 3 96126 1
8 25 27 12 97636 1
5 10 22 19 87439 1
22 29 13 18 75279 1
11 20 20 2 79353 1
9 18 21 14 62014 1
4 16 29 22 125027 1
1 14 0 5 53252 1
9 1 22 0 66737 1
8 27 1 7 115691 1
16 17 9 1 75061 1
12 20 28 2 96952 1
13 1 18 10 50514 1
1 14 27 20 112399 1
2 4 12 0 41209 1
2 0 21 13 97217 1
22 5 21 21 73094 1
20 6 26 18 74032 1
12 13 27 29 92890 1
25 23 5 6 120685 1
29 24 5 8 133875 1
28 2 19 3 36096 1
4 17 0 1 96309 1
1 4 0 23 95985 1
17 1 4 0 67833 1
13 5 10 26 71135 1
10 3 3 16 75076 1
11 17 25 1 91921 1
18 16 7 11 52090 1
15 2 25 25 111736 1
26 16 12 9 66547 1
16 19 28 28 74336 1
5 9 29 2 97342 1
29 3 13 10 72715 1
9 0 2 14 78738 1
19 4 12 26 80539 1
26 6 0 14 94163 1
20 23 8 5 83097 1
7 12 2 4 51685 1
9 28 26 21 78624 1
3 16 15 28 83108 1
19 6 1 25 107822 1
7 1 4 13 62333 1
21 3 0 8 88987 1
1 15 25 10 101272 1
3 18 8 23 35862 1
28 24 5 5 131763 1
15 15 24 27 61344 1
22 14 22 25 43679 1
6 25 25 3 113139 1
0 8 14 26 109961 1
19 16 12 24 48293 1
19 25 8 16 69518 1
2 14 17 14 54302 1
9 9 23 19 82892 1
8 7 0 10 57349 1
19 5 13 9 33616 1
15 9 27 9 58074 1
27 17 29 4 68041 1
8 26 14 11 71104 1
21 24 7 27 55078 1
14 7 9 20 62229 1
29 0 8 24 136168 1
29 4 3 1 93252 1
2 3 18 28 121141 1
26 3 27 17 73405 1
14 18 7 10 54410 1
28 6 12 15 73871 1
5 0 8 21 105075 1
21 4 17 24 92951 1
6 6 18 3 43078 1
15 14 24 5 64951 1
4 23 17 26 48755 1
27 24 12 3 107275 1
28 8 13 29 120790 1
15 0 5 2 55816 1
18 29 28 28 44502 1
19 0 28 8 60842 1
24 2 8 2 66220 1
28 13 20 10 43234 1
27 5 11 13 63174 1
18 15 12 23 42016 1
26 11 29 1 55213 1
11 14 8 0 62327 1
1 14 26 12 87138 1
0 4 22 14 91756 1
15 4 10 27 80408 1
8 14 9 2 55908 1
24 8 29 26 105330 1
21 1 21 25 103903 1
23 29 9 2 115660 1
9 14 25 14 63161 1
19 26 13 10 69294 1
14 23 16 6 69198 1
11 8 8 22 64885 1
4 11 4 1 52793 1
22 2 14 27 106713 1
24 12 21 28 74452 1
8 18 14 2 79901 1
1 23 9 16 59904 1
1 4 9 11 54859 1
4 0 7 29 125987 1
5 11 11 3 49663 1
3 3 16 3 56204 1
10 8 6 14 43975 1
8 3 22 8 57569 1
21 7 29 12 51286 1
17 20 12 0 83514 1
11 8 23 13 54412 1
27 4 29 29 135693 1
15 24 27 26 44372 1
4 22 23 24 62946 1
24 2 10 12 74524 1
8 24 10 2 88972 1
5 9 17 2 63246 1
14 10 7 7 43872 1
0 5 25 25 132096 1
21 7 9 4 43632 1
25 27 15 24 46450 1
14 27 4 27 40013 1
23 7 22 26 82938 1
3 29 24 28 77858 1
16 16 19 24 36084 1
20 5 3 16 80043 1
21 15 9 16 45990 1
27 7 1 3 75959 1
11 3 23 5 37401 1
3 12 19 14 52399 1
