5869 4296 5534 5870 4823 5111 5139 5752 4688 5028 4803 5944 4535 4181 5019 3796 3704 3734 4702 4751 4722 3615 3961 5159 5426 4259 5324 3299 4255
5141 5673 5882 4801 5207 5517 5300 5077 5514 6792 6402 6918 6223 4706 5185 4765 5499 4647 6870 6842 4926 4945 6142 4877 6782 5190 5964 4637 4423
1883 2457 3559 2044 1336 1760 2151 2929 1906 2548 3545 2785 3111 2480 2259 2034 2964 2546 6387 7326 6754 7220 7113 6514 5296 5751 5356 6813 5645
2840 1889 2840 2343 2783 3115 3058 3691 3924 1914 2675 3637 2174 3096 3108 3612 3239 3997 2216 4169 2792 3119 2381 2966 2177 2089 2927 3720 2432
7703 6219 7577 8164 6617 5550 4455 5209 4973 5209 5560 6316 6642 6693 5542 6208 4534 6262 4524 4581 6099 6480 4977 5249 5592 4673 4687 4764 4851
6361 7463 6208 7428 7068 7024 6568 5816 7206 6756 6946 5624 7174 2033 3427 2453 2798 2347 3273 2541 2814 3904 3481 3598 2486 1762 1949 2664 2395
5379 4928 6753 6400 5633 4835 6262 5375 6959 5272 6148 5689 5859 5610 5085 4910 6873 6944 5392 6419 5972 6608 5776 5695 4844 6702 5675 6765 4318
1458 3319 3014 3354 3432 2899 2321 3280 2335 2160 1942 1885 1772 1225 3183 1390 1912 1207 2364 3225 1715 2820 2697 3079 1842 2935 1572 2359 1429
7041 6293 7413 7235 7822 7575 7190 6900 7091 6430 8303 7228 7096 7844 8561 7351 7369 6994 6403 8580 7204 6868 7530 7948 7924 5941 6762 6650 5441
5668 6922 6292 4901 6310 8621 8089 8686 8636 7770 8853 7638 7850 8435 8308 7170 8132 6754 8884 7897 8089 8263 7285 7331 8633 6916 8812 6862 6682
8417 6628 8385 6928 6616 6150 5200 6012 5681 5252 6970 5700 6428 6399 6657 5614 6504 5161 5447 6024 6962 5348 5320 5401 4964 5729 5742 6806 5231
3298 3034 1846 2398 2999 2529 2925 3245 3624 2966 3890 3686 3305 3458 3852 3128 3915 2288 2555 2829 3629 3925 2105 2829 2038 3269 2146 3149 1698
2330 3845 3518 3014 3741 3402 3252 2487 3958 4469 4367 4286 3616 3812 4216 3656 4084 3259 2309 2471 4147 3898 3804 3942 4216 1905 2293 2162 2823
5377 6235 4770 5124 4159 4716 5682 6092 2253 3020 3162 2977 2470 2093 2740 2001 2260 2187 2851 2567 2317 3792 3330 1549 3242 2111 1616 2870 2441
4362 5488 4047 4147 2805 2739 1227 2991 2754 2067 1090 1776 3267 1743 1685 2653 3049 1355 2179 2892 2926 2658 1492 1236 3187 1566 1362 2528 1848
6308 7966 7849 7537 6205 8091 8053 6041 5991 6953 6626 7055 7230 6856 6753 6652 7630 7553 7624 7334 8153 7669 7872 7543 8225 6067 6765 6816 3362
3288 3167 3348 4143 4422 3721 4730 4326 2967 5025 2983 3304 2825 4752 4736 2889 4869 4763 2855 3763 3531 4925 4141 4878 3522 4864 3170 7041 7028
3381 6221 7122 6706 7786 7843 7370 7701 7765 6426 7712 6280 7926 6390 7638 7777 7793 7091 6190 8153 6897 8088 6696 6122 7169 8180 6355 7246 8076
4030 2055 2203 2268 2321 2408 3382 3286 3477 2969 4107 2367 2206 2947 3339 2549 3434 2632 2952 4238 4119 3694 2964 3132 3733 3906 2995 3183 3018
4084 3775 4577 3849 3804 5104 3957 3448 5604 4648 3953 3757 3740 3918 4752 4383 4063 5792 6374 6076 5283 6621 6284 6604 6276 5077 6476 6212 4811
5353 7162 6308 5972 7194 6369 5600 6621 6743 5575 5344 5671 6961 7866 6306 6752 7976 7486 7384 7187 6877 7069 8004 6945 6421 7036 6266 5784 7249
7821 7092 7907 6142 6838 5766 5298 5129 5541 4862 3984 5585 4201 4816 5182 5750 5632 5706 5374 5751 5872 4607 4719 5188 5421 3901 5739 4093 3916
6989 6768 5912 4893 6736 5735 5305 6060 6312 5723 4729 5014 4958 6271 6512 4677 5726 6432 6717 5480 5142 5392 5959 6179 6274 6347 6148 5667 5213
3171 2614 3273 1392 1472 3000 1801 1993 3202 5066 4559 4042 3341 3232 4444 5222 4090 3959 5143 4735 3664 3506 5074 4730 4304 5075 5065 4065 3114
3617 3305 3949 3795 3830 4242 4058 3074 3753 4706 3492 3471 4957 4097 4843 5553 4217 4120 4428 4554 5180 4438 5189 3670 4643 4732 5580 5676 4152
3606 4018 3524 3342 4132 3586 3337 3208 5476 4346 4051 4462 4485 3488 3369 4641 3848 4890 4597 4900 3577 4581 5040 4315 5249 3262 4207 4203 4025
7732 7930 6636 6183 6300 7771 8273 7151 6388 7338 6514 7984 8196 6606 6307 8238 7880 6796 7921 8240 6633 7365 6633 8081 8018 6792 6065 7760 7794
6097 5704 7722 6418 7044 6354 6865 6692 7828 5865 6229 6636 7296 6916 5693 6393 6505 5229 6478 5113 6659 5277 5242 7020 7105 5134 7117 7116 5423
4025 3709 2320 7281 6549 6973 7583 7322 7016 7314 5591 5663 5947 7373 5681 6256 5683 6249 5808 7112 7254 6625 6566 6016 6291 5822 5620 5858 6984
7083 7443 6679 6862 6864 6617 7187 6775 6377 6677 5773 6478 6916 6964 5858 6258 7378 5799 6794 7717 6673 7725 7925 6376 7105 1869 1791 1628 2357
4607 5466 6973 4711 2747 2346 4770 6214 2769 3657 7971 6180 3924 5586 4021 5056 8104 5055 7430 4523 3778 4527 8552 1813 3875 4777 8299 7727 2795 6160
5138 7059 7080 4055 2925 1946 3606 4921 2609 3685 8212 5541 5793 8512 3872 5247 6435 5908 5574 2748 2643 4910 8532 3713 2385 4612 7615 5953 1161 5787
4360 6934 6279 3344 3865 2618 5154 6051 3209 5192 6547 6376 5552 6777 4777 4519 7171 4698 6628 3475 3903 5544 7118 2121 3824 5106 6867 5771 2157 5591
5529 5398 4867 4264 3540 2682 4691 5643 2165 4748 7752 6499 4704 7165 5584 4055 7778 5537 7300 3798 3108 4434 7462 2224 2802 4810 7434 7951 2103 6000
4415 6411 6498 4590 4128 1463 4901 6455 2346 3527 7112 6172 4499 8520 4798 4396 6610 6083 6071 3888 3754 3832 7088 3774 3853 4459 8907 5810 2713 4486
4096 5343 5245 4135 3469 3164 4035 6365 4030 4959 6585 5718 4212 8742 3806 4803 7617 5999 6665 4008 2726 5484 7325 2737 3283 5503 7550 6002 2849 5333
6096 6918 6869 4586 3858 2661 5785 7346 2232 3893 7448 5197 3963 8022 5392 4838 8339 5629 6369 2792 2859 5773 7420 2775 3665 3905 7170 6049 2297 5017
6041 6468 6738 2795 4170 1099 6069 5220 3918 3547 7326 6987 5445 8234 5034 3460 6193 6015 7077 3921 4353 3912 7384 1691 3237 3482 6692 7214 1910 4653
4331 6713 4922 3535 2762 2909 6912 6566 3698 3514 7217 6498 4810 8668 5218 3381 8109 5391 7409 2724 3782 5231 7135 1578 2079 5213 7183 7158 1076 5799
4682 5201 6774 6867 2688 2254 6344 6351 3386 5478 8285 7057 4595 8110 4197 4244 8044 4778 6165 4570 3730 4134 7528 1747 3058 4335 8675 5904 3308 5985
5175 5162 5423 8038 3928 3012 6377 5674 2422 4968 8071 6015 4157 7118 4270 4020 7807 4661 7564 4428 3684 4126 8411 3166 1748 4381 7132 7797 1197 5692
5807 6687 7135 8068 3942 1941 6749 6763 2270 4369 8534 5391 5380 7445 4834 4495 7995 6048 5449 3060 4290 3489 6467 2312 5553 4445 7229 6140 2010 6643
5553 5738 4859 7885 2566 2847 8075 7508 2421 4320 7421 6368 3824 6663 3724 3654 7779 6939 6598 3374 3971 4813 7233 2618 3682 3880 7431 7579 2457 5670
5309 6140 6820 6528 3193 2505 8181 6528 2904 3916 7096 6865 4567 8938 4950 3056 7059 4991 6819 3076 3991 3617 8635 2637 5528 5312 6904 7251 2439 6560
3968 5702 4941 7696 3260 1758 6738 7502 2622 4311 6330 6126 4589 8814 4930 4335 7477 6758 6954 2636 3362 5062 8353 2941 3931 4855 8628 5821 1029 4809
4877 5305 6986 7271 2817 1896 6415 7167 3138 3383 7180 6634 3942 7734 3756 4883 6116 5760 6594 3537 2789 4471 8520 3367 5483 4291 8898 5847 2854 5120
4918 7013 6592 7601 3747 3075 7464 5961 4067 4446 8300 6893 4523 8360 3734 4909 7039 5555 6979 3029 3698 4314 8094 2913 4285 3794 7052 6016 2505 5062
6148 6554 6836 7519 4127 1755 6598 6951 4054 3444 7537 6064 5153 8829 4236 4481 6411 5368 2626 2586 2779 3882 8476 1658 3988 4628 3581 6898 1826 4590
8911 4000 5334 6503 3984 2608 7075 7328 2574 4030 6842 6546 4315 7224 3908 3601 5525 5878 2907 3550 4198 5300 7396 3090 4647 5507 3178 5843 1082 5659
7001 3957 5620 8051 3876 3279 7252 6863 2787 7827 7255 5135 4811 8869 4971 5242 5927 5121 2964 2752 3956 5026 7736 4658 5676 5680 2684 7227 1270 4592
8515 3156 6374 7036 3805 2279 6164 5671 3902 7356 8466 6069 4887 6706 4102 3882 6125 5095 2959 3852 3824 3294 6694 2794 4234 5177 3929 3346 1757 4744
6817 2638 6574 7682 3074 2779 7131 7268 2854 7331 6526 6999 4765 7343 4469 4566 5547 4650 3359 3833 3573 3133 6706 3081 4763 3577 4846 2259 2431 6329
8612 3541 6378 6190 4285 2840 6173 7254 2462 7275 5919 6567 3873 8925 3823 4255 6311 6347 3556 4632 4482 5009 6567 2981 4233 5634 4211 3903 1790 5742
7883 3928 6692 7888 3783 2765 6887 6825 4094 6322 7628 5649 5044 8287 4060 3664 6525 5603 3133 2676 3908 4862 7154 4381 4356 3659 4522 2938 1643 4419
7900 2594 4980 5953 4108 3197 8111 6375 2729 6322 8013 5126 5273 7736 5318 4534 6488 5826 2067 3735 5555 4090 7831 3579 5352 5343 4546 3080 2656 5707
7026 2835 5461 7072 4028 2349 6135 6121 2654 5942 6013 7270 5265 6851 3846 5275 5567 5796 2770 2706 5181 4456 6755 2684 4764 2564 4368 1963 4962 6405
8564 3109 6351 7241 3416 3608 6454 6045 4728 7663 7820 6771 5647 8879 4534 5657 6065 5571 2928 3083 4651 3299 6318 4108 5876 3168 4617 3676 3220 5338
7101 3122 5895 7825 6244 3080 7060 7295 5689 6641 7225 7911 7252 8573 5477 5370 6301 4820 3299 4745 3865 4209 6005 3734 4918 1397 2857 3331 3532 5798
8965 2567 4814 8045 4801 2297 6492 7008 4153 5965 7733 7521 8033 8525 6528 3758 6155 6176 2767 3335 5182 5154 6707 3590 4679 3175 4356 2332 5367 6292
11 19 2 17 41040 1
18 25 26 0 102072 1
2 29 14 4 85388 1
22 4 28 26 104118 1
7 27 17 17 54491 1
29 10 29 24 94634 1
19 17 23 28 51756 1
27 6 2 14 92912 1
20 8 6 6 46984 1
15 9 12 25 46451 1
28 27 25 11 77738 1
27 23 6 24 64728 1
19 11 14 1 50155 1
26 18 10 2 88989 1
7 4 22 25 95120 1
24 16 12 8 68780 1
16 27 10 9 67424 1
24 25 10 12 82790 1
22 9 26 23 74206 1
27 20 9 24 72890 1
0 25 18 24 59502 1
24 23 13 2 88299 1
9 18 15 8 51239 1
18 23 9 7 66554 1
20 18 25 27 54802 1
2 15 18 7 68903 1
19 6 9 20 66524 1
21 0 2 1 74816 1
6 17 21 0 84765 1
5 27 25 9 105401 1
23 0 0 27 118384 1
21 28 5 3 93790 1
2 17 4 0 50294 1
29 15 17 25 81348 1
11 3 7 23 55003 1
23 22 1 13 98096 1
26 20 10 19 60837 1
5 26 20 3 94287 1
16 8 0 9 50009 1
25 24 17 12 69106 1
10 20 3 17 33890 1
24 18 5 5 86585 1
4 2 14 21 75763 1
19 17 27 26 66955 1
27 22 1 16 106580 1
26 5 9 29 99095 1
3 18 23 12 96030 1
24 29 28 13 88717 1
24 1 25 21 78904 1
11 5 3 12 40697 1
25 28 7 7 81583 1
1 19 17 16 71561 1
11 15 4 0 66301 1
25 9 5 26 103452 1
15 7 20 22 68880 1
10 29 18 9 69629 1
24 20 19 25 42546 1
20 23 7 6 71809 1
12 17 5 10 51380 1
24 14 0 6 95123 1
21 15 27 24 63799 1
10 10 26 16 92715 1
12 6 18 21 54321 1
23 9 9 8 45065 1
29 21 8 2 124643 1
18 21 2 25 55045 1
20 26 4 1 108816 1
5 1 14 23 81461 1
16 29 23 13 80557 1
11 16 13 6 41114 1
28 26 9 2 116791 1
0 8 26 13 104964 1
18 6 15 18 46242 1
4 28 14 26 26146 1
8 8 27 13 88558 1
15 28 27 2 100641 1
28 18 1 24 91084 1
10 28 14 16 34533 1
14 24 8 9 50029 1
24 22 17 18 40104 1
15 26 25 6 86977 1
22 22 27 27 39572 1
27 0 0 10 99854 1
14 4 12 16 34510 1
5 2 3 14 46615 1
1 13 22 26 100241 1
25 16 11 21 60391 1
21 25 10 4 86793 1
4 3 29 4 82356 1
24 22 23 11 50063 1
0 19 25 14 102818 1
5 19 15 10 55874 1
12 26 22 29 29318 1
22 22 11 5 78297 1
7 20 12 28 28520 1
27 10 13 25 97372 1
24 22 12 17 58646 1
1 24 12 20 42533 1
13 1 22 20 83773 1
26 7 14 13 55566 1
7 1 1 18 64299 1
25 21 3 3 107533 1
1 8 25 8 72893 1
18 0 0 11 76435 1
9 18 23 28 61548 1
12 5 20 7 31692 1
13 0 28 24 118686 1
25 13 3 8 89526 1
10 14 20 28 57963 1
23 17 2 15 89081 1
25 13 29 4 51149 1
9 2 28 21 114567 1
24 14 5 16 82078 1
9 9 27 17 90527 1
12 19 20 28 36470 1
26 25 23 1 96725 1
13 0 17 8 42942 1
11 20 27 3 88408 1
23 20 15 24 43780 1
2 23 24 6 99199 1
25 8 0 25 114360 1
12 14 15 1 49687 1
24 1 19 21 80688 1
21 18 10 10 67259 1
24 29 10 21 49941 1
8 4 19 2 40280 1
11 10 17 28 62300 1
21 16 18 24 41267 1
12 29 7 6 61544 1
27 12 19 22 76286 1
13 4 3 3 32618 1
3 12 28 18 100266 1
26 0 5 16 99573 1
10 27 12 1 84272 1
0 29 4 14 58464 1
2 23 28 27 73275 1
3 3 13 28 79173 1
7 4 15 17 53798 1
16 27 8 24 35317 1
9 10 8 23 43571 1
25 24 20 5 88059 1
6 18 3 25 32238 1
18 3 18 27 74892 1
4 25 21 7 93663 1
27 27 4 23 65599 1
3 0 23 21 108613 1
23 3 13 26 75215 1
20 22 15 16 49970 1
27 1 10 19 87999 1
13 28 25 19 59104 1
20 26 16 2 83622 1
8 4 9 22 58488 1
10 20 15 9 41198 1
14 18 27 8 64104 1
26 15 17 18 42225 1
8 7 23 8 52461 1
5 23 25 12 91635 1
12 19 29 0 93283 1
16 10 4 8 43379 1
0 12 25 29 106653 1
6 19 10 8 35169 1
12 15 17 3 46578 1
10 15 14 6 33825 1
20 15 5 15 63402 1
23 17 26 3 63566 1
20 4 1 24 95642 1
10 14 22 0 74673 1
15 16 24 14 47044 1
3 19 19 7 76783 1
12 6 0 6 36608 1
6 27 14 17 44728 1
4 29 27 10 126247 1
22 7 16 24 75620 1
4 8 20 1 58963 1
15 22 12 13 39087 1
23 29 22 20 43079 1
9 7 27 8 64754 1
22 3 26 27 103896 1
21 13 7 18 66957 1
26 9 17 15 56337 1
17 9 6 10 45692 1
15 12 1 29 72467 1
14 17 21 1 55485 1
7 12 17 13 52494 1
11 27 29 19 78504 1
20 18 29 14 51875 1
2 27 6 19 37633 1
12 21 19 17 36023 1
12 26 12 0 75027 1
16 14 28 9 67532 1
6 8 0 15 40687 1
22 8 16 17 50435 1
8 9 1 28 58111 1
21 8 2 5 55978 1
19 10 16 3 34626 1
10 20 29 26 68928 1
20 2 2 5 55385 1
8 22 19 13 66076 1
19 15 9 14 45030 1
28 3 13 3 62220 1
17 5 29 10 59435 1
5 27 13 9 65804 1
22 15 10 20 56669 1
1 8 11 4 34310 1
26 25 14 12 70857 1
27 29 11 18 65967 1
6 17 3 29 43838 1
13 21 16 28 21529 1
22 5 29 12 58986 1
10 29 19 8 73254 1
21 20 25 5 71846 1
10 19 6 5 43751 1
19 7 1 26 100799 1
28 27 3 1 119801 1
19 19 13 1 68040 1
5 15 12 11 43706 1
15 15 1 13 64093 1
22 3 9 25 92130 1
19 1 1 8 59935 1
21 25 20 15 56576 1
1 28 5 13 49664 1
5 0 0 14 55345 1
8 0 21 2 67660 1
17 13 23 7 40527 1
15 13 12 1 45404 1
13 0 7 8 41716 1
0 17 16 9 78323 1
12 17 2 25 51057 1
14 11 11 18 29007 1
27 8 20 18 64682 1
1 0 26 9 90500 1
10 13 23 8 60341 1
6 25 1 4 65741 1
4 4 5 18 52764 1
10 28 16 2 74092 1
3 3 25 0 72811 1
6 28 9 14 44849 1
13 8 23 6 35130 1
16 0 10 18 71431 1
17 11 1 26 91937 1
3 12 12 13 45381 1
12 25 6 15 39662 1
29 27 0 26 75443 1
27 6 12 19 77567 1
24 0 9 0 69290 1
9 24 16 10 55919 1
12 28 5 6 68541 1
20 19 16 3 60884 1
28 3 21 13 65112 1
25 19 14 23 46786 1
20 19 26 15 39995 1
23 6 5 7 59935 1
17 10 22 16 44471 1
25 0 22 28 106324 1
1 2 27 7 89792 1
21 22 20 7 71345 1
26 6 6 2 71188 1
14 20 7 27 32253 1
28 15 12 27 88344 1
28 1 13 8 56469 1
17 15 19 27 50672 1
9 26 22 3 99046 1
26 20 6 23 72297 1
24 15 13 27 68543 1
25 3 17 18 66731 1
9 20 19 27 50027 1
16 17 19 8 40892 1
1 23 24 11 106074 1
25 25 15 11 76195 1
14 22 23 23 28975 1
22 6 28 15 62172 1
6 1 11 28 79647 1
24 14 7 23 77744 1
15 26 1 20 56591 1
19 29 8 17 59778 1
27 7 13 15 66795 1
8 10 28 25 99935 1
16 27 1 23 52112 1
17 11 29 23 82185 1
7 23 29 4 102721 1
18 9 4 28 78551 1
25 23 3 7 97488 1
14 21 24 21 44113 1
18 17 4 16 64353 1
9 20 11 6 52329 1
13 11 20 7 37202 1
23 21 5 26 65170 1
15 26 23 15 68341 1
22 3 4 24 99692 1
6 15 26 23 76044 1
10 6 22 26 88430 1
27 8 10 0 69311 1
8 10 11 18 41769 1
25 20 28 11 58045 1
8 14 25 6 73237 1
23 25 22 14 52694 1
15 6 14 15 25338 1
20 7 4 8 55490 1
21 29 4 15 72492 1
8 28 12 4 68985 1
15 15 23 23 51022 1
25 13 0 4 94500 1
1 15 9 19 41376 1
25 14 5 23 83662 1
2 18 17 5 68902 1
16 20 22 3 70055 1
12 5 2 16 51311 1
20 0 25 11 50929 1
11 3 19 6 28886 1
22 28 5 25 40672 1
5 15 4 1 54096 1
26 10 7 14 83456 1
11 14 3 29 60468 1
10 19 28 14 80228 1
2 7 18 7 47340 1
9 12 9 1 52257 1
11 5 16 14 35633 1
14 7 4 5 27821 1
16 26 2 17 68137 1
14 15 18 6 32231 1
4 8 24 15 87529 1
23 5 14 0 43118 1
18 24 8 12 58715 1
4 2 21 13 88064 1
3 21 17 28 49026 1
5 0 10 8 44271 1
10 9 4 27 63153 1
25 11 29 26 73615 1
11 6 16 18 46411 1
5 24 27 8 101110 1
2 13 5 25 45191 1
11 26 18 7 66456 1
2 4 16 1 49225 1
7 5 9 27 61967 1
9 25 26 11 103256 1
2 0 29 2 95565 1
7 3 29 25 112754 1
16 12 13 29 49189 1
16 17 11 8 38953 1
11 19 16 9 38068 1
24 2 26 29 116793 1
19 4 27 16 74132 1
13 25 26 3 89814 1
25 9 2 6 72277 1
7 0 13 28 78654 1
17 24 28 25 47976 1
2 3 2 23 59345 1
15 28 20 7 70357 1
19 22 1 6 90502 1
4 11 1 0 41443 1
24 21 5 12 88359 1
14 23 20 15 42166 1
19 24 18 11 45220 1
26 0 24 12 52150 1
4 8 24 16 93082 1
6 4 16 19 60605 1
23 1 22 14 42810 1
24 17 29 3 77009 1
13 18 0 28 54278 1
18 7 20 18 39184 1
14 16 3 21 49310 1
14 13 2 15 52349 1
24 6 21 18 58753 1
25 15 23 2 49015 1
8 11 25 18 82763 1
7 28 25 14 86677 1
2 27 24 21 84114 1
15 6 23 25 81059 1
5 19 1 9 44008 1
23 13 9 29 89139 1
19 13 26 22 65135 1
4 11 27 5 82779 1
13 18 3 22 41860 1
15 24 6 8 54980 1
20 26 3 23 54771 1
21 3 17 29 93498 1
28 3 4 27 128507 1
1 6 19 24 88907 1
12 7 23 1 43026 1
16 9 8 23 52584 1
16 19 6 7 58417 1
4 0 15 15 70435 1
17 19 10 0 65820 1
5 26 17 6 84222 1
24 6 10 13 68114 1
9 16 4 28 49888 1
4 28 25 24 60020 1
18 19 3 3 74026 1
7 4 15 23 62454 1
2 17 25 13 106399 1
16 8 20 14 34332 1
15 17 1 8 64452 1
0 10 14 22 77331 1
13 0 29 28 114504 1
19 2 4 13 73315 1
17 25 2 1 95162 1
3 11 24 21 101199 1
1 7 16 12 58905 1
4 13 28 29 105378 1
0 15 8 7 51419 1
7 10 16 4 37638 1
10 16 20 15 48290 1
25 10 16 11 50320 1
25 28 4 16 76857 1
5 28 16 21 43105 1
18 25 1 10 91690 1
27 14 3 17 106665 1
21 13 18 25 54583 1
29 6 11 16 81854 1
28 15 10 24 84982 1
21 28 20 0 93386 1
18 15 8 20 46890 1
8 5 8 19 34895 1
2 6 12 15 53164 1
12 3 6 25 67128 1
7 12 18 19 49994 1
11 14 1 26 67848 1
3 19 11 5 53635 1
23 22 7 15 65636 1
20 26 21 10 74967 1
7 19 13 6 48653 1
9 28 24 13 87382 1
26 24 18 1 99560 1
27 22 3 19 86270 1
6 17 4 27 39964 1
2 29 16 4 90659 1
21 8 10 0 52866 1
5 23 6 3 57216 1
2 13 0 0 41759 1
1 15 24 25 100125 1
26 10 6 13 90253 1
28 18 18 18 29942 1
23 5 11 10 43411 1
1 3 10 16 59458 1
9 7 16 15 45689 1
28 14 20 24 72239 1
6 6 29 14 106273 1
12 2 23 9 47361 1
5 2 17 27 101309 1
2 5 28 9 85128 1
16 9 3 5 42221 1
8 9 29 15 106307 1
17 0 4 9 65588 1
26 15 11 27 82156 1
11 4 12 16 41997 1
19 26 28 12 95746 1
20 26 20 10 70258 1
24 24 14 10 64299 1
19 16 21 7 43788 1
4 20 26 25 77278 1
18 2 9 19 64359 1
29 22 14 24 58720 1
3 14 28 24 105522 1
11 17 7 9 34315 1
12 26 6 3 71103 1
23 16 17 24 48881 1
17 2 18 24 73830 1
7 14 25 14 78485 1
4 28 10 23 24662 1
15 2 21 12 59738 1
16 22 27 7 86289 1
8 0 1 11 53586 1
0 0 10 0 49295 1
27 27 8 2 112762 1
10 10 5 2 50341 1
17 13 13 26 49238 1
19 7 9 12 50113 1
23 20 16 25 41819 1
28 21 7 16 87895 1
8 11 22 16 80929 1
21 29 4 8 82307 1
0 28 24 16 92274 1
19 29 8 12 68690 1
29 14 16 13 63758 1
17 14 0 15 73329 1
4 13 15 23 58899 1
24 12 26 23 55233 1
1 2 17 17 86342 1
6 12 11 4 33058 1
21 3 11 19 68697 1
18 8 6 7 42507 1
7 29 25 0 107396 1
25 5 4 9 66879 1
17 2 1 17 87647 1
25 19 13 7 69432 1
19 6 2 2 52290 1
8 11 27 0 88074 1
26 26 5 10 100072 1
20 28 27 3 106482 1
26 24 16 10 84680 1
10 1 11 18 58250 1
25 22 14 24 41719 1
14 25 22 5 64395 1
20 5 15 12 33604 1
22 12 29 1 54442 1
6 15 0 28 50030 1
26 6 29 14 59373 1
0 10 15 25 85117 1
26 23 16 28 40880 1
9 17 29 8 94576 1
23 22 9 4 89795 1
26 19 1 4 103515 1
11 1 21 11 58780 1
2 5 20 29 96097 1
1 8 9 16 45104 1
22 23 11 18 46142 1
7 29 2 2 72809 1
17 26 2 1 103030 1
3 16 9 21 36122 1
9 1 0 26 100633 1
20 10 0 22 99233 1
29 9 3 0 98719 1
10 29 5 18 41943 1
27 3 29 22 109098 1
1 3 9 17 57467 1
27 1 11 7 56233 1
19 14 10 12 43438 1
6 4 15 20 60686 1
8 10 15 26 65029 1
26 5 18 0 34973 1
20 28 15 16 44473 1
24 23 24 2 87283 1
6 26 3 16 43307 1
0 5 13 21 71982 1
17 26 7 29 33799 1
29 6 16 15 76065 1
14 5 7 0 31144 1
21 6 28 9 42653 1
5 6 8 13 33749 1
14 2 21 5 27649 1
24 10 13 21 72591 1
9 9 11 20 44573 1
1 20 17 25 59337 1
5 4 3 23 62601 1
1 22 24 1 113479 1
0 29 25 7 116683 1
6 4 13 8 29954 1
11 22 6 9 43677 1
28 28 22 20 55209 1
4 3 4 16 50045 1
22 16 1 21 90894 1
3 15 25 28 81151 1
18 20 27 4 75397 1
3 20 29 21 97545 1
5 8 14 28 63722 1
3 8 9 4 29591 1
20 23 17 6 69008 1
26 6 3 7 70662 1
7 17 27 17 75336 1
14 15 23 14 39614 1
28 11 20 27 103380 1
1 3 6 23 62864 1
11 2 1 21 73536 1
20 23 24 17 37059 1
2 20 19 21 62168 1
10 12 28 22 95149 1
22 26 18 2 89270 1
17 29 3 26 45470 1
28 21 20 28 53033 1
7 14 14 20 38101 1
24 4 24 26 92753 1
5 20 23 23 56049 1
26 26 20 21 43836 1
11 23 29 6 94292 1
11 17 27 6 80129 1
17 28 19 3 75448 1
5 21 23 8 82478 1
18 27 8 21 46454 1
23 15 7 16 67854 1
17 28 19 4 71599 1
13 3 1 24 83663 1
26 13 17 23 67657 1
5 29 3 11 58392 1
22 26 4 29 51247 1
19 11 14 19 39919 1
12 3 4 8 35078 1
28 2 21 22 102290 1
4 11 17 20 69919 1
14 1 17 19 56264 1
8 26 14 16 46644 1
11 22 5 13 41976 1
3 25 25 26 62348 1
19 1 9 7 46103 1
26 20 24 9 56201 1
17 10 29 29 98101 1
29 26 29 5 108953 1
3 6 14 1 46139 1
13 15 24 12 54245 1
10 28 1 6 72581 1
25 19 27 9 55782 1
10 10 5 29 66616 1
26 8 4 2 77910 1
16 27 29 27 39506 1
0 23 17 6 90021 1
3 2 28 10 97790 1
6 1 22 21 103392 1
0 4 11 1 39147 1
5 4 16 14 55666 1
21 17 29 4 78148 1
2 15 0 23 36017 1
3 28 22 3 105218 1
19 19 27 5 69821 1
29 24 26 13 70274 1
9 6 3 0 35294 1
12 4 5 17 52651 1
12 24 29 6 94593 1
9 21 5 5 49783 1
22 6 16 27 84726 1
23 20 26 6 69642 1
24 1 8 16 82100 1
27 10 6 4 80818 1
2 16 12 29 61030 1
10 22 14 7 52051 1
29 17 18 15 47123 1
28 20 14 24 62789 1
15 10 27 26 82665 1
1 19 7 28 41054 1
24 29 0 7 104911 1
0 4 1 29 82472 1
25 0 19 4 32447 1
25 4 27 16 60213 1
20 9 15 23 61214 1
16 19 26 20 40726 1
1 2 0 11 39236 1
3 16 10 2 65353 1
12 7 3 16 53094 1
17 29 29 23 52883 1
22 17 1 3 100526 1
24 0 20 24 99118 1
10 18 24 17 57123 1
6 27 12 0 83472 1
25 14 19 9 46645 1
3 16 23 10 92660 1
27 29 11 10 90360 1
6 24 23 15 76217 1
25 3 13 6 42195 1
17 11 0 11 77708 1
22 12 8 17 75350 1
29 19 13 21 58647 1
12 24 20 1 73699 1
20 6 24 20 74333 1
27 29 1 4 116991 1
17 16 22 0 69035 1
23 4 12 10 44450 1
24 9 18 29 90387 1
3 20 0 0 66576 1
9 9 24 7 56804 1
24 6 11 0 50144 1
13 21 28 29 57187 1
4 20 19 3 77644 1
29 20 4 29 100580 1
26 19 12 17 51542 1
8 13 2 2 46089 1
12 1 2 2 44860 1
29 27 4 18 85746 1
21 26 7 29 37981 1
18 28 2 12 80282 1
7 11 24 14 78049 1
24 19 17 2 76037 1
21 27 11 14 59543 1
25 15 5 7 95533 1
15 6 27 12 71097 1
4 27 15 5 79167 1
21 26 4 13 87399 1
21 14 12 26 62856 1
27 3 25 24 98191 1
16 27 3 20 54447 1
20 29 23 5 90506 1
0 28 27 14 111132 1
20 7 25 18 62196 1
25 14 11 14 60815 1
12 18 5 23 31551 1
27 1 14 7 47452 1
7 20 19 2 70277 1
20 8 6 28 79401 1
17 15 3 17 65380 1
4 5 19 10 53570 1
17 4 8 1 43879 1
23 8 24 28 88161 1
19 15 28 4 67934 1
22 5 10 5 29734 1
9 26 14 7 64643 1
12 28 0 29 29831 1
8 11 2 22 50626 1
20 7 10 29 82662 1
0 18 18 26 75891 1
21 22 2 12 88329 1
21 6 19 16 49086 1
1 13 28 1 105010 1
7 0 12 11 47614 1
20 11 18 26 59052 1
13 11 19 21 47511 1
20 5 3 17 77590 1
5 25 23 19 67720 1
0 6 3 23 60460 1
24 2 13 26 85180 1
17 20 2 13 72117 1
9 9 17 13 47700 1
5 0 11 14 63307 1
1 29 21 12 97807 1
23 11 13 24 72694 1
0 10 7 13 38352 1
1 14 13 18 58444 1
9 11 23 4 61845 1
2 7 10 15 42498 1
12 7 10 25 58213 1
28 24 19 29 41450 1
12 4 1 2 40861 1
4 28 7 8 51478 1
9 3 12 15 49858 1
20 10 0 17 101156 1
21 1 9 15 69252 1
8 18 13 11 44138 1
6 13 8 27 46402 1
10 4 21 3 42832 1
24 13 28 3 56106 1
5 2 6 17 53648 1
5 16 17 20 53112 1
28 19 3 1 114319 1
17 25 25 3 92880 1
24 2 6 18 85545 1
5 2 9 28 76820 1
18 6 11 0 31760 1
28 4 7 6 63283 1
17 10 1 22 88252 1
22 4 12 16 57249 1
23 29 10 4 84300 1
8 1 9 26 80451 1
25 19 8 3 92737 1
10 2 8 19 55736 1
24 18 15 4 70050 1
9 9 6 17 28159 1
29 4 24 10 39517 1
21 1 1 25 111107 1
1 12 16 19 73102 1
14 11 28 9 61281 1
16 12 28 2 71821 1
8 7 13 1 41511 1
19 24 26 28 36055 1
17 22 8 4 75221 1
27 11 11 21 93922 1
22 11 15 16 50656 1
12 15 4 6 52374 1
25 1 12 24 85953 1
1 1 12 12 66366 1
20 22 18 2 74599 1
18 14 24 8 36746 1
9 19 1 8 44611 1
20 15 0 15 86675 1
6 4 7 28 59409 1
6 1 10 9 43411 1
18 14 17 5 28904 1
1 8 4 16 36025 1
9 22 27 17 76345 1
4 1 0 28 90687 1
7 6 15 0 44283 1
27 1 13 6 50707 1
26 27 11 23 44455 1
16 21 22 25 38365 1
1 27 3 18 36511 1
27 12 27 26 78758 1
2 12 17 2 68891 1
23 23 21 0 92824 1
11 3 26 1 53067 1
17 25 18 7 62773 1
26 16 5 16 90361 1
28 1 9 13 91625 1
22 23 5 16 64027 1
28 21 6 4 111691 1
1 22 9 5 65972 1
25 10 1 15 103987 1
14 14 10 21 31015 1
24 25 26 6 89905 1
13 11 25 8 46622 1
9 25 19 27 39694 1
2 21 20 18 68882 1
3 29 14 14 57559 1
4 3 4 23 67056 1
25 16 14 8 67077 1
28 9 17 3 59597 1
24 14 13 3 67687 1
19 13 2 6 69450 1
20 16 23 4 55607 1
15 4 21 8 30408 1
13 19 9 4 50559 1
12 29 0 12 80268 1
8 5 3 12 32522 1
12 21 11 11 35865 1
8 14 1 9 35926 1
19 4 6 1 51393 1
11 17 5 0 69919 1
9 15 25 24 78121 1
20 16 3 2 87386 1
3 0 24 17 107545 1
21 12 3 15 81909 1
23 14 8 18 75602 1
28 23 14 1 102999 1
0 3 13 3 47380 1
10 8 20 15 51552 1
10 6 25 15 81346 1
21 8 6 15 63503 1
18 5 18 29 70138 1
4 22 12 7 61492 1
17 16 18 0 52325 1
14 2 16 21 54148 1
29 5 20 18 74567 1
29 13 2 18 127933 1
0 7 16 11 62866 1
14 6 4 29 74107 1
24 10 6 17 85465 1
13 22 3 25 33095 1
15 19 7 14 37845 1
24 22 8 13 82774 1
12 14 8 2 57451 1
22 20 21 3 77284 1
6 1 6 26 75395 1
4 0 22 0 82832 1
0 10 22 22 106300 1
28 22 14 23 52535 1
13 27 13 15 29823 1
23 27 4 17 73298 1
4 6 23 7 56475 1
3 29 8 8 59931 1
28 22 7 6 105717 1
20 18 29 28 62925 1
3 6 23 29 94640 1
29 0 27 10 64938 1
27 19 13 26 62114 1
5 14 1 5 39762 1
16 24 29 6 97375 1
18 2 4 23 80854 1
10 9 4 20 44143 1
1 2 14 6 45211 1
26 3 13 0 67435 1
2 27 23 2 112138 1
28 9 22 1 45996 1
21 8 8 2 58478 1
21 29 12 4 75225 1
19 22 13 11 52483 1
6 19 8 27 29891 1
15 7 5 11 47034 1
3 29 17 16 72337 1
27 28 0 20 84656 1
8 25 21 22 50292 1
23 13 9 26 89233 1
16 14 2 15 59292 1
21 14 29 17 48770 1
20 25 4 15 75305 1
24 18 3 5 90730 1
24 24 13 12 64787 1
20 8 22 23 66978 1
13 5 1 14 53737 1
9 10 6 29 60113 1
18 5 1 13 66886 1
7 25 6 14 30826 1
28 10 0 29 140876 1
16 29 24 5 84967 1
23 11 8 29 96315 1
13 2 2 14 62150 1
8 1 3 25 76572 1
2 14 15 8 53998 1
23 22 11 4 83179 1
0 11 22 13 103710 1
11 8 20 23 59808 1
1 22 27 11 127157 1
11 13 21 5 48370 1
9 0 23 17 95744 1
6 21 29 21 89156 1
17 11 22 25 68233 1
6 16 16 2 64865 1
18 14 29 14 51036 1
25 25 16 29 35660 1
26 17 16 29 74609 1
4 9 29 27 103852 1
8 7 24 14 78687 1
8 16 3 9 36782 1
1 2 25 3 77446 1
22 26 25 14 61218 1
8 17 1 11 46753 1
4 10 10 28 65166 1
19 6 12 27 72245 1
27 5 6 28 101304 1
27 12 0 24 121351 1
14 12 18 1 31975 1
4 17 19 15 69494 1
9 16 18 6 58870 1
25 1 22 14 49332 1
8 14 27 10 93730 1
2 28 5 9 62255 1
15 14 13 2 40476 1
23 14 14 28 67814 1
16 5 12 16 35359 1
26 9 3 12 88267 1
9 8 29 15 95899 1
26 8 14 7 40928 1
1 7 6 16 45899 1
19 4 7 18 58867 1
0 0 26 9 95107 1
3 0 22 17 103168 1
14 8 28 12 71413 1
28 28 22 7 107463 1
23 15 2 21 92027 1
29 17 0 0 134002 1
29 26 28 12 87317 1
25 18 23 26 40259 1
16 3 7 4 32218 1
2 29 26 13 114780 1
27 12 3 10 101791 1
5 19 26 3 95085 1
12 23 23 15 58979 1
22 24 26 12 65099 1
23 26 25 17 45149 1
15 29 19 22 34523 1
10 3 18 29 82382 1
18 5 3 3 40147 1
6 7 14 5 29133 1
20 19 5 15 59757 1
13 27 19 10 64995 1
3 11 10 2 49726 1
11 22 20 0 80856 1
10 6 15 28 64636 1
28 26 12 0 111329 1
20 20 19 29 41773 1
20 17 8 24 55346 1
29 23 1 11 120074 1
2 5 16 27 87422 1
1 20 7 1 65212 1
17 25 28 19 62021 1
24 9 5 12 73823 1
6 26 16 0 93340 1
21 7 12 27 77365 1
26 22 25 6 74011 1
4 27 23 13 98033 1
23 28 17 4 78789 1
15 27 23 17 57584 1
9 7 29 11 93423 1
22 9 15 18 60703 1
7 16 27 26 79259 1
8 10 27 1 80374 1
28 11 25 28 92479 1
29 16 19 24 71209 1
7 26 25 18 69258 1
1 12 10 22 62569 1
16 20 28 20 49175 1
23 13 17 6 48055 1
27 1 20 13 64206 1
21 22 4 27 63006 1
1 23 14 12 58992 1
9 6 26 21 99855 1
6 22 20 25 53231 1
22 24 28 3 107865 1
28 6 21 11 48469 1
20 21 26 25 38770 1
27 10 1 17 120899 1
24 5 5 19 78276 1
2 14 12 0 63466 1
10 1 4 16 66220 1
12 23 10 15 30706 1
9 21 27 0 104386 1
17 10 24 2 47549 1
6 11 18 3 49774 1
29 26 24 16 54836 1
15 8 21 28 58410 1
28 0 21 18 83230 1
0 20 14 5 72438 1
23 24 13 15 54163 1
29 23 17 4 101925 1
3 3 8 24 61744 1
21 17 29 21 48013 1
17 26 29 0 117708 1
10 28 6 18 36722 1
12 16 1 2 71897 1
26 7 18 16 54692 1
5 28 28 22 78060 1
0 13 13 17 64459 1
17 22 1 17 71529 1
12 11 6 24 56574 1
29 6 0 28 127076 1
13 29 10 18 41122 1
7 8 17 26 72812 1
2 5 14 28 78282 1
18 7 12 26 63966 1
2 19 20 4 83068 1
10 23 18 0 72637 1
16 7 26 6 42749 1
28 5 28 28 115442 1
20 1 5 13 72905 1
24 3 12 28 86637 1
24 3 6 19 80553 1
11 21 1 26 45773 1
4 12 10 2 51436 1
23 10 10 13 68609 1
7 27 23 19 65552 1
9 27 22 13 88535 1
11 11 22 11 59456 1
0 23 14 21 39056 1
24 15 3 4 89933 1
9 4 20 6 37648 1
17 21 21 15 36531 1
13 15 16 27 40969 1
