3486 3520 3638 3624 3417 3416 3588 3440 3435 3695 3571 3453 4613 4379 4512 4469 4452 4538 4461 4379 4638 4629 4585 4624 4485 4561 4469 4596 4364
7082 6918 6948 7008 7114 6935 7079 6893 6668 6773 6610 6558 6511 6546 6616 6606 6542 6629 6736 6737 6499 6612 6619 6622 6664 6675 6535 6758 6695
7377 7235 7469 7454 7318 7406 7511 7445 7281 7432 7455 7337 7409 7420 7459 7469 7262 7524 7446 7488 7368 7333 7737 7756 7833 7722 7802 7772 7759
6599 6600 3186 3401 3209 3334 3212 3258 3270 3366 3204 3170 3384 3301 3416 3376 3244 3236 3196 3229 3371 3260 3407 3239 3396 3197 3191 3354 3298
5145 5189 5005 5049 5134 5072 5060 5054 5007 5160 5022 5199 4991 5119 5212 8281 8140 8079 8262 8221 8022 8251 8036 8113 8152 8255 8195 8160 8203
8495 8327 8558 8493 8479 8443 8540 8423 8408 8320 8316 8392 8403 8444 8343 8300 8413 8534 8496 8460 8545 8545 8341 8467 8496 8338 8520 8515 8584
5752 5830 5664 5816 5612 5632 5890 5886 5846 5853 5760 5834 5729 5788 5891 5620 5701 5716 5695 5790 5657 5834 5782 5893 5672 5737 5782 5895 1383
8159 8183 8281 8296 8115 8319 8137 8028 8147 8180 8232 8058 8096 8258 8085 8027 8250 8248 8192 8283 8282 8132 8058 8292 8080 8325 8223 8288 8027
6977 7040 7149 6930 7183 7078 7150 7204 6966 7166 7193 7182 7201 6925 7108 7107 7047 6964 7180 7042 6969 6920 2204 2225 2139 2163 2166 2157 2128
3689 3484 3605 3675 3751 3660 3498 3654 3613 3744 3713 6115 6161 5914 5981 6021 6013 6174 5895 5974 6134 6105 5959 6188 6067 5897 5921 6136 6184
4870 4717 4921 4757 4851 4919 4763 4653 4671 4889 4878 4830 6522 6700 6484 6705 6556 6595 6618 6596 6670 6639 6571 6608 6457 6552 6577 6446 6643
1026 1080 1182 1193 1077 1288 1265 1246 1200 1061 1189 1221 1152 1116 1033 1077 1073 1047 1187 1166 1028 6431 6627 6562 6508 6584 6371 6503 6373
6995 6857 6903 6724 6891 6831 6973 6879 6824 6768 6893 7004 6914 6859 6995 6716 6957 6936 6744 6866 6733 6834 6791 6762 6821 7978 7932 8026 7963
4255 4297 4204 4437 4298 4365 4297 4386 4241 4307 4178 4433 1317 1588 1364 1365 1372 1561 1368 1407 1531 1488 1459 1337 1447 1332 1375 1580 1414
2665 2455 2437 2379 2543 2328 2505 2375 2502 2596 2530 2367 2400 2583 2548 2444 2365 2460 2324 2530 2496 2403 2538 2455 2562 2503 2397 2340 2598
5433 5436 5343 5393 5367 5467 5242 5499 5293 5359 5280 5264 6135 6094 6055 6151 6054 6136 6123 5967 6213 6231 6140 6155 6252 6150 6188 6166 6157
6316 6279 6463 6450 6366 6403 6479 6395 6400 6506 6402 6492 6317 6374 6285 6349 6479 5681 5887 5755 5853 5620 5770 5849 5810 5758 5608 5598 5777
2363 2565 2370 4504 4621 4528 4720 4454 4463 4699 4649 4669 4531 4490 4477 4457 4536 4624 4579 4592 4616 4636 4544 4578 4509 4489 4560 4546 4428
7400 7971 7873 7995 7985 7791 8005 7836 7823 7917 7845 7827 7785 7782 7879 7900 7954 7885 7809 7797 7860 7981 8011 7886 7983 7928 8028 7969 7912
3312 3231 3314 3409 3265 3459 3189 3299 3347 3386 3426 3183 3217 3335 3313 3310 3259 3346 3294 7926 7987 8045 8096 8143 7994 8145 7873 8039 8009
8721 8843 8641 8717 8862 8642 8649 8675 8612 8856 8794 8709 8605 8676 8673 8847 8702 8601 8796 8747 8812 8715 8807 8822 5832 5787 5781 6057 5849
6708 6517 6465 6457 6478 6615 6685 6655 6712 6635 6464 6700 6660 6458 6669 6715 6638 6722 6510 6461 6720 2262 2202 2356 2230 2130 2217 2203 2331
2798 2855 2930 2897 2746 2790 4832 4902 4919 4978 4896 4845 4979 4865 5071 4961 5032 4930 5022 4877 4835 4927 4933 4938 4986 4942 5117 5103 5055
4571 4827 4713 4816 4593 4562 7460 7426 7493 7540 7567 7624 7610 7591 7459 7688 7602 7637 7529 7467 7518 7594 7566 7497 7648 7681 7544 7547 7653
5124 5170 5154 5003 5109 5272 5008 5151 5077 5061 5252 5270 5200 5251 5084 5198 8797 8838 8797 8638 8671 8815 8746 8756 8670 8637 8676 8772 8737
8339 8334 8203 8244 8154 8332 8145 8170 8107 8200 8205 8279 4359 4314 4218 4501 4416 4426 4383 4236 4329 4452 4254 4405 4249 4488 4457 4407 4305
4303 4280 4319 4203 4207 4226 4069 4063 4260 4169 4069 4158 4127 4189 4229 4163 4337 4270 4263 4084 4133 4277 4271 4273 4086 4075 7033 6773 6879
7504 7346 7424 7331 2559 2392 2645 2429 2543 2365 2422 2487 2470 2623 2387 2555 2505 2407 2421 2539 2402 2633 2500 2532 2510 2381 2473 2603 2512
7872 7887 7858 7748 7832 7663 7674 7761 7850 7840 7632 7602 7651 7747 7882 7767 7850 7721 7761 7716 1851 1860 1778 1774 1814 1889 1897 1849 1816
5191 5080 4939 5210 4942 4966 5162 2132 2136 1971 2096 1964 2119 1976 2204 2166 2065 2122 1993 1948 2031 1935 2105 2096 1984 2060 2119 1922 2172
2055 7203 1276 6966 8791 4144 3654 4901 1283 3782 8411 1904 6559 1724 1378 1783 7821 8596 5720 4326 4450 2057 1989 2300 7362 5979 4082 8142 5066 2165
1964 7065 1285 6981 8719 4295 3642 4761 1352 3914 8611 2014 6476 1716 1646 1779 7850 8569 5799 4201 2572 2078 1763 2335 7408 5905 4080 8120 5110 1986
1955 7243 1320 6841 8721 4327 3485 4932 1271 3920 8450 2011 6474 1760 1607 1825 7749 8490 5834 4149 2707 1958 1793 7341 7248 6021 4114 8209 5067 2183
1940 6966 1248 6946 8793 4341 3478 4956 1269 3831 8434 1859 6558 1620 1474 1775 7889 8380 5963 4307 2560 2233 1786 7613 7442 5960 4128 8096 5001 4637
1962 6983 1315 6955 8848 4385 3565 4801 1496 3944 8614 1987 6399 1567 1457 2753 7750 8565 5896 4181 2579 2036 1768 7583 7359 6001 4138 8270 5157 4675
2045 7158 1281 7020 8715 4255 3644 4857 5691 3801 8487 1876 6397 1600 1658 2819 7750 8539 5768 4149 2715 2056 1944 7604 7472 5857 4008 8063 4919 4616
2044 6968 1236 6801 8851 4203 3577 4897 5885 3843 3376 1958 6318 1694 6369 2766 7729 8400 5810 4119 2581 2187 1823 7487 7392 5934 3860 8088 2132 4410
2218 7157 1375 6804 8735 4317 3593 4854 5648 3967 3216 1991 6311 1539 6323 2808 7875 8437 5694 4125 2807 2041 1966 7350 7291 5778 3870 8192 2065 4661
1986 6661 1446 6866 8837 4187 3520 4908 5900 4020 3478 1908 6314 1608 6446 3000 7851 8425 5912 4311 2652 2213 1858 7341 7449 5793 6235 8076 2233 4648
2236 6609 1375 6912 8709 4187 3629 4908 5775 3908 3215 7648 6290 1614 6325 2779 7762 8532 5816 4176 2757 2206 1998 7601 7427 5836 5989 8181 2040 4410
1989 6648 4514 1929 8856 4279 3677 4811 5915 5733 3443 7596 6407 1763 6488 2755 7994 8437 5966 4070 2558 2198 1740 7432 7337 5841 5977 8342 2090 4514
2203 6656 4453 1804 8720 4273 3508 4815 5833 5609 3257 7518 4621 1563 6516 2781 7776 8435 5967 4098 2528 1954 1799 7364 7269 5750 6161 8195 2191 4579
4192 6460 4425 2037 8808 4302 3395 4812 5851 5768 3298 7738 4888 1768 6338 2969 7744 8499 5758 4176 2570 2203 2020 7350 7231 5816 6028 8336 2138 4558
4367 6657 4595 1886 8773 4365 3620 4791 5876 5567 3199 7630 4626 1645 6481 2784 7772 8432 5724 4066 2573 2165 1947 7486 7387 5793 6093 8098 2098 4443
4164 6673 4363 2035 8633 4182 3532 4781 5640 5657 3474 7693 4720 1549 6448 2914 7860 8602 5808 4238 2560 2159 1940 7391 7303 5922 6062 8301 2066 4389
4382 6441 4396 1799 8780 4223 3563 4809 5825 5752 3453 7500 4733 1584 6544 2804 7828 8530 5795 4239 2809 2128 1975 7367 7272 5884 6225 8256 2115 4407
4179 6536 4598 1887 8755 4260 3497 4956 5644 5765 3445 7612 4837 1585 6550 2958 7870 8430 5900 4084 2631 2140 1785 7445 7458 5770 6151 5221 2199 4494
4162 6544 4556 1854 8851 4298 3557 4878 5757 5652 3245 7720 4847 1540 6351 2833 7958 8555 5851 4125 2604 1962 1884 7603 7251 5734 6016 5097 2300 4561
4431 6509 4352 1970 6804 4338 3546 5018 5806 5759 3217 7606 4878 1612 6464 2778 7967 8585 5698 4066 2795 2072 2015 7495 7403 5996 6129 5041 2182 4452
4186 6718 4404 1963 6867 4224 3644 4827 5700 5768 3317 7767 4806 1667 6488 2783 7765 8444 5813 4102 2755 2222 1940 7496 7272 5790 6127 5035 2074 4457
4314 6494 4379 2087 6828 4294 3585 5043 5807 5614 3406 7752 4819 1599 6379 2872 7887 8471 5835 4143 2728 2090 1915 7356 7390 5974 6265 5022 2215 4585
4348 6682 4557 1922 6793 4218 3538 4963 5905 5611 3381 7605 4831 1731 6429 2880 4509 8628 5928 4337 2767 2129 1903 7599 7378 5996 6087 5051 2178 4444
4254 6703 4424 2036 6889 4194 3588 5014 5738 5795 3337 7699 4684 1780 6554 2925 4594 8483 5946 4212 2564 1972 1997 7573 7241 5926 6038 5019 2265 4599
4301 6645 4629 1946 6789 4304 3391 4845 5838 5806 3461 7684 4621 1772 6399 2770 4634 8401 1383 4199 2825 1963 1918 7449 7226 7982 6201 4963 2183 4615
4242 6673 4403 1797 6739 4247 3480 4857 5719 5621 3383 7777 4684 2347 6325 2882 4763 8657 1239 4197 2760 2000 2035 7571 7358 7901 6135 5114 2103 4469
4253 6635 4433 1803 6677 4314 3660 7569 5742 5756 3375 7736 4713 2162 6515 2739 4694 8526 1442 7997 2535 1996 2002 7495 7353 7870 6082 5138 2028 4447
4285 6706 4439 1826 6739 4205 3508 7683 5774 5773 3458 7679 4882 2240 6537 2988 4519 7934 1419 7789 2759 2133 1902 7528 7462 7787 6213 5027 2082 4446
4258 6507 4415 2020 6715 4325 2181 7485 5682 5671 3409 7514 4899 2242 6537 2918 4541 8093 1431 7941 2619 3629 1936 7615 7344 7767 6043 5016 2118 4622
4268 6667 4484 1824 6621 4168 2193 7445 5766 5816 3324 7580 4638 2215 6593 2766 4507 7899 1277 7709 2563 3727 1977 7329 1618 7789 6242 5031 2191 4425
0 28 22 8 101601 1
8 0 7 21 38776 1
28 18 1 16 71984 1
22 13 20 27 57177 1
9 0 25 13 43147 1
12 9 4 4 36656 1
11 18 28 26 45375 1
23 19 16 9 62890 1
0 28 17 21 59508 1
9 4 17 0 31262 1
20 24 17 9 64406 1
1 15 21 4 60997 1
11 7 8 18 30109 1
24 29 14 28 30514 1
26 24 12 21 37491 1
15 24 8 15 35000 1
21 6 13 14 41379 1
4 14 16 16 37638 1
3 28 19 18 68155 1
10 2 15 27 50820 1
1 12 28 14 60296 1
4 0 16 20 50399 1
12 6 17 24 42983 1
8 19 26 15 53412 1
23 7 29 1 41550 1
11 26 26 27 49923 1
1 27 10 0 74294 1
25 13 18 19 34819 1
16 21 0 27 54911 1
24 26 28 16 46883 1
13 18 24 6 57558 1
20 9 16 29 62125 1
25 10 7 19 63715 1
10 22 5 3 49757 1
8 13 24 27 60534 1
5 21 20 2 56510 1
1 12 29 4 74590 1
14 5 19 25 67300 1
4 8 26 28 81576 1
29 12 13 27 51383 1
5 17 24 4 77910 1
4 5 3 24 66814 1
24 7 16 4 38553 1
27 15 8 5 55429 1
10 7 1 18 53091 1
7 0 23 29 75134 1
2 18 20 19 65946 1
1 25 19 14 66564 1
24 21 18 17 40171 1
16 22 20 14 38244 1
8 23 19 9 47390 1
7 19 7 0 46824 1
27 26 23 3 69410 1
29 26 3 11 72239 1
13 23 8 9 33815 1
21 10 15 1 48366 1
17 15 0 23 50384 1
24 19 29 13 24682 1
10 2 27 23 61618 1
27 0 5 4 75473 1
26 21 5 13 49700 1
29 19 11 6 53461 1
22 28 11 10 45891 1
14 26 22 10 53944 1
3 29 9 3 72972 1
20 20 29 13 37139 1
2 10 8 15 35375 1
11 2 5 27 62817 1
12 8 17 18 43016 1
20 17 22 4 61011 1
11 14 13 2 21053 1
19 28 10 17 40000 1
24 24 13 21 40209 1
20 29 13 8 60933 1
28 0 6 5 73714 1
13 17 27 15 35512 1
1 24 23 0 91927 1
12 23 10 10 30186 1
18 8 9 2 44770 1
21 5 0 7 67000 1
13 16 13 28 17257 1
8 18 28 1 83349 1
6 27 22 5 81776 1
22 10 1 4 75988 1
2 2 20 25 70719 1
23 4 19 22 65906 1
6 13 24 29 63732 1
7 12 14 1 37131 1
8 6 19 1 36201 1
10 19 25 11 46983 1
8 22 20 15 39361 1
4 11 21 29 63900 1
24 0 29 18 65507 1
29 8 13 6 58124 1
0 7 2 26 70722 1
3 25 24 23 58709 1
26 17 29 28 28590 1
23 29 12 28 30761 1
23 16 14 24 52128 1
20 11 7 20 45486 1
2 11 24 9 63748 1
6 20 17 22 27675 1
1 2 21 1 49881 1
27 26 9 20 49069 1
5 7 3 23 60554 1
26 14 14 1 52604 1
27 21 6 0 67668 1
4 15 12 9 31729 1
29 16 9 19 53726 1
4 3 17 1 35112 1
10 19 29 4 62201 1
26 10 9 12 47796 1
19 14 8 1 43630 1
24 24 14 17 48987 1
10 21 27 23 37501 1
6 25 27 29 61082 1
7 24 20 12 51717 1
25 8 1 23 90537 1
12 26 4 11 47393 1
19 6 3 23 67715 1
9 24 18 29 44233 1
21 23 17 10 49961 1
1 23 11 23 31685 1
2 20 9 2 50578 1
2 26 22 5 85289 1
16 20 10 26 34702 1
23 19 24 3 60558 1
0 26 1 10 70618 1
23 25 1 7 87398 1
14 9 28 17 51224 1
15 18 1 20 44743 1
3 27 28 7 95190 1
17 11 25 18 42988 1
0 19 25 4 88166 1
12 28 5 12 43261 1
0 22 1 10 52363 1
22 27 13 17 38942 1
5 21 12 27 33832 1
1 17 7 21 36570 1
4 16 28 2 82200 1
4 1 29 25 81425 1
26 21 24 1 67365 1
4 4 20 27 79663 1
9 25 25 20 51832 1
18 18 14 6 47406 1
14 18 22 10 39987 1
8 15 19 7 43387 1
26 21 29 29 22066 1
7 29 0 19 47500 1
1 4 0 16 53829 1
5 21 12 7 33512 1
19 13 13 17 15204 1
26 19 25 5 46431 1
24 4 9 2 37300 1
10 13 15 0 31103 1
14 1 5 18 60818 1
5 28 25 4 89869 1
28 11 5 28 78666 1
19 16 15 10 28599 1
29 14 26 6 27302 1
14 17 5 27 49759 1
3 4 22 6 51236 1
7 25 12 9 43332 1
11 5 9 28 40983 1
0 15 4 24 42387 1
15 11 25 12 32975 1
29 13 6 27 71628 1
1 2 25 20 71684 1
16 3 24 0 28821 1
12 20 5 14 25891 1
12 5 6 1 23501 1
23 20 13 24 29987 1
22 25 4 7 78279 1
3 28 11 16 45715 1
25 15 0 3 66657 1
20 9 3 24 66887 1
10 6 29 28 68669 1
4 4 21 17 74172 1
26 24 22 0 80552 1
5 12 17 13 27915 1
7 3 22 25 72622 1
23 19 22 6 60477 1
19 25 10 5 61281 1
21 27 6 24 51415 1
11 0 13 23 31011 1
0 28 2 17 57647 1
23 27 6 20 56634 1
20 14 24 29 72077 1
18 11 5 14 42278 1
4 19 23 29 70022 1
20 28 29 29 21535 1
25 8 3 7 83848 1
1 17 25 26 90670 1
5 21 21 9 57658 1
17 19 28 23 35287 1
12 6 23 11 46699 1
11 21 23 9 52063 1
19 29 4 27 54094 1
12 16 18 25 43483 1
9 0 18 28 53085 1
19 0 15 23 61420 1
18 16 27 10 40003 1
19 27 17 18 45587 1
0 0 25 25 88108 1
24 7 4 9 78149 1
10 26 25 4 85272 1
27 5 14 25 67112 1
5 21 29 28 60832 1
22 18 18 6 56449 1
0 15 13 4 45279 1
2 11 17 10 44087 1
1 21 6 2 52953 1
16 3 26 3 19265 1
28 5 10 20 62479 1
12 17 12 7 24618 1
28 21 10 5 59227 1
20 4 12 24 61839 1
2 6 24 14 66000 1
18 11 19 2 37700 1
14 23 8 15 25242 1
15 3 0 6 40710 1
9 26 19 13 46940 1
24 20 25 6 50020 1
21 24 16 10 48872 1
3 11 7 23 49867 1
4 24 14 29 46016 1
26 24 9 4 70011 1
6 8 14 26 57680 1
8 9 24 26 75001 1
18 24 26 4 83313 1
13 4 27 13 48314 1
17 1 12 17 41009 1
4 5 28 5 73779 1
28 29 5 6 86257 1
15 9 4 0 43784 1
18 29 11 25 33320 1
23 14 3 1 60678 1
1 23 10 24 36497 1
7 10 21 12 39686 1
28 29 1 28 74165 1
15 24 27 1 84638 1
22 0 2 7 66073 1
26 14 0 0 67667 1
4 14 28 13 46890 1
5 2 27 14 55068 1
8 17 11 29 52765 1
14 10 2 13 27038 1
8 13 18 27 46008 1
8 0 2 5 31183 1
19 6 23 13 29824 1
13 29 26 12 49688 1
1 25 17 9 77727 1
10 14 5 24 48667 1
6 3 26 28 79592 1
14 27 19 0 64361 1
14 13 10 29 36281 1
8 17 2 26 58412 1
15 26 23 19 47889 1
27 8 0 12 63249 1
11 7 2 12 29243 1
27 29 4 17 84504 1
13 22 29 15 45331 1
19 8 6 13 37623 1
9 11 19 29 57804 1
22 21 21 7 69866 1
17 26 4 18 63488 1
10 19 18 29 37906 1
19 29 21 7 81786 1
21 10 9 16 43099 1
8 22 22 18 43941 1
21 18 27 4 52146 1
26 2 24 14 47788 1
19 2 9 10 33574 1
5 5 22 8 67109 1
22 28 3 10 65092 1
2 17 24 27 84661 1
20 6 1 5 62439 1
18 16 7 18 54528 1
17 0 15 20 48568 1
25 25 16 18 50258 1
25 14 3 25 66513 1
28 5 14 15 52377 1
14 6 1 13 35338 1
19 6 6 0 39166 1
28 25 15 29 39834 1
24 7 11 28 74978 1
18 18 24 5 67363 1
9 29 28 26 50595 1
18 8 12 12 38085 1
14 29 4 22 30142 1
6 1 8 28 62444 1
12 28 5 6 55014 1
0 28 23 9 102477 1
6 15 15 7 40784 1
27 23 3 0 75630 1
23 3 18 14 50582 1
12 3 11 20 21395 1
5 28 28 9 81610 1
17 15 1 23 50429 1
9 27 23 23 49992 1
12 2 22 0 34615 1
0 20 25 27 71608 1
14 6 7 9 31862 1
28 18 12 21 40127 1
15 1 0 12 52002 1
6 13 22 28 50547 1
13 14 12 26 23059 1
1 10 9 7 36938 1
19 21 5 11 47167 1
5 2 17 8 45152 1
14 17 5 7 50180 1
11 25 3 0 61781 1
27 3 3 11 60932 1
13 15 20 5 43197 1
21 3 4 19 65783 1
13 0 16 9 37965 1
10 3 25 0 44553 1
7 16 10 5 35419 1
16 15 11 10 18347 1
3 10 23 26 73579 1
10 26 11 10 41675 1
27 25 23 15 36383 1
20 17 6 14 48513 1
18 12 1 5 64301 1
11 4 22 18 53401 1
6 11 13 16 27429 1
9 14 27 14 40058 1
0 5 27 28 94414 1
16 8 8 18 51876 1
13 18 23 16 39459 1
24 12 13 13 23264 1
29 22 6 28 54490 1
5 22 27 26 52229 1
29 23 5 2 71849 1
7 19 28 11 63830 1
21 20 13 27 31333 1
15 13 28 11 34090 1
0 0 5 22 64061 1
15 4 1 27 82172 1
17 11 1 21 48827 1
4 13 19 6 47278 1
3 9 10 15 31033 1
21 16 11 17 36163 1
10 5 10 25 49923 1
9 6 6 18 48179 1
13 24 5 5 52218 1
3 27 23 16 80385 1
1 5 7 15 51367 1
27 23 26 0 69343 1
22 4 0 27 93459 1
17 7 17 22 51652 1
28 20 14 21 31987 1
26 26 16 13 58643 1
23 10 17 29 67049 1
9 9 26 12 43995 1
22 19 29 24 29515 1
21 21 11 17 25523 1
3 9 25 6 76986 1
0 24 25 2 90586 1
17 11 22 28 56564 1
3 2 23 13 46487 1
6 26 21 24 45835 1
13 9 2 20 46039 1
29 20 13 7 61660 1
29 14 17 5 56409 1
14 16 23 2 51396 1
24 29 15 26 40802 1
3 13 18 17 47653 1
9 28 19 12 42765 1
24 22 9 24 40923 1
4 26 28 4 97673 1
12 15 3 7 37587 1
28 18 4 28 72079 1
9 11 0 27 71359 1
0 10 18 3 53082 1
9 12 22 15 37317 1
23 16 1 10 67528 1
24 23 28 7 56901 1
14 26 23 22 27412 1
14 0 19 11 43882 1
2 25 12 16 49770 1
28 29 15 7 76151 1
14 7 5 11 35331 1
28 19 6 26 66397 1
22 2 27 29 81379 1
18 13 3 18 40812 1
13 1 3 12 40623 1
17 10 12 27 47644 1
27 22 19 14 41105 1
23 0 6 16 67850 1
24 1 14 7 39578 1
11 28 1 28 35814 1
22 22 28 29 24607 1
27 6 26 26 55969 1
8 3 6 21 47130 1
28 9 17 10 41616 1
19 16 14 27 43441 1
1 19 13 10 50604 1
21 20 12 23 33192 1
2 7 29 20 84664 1
17 24 26 21 29198 1
15 29 20 21 33951 1
17 21 13 29 20024 1
13 27 1 24 42449 1
29 9 2 2 68935 1
11 28 4 20 37895 1
17 28 7 0 54989 1
28 15 21 4 55245 1
18 25 22 17 48603 1
24 29 10 8 67252 1
24 23 9 28 46954 1
14 15 7 4 43774 1
18 5 14 21 51812 1
1 11 15 5 47780 1
8 17 19 27 63213 1
25 1 1 2 59800 1
23 25 24 16 55589 1
28 22 10 11 53435 1
28 21 20 12 44143 1
22 24 1 18 70566 1
2 27 0 12 64081 1
4 29 3 15 50631 1
16 0 24 17 79447 1
25 3 4 7 60846 1
12 15 1 20 34819 1
14 23 15 11 31558 1
15 13 1 23 45115 1
23 28 8 29 34512 1
28 5 1 26 102070 1
20 14 2 29 73295 1
18 22 29 20 25506 1
6 17 20 20 54381 1
19 1 11 20 41408 1
23 3 13 15 41455 1
9 24 25 12 57518 1
14 20 10 5 29271 1
20 7 13 27 54194 1
2 27 21 2 91475 1
20 23 9 6 52305 1
10 15 23 9 48240 1
18 10 25 22 54717 1
23 8 9 18 65326 1
19 7 25 23 65786 1
13 2 2 22 50887 1
4 13 11 6 19719 1
12 6 5 3 28033 1
15 2 0 9 54440 1
0 24 7 7 70461 1
3 2 9 8 29744 1
23 17 6 26 73815 1
2 19 3 1 66512 1
12 27 2 27 47417 1
17 20 3 2 50234 1
2 2 12 9 29170 1
13 22 4 10 40812 1
27 20 6 6 70747 1
5 16 22 16 60116 1
7 24 13 4 52644 1
24 28 3 21 54367 1
6 21 0 0 57146 1
24 3 20 29 80903 1
10 8 26 21 51620 1
29 19 9 21 47034 1
4 27 15 14 63500 1
28 14 2 19 73590 1
5 0 8 11 36415 1
21 0 13 14 50440 1
18 14 1 3 55433 1
13 9 4 10 35975 1
23 27 23 0 96951 1
19 25 11 9 52003 1
26 6 23 15 37258 1
12 22 26 16 48604 1
13 10 15 28 35666 1
7 22 23 5 65693 1
4 24 10 10 50250 1
6 16 24 4 63998 1
16 21 24 4 61457 1
9 2 13 8 24824 1
19 19 1 21 50250 1
24 17 24 29 50231 1
22 26 11 25 43609 1
23 29 5 26 55376 1
5 2 17 20 47671 1
29 19 1 14 64686 1
10 19 17 7 44772 1
7 21 23 8 65583 1
25 23 15 29 44687 1
18 24 10 27 45415 1
11 17 29 8 47186 1
3 14 28 18 58358 1
6 2 14 6 24105 1
20 19 27 1 81821 1
12 5 7 23 44203 1
4 23 15 12 46761 1
20 27 4 17 72995 1
14 13 7 9 26927 1
4 3 20 18 65843 1
27 23 14 16 42289 1
5 5 6 18 65742 1
29 2 13 5 42995 1
2 24 14 22 34543 1
27 8 6 6 66761 1
5 11 3 2 33286 1
10 1 28 28 75269 1
1 5 15 7 53653 1
2 29 14 25 41721 1
1 29 25 28 60347 1
13 6 20 20 46761 1
8 18 19 16 45844 1
25 2 24 21 66189 1
17 3 15 18 45453 1
29 4 22 0 27045 1
9 23 18 7 60951 1
17 10 16 24 49839 1
25 7 25 21 53661 1
25 19 14 14 45472 1
16 10 22 29 61467 1
24 2 8 24 67455 1
28 28 12 1 75277 1
5 15 14 11 28819 1
21 22 10 11 39742 1
23 23 21 5 79891 1
17 2 18 12 41035 1
7 1 24 10 67084 1
1 9 23 13 53586 1
16 16 1 26 65078 1
11 3 27 8 48008 1
29 19 19 1 68551 1
11 16 23 3 38398 1
17 4 26 16 64938 1
21 13 15 9 26686 1
19 28 6 23 40476 1
10 5 12 17 26635 1
8 10 14 18 30003 1
15 1 7 23 59492 1
29 14 4 29 78383 1
27 14 6 25 68175 1
19 26 0 24 70167 1
14 10 3 4 39643 1
4 22 15 16 38857 1
2 18 21 12 58184 1
29 14 8 2 54986 1
20 17 26 5 60917 1
5 15 29 18 62210 1
2 29 23 29 61006 1
26 15 16 21 40496 1
24 0 17 20 73644 1
4 21 29 25 56830 1
24 22 17 1 63866 1
23 14 19 8 30927 1
17 7 24 14 43554 1
29 23 11 23 43622 1
28 23 28 5 48909 1
20 8 29 11 46097 1
26 26 25 7 68301 1
14 19 1 8 48037 1
25 8 15 9 51478 1
10 22 24 17 54311 1
1 15 5 2 47627 1
16 9 0 18 64274 1
24 19 6 24 62794 1
26 19 14 20 35546 1
20 20 13 24 24542 1
17 20 5 12 41591 1
2 8 11 3 35843 1
17 3 22 27 69299 1
21 24 27 3 68430 1
2 17 26 15 69154 1
6 26 28 21 56830 1
6 26 17 3 60555 1
26 18 0 24 72028 1
16 19 2 16 53508 1
28 5 10 2 50563 1
21 20 4 16 60064 1
11 14 23 29 50409 1
10 24 23 13 48074 1
20 27 2 11 65563 1
25 6 2 5 69231 1
24 4 16 25 77801 1
4 5 6 27 81608 1
10 27 27 2 85243 1
27 28 14 8 65702 1
24 6 24 23 65166 1
21 2 19 21 63189 1
8 18 4 10 49480 1
0 1 15 23 58664 1
11 22 0 7 51903 1
17 3 27 25 72412 1
23 11 13 3 50590 1
27 22 13 7 58226 1
26 20 11 12 45167 1
0 2 28 22 74211 1
12 3 0 3 24295 1
22 9 10 10 44546 1
11 23 2 16 48795 1
10 20 21 11 39729 1
22 13 23 29 63236 1
16 8 27 11 50808 1
0 12 29 20 69893 1
24 9 3 23 74000 1
10 0 10 21 28094 1
22 28 10 7 54209 1
25 29 28 5 68665 1
16 12 3 18 44004 1
13 18 7 28 27081 1
19 4 7 8 47988 1
22 26 2 24 63002 1
22 27 0 9 78713 1
7 0 16 5 30771 1
15 29 20 24 35412 1
12 8 16 25 47336 1
23 27 13 22 36606 1
25 11 1 13 52861 1
13 29 17 0 54954 1
6 1 9 12 38388 1
24 4 24 16 56445 1
28 16 14 6 52549 1
8 23 8 9 40942 1
7 8 4 28 76928 1
28 12 19 8 39226 1
29 0 6 15 77855 1
20 6 14 25 58752 1
4 22 13 29 26860 1
29 19 7 2 66911 1
13 20 7 4 47504 1
22 15 29 24 36587 1
16 10 26 20 55227 1
29 29 25 15 38267 1
6 0 22 0 43588 1
23 14 13 11 29633 1
14 20 22 8 51727 1
27 20 20 25 29554 1
16 5 19 29 72196 1
19 8 5 9 59000 1
4 16 6 29 55346 1
11 13 18 3 25194 1
27 25 15 15 50490 1
19 4 9 24 61616 1
17 3 8 16 41130 1
16 29 29 9 71050 1
28 9 14 2 52932 1
24 2 26 23 68868 1
8 24 17 12 37782 1
19 10 1 21 52605 1
20 17 5 17 70296 1
17 5 28 12 57345 1
3 25 8 18 44137 1
5 23 29 23 56665 1
26 16 8 21 53829 1
4 12 25 0 70892 1
15 21 21 16 42369 1
16 5 0 19 70597 1
22 6 25 27 80021 1
11 1 24 8 49077 1
2 19 4 2 61160 1
1 0 21 18 76576 1
11 12 29 6 51031 1
9 18 25 28 55316 1
15 5 25 12 46910 1
11 0 9 12 24718 1
20 7 18 21 56310 1
2 0 26 10 71813 1
20 0 9 8 47074 1
12 22 14 2 36448 1
2 18 22 28 65549 1
12 22 19 9 37791 1
28 17 22 25 43688 1
8 25 13 3 43055 1
29 19 25 8 40786 1
11 15 3 21 23748 1
27 2 25 27 82100 1
23 14 29 20 32954 1
13 12 5 8 36812 1
21 26 14 5 58611 1
29 12 3 7 67377 1
11 11 2 12 24547 1
28 27 13 29 35469 1
10 11 16 15 24754 1
0 8 29 0 88184 1
3 27 2 0 79142 1
22 7 3 13 59406 1
9 1 4 14 38951 1
18 9 7 13 38341 1
15 24 4 14 45119 1
21 6 5 9 64430 1
23 12 8 6 46393 1
3 9 26 8 72334 1
4 14 23 11 51361 1
6 3 19 10 51356 1
17 13 15 27 38267 1
22 17 17 25 45440 1
25 8 9 6 63398 1
17 10 1 23 61235 1
16 8 10 26 62290 1
24 18 7 23 58883 1
27 20 0 22 56440 1
19 2 3 7 49900 1
13 0 27 4 44180 1
28 9 28 28 45384 1
21 2 28 22 70305 1
1 3 27 1 68656 1
2 7 11 22 52747 1
3 0 4 9 39075 1
15 18 2 1 57532 1
4 18 18 0 70341 1
0 28 19 29 61867 1
28 22 5 19 59061 1
26 3 6 23 71043 1
19 14 27 10 26012 1
15 14 4 7 48341 1
1 6 22 10 75559 1
0 24 4 7 67100 1
3 25 12 6 51041 1
25 2 13 24 63843 1
23 19 24 3 60558 1
16 20 23 27 39060 1
15 13 5 1 39153 1
11 21 9 6 24367 1
4 6 26 24 81711 1
25 21 9 18 44322 1
8 6 4 27 72716 1
14 16 18 22 22162 1
19 18 18 9 35534 1
14 4 21 21 49820 1
7 3 28 2 58703 1
7 27 9 5 57931 1
7 25 0 1 67365 1
27 7 3 26 84514 1
5 26 12 23 34655 1
16 6 1 9 58744 1
2 11 16 16 42704 1
3 1 8 7 37598 1
19 25 4 2 72996 1
25 9 27 25 50776 1
13 14 26 21 36966 1
26 28 24 1 84361 1
5 16 24 19 73152 1
14 20 27 5 57164 1
21 23 6 29 42405 1
11 20 29 24 40937 1
20 17 26 24 52234 1
0 23 18 5 76050 1
22 1 11 9 34298 1
9 8 23 9 60849 1
18 29 0 0 77943 1
17 21 24 4 63597 1
10 13 28 2 54185 1
0 23 12 0 56670 1
28 0 10 4 56957 1
5 21 10 6 33639 1
25 18 15 3 63136 1
10 16 3 9 37349 1
20 9 6 23 60525 1
9 0 25 23 61285 1
6 28 20 26 41761 1
23 25 10 6 60494 1
14 3 29 24 66255 1
20 12 12 2 38396 1
18 20 0 18 55606 1
28 16 21 21 29008 1
8 16 1 3 54207 1
27 19 14 26 42843 1
26 1 7 9 62322 1
13 24 28 13 42895 1
10 18 18 3 36506 1
26 27 10 12 65240 1
8 25 8 12 39508 1
8 23 8 0 44349 1
23 24 18 8 79288 1
17 28 5 23 40497 1
0 4 25 28 86887 1
24 25 12 18 53645 1
13 7 28 10 53517 1
9 4 8 28 55433 1
7 6 23 2 45970 1
29 2 2 20 82942 1
4 21 7 29 33558 1
5 22 12 10 33306 1
4 16 26 5 78906 1
7 16 11 4 32217 1
21 21 5 17 61218 1
2 4 15 22 60431 1
16 6 23 19 68891 1
12 21 9 9 24645 1
17 29 12 10 42627 1
22 3 4 27 86692 1
8 15 23 5 53656 1
17 2 5 23 60538 1
19 20 14 3 46388 1
2 28 10 19 51545 1
15 29 14 1 54498 1
26 27 7 16 74901 1
20 1 29 21 78974 1
0 16 25 8 81525 1
13 26 25 19 39867 1
24 11 14 8 39284 1
27 12 17 18 43504 1
2 8 16 11 51588 1
24 9 6 15 58435 1
0 26 8 1 80406 1
10 3 0 15 38930 1
1 9 14 28 58963 1
27 6 5 29 84636 1
24 2 2 23 80959 1
0 7 14 16 48256 1
8 21 26 11 49533 1
18 17 9 24 55646 1
26 28 26 10 49805 1
19 9 27 19 43408 1
29 4 3 28 100539 1
11 28 3 14 43537 1
9 10 26 19 56523 1
4 26 15 8 66746 1
25 21 6 23 44713 1
4 13 1 25 53217 1
16 24 14 7 46940 1
21 16 27 29 52821 1
16 12 0 24 57595 1
29 7 19 29 70166 1
5 15 0 1 53341 1
8 5 1 9 40596 1
21 24 14 10 41945 1
3 5 25 23 78540 1
5 14 7 22 36580 1
5 21 20 1 62055 1
29 3 2 25 91608 1
10 21 26 6 59938 1
12 8 21 13 27768 1
27 1 11 8 50200 1
7 12 29 11 51304 1
15 0 19 16 52144 1
6 22 25 14 50973 1
5 7 21 16 68168 1
22 29 24 6 80611 1
28 5 12 9 57745 1
12 23 28 26 45158 1
5 3 24 22 68450 1
24 18 0 7 81466 1
21 7 1 12 65566 1
6 0 14 19 41668 1
3 13 9 9 25590 1
16 2 7 3 34197 1
26 19 25 4 53001 1
21 6 1 21 73055 1
3 5 1 19 54317 1
3 16 17 27 58608 1
16 25 8 21 33570 1
4 28 12 20 39084 1
6 10 2 18 40443 1
25 9 6 24 82391 1
4 7 9 27 73219 1
27 11 17 5 52429 1
4 17 13 3 50455 1
14 7 28 13 40180 1
1 29 16 10 71812 1
27 22 7 1 71497 1
13 15 22 13 17464 1
21 18 26 2 65622 1
21 2 11 12 36527 1
10 17 3 4 46187 1
0 18 3 27 39261 1
2 4 0 28 100337 1
15 16 2 11 39702 1
18 12 26 25 60397 1
8 0 23 22 55064 1
13 3 4 16 45511 1
12 2 1 3 27796 1
12 12 26 4 48390 1
9 15 12 6 19525 1
22 28 3 8 71728 1
19 2 24 20 72653 1
25 28 6 25 54460 1
18 12 28 6 42935 1
25 11 0 29 91157 1
4 28 20 23 55788 1
5 15 3 1 52540 1
0 18 26 0 92188 1
10 13 15 2 26182 1
28 28 1 10 84661 1
11 15 13 23 13682 1
6 29 29 24 57545 1
1 24 15 28 48193 1
4 27 1 13 57631 1
0 27 28 24 79617 1
26 24 9 4 70011 1
13 10 8 20 25783 1
28 4 14 24 73624 1
19 16 11 14 23920 1
7 10 15 25 46710 1
23 6 29 19 48383 1
21 4 23 18 65277 1
22 24 6 23 46161 1
9 8 29 13 50114 1
26 26 25 16 37834 1
0 0 12 12 41043 1
20 11 2 19 63299 1
24 28 1 6 89773 1
0 4 28 26 88728 1
18 17 7 5 61240 1
2 1 17 18 66779 1
28 0 7 5 69511 1
15 13 8 9 24509 1
15 6 29 6 46931 1
14 11 5 23 42945 1
11 18 22 11 33013 1
11 27 15 4 58781 1
16 14 17 1 42758 1
22 24 8 17 60859 1
20 6 29 10 40525 1
26 6 0 26 101228 1
28 12 6 17 63091 1
10 0 20 23 53834 1
11 14 20 22 26742 1
9 6 14 16 27151 1
17 1 2 24 71326 1
23 1 24 12 56960 1
6 15 2 21 28957 1
24 28 19 3 73941 1
18 10 0 25 73543 1
26 1 27 29 79466 1
29 29 11 17 54531 1
26 21 21 26 21240 1
12 28 21 4 62711 1
6 9 1 23 63693 1
21 23 3 2 58839 1
18 16 8 5 50751 1
29 19 8 10 58825 1
3 4 11 0 22483 1
4 19 20 28 56433 1
23 11 6 26 70446 1
29 7 23 25 65238 1
12 23 10 0 40350 1
29 1 2 5 73610 1
2 0 21 8 65063 1
1 3 23 19 82292 1
18 7 10 16 48942 1
21 6 16 19 60952 1
21 3 20 23 67879 1
19 8 23 17 48649 1
13 26 17 15 27127 1
29 16 26 9 25809 1
13 12 22 9 35527 1
27 13 1 0 63663 1
15 27 16 14 43056 1
12 4 20 27 63412 1
11 17 22 4 40332 1
23 23 16 1 75434 1
20 2 2 7 59236 1
12 13 29 11 35121 1
1 3 25 5 64110 1
28 16 19 3 57129 1
11 24 2 1 63766 1
29 14 8 4 64035 1
10 0 3 15 36891 1
15 13 20 19 30280 1
19 8 19 28 60608 1
6 23 0 19 29650 1
13 20 1 12 35789 1
25 26 0 20 73343 1
26 8 12 1 58512 1
15 28 16 18 34743 1
27 8 5 10 69208 1
2 29 12 18 52465 1
18 20 8 2 46383 1
10 12 5 5 40305 1
14 13 22 9 32565 1
6 27 28 24 60439 1
29 22 3 4 78894 1
17 17 6 29 52189 1
2 28 13 14 55009 1
14 24 0 9 54066 1
3 18 14 0 54754 1
6 8 25 20 73855 1
13 3 5 15 34809 1
15 3 20 20 51178 1
21 5 10 10 42237 1
26 0 18 17 81438 1
8 22 9 9 34718 1
2 2 17 9 49447 1
5 16 24 25 79543 1
4 8 13 29 54984 1
4 9 28 14 67264 1
1 13 8 29 52203 1
1 10 17 4 56867 1
1 10 22 1 67944 1
2 14 29 21 65291 1
28 0 25 21 76882 1
29 8 22 18 34956 1
1 18 9 24 45854 1
5 25 6 0 70544 1
7 11 23 14 45046 1
13 3 27 27 69659 1
16 8 6 7 50754 1
20 5 1 20 72249 1
20 28 12 7 49820 1
15 12 29 1 65633 1
22 9 16 22 53116 1
14 2 6 10 33222 1
14 9 8 18 37909 1
