5101 4816 6337 4884 5303 4676 6128 5114 4994 5922 5870 5499 5501 4935 4761 5808 5848 4675 4546 6096 5205 4967 5322 5142 5159 5670 5305 6336 4876
5773 6729 5587 5716 6835 6004 7269 6112 5574 7199 7174 5367 6066 6682 7047 6160 6810 5553 7307 5695 5660 5608 6167 5471 6614 7285 6229 6641 5928
4186 4279 3556 2899 3295 3126 4548 4188 4272 2718 3245 3731 4072 3277 3880 3699 3934 3813 3564 4194 4315 3029 4044 4396 4352 3789 4321 3295 4368
7312 7626 6767 7351 6939 7404 7814 7426 7668 7156 7882 7781 6824 7324 7855 8047 7930 7198 7947 7373 6627 7549 7293 8216 6414 7987 6824 6940 6350
6013 5217 5770 6124 6103 4714 5983 6553 6026 6159 6097 5206 6002 5443 5530 5091 5466 6626 5098 5986 5210 5406 5999 6221 4796 6438 6007 5800 5039
2058 2371 2297 3165 3816 3627 2624 3687 2616 3878 3701 3692 2584 3832 3450 3553 2176 3814 2135 3977 2827 3638 2299 3491 3733 3047 3445 2855 3296
4567 3770 4464 4478 3031 3322 4625 4566 3610 4476 4506 3245 3829 3810 3956 3819 3247 3309 3048 4150 3277 4339 3267 3856 3027 3463 4328 3362 3604
4393 4687 2963 3125 4323 4119 3061 4472 4796 3965 3996 3588 3676 3070 3215 4512 3479 3257 4222 3245 4333 2891 3181 4695 4816 3551 4593 2909 4400
2881 3220 4365 3199 4259 3053 3876 3705 4124 2810 4084 2883 2617 2724 2726 4291 2795 3234 3553 3796 2763 4305 3868 4273 4044 3848 3455 4359 2796
5427 5917 5561 5286 5235 6398 5408 6504 6205 5439 6310 6750 6217 5405 5831 5546 6346 6405 5180 4904 6428 5989 4826 4882 4789 5710 6622 6540 5266
7108 7537 7130 6888 6847 7052 7281 7049 7309 6412 6671 6585 7075 6607 8160 7014 6797 6670 7984 7839 7942 6561 7520 6695 8001 6635 7299 7921 7665
6716 7483 7275 6875 7281 6457 6824 7883 7957 7154 7149 7039 7698 6261 7920 6660 7489 6244 7229 6170 7588 6075 7187 7059 6943 6731 6977 7860 7264
5915 4880 4342 5131 5623 4914 4461 4553 6057 5866 5710 4234 5427 4466 5216 5209 5022 4976 5974 5029 5201 5488 4864 4817 5286 4264 5575 5822 5037
5604 6209 5771 6845 5389 5973 7146 7283 7120 6455 5280 5324 5802 6517 6877 6585 5762 5698 6757 6798 6240 5894 6475 6670 5799 6368 5630 6467 6475
3316 3703 3746 3120 3098 4782 3712 4349 3513 4760 4661 3084 4854 3287 4313 3078 3463 3086 4195 3122 4786 4556 4719 4398 3635 4183 4121 3834 3170
1589 2424 2978 3208 3366 2404 3099 2684 2164 2404 3189 2427 2172 1516 1951 1497 2107 2912 2241 2053 2894 3072 3129 2025 1801 2617 3263 2949 2748
4275 3314 3843 4352 3203 4282 3135 3436 3664 3636 3944 4476 2880 4579 3569 3768 3754 4084 3928 3093 4697 3792 3020 4819 3133 3791 4358 4817 3756
2898 2445 4200 2385 2796 4294 4011 3562 4030 4239 2531 3035 3217 2884 3059 2328 4008 4026 4183 2457 2536 4097 3094 3731 3329 3659 2848 3744 3402
4974 5943 5508 5375 6556 5512 6026 5331 5660 6424 5436 5619 6220 6107 5485 5065 6830 6744 5342 6703 5931 6803 6717 5031 5838 6108 6570 4949 6655
3208 2212 2499 1598 2858 2880 3371 3426 2210 3403 3133 2302 1931 3057 1901 1850 2036 2607 2401 2833 3058 1933 2899 3025 2703 2257 3607 1962 3451
3408 3126 3608 3419 3482 3792 2841 3177 3455 3757 2637 2879 3416 2697 2935 3693 3374 4032 2235 2952 2599 3902 4080 3018 2312 3375 3965 2892 3626
1599 2550 2404 2811 1836 1184 1848 1449 1743 2681 2179 2362 2216 2183 1163 1857 2006 1945 1950 1533 2202 1170 1663 2939 1752 2099 3020 1188 2624
6334 4732 6004 5972 5228 4976 5683 4965 6251 4851 4720 5417 5528 4732 5576 4947 6031 5157 5005 6429 4899 5798 6113 5051 4679 5811 5147 6431 4892
2395 2107 1360 2948 1312 2346 2228 2193 1964 2851 2819 1109 2238 2470 2596 1802 2000 2774 1720 2829 1649 1243 2405 1794 1117 2385 1905 2444 1865
3235 2229 3325 2063 2681 3026 3470 3202 3409 3725 3312 3056 3509 3604 2014 2012 2225 2756 3080 3779 3748 3625 2045 3497 1844 1844 2590 3152 3222
2612 2827 2260 3542 2323 3480 4092 2475 3491 3186 3136 2352 3041 2551 4024 3690 2697 3944 4068 3070 3978 2873 2092 3774 2360 3360 3031 3459 2534
6129 6417 6713 7597 7407 7654 5914 5985 7066 7589 5751 6204 6899 6942 5823 6420 6283 7554 6252 7086 6700 6420 6847 6598 6288 6174 5937 7250 7049
6148 4354 5179 5638 4406 5853 5966 5732 4995 4656 5493 4753 4494 5252 4319 5904 4970 4435 4513 5502 5443 4780 5962 5145 5551 5860 6178 4626 5331
3872 4631 3405 3816 3694 4542 3052 3846 3205 4580 3443 3992 4826 4512 3813 4354 2917 4614 3966 4688 4549 3783 3012 3187 3342 4562 4731 4822 4452
3231 3141 2689 4412 3856 2996 3840 4413 2500 3068 3471 4116 3252 3037 2934 3472 3922 2448 4322 3693 4273 4151 3512 2687 2439 3246 3323 3035 3264
4562 5336 6931 2944 5241 4811 2861 6342 3394 5809 4496 5602 4843 6116 6498 3919 4749 2499 7365 6261 2770 2566 5579 8262 6358 2692 4317 3482 4484 6055
5231 6498 6122 2856 6434 4423 3517 5929 2479 5198 6018 4630 4251 6069 6276 4493 4927 1231 8112 5298 3029 4223 6428 7372 6034 2299 4427 3402 4381 5662
4440 5940 6697 2968 6034 3552 2806 5019 3330 6398 4267 5734 3647 7879 6199 4704 4831 1373 6907 5853 3352 2609 6412 8578 7381 2942 4386 4457 4739 4656
5632 6463 6796 3748 5969 4105 3378 4421 2078 6163 4675 6256 4065 7462 7028 3377 5095 2498 7649 6194 2481 3784 5267 8382 6427 2447 4268 3511 4247 5905
4688 5361 7383 3367 5376 5396 3676 6203 1534 5257 5392 5745 5029 7306 6343 4808 4754 1551 7943 6858 2374 3845 4687 7680 6167 1676 5189 3567 3434 5009
3943 5743 6713 4017 5414 3870 4518 5754 3053 5994 4227 5117 5001 7486 6656 4051 5358 2800 8593 5940 3151 2311 4997 8209 7166 3321 4107 3652 4641 6079
4140 6263 7304 3429 5383 5283 3067 5810 2109 6129 4649 5055 5254 6339 7128 3386 5171 1275 6828 6767 2250 2527 4519 7123 6520 3285 5376 2950 2996 4725
4910 5167 5972 3800 5069 4383 4545 5914 2127 5341 5490 5806 4184 6483 6690 5112 5992 2911 6592 6115 1426 4021 5816 8333 7077 3049 3511 3422 3544 5224
4251 6526 6831 2424 5415 4646 4172 6125 1621 6257 4151 5676 3853 5974 6636 4095 5884 1824 6608 5421 2797 3325 6240 6871 6056 1790 3909 4668 4205 5671
5133 5981 7342 4228 5333 4799 4574 5437 2192 6235 6026 5481 4409 7526 6858 4269 6291 1935 8338 5850 2642 2490 5433 7635 7626 3503 5047 4707 4473 4759
5675 5621 6716 2373 6353 5313 3402 4917 3354 5572 4253 5723 3879 6019 7598 4845 5693 1307 7076 5318 1586 2921 5010 7218 6630 2670 5168 3172 4673 4721
4373 6827 6451 3804 5487 4392 3047 5192 1649 5614 5035 5508 4634 7660 6973 4078 5931 2454 7377 6434 3269 3857 5755 8383 6271 3482 3621 3660 4526 5371
5607 5448 7299 2598 6237 3645 2634 6059 1901 6140 4263 4895 4219 6875 8022 5293 4863 1623 6665 6362 3211 4191 4552 8255 5827 3282 4636 3863 4719 5395
4729 5141 7245 3573 5233 4439 4408 4833 2661 6474 4542 4392 3680 6908 7392 5071 6590 1415 7323 5870 1532 3123 4903 7461 6216 1893 3934 3614 2946 6056
4527 6019 6702 3565 6701 5185 2832 5715 2307 6315 5644 4764 4683 6509 7761 4613 5655 2011 7189 5593 2271 4165 4818 7962 5739 2070 5165 4417 3602 5594
3979 6934 6577 2957 6368 3936 2623 4547 1786 5636 5602 4949 5059 6413 7263 4843 4836 2016 7901 6701 2889 2380 5136 8563 6384 2996 4179 3304 4793 5847
5671 6199 7346 3049 5881 4458 3211 6156 1611 6006 5500 5730 5052 6420 6250 3864 6053 3024 8389 6981 2891 2557 4619 7292 6257 2524 3887 4736 3862 6170
4191 6600 6003 4259 5549 3712 3798 4607 3395 5475 5831 5948 4470 6288 7604 4420 4651 2907 8353 6941 2221 3882 5444 8317 6038 2907 5263 3142 4052 6059
5196 6789 7253 4254 6662 3874 3399 5445 2355 5678 4450 5108 4456 7316 6868 3639 6068 1866 7040 5430 2803 2365 5928 7091 6863 2515 3751 4044 3332 4561
5135 6263 5742 3951 5444 4402 3400 6205 1621 5478 5785 5768 5065 7891 7567 4908 6150 3029 8293 6120 1837 3654 5288 7968 6423 3455 4955 4203 4155 5847
4773 6791 6443 3638 6166 5412 3580 5843 1835 5329 5302 5655 3667 7199 6661 3615 6170 1149 8515 5694 3016 3730 4768 7109 6844 3079 3536 4283 4299 5419
4751 5876 7328 3804 5139 4948 2755 5891 1646 5717 5282 4384 3820 6071 8052 4837 5075 1965 7878 6587 1752 3310 5855 8386 6362 3051 3404 3872 3138 5325
4872 6113 7210 2715 6133 4654 4153 4929 3324 4963 4463 4552 4154 7675 7432 4702 5649 1954 6973 5419 3236 2556 5080 6969 5773 1761 3681 4648 4599 4715
5719 6868 6511 2320 5315 4195 3251 5021 2736 5984 4228 6365 4156 6865 6774 4240 6391 1880 6717 6244 2776 3205 6002 7019 6078 3340 3632 4529 4729 4922
5249 6264 6458 2931 6620 4473 4153 5402 2531 4520 5138 6226 4886 6889 7418 3957 5602 2945 6905 5436 2844 3896 4726 7584 7297 3167 4062 4191 4156 5307
3887 5743 6246 2857 6409 5468 4440 5899 3221 4934 5051 5145 4489 7363 7575 4447 4791 2382 8206 6480 2993 2316 5896 8213 7314 3162 5063 3438 2820 4575
4603 5173 6129 2748 4839 5359 4214 4818 3463 4780 4881 6288 4078 6835 6885 4952 5679 1417 6793 6331 2350 3643 5872 8290 5746 3524 3699 3352 3827 6369
4178 5671 6162 3522 6077 4881 3169 5516 2447 4470 4613 4799 4111 7297 7661 4581 5068 3032 7766 6946 2745 3119 5122 7523 6034 2181 4149 4260 3157 6344
4275 5564 7697 2710 6274 3619 2821 4704 3417 5021 5101 5463 5189 6024 6924 3457 5228 2114 7178 5566 1743 3277 4800 7731 6223 3420 4165 4574 3560 4467
1 6 4 21 65275 1
14 17 21 22 24802 1
27 28 12 25 51262 1
7 10 6 0 41511 1
17 17 7 26 50457 1
22 19 23 3 40789 1
3 21 16 29 64500 1
10 11 17 4 50324 1
15 20 2 26 50587 1
15 10 24 3 35138 1
21 0 3 7 62296 1
7 12 24 3 64340 1
5 12 10 25 56366 1
26 10 12 26 77509 1
16 16 7 26 51187 1
21 28 24 6 52493 1
2 17 19 0 75603 1
28 9 13 10 49930 1
11 27 20 0 92218 1
4 21 22 6 74235 1
22 18 18 29 43459 1
11 13 29 28 93635 1
15 9 15 27 43270 1
23 7 17 25 52663 1
11 2 24 20 79475 1
16 9 17 0 31866 1
16 15 28 1 71330 1
13 7 2 7 36419 1
26 28 23 16 35433 1
6 27 10 21 34643 1
12 22 3 29 59445 1
14 24 18 4 67101 1
18 0 3 27 112645 1
26 9 16 26 69785 1
25 6 19 23 53356 1
18 3 9 9 44973 1
29 6 9 16 78208 1
2 22 17 16 52940 1
20 7 12 20 47592 1
18 14 11 2 66227 1
1 20 25 2 94765 1
11 10 19 28 73238 1
22 3 7 7 47819 1
6 10 28 11 71206 1
28 11 7 6 68544 1
20 10 19 22 33880 1
8 27 10 16 47695 1
23 7 15 12 29950 1
14 23 3 17 46057 1
21 7 22 29 49249 1
16 19 27 2 70059 1
9 20 23 1 72861 1
26 26 5 20 67297 1
1 7 26 25 97793 1
13 8 28 24 73301 1
5 14 19 28 67629 1
15 29 25 18 54831 1
7 1 25 27 106144 1
8 14 0 11 46484 1
23 7 3 18 69995 1
9 4 11 20 66970 1
26 26 8 9 83735 1
21 3 19 12 23632 1
4 29 20 27 67006 1
9 12 7 1 46631 1
12 28 13 2 87320 1
9 25 17 16 46075 1
27 15 0 14 82507 1
27 2 1 13 98308 1
7 27 24 9 88951 1
25 21 1 15 70260 1
21 0 29 5 38428 1
15 7 0 26 85306 1
24 10 1 17 63380 1
22 17 20 28 27725 1
18 24 1 13 77833 1
9 2 19 25 90959 1
4 13 28 21 82107 1
16 9 22 20 40051 1
9 29 20 0 110293 1
21 15 19 0 39163 1
16 9 9 14 47013 1
16 6 20 20 44222 1
9 5 3 11 44765 1
24 21 7 1 90825 1
6 14 16 19 37805 1
24 1 10 12 67403 1
16 1 18 9 36231 1
16 20 8 12 37817 1
13 22 18 3 67024 1
6 12 10 19 40905 1
18 24 13 7 62913 1
13 11 17 28 56724 1
17 17 8 20 28192 1
18 2 15 29 81343 1
0 26 1 6 87449 1
6 12 18 22 59994 1
14 5 16 26 59713 1
24 23 4 3 95193 1
5 22 25 1 93961 1
8 19 22 27 55478 1
7 19 5 27 30736 1
6 10 20 16 59383 1
21 21 10 18 37101 1
10 26 6 1 102610 1
1 27 24 27 76984 1
14 18 20 24 35828 1
8 14 24 3 65497 1
10 0 20 8 57431 1
10 3 4 28 99479 1
8 0 27 1 82047 1
17 28 19 5 68169 1
27 10 27 23 63184 1
16 29 29 21 60189 1
10 10 2 4 46499 1
6 25 26 6 97279 1
10 7 6 13 34764 1
4 19 7 26 34505 1
11 26 25 23 50059 1
4 15 23 9 65887 1
0 17 8 7 48897 1
26 10 8 0 78811 1
20 7 10 3 43807 1
22 16 28 3 48903 1
27 8 24 16 33856 1
16 25 12 16 33194 1
0 9 12 29 105470 1
7 25 18 1 94983 1
3 11 27 23 100701 1
12 27 5 15 62491 1
3 13 19 18 59754 1
5 6 20 17 61427 1
5 26 14 13 60646 1
25 27 17 1 80854 1
28 26 15 7 72237 1
17 28 3 17 59502 1
9 26 4 19 41503 1
6 1 22 13 77332 1
20 17 11 27 53713 1
19 5 4 23 84176 1
1 18 14 23 54214 1
16 5 27 18 57038 1
9 23 4 28 33897 1
26 29 13 8 76776 1
19 25 0 24 56502 1
9 21 19 29 52993 1
2 1 11 20 85565 1
21 10 14 7 23683 1
16 29 24 23 42855 1
12 16 4 4 68015 1
6 21 13 14 45903 1
13 24 26 23 52904 1
4 7 27 20 83433 1
27 5 14 28 94419 1
1 13 4 22 47359 1
7 8 23 29 76028 1
12 25 26 24 45490 1
1 19 20 27 74996 1
29 3 26 29 85686 1
6 11 17 12 49745 1
16 25 4 10 71058 1
22 15 23 4 28828 1
7 28 18 11 80449 1
2 16 23 9 64706 1
27 13 28 29 68397 1
9 20 0 10 60796 1
6 21 26 19 60076 1
5 8 20 3 48343 1
27 6 22 0 33398 1
21 2 7 28 94876 1
24 0 16 23 72356 1
12 0 13 20 67051 1
25 29 15 29 46397 1
16 26 6 18 46978 1
24 29 18 16 44427 1
20 24 8 14 55471 1
1 19 23 20 61711 1
24 22 9 21 50063 1
27 22 24 0 68797 1
20 8 15 24 48521 1
16 13 7 9 40731 1
29 11 19 15 46486 1
29 25 27 4 81040 1
13 4 2 10 52999 1
10 27 28 27 69219 1
27 12 29 28 63046 1
10 13 3 5 55333 1
19 11 27 29 62939 1
22 27 10 8 67010 1
11 25 2 26 28472 1
23 1 3 7 65729 1
12 14 9 29 72932 1
16 27 2 3 96710 1
17 26 10 21 37463 1
17 21 27 23 42852 1
8 1 27 7 76618 1
15 1 10 23 79870 1
10 8 3 21 60235 1
5 20 18 5 67884 1
26 11 6 23 82808 1
2 3 26 27 112992 1
10 9 21 7 33233 1
7 20 13 5 61816 1
2 21 22 19 60434 1
25 4 0 27 122022 1
0 8 21 11 54995 1
18 17 13 11 28773 1
13 25 27 15 59985 1
18 26 25 21 31014 1
24 17 25 27 29376 1
20 2 18 11 33684 1
21 19 9 20 31701 1
15 11 28 13 56832 1
10 29 0 14 84256 1
15 29 17 17 36744 1
21 17 3 29 82838 1
29 27 11 4 106661 1
16 12 25 7 39249 1
9 27 26 14 85516 1
15 20 18 28 32744 1
1 10 10 26 84684 1
10 5 15 13 41514 1
26 4 28 27 82298 1
28 25 23 12 42011 1
5 10 20 19 61652 1
2 1 10 19 87234 1
26 29 13 28 54772 1
26 8 0 29 123168 1
15 26 20 0 74091 1
20 28 27 8 61071 1
13 24 22 19 45084 1
19 20 0 11 75456 1
19 21 11 3 68440 1
22 8 7 24 73354 1
16 19 24 7 49285 1
6 20 17 12 46182 1
28 18 18 22 41389 1
8 5 23 11 51526 1
1 16 17 14 47453 1
22 14 29 5 47996 1
4 29 2 10 74826 1
21 17 1 21 59077 1
25 18 4 24 74582 1
0 1 13 13 88118 1
16 0 21 21 64354 1
27 4 7 18 82908 1
15 13 6 8 32277 1
8 0 2 28 108982 1
10 18 21 23 39934 1
24 21 9 29 70871 1
8 12 17 0 59574 1
0 0 0 10 53275 1
26 27 9 8 79084 1
0 9 27 7 76039 1
5 28 6 3 85679 1
8 21 2 2 77024 1
27 13 10 23 87122 1
18 21 2 17 43896 1
9 10 29 11 70135 1
14 8 26 0 47394 1
19 28 26 22 39801 1
12 9 25 2 48687 1
17 0 0 9 70771 1
0 28 11 4 121283 1
19 4 1 12 69815 1
21 10 17 29 54266 1
25 0 7 12 74970 1
6 26 13 6 80507 1
23 3 15 1 34029 1
23 28 12 1 90070 1
12 21 24 0 78207 1
0 6 8 16 55604 1
3 15 13 13 52507 1
2 29 26 27 88874 1
1 0 24 25 118181 1
17 29 18 4 81091 1
11 23 5 5 80406 1
23 9 14 29 70035 1
2 17 13 2 72074 1
26 24 15 2 83313 1
0 22 17 10 77399 1
11 28 19 22 44191 1
2 17 28 14 65627 1
13 8 2 9 29220 1
25 21 19 12 34119 1
19 29 23 1 70469 1
14 22 25 7 61770 1
13 4 15 23 57431 1
28 10 5 16 78586 1
24 10 17 22 45119 1
25 11 16 17 37936 1
2 7 27 6 72156 1
1 17 18 24 58205 1
24 10 29 19 38392 1
20 19 11 5 63372 1
19 25 16 3 68214 1
24 9 2 18 69687 1
4 11 15 9 41078 1
16 15 28 29 67113 1
19 13 2 16 47568 1
23 6 10 21 67620 1
4 7 22 14 65080 1
17 27 13 20 28751 1
14 10 8 21 46418 1
12 14 19 3 55939 1
6 25 23 10 76607 1
25 7 11 16 59734 1
22 15 20 25 26933 1
16 6 12 23 57557 1
29 14 24 7 37725 1
9 23 14 11 55394 1
17 20 11 2 67703 1
16 22 8 5 62018 1
28 8 14 29 85989 1
23 28 10 24 50420 1
26 18 10 5 78831 1
25 16 16 12 39734 1
12 0 0 10 77078 1
1 17 26 28 76725 1
8 29 29 10 107671 1
3 11 7 29 77605 1
5 3 3 23 80039 1
25 5 9 4 65170 1
9 6 21 27 77242 1
5 21 28 3 94363 1
0 12 20 10 70956 1
11 1 13 14 69571 1
17 21 27 26 43617 1
26 12 8 14 64470 1
21 15 19 23 22034 1
1 0 1 27 111355 1
27 4 21 9 33884 1
29 27 17 15 59274 1
24 13 29 6 38392 1
16 14 29 27 66707 1
8 3 24 13 67758 1
12 2 26 4 57907 1
10 18 22 3 60442 1
2 6 25 20 85681 1
11 23 23 2 85577 1
5 9 0 2 39751 1
6 14 7 26 46131 1
14 6 20 2 30758 1
28 13 14 16 50636 1
21 15 29 19 28322 1
2 13 28 22 85785 1
28 4 14 12 61311 1
15 17 4 7 50488 1
8 20 25 16 48584 1
25 23 17 20 28580 1
25 11 28 23 48869 1
17 21 24 17 23640 1
16 9 26 22 60773 1
25 0 19 27 74539 1
7 10 15 29 71194 1
25 7 1 16 77760 1
2 3 7 17 58555 1
25 29 23 12 44253 1
6 26 21 23 50654 1
28 23 10 9 85213 1
11 28 24 5 91310 1
4 0 8 26 97141 1
24 2 27 26 70060 1
24 0 14 11 51880 1
14 18 8 13 26180 1
27 9 2 18 82736 1
11 13 17 2 59743 1
28 29 28 14 58058 1
4 18 21 4 66079 1
4 13 17 19 53121 1
4 15 24 25 66047 1
2 10 12 17 45766 1
20 16 1 1 96743 1
22 1 10 9 51742 1
26 7 23 18 36264 1
0 7 20 15 71648 1
29 13 7 14 71731 1
19 4 16 14 42817 1
3 25 29 17 81272 1
3 27 7 12 61511 1
3 28 0 4 104459 1
10 12 4 7 37539 1
8 28 15 12 59722 1
21 5 25 27 53460 1
6 2 0 24 98011 1
10 21 0 17 33955 1
17 8 5 21 55132 1
15 6 7 9 28391 1
22 14 2 15 59679 1
16 0 11 23 81698 1
17 5 15 29 66395 1
0 19 11 6 74142 1
9 17 18 28 50695 1
17 26 1 0 113957 1
11 13 26 2 77105 1
22 10 6 28 87198 1
21 4 27 10 32889 1
17 27 7 9 74189 1
9 11 23 16 56191 1
16 3 13 26 67459 1
15 28 8 16 44320 1
12 0 20 6 46907 1
11 24 13 11 58623 1
2 29 23 20 81679 1
14 20 2 17 33369 1
10 23 14 4 76177 1
28 28 3 20 82729 1
6 17 19 24 45324 1
29 22 29 11 39620 1
21 19 6 28 64055 1
18 8 0 16 60774 1
2 12 27 20 79209 1
8 10 23 2 52229 1
15 11 2 29 79977 1
18 8 3 11 51962 1
6 16 1 11 38692 1
25 29 17 5 75349 1
19 25 27 1 76114 1
6 26 2 17 38120 1
7 10 27 7 61829 1
5 1 12 28 104211 1
7 19 12 3 66883 1
14 27 8 8 65536 1
15 7 15 26 44855 1
5 21 22 28 61400 1
12 7 25 0 52622 1
23 11 21 26 33387 1
1 1 2 29 112697 1
3 18 2 1 67290 1
28 17 1 28 97886 1
20 27 12 15 53827 1
29 5 16 24 82502 1
23 15 12 28 60447 1
26 24 14 21 50668 1
29 24 9 14 82316 1
8 3 16 10 42863 1
27 12 15 14 51722 1
20 23 13 10 55117 1
26 0 3 19 102721 1
26 23 2 14 82825 1
27 15 21 9 39805 1
10 12 15 5 39466 1
21 5 16 22 47061 1
10 18 16 29 52985 1
22 8 7 10 40822 1
21 0 15 15 44107 1
11 9 24 21 62738 1
6 22 23 13 61222 1
7 11 21 3 52300 1
14 14 0 2 81742 1
12 2 4 14 69198 1
9 24 14 13 55396 1
16 11 28 23 65649 1
26 3 4 16 82270 1
24 8 17 0 41729 1
7 15 28 1 93429 1
29 23 0 7 109699 1
8 17 4 2 62399 1
9 3 23 1 52235 1
13 29 29 29 70571 1
23 21 5 26 60239 1
2 4 20 5 65651 1
10 18 24 6 60152 1
3 21 13 29 67983 1
16 20 5 5 62434 1
4 0 6 13 50634 1
20 8 22 25 38430 1
18 4 10 26 83195 1
23 24 22 6 41949 1
21 24 19 0 56428 1
3 0 5 20 73373 1
20 3 6 5 55773 1
8 10 12 18 34616 1
0 18 26 15 65813 1
25 8 25 22 44062 1
15 12 26 29 64049 1
4 18 10 14 38469 1
26 29 16 6 76593 1
1 28 11 2 119197 1
6 20 20 17 39670 1
26 12 11 9 55969 1
22 21 6 17 41686 1
21 11 19 19 20973 1
3 18 22 28 69392 1
27 16 18 14 34346 1
28 19 0 2 115257 1
20 22 22 1 51916 1
22 27 5 3 95031 1
23 6 0 20 83768 1
5 15 27 18 56253 1
6 3 2 17 55840 1
9 26 28 23 66801 1
2 12 2 1 39857 1
18 15 4 25 62941 1
3 20 28 16 66819 1
11 2 2 5 43823 1
20 3 28 20 55280 1
27 15 27 26 51034 1
4 19 26 12 74451 1
7 29 11 4 107959 1
21 7 11 13 49150 1
24 0 9 13 77536 1
25 29 14 4 83703 1
26 25 12 15 57564 1
17 26 3 27 51094 1
23 24 9 12 63073 1
28 17 7 23 64549 1
12 22 22 4 68395 1
19 8 2 17 53551 1
24 19 6 18 45690 1
18 18 4 4 76222 1
6 19 19 19 37933 1
29 12 24 7 31436 1
20 15 9 5 61710 1
3 24 20 13 78569 1
0 29 26 24 98801 1
16 12 6 21 44407 1
6 0 19 24 98558 1
3 23 26 20 76715 1
11 2 19 24 83286 1
19 20 8 17 30223 1
2 2 16 25 94078 1
23 16 5 25 65379 1
5 4 18 20 71362 1
13 21 15 29 28892 1
13 19 26 13 57084 1
18 28 4 27 57348 1
11 29 7 1 114620 1
15 28 26 20 47938 1
0 8 26 15 82053 1
21 12 7 20 47994 1
4 6 1 29 93883 1
27 9 1 16 86964 1
27 28 16 27 44865 1
13 19 2 23 46725 1
1 12 27 16 79594 1
14 21 11 11 45492 1
29 23 7 17 67274 1
8 1 15 16 58682 1
29 7 15 11 47558 1
21 3 27 24 64886 1
12 21 28 4 85292 1
27 24 3 23 88130 1
12 18 23 1 61169 1
23 22 11 23 52333 1
15 13 21 1 39041 1
28 26 17 24 40033 1
29 11 5 26 100929 1
26 12 9 6 65470 1
4 10 24 15 71962 1
1 21 21 18 60020 1
2 5 12 13 62196 1
15 19 4 28 54567 1
16 9 12 27 60110 1
25 9 18 16 43039 1
3 3 9 18 68606 1
7 25 6 8 65055 1
11 3 17 7 32363 1
18 11 20 19 27481 1
7 11 24 0 69928 1
15 18 8 0 66582 1
13 7 14 27 61340 1
6 24 29 9 98882 1
5 8 16 29 79906 1
24 9 29 0 41680 1
23 18 17 0 59106 1
17 10 8 25 63697 1
5 15 3 2 54554 1
24 5 5 25 93167 1
2 23 10 8 68234 1
20 11 5 14 57266 1
2 29 19 26 64382 1
24 8 18 22 47296 1
10 13 21 16 53385 1
1 7 1 17 42650 1
17 11 6 9 37728 1
2 24 22 1 104320 1
11 6 20 21 60221 1
12 26 18 19 37933 1
3 3 16 5 51436 1
18 9 15 20 39085 1
7 5 19 7 42037 1
6 9 16 0 49262 1
25 11 27 29 64633 1
16 4 6 16 54755 1
12 5 26 27 85591 1
24 1 7 27 103956 1
12 23 14 12 43699 1
7 5 28 9 64640 1
14 21 9 15 35815 1
0 16 24 2 87877 1
23 4 8 10 48271 1
4 19 17 22 44423 1
20 21 17 10 37544 1
11 25 7 9 68070 1
7 4 5 17 50619 1
22 26 14 3 69976 1
20 26 27 0 76266 1
10 2 11 26 92488 1
1 7 10 24 90131 1
22 3 10 24 85350 1
23 19 4 4 81510 1
8 24 23 8 75361 1
3 14 16 24 65435 1
13 3 23 3 35765 1
5 3 22 11 63483 1
3 7 22 16 68074 1
4 28 5 2 87393 1
10 7 6 27 79732 1
9 10 22 10 48017 1
12 27 11 16 52203 1
4 2 11 29 118946 1
24 14 27 21 28647 1
21 18 2 2 84466 1
19 22 28 5 64470 1
29 20 0 21 79442 1
19 15 25 8 31630 1
13 22 17 29 35849 1
2 7 7 14 39383 1
20 0 23 27 61758 1
11 16 29 5 79105 1
4 16 19 3 69192 1
3 10 20 7 53480 1
2 27 14 2 102143 1
10 24 8 14 49286 1
28 21 3 2 113012 1
1 6 21 14 68136 1
0 4 7 14 60288 1
10 24 15 18 38613 1
22 3 11 2 46441 1
25 25 3 0 113063 1
28 4 15 27 90741 1
5 13 15 25 52693 1
25 18 20 28 36384 1
6 9 28 18 74713 1
12 10 2 11 45205 1
7 0 14 25 90579 1
1 13 12 14 56234 1
2 11 26 15 80001 1
20 22 16 7 46211 1
26 4 8 14 76403 1
21 18 4 26 66987 1
2 6 27 13 86718 1
10 1 19 26 98094 1
10 18 6 3 63041 1
28 26 23 13 44335 1
2 18 17 21 43827 1
10 2 6 20 75187 1
23 18 17 9 38319 1
2 15 12 18 32537 1
10 6 12 15 52439 1
29 1 21 3 29437 1
4 1 13 0 45451 1
29 14 25 24 43072 1
14 3 9 14 58317 1
28 14 23 19 27234 1
18 11 6 29 87049 1
7 29 13 14 75745 1
13 19 19 1 62580 1
19 11 4 29 86011 1
5 18 15 29 54745 1
18 24 16 2 72985 1
2 18 19 11 51680 1
10 10 19 22 61241 1
26 0 24 9 32368 1
0 19 21 27 72192 1
28 4 12 5 64688 1
9 13 29 3 83515 1
5 9 28 26 95143 1
8 5 10 29 94412 1
28 23 0 28 99871 1
1 14 14 24 66831 1
19 6 29 12 46193 1
27 14 20 20 36155 1
1 25 4 15 45815 1
14 27 23 17 46846 1
27 5 11 10 67200 1
2 5 22 7 60992 1
24 29 9 14 74604 1
10 7 23 25 68538 1
18 5 1 3 61649 1
1 19 17 1 84169 1
27 11 20 16 41452 1
2 21 5 12 36903 1
8 2 28 8 70113 1
23 4 27 24 62203 1
13 2 23 2 42896 1
12 0 20 5 45029 1
19 10 19 21 27109 1
16 27 26 9 74143 1
14 2 18 17 49446 1
10 11 19 9 43621 1
14 18 9 1 70904 1
28 12 11 22 79229 1
19 14 29 21 40105 1
13 26 0 3 103513 1
11 3 15 24 66054 1
1 16 22 15 55709 1
25 28 18 22 40983 1
24 18 6 15 46367 1
12 21 26 18 51980 1
17 29 18 1 86907 1
1 10 7 5 36764 1
23 21 7 14 52742 1
13 8 24 20 49153 1
19 3 1 4 66985 1
26 17 18 11 33489 1
25 8 13 6 35863 1
23 8 7 6 42918 1
27 1 28 17 62921 1
10 17 18 1 61927 1
24 16 6 16 42017 1
27 15 17 3 63843 1
6 3 9 29 102577 1
2 13 6 7 32599 1
8 28 25 17 71726 1
20 12 26 26 46025 1
23 16 13 27 52460 1
26 21 6 28 73584 1
3 10 18 8 46327 1
17 26 0 2 108842 1
25 4 3 23 107687 1
5 3 18 23 89865 1
22 4 12 4 44925 1
2 9 8 26 73304 1
27 0 10 28 117402 1
14 2 20 29 82451 1
29 23 21 26 30831 1
22 25 21 15 22068 1
2 25 9 9 71152 1
23 22 21 13 20517 1
29 10 26 20 41505 1
15 7 25 11 35337 1
13 24 18 5 68292 1
17 3 8 25 78689 1
8 11 24 9 50421 1
1 17 4 8 37669 1
22 8 22 18 27158 1
24 16 29 23 36451 1
8 12 13 2 53191 1
12 19 0 21 41361 1
13 9 12 19 46051 1
10 3 5 17 60784 1
10 5 0 25 94089 1
5 16 14 0 67437 1
6 2 8 12 41923 1
2 10 6 27 67318 1
21 11 10 14 56559 1
14 17 7 23 32972 1
17 25 5 27 40357 1
25 26 14 28 43965 1
3 11 13 29 92627 1
10 14 26 21 66254 1
6 4 12 11 45529 1
23 5 14 17 45778 1
1 11 26 19 89427 1
0 27 18 28 70227 1
26 5 3 6 74551 1
7 17 26 21 50953 1
28 28 2 10 108316 1
8 19 20 20 33745 1
1 15 22 4 80589 1
28 21 1 0 124461 1
25 29 7 12 82137 1
16 25 4 6 75511 1
22 8 18 20 33120 1
4 28 22 24 66332 1
11 18 29 25 65156 1
20 14 4 14 56619 1
22 1 4 24 99891 1
9 21 19 14 43745 1
7 25 13 15 53415 1
27 23 1 15 86961 1
7 22 20 16 48018 1
22 14 10 13 64457 1
19 28 25 16 40955 1
7 23 14 13 47113 1
2 19 18 28 69280 1
17 16 6 25 53642 1
3 2 9 25 97551 1
10 28 22 21 57605 1
29 27 8 2 113122 1
13 15 8 27 58629 1
17 1 13 21 63766 1
6 14 21 5 60481 1
23 6 4 11 60908 1
28 8 20 23 55330 1
26 1 1 22 114078 1
7 3 27 1 75381 1
27 10 15 14 53047 1
14 28 0 26 56139 1
23 19 11 8 47924 1
29 29 11 1 121825 1
6 16 18 20 35209 1
21 25 19 3 50261 1
19 16 22 23 25063 1
4 23 18 15 61721 1
14 18 5 16 22806 1
13 15 1 27 72967 1
9 21 1 3 79649 1
11 6 7 14 44560 1
10 15 20 5 60301 1
19 12 2 14 57078 1
28 3 29 28 89128 1
3 10 21 1 66220 1
11 28 17 7 71135 1
21 29 8 6 78344 1
6 12 16 15 43863 1
16 19 23 15 27708 1
18 25 10 8 59853 1
24 20 12 14 47679 1
22 6 16 27 62225 1
25 29 17 6 71409 1
27 18 29 2 61559 1
14 25 22 18 40633 1
14 22 2 5 79195 1
21 29 16 8 53292 1
29 6 7 5 71154 1
1 19 27 16 69156 1
23 9 1 0 84761 1
25 24 4 3 101744 1
16 7 22 27 56788 1
23 29 29 6 68096 1
23 24 12 13 56460 1
29 21 20 5 58423 1
24 9 11 17 48400 1
2 12 24 12 74354 1
23 11 29 17 25985 1
2 6 21 1 65337 1
27 23 6 8 86781 1
15 18 21 24 27925 1
17 12 28 22 55906 1
22 9 14 7 26719 1
24 21 27 0 64493 1
3 24 18 7 85323 1
8 25 25 0 98307 1
26 9 1 6 73434 1
13 24 12 15 45169 1
20 18 2 4 81247 1
19 24 9 28 47413 1
9 15 11 4 58057 1
0 17 9 14 32586 1
6 19 27 5 86110 1
23 15 1 17 47920 1
6 26 17 29 47660 1
21 8 1 7 51110 1
4 0 14 17 72745 1
21 5 26 27 56898 1
3 23 10 16 51180 1
0 13 13 10 67084 1
5 12 2 29 64347 1
1 14 9 26 66189 1
8 6 25 8 46106 1
16 29 22 6 68958 1
27 20 15 13 42441 1
17 24 0 24 54409 1
29 21 0 28 103983 1
20 19 29 17 25105 1
16 9 12 24 55557 1
4 1 23 15 83542 1
21 28 25 4 62315 1
21 26 6 14 59021 1
9 19 17 8 45154 1
2 21 10 1 95323 1
1 23 6 8 68288 1
9 2 18 8 47255 1
9 4 22 13 65848 1
13 1 18 18 65034 1
13 24 22 22 39447 1
2 1 2 29 106199 1
29 5 16 20 68669 1
13 10 25 27 69625 1
27 23 16 19 46300 1
27 5 28 23 72659 1
4 15 26 26 77016 1
29 16 16 22 45801 1
5 8 26 5 61186 1
12 13 3 24 69194 1
3 27 23 12 88055 1
11 17 1 8 50830 1
18 15 21 7 26481 1
21 7 1 14 71559 1
2 25 15 28 44239 1
25 28 9 19 63350 1
13 26 11 0 90729 1
28 7 1 5 82018 1
17 21 11 5 59427 1
4 5 26 8 63736 1
16 10 27 5 49085 1
20 7 22 19 33884 1
11 1 25 28 105245 1
14 28 23 6 72842 1
27 27 6 13 82957 1
22 19 15 14 30028 1
14 17 0 14 43113 1
12 21 24 20 35636 1
27 6 17 6 37143 1
17 22 26 21 32564 1
14 24 3 10 76675 1
8 7 24 25 72347 1
12 16 29 11 62484 1
22 19 2 25 70575 1
5 2 24 11 72118 1
25 16 10 29 79296 1
24 9 9 12 57157 1
29 14 14 19 51300 1
12 23 3 20 37390 1
23 25 20 4 49497 1
24 18 13 6 52571 1
0 18 29 4 101351 1
0 16 0 26 51946 1
25 6 13 22 70756 1
16 28 10 11 70672 1
9 26 3 4 97559 1
17 13 10 9 39630 1
21 12 29 9 34250 1
22 5 9 17 52204 1
7 12 11 24 61740 1
25 14 9 9 60866 1
29 28 6 8 97936 1
14 20 12 28 35288 1
21 28 25 16 32902 1
15 7 27 2 46969 1
11 25 2 22 37475 1
10 2 17 8 41201 1
20 9 13 23 63018 1
5 14 23 21 54790 1
25 6 28 13 35744 1
20 25 6 4 83991 1
18 6 14 29 69923 1
14 14 1 29 82812 1
1 24 24 15 82393 1
4 13 23 20 64279 1
12 22 29 27 68879 1
22 1 14 29 86579 1
14 4 28 25 81461 1
8 12 28 25 75711 1
4 13 28 6 85620 1
28 3 21 24 61817 1
17 16 18 0 55572 1
16 10 27 3 44620 1
12 3 6 21 74029 1
3 24 17 29 58055 1
14 29 19 1 83146 1
14 4 18 27 71193 1
7 21 18 11 56909 1
25 20 9 25 53016 1
5 21 8 6 56374 1
12 9 1 9 37157 1
7 25 25 24 52894 1
16 9 25 27 63460 1
19 5 22 26 52180 1
14 12 24 17 33716 1
18 8 11 19 47195 1
7 0 6 14 56728 1
0 7 14 23 83039 1
18 29 2 7 98890 1
0 1 14 11 75552 1
13 23 1 26 52132 1
8 29 3 1 111150 1
17 27 21 10 47583 1
3 0 28 23 122971 1
19 1 2 4 66023 1
20 4 28 14 56409 1
26 2 6 23 99145 1
17 16 8 13 34153 1
29 16 2 0 112597 1
19 28 10 5 87480 1
14 28 19 5 70809 1
20 6 10 23 76493 1
9 0 24 3 67982 1
24 9 10 9 42899 1
8 19 10 9 44209 1
28 1 15 19 75244 1
28 26 27 8 67267 1
2 0 19 10 74753 1
24 8 3 6 56648 1
14 1 19 26 78528 1
7 21 24 22 52191 1
20 9 6 7 38710 1
23 17 6 17 34665 1
12 18 9 10 38767 1
18 14 2 15 53891 1
26 28 4 17 71623 1
8 1 12 8 34493 1
8 10 18 5 41595 1
14 26 3 11 77223 1
0 24 26 28 85750 1
11 2 17 22 73851 1
28 26 10 19 68497 1
2 16 2 27 43751 1
9 16 26 6 70356 1
28 5 15 21 71976 1
12 10 19 4 40474 1
13 29 5 11 80626 1
17 3 10 19 63336 1
0 4 18 0 74318 1
18 3 7 11 55273 1
17 2 28 19 71975 1
2 28 5 14 53563 1
