7256 6058 6218 8739 6899 8255 8655 8265 7746 6920 8580 6469 6961 7377 7306 7974 8525 8575 6083 7393 7109 7599 7028 6772 8068 6521 7523 7589 6998
2657 2769 4303 3137 1749 2540 3246 4045 2594 3793 3954 2940 3158 4178 2176 2356 4484 2921 2434 4522 3449 4418 3308 3785 4181 2080 2897 3294 2491
6746 5768 6866 5509 7015 7213 5766 8058 7188 5943 7445 6604 5541 8153 6102 7451 7337 5978 5882 8052 5972 7711 7386 7295 5867 7387 5580 7256 5559
8419 8603 6092 6400 6206 8418 7776 6685 7803 5964 6601 6280 6162 8552 8251 6181 8192 8238 6206 8172 8508 7999 6710 7970 6114 7166 6860 6710 7779
5222 5003 6158 5598 4812 4771 4246 6305 4181 5338 3839 5866 4383 4908 4954 5814 5715 3938 4945 5106 5040 6248 4827 3728 5676 5916 4208 4526 4918
4152 5089 3226 5109 3646 3070 2878 4935 4614 3054 5150 5151 3185 4459 4391 4863 2910 3669 3798 2801 2578 2419 2831 3391 2958 3686 2645 4259 2812
7741 8045 6684 5380 5775 8031 7430 7504 6014 6785 7738 6041 7026 6298 6463 7772 6706 7262 5436 6441 7503 5679 6529 6446 6171 5457 7834 6964 7626
5338 4549 5130 4046 5279 4065 3783 2803 4948 4555 5374 4298 2954 4694 3919 5269 5517 3270 4777 5129 3819 3829 4923 5466 3094 4998 5107 5234 2927
5274 4084 5880 6361 4492 4926 4096 5172 6547 4463 6404 5697 5600 6565 5065 5003 4082 6200 4265 5329 4488 5135 6846 5696 4113 5423 6212 4750 4703
4908 5477 4123 4515 3654 4366 4400 4728 4719 3064 5524 5012 4671 5348 2928 4077 3088 3722 2911 5542 4945 4548 4289 4522 5097 5157 4095 5065 4255
1581 1537 2567 3834 1853 2360 2442 2135 3499 2615 3899 2278 2970 2736 1874 2512 2696 3431 2479 1512 3344 3266 3109 3610 3124 2515 1701 1773 3868
1943 4164 3713 2491 2405 1631 2978 2139 4196 3401 2741 3446 3622 3848 1630 2407 2183 2536 2285 3033 4241 1726 2972 3630 4184 2768 3170 3912 3758
5275 3471 4154 4498 5336 3449 3646 3374 4298 4634 3203 3100 3054 5541 3697 3636 3907 3326 5733 5319 4506 5120 5394 3349 5363 5059 4864 5132 4434
2816 2346 3021 1650 1680 2121 3344 2792 2048 3109 3345 3102 2231 1991 2955 2914 2154 3452 2429 1410 2825 2726 1836 2800 1270 1816 3055 2553 3417
4975 6975 4643 6733 5013 5969 5075 6354 4600 6498 6780 4909 5039 4922 7000 5700 4735 4496 6834 4477 4959 6965 4318 5762 4784 5928 4925 6812 4386
6090 6506 7687 5080 5781 6229 5247 5101 6680 6506 5599 6524 6359 6123 6374 7609 5835 6309 5338 7199 6101 5609 6957 5233 6682 6721 7315 6400 6820
3757 3128 4279 3934 2045 1973 2198 2029 2356 3429 3719 3687 2912 1946 3701 4041 3953 3527 3350 4339 3132 3859 2194 1946 4612 2839 2426 2303 4602
4517 4447 4133 4415 3490 2471 2584 3365 3933 2300 3159 2994 3280 4047 3380 2504 2479 3776 2374 4542 3721 3044 4768 3128 4724 2642 3829 3291 3636
6011 7332 5395 5272 7795 7618 7513 7103 5171 7418 6546 5375 6301 5219 7816 7899 7088 7911 7907 5610 7894 5886 6833 5329 7693 6270 5665 7138 5690
2739 4424 4819 4219 3168 4268 3276 2972 3398 4083 4833 3626 3574 2650 4572 2868 3787 3714 4203 3192 3219 4072 2613 3325 4907 2781 4858 3621 3369
1515 2840 3288 4169 1895 3757 1511 4282 2442 2126 3402 2063 3806 2321 4034 4026 3081 2544 3761 1734 2126 3057 3917 2624 3655 2784 3974 4191 4218
7300 5105 7600 6133 5586 7766 7702 5281 7267 6776 6503 5337 5478 7684 5777 7762 7693 6261 7570 6483 5331 7443 6309 7527 6165 5441 5211 6285 5592
5074 4971 3544 4101 5412 4941 4636 4478 5300 4904 5422 5675 5897 4660 5762 3491 5953 5058 6043 5831 4837 5686 4360 5828 5359 5369 4828 5398 4899
6263 8455 6306 6508 8849 8648 8406 6210 7618 6352 7667 8400 7178 6837 8900 7296 6687 8676 8612 8201 6561 7458 8004 8739 6754 6892 8082 7247 7664
4703 5758 4147 3470 5307 5488 3883 3779 4225 5066 3735 3330 5109 3594 4903 5244 4454 3244 4581 5958 5950 4438 4406 5227 3460 3586 5384 4609 4547
5742 3263 3872 5539 4004 3079 5376 3173 4109 3223 4837 4188 3834 4909 5058 4742 3366 3495 4568 4700 4577 3817 3597 5266 4269 5372 4929 3165 4145
3040 3073 4564 4821 2917 3714 3797 2811 3673 3025 3387 4599 4869 3801 3221 4526 4165 4705 3080 4664 5047 5450 4638 5201 4078 4153 5368 4031 3735
6715 5743 7390 7673 7826 7708 5900 8278 6996 7112 6386 8211 5599 6023 5654 6110 7849 6024 7386 7960 6388 7833 6604 8211 7733 7328 7652 7851 7696
2547 3739 3998 3738 2748 3926 4379 1971 3113 3974 2682 1927 1918 3534 4406 3414 4040 2849 3668 2412 3660 2005 2625 3093 4375 3860 2795 1872 3414
7048 6753 4886 4475 5208 5816 4875 6874 7104 6645 5895 4504 6994 5862 5852 6580 5298 5167 7000 4643 4559 6600 4549 4511 6524 5383 6761 6806 4664
6744 7192 2923 3495 4939 5658 5198 6304 6717 4740 3360 5197 3011 6645 5797 1958 3125 4643 7377 6309 6535 5586 4134 2134 4499 3192 2277 2215 3331 6162
7274 4689 3033 2153 6223 6425 4451 7168 7364 3213 2703 7083 3693 6821 5684 4307 5181 4481 6912 7332 7403 3629 2739 3012 2240 5042 2783 2316 4139 6722
5093 6330 2750 2053 5656 6633 4537 4819 7690 3792 2521 5644 3877 7325 6020 2315 2579 2776 6465 7229 6748 5719 3054 2982 3323 4428 3567 2391 4154 5759
6179 5154 1611 1386 6697 6404 5954 4811 8436 2517 3040 5491 5074 7939 7339 3439 4778 3542 8446 5245 5807 5811 1880 3789 2679 5464 3779 3666 5019 6010
6331 5520 2242 2329 5693 6214 4742 5545 7438 3646 1417 6740 5476 8496 4755 2888 4323 3676 7391 5073 7758 4144 2207 2788 3000 5062 2323 1366 3069 5315
7144 4799 2345 2098 7443 7056 4349 4947 8468 3221 3178 7481 4549 7798 7161 2243 2911 4516 6057 5830 5865 3676 4383 3978 3419 5297 3144 2788 3344 6469
5364 4641 4148 3160 5836 7018 5951 4845 8108 5295 3448 4933 4923 7742 6094 1815 4981 4006 8517 5249 6458 3563 3128 4421 2719 3069 2529 3783 3293 7063
5226 4816 3831 2488 6848 4673 4180 7050 6883 3398 3321 6485 4566 7795 4871 3727 4004 3396 7354 6016 6505 4600 2376 3691 3240 3758 1995 2938 4254 7905
5513 7204 3240 3598 6873 5464 6150 5450 7489 3383 1704 7350 5070 6937 5496 4462 2647 2882 8435 5467 6546 5309 4177 2347 2887 4703 3400 3579 4043 6596
5220 6075 4131 2629 4749 6515 4171 6047 7179 4080 1274 6883 3051 6116 6894 4208 4028 2875 7850 5741 7592 4358 2650 3359 2888 3721 3326 1476 3815 6162
5895 5004 2020 3131 6321 5767 5418 5183 8229 4099 2244 7368 3545 5960 6019 3227 4410 2221 7983 7365 7085 5986 4519 2516 2306 3543 3763 2925 3517 7138
5296 7378 3555 2431 6210 7261 5834 6611 6549 3081 3480 7173 5258 6893 5076 2452 3422 2399 7488 4786 7404 4685 2770 2565 4556 4098 4043 2166 3202 6690
5179 5878 2254 4008 6864 5858 3636 4835 8306 4387 3288 6572 4884 6164 6098 3075 3471 2079 8557 5307 6858 4765 3374 4574 2639 4702 2223 3719 3682 7291
5802 6622 1679 3369 6868 6845 3877 4894 8834 2648 2311 6086 5444 6512 7078 1979 3845 4654 6148 7216 8276 4566 2204 3002 3328 3352 2933 3431 2859 8010
5886 5621 2051 1873 6920 6800 4522 4820 8266 4382 3025 5050 3483 7579 6519 1998 3764 3145 8072 5603 7543 5973 4334 3857 3940 5411 4150 1114 4075 6777
7409 6392 2631 1431 5360 6283 4758 6844 6560 4980 2685 5942 4108 7475 7213 3269 4634 3451 8566 5173 7670 5264 2796 2949 2778 3766 3979 3303 4568 7315
5915 4936 3724 3253 6619 7396 4175 6714 7422 2647 2037 7062 4850 7580 5474 1938 3879 4672 7324 6945 7078 4512 2231 3812 2297 4804 1692 3531 5493 5760
6126 5211 2306 2231 7440 6313 4226 4770 6288 2804 1232 7174 5416 8120 6462 1731 4791 2064 5967 6896 6973 5261 2753 4440 3577 5190 2927 2440 5153 6395
6190 6268 3364 2980 7233 6918 4525 6956 7870 2897 1369 7245 3053 6362 6735 2483 4791 4242 6519 6415 6117 3991 4341 3066 2097 4439 3782 3010 4030 7220
5230 6160 3624 1927 5445 4829 3923 5309 8288 4344 2737 7630 3440 7880 5468 4454 5159 4769 8106 7448 6622 4161 4301 2898 2609 4065 2583 2460 3571 5775
6791 6179 3301 2726 5415 6198 4148 4791 7505 3976 2098 7559 3199 6701 5569 3102 5182 3213 6796 5399 6971 4437 2478 2983 2768 3878 2149 1758 4226 7786
4996 6672 1600 3128 5314 6474 4701 7240 8396 3063 2389 5845 2761 7205 7265 3909 3110 3835 7715 5726 7948 4470 2412 4537 4643 3971 4120 2773 3391 6115
5201 7333 2424 2712 5025 6082 5075 6810 7626 2659 3689 6699 4320 8294 5516 1860 4820 2103 7819 6290 5952 5518 3396 2907 2868 5109 1645 1499 5093 5335
7322 6412 2922 3148 5618 6504 6191 6889 6552 2671 3561 6390 5127 7001 4658 4337 2565 2290 6282 5637 6804 4923 2374 4575 2859 5210 4177 2829 2915 7576
4911 4898 2540 1718 6155 6438 5980 5177 8866 4307 2943 7017 4342 7751 7024 3078 4070 2539 7900 7198 6065 4479 3065 2761 4585 4311 3549 1887 4647 5461
7642 6332 3711 1860 6766 6452 6196 6690 7061 4039 2648 4975 2732 8588 5787 1862 3246 2358 8103 6270 8479 5864 3044 2597 2125 3011 3482 3095 4947 7602
5666 5446 2306 2087 5103 5883 3854 5468 7371 2937 1963 6402 3771 7020 5079 1773 4252 4280 5889 5981 6811 4635 2604 3381 2306 4211 2648 1842 4277 5672
5485 5871 3412 3127 6506 6489 4692 5553 7716 3891 2389 7412 2957 8137 6507 4414 4392 2234 7923 6041 8415 3643 3017 1940 2210 3760 1889 1188 3128 7586
7417 6251 4218 3958 5352 6362 5948 6829 7870 5284 1194 6730 3419 6766 6152 3687 2415 2580 6892 4991 8287 4321 3839 4666 4672 2803 3441 2259 5568 7861
24 9 3 14 79580 1
19 2 2 11 71880 1
5 13 24 1 88524 1
21 25 20 1 76339 1
5 22 21 3 92671 1
3 29 22 29 74311 1
8 8 2 23 75056 1
7 1 15 12 58719 1
24 1 8 13 82011 1
15 11 24 14 43164 1
22 23 9 3 88897 1
6 27 23 29 60038 1
20 21 20 10 32898 1
5 12 6 24 44714 1
29 17 26 3 53564 1
19 7 7 5 57678 1
25 11 15 16 51532 1
1 26 12 10 77925 1
11 28 17 24 27921 1
27 26 15 17 64587 1
8 13 18 19 53630 1
4 25 4 15 40168 1
7 12 3 4 50885 1
8 21 17 9 58182 1
6 4 16 21 86781 1
26 27 10 12 76236 1
22 0 5 17 95108 1
3 11 26 4 85345 1
0 20 9 0 91907 1
13 9 8 28 63726 1
1 8 7 1 36906 1
9 1 18 9 45053 1
13 23 6 7 63777 1
11 17 15 5 49091 1
1 24 17 4 100235 1
21 10 6 11 43112 1
22 7 14 10 32028 1
26 11 3 5 89217 1
17 20 22 2 66244 1
6 10 13 19 41292 1
19 26 16 1 83745 1
8 20 13 8 50852 1
15 17 5 17 32173 1
11 17 14 1 51589 1
0 3 28 14 98193 1
1 14 12 26 66009 1
7 29 23 20 79502 1
9 23 15 8 62657 1
5 20 25 21 72876 1
27 21 6 6 112565 1
10 22 23 29 59771 1
4 21 12 24 34800 1
15 10 2 12 47346 1
5 26 9 6 74611 1
9 4 27 18 93312 1
3 15 21 29 90967 1
17 23 25 28 35735 1
24 29 23 16 62409 1
1 4 29 20 124733 1
10 2 20 19 71313 1
25 23 5 22 67659 1
25 10 17 2 46133 1
22 12 6 26 80505 1
12 19 9 4 50446 1
25 17 11 1 81132 1
26 0 14 7 56652 1
21 26 6 13 83374 1
18 18 28 11 56924 1
18 8 12 22 55241 1
0 15 15 4 77048 1
23 12 0 26 102698 1
25 23 14 15 53071 1
6 5 17 26 92438 1
20 14 22 22 29253 1
6 3 9 25 77174 1
17 23 1 1 101550 1
21 8 22 17 41854 1
25 5 13 9 52145 1
1 29 26 19 104001 1
27 19 3 1 123498 1
13 20 21 17 37501 1
25 15 18 12 32940 1
19 20 0 21 73211 1
15 15 11 4 41119 1
14 5 28 23 92744 1
17 26 13 11 48665 1
1 5 19 25 103682 1
18 25 3 16 74833 1
16 26 5 15 59723 1
4 17 27 7 94443 1
9 24 14 16 35866 1
24 13 16 6 40779 1
1 29 25 25 79234 1
16 27 12 11 51696 1
29 2 14 22 96268 1
19 29 20 2 85829 1
1 28 16 28 46558 1
15 21 21 10 53044 1
26 29 5 13 101462 1
18 1 19 19 71677 1
29 18 22 9 49528 1
26 8 10 1 62735 1
5 27 10 17 42655 1
17 7 2 17 72716 1
14 28 22 7 82062 1
7 13 26 25 93468 1
13 13 26 24 66758 1
25 9 21 23 60758 1
12 18 3 22 42779 1
9 21 14 6 55685 1
21 23 15 1 81091 1
7 20 21 19 62790 1
2 26 12 16 58036 1
7 19 9 7 49950 1
15 7 5 15 56496 1
24 18 10 7 69951 1
18 15 12 5 42917 1
13 16 6 13 38641 1
26 2 10 12 68783 1
9 26 19 26 32512 1
7 20 26 15 70096 1
7 11 18 29 84792 1
6 22 2 3 78510 1
16 9 24 26 71311 1
1 3 10 1 25998 1
1 18 20 26 80711 1
1 21 9 27 42327 1
1 5 17 4 50691 1
13 8 21 4 37510 1
13 15 7 7 41101 1
0 16 0 27 43819 1
10 26 17 12 55552 1
16 1 27 7 53807 1
29 20 28 8 45159 1
3 6 8 28 95789 1
1 24 25 23 76909 1
13 21 0 10 61746 1
1 18 21 22 77518 1
3 9 29 12 76258 1
0 10 18 16 64956 1
11 2 19 21 73579 1
1 18 4 3 52863 1
16 21 15 6 53077 1
25 5 16 6 41318 1
13 3 23 7 47180 1
26 25 29 17 31486 1
13 2 24 19 76445 1
17 15 18 26 40629 1
4 16 28 20 90198 1
28 6 12 12 60104 1
24 12 25 21 42132 1
1 28 17 18 72295 1
4 20 1 1 76210 1
11 13 21 19 47215 1
9 20 26 13 69803 1
4 22 26 17 82104 1
2 25 29 6 132154 1
7 24 4 5 82499 1
8 23 10 2 63117 1
13 9 5 6 40527 1
2 19 1 4 53900 1
11 6 12 27 64407 1
11 21 0 10 59247 1
2 16 8 22 39742 1
23 18 16 25 52782 1
28 9 9 1 75541 1
5 7 16 29 89564 1
24 3 2 14 97054 1
4 18 18 10 61970 1
26 18 12 8 70966 1
7 25 3 9 70045 1
25 1 23 15 62907 1
12 6 8 24 65535 1
20 13 12 18 34680 1
25 4 13 2 38988 1
2 20 17 10 82202 1
19 25 8 6 85870 1
18 13 14 7 38549 1
2 13 16 16 59393 1
19 21 12 6 62934 1
7 7 17 2 46369 1
3 26 5 9 67396 1
29 28 0 3 137010 1
6 5 23 20 109383 1
17 6 10 24 67879 1
2 16 21 16 66903 1
29 23 21 11 68707 1
13 26 2 3 84707 1
28 24 4 6 120072 1
14 28 20 19 44171 1
27 11 1 28 119656 1
17 26 17 12 48409 1
28 2 9 15 84898 1
15 29 23 23 46509 1
1 2 0 23 71839 1
12 15 11 3 36980 1
4 27 22 2 108913 1
4 7 23 20 106038 1
17 2 3 4 44569 1
18 24 26 2 87170 1
3 16 27 15 75490 1
11 28 19 15 51522 1
24 11 7 24 85554 1
3 14 27 27 101266 1
16 21 19 28 30042 1
19 6 27 16 55941 1
6 27 18 19 60996 1
25 6 22 29 98298 1
11 28 28 11 91506 1
4 23 10 7 63579 1
3 29 14 26 46047 1
19 22 3 13 80287 1
26 2 20 24 82464 1
29 10 8 29 103590 1
12 23 14 0 68673 1
5 27 5 13 47399 1
16 12 9 2 46956 1
15 14 1 12 58021 1
2 2 17 24 96817 1
25 10 4 10 53430 1
19 28 12 21 38718 1
26 27 12 12 73878 1
18 23 14 1 79733 1
5 1 16 19 84343 1
3 24 7 9 64791 1
2 11 15 22 72392 1
0 10 10 18 48362 1
0 6 5 29 92328 1
12 8 23 19 73643 1
9 8 12 17 32642 1
15 25 26 22 42268 1
24 10 7 7 54735 1
26 6 10 22 85453 1
7 5 11 13 38491 1
3 18 23 3 100896 1
3 21 9 14 45749 1
8 26 8 2 80757 1
23 3 14 9 41913 1
15 16 22 4 58757 1
10 16 22 8 54751 1
29 11 6 13 79844 1
8 17 7 0 65104 1
16 22 1 26 53931 1
16 16 24 11 42853 1
4 29 28 9 117410 1
12 9 27 13 57576 1
27 13 0 3 101136 1
25 24 27 11 53604 1
2 2 19 28 112273 1
21 26 22 10 55571 1
28 6 3 20 117032 1
1 6 26 5 78984 1
5 13 0 3 47766 1
28 17 8 19 71523 1
28 1 29 20 69658 1
20 1 12 20 72777 1
11 6 23 27 86007 1
2 27 6 9 74583 1
7 20 21 7 76757 1
5 6 17 8 53709 1
26 20 19 9 57990 1
21 24 15 15 43060 1
16 15 16 0 45093 1
9 24 23 21 55300 1
1 24 10 7 74360 1
21 29 21 3 89452 1
20 19 2 10 73225 1
1 24 6 12 56595 1
3 10 2 1 38089 1
8 2 1 10 42575 1
27 22 15 16 54662 1
1 23 26 0 129032 1
22 17 29 8 52499 1
27 24 6 22 69202 1
1 11 2 29 65794 1
29 2 12 19 92360 1
5 17 20 7 67312 1
5 26 14 27 28336 1
14 27 14 1 74161 1
7 20 16 7 63555 1
18 24 9 15 48305 1
5 9 9 18 41541 1
19 2 12 6 27863 1
15 6 19 20 54651 1
6 29 14 21 49961 1
16 28 27 15 67556 1
25 5 0 20 120312 1
5 24 6 5 77203 1
11 23 25 10 70039 1
23 26 5 8 96781 1
12 28 18 16 51401 1
27 28 13 1 105582 1
13 12 6 19 41393 1
10 18 19 21 43922 1
8 19 21 25 61507 1
7 6 6 16 46915 1
18 21 9 12 53226 1
26 2 9 15 80180 1
26 7 10 2 58387 1
15 27 25 21 47153 1
25 29 7 10 92927 1
10 29 7 8 68484 1
7 23 0 8 75204 1
12 3 8 15 46343 1
10 5 27 28 103494 1
22 20 18 26 34758 1
11 13 4 21 46954 1
13 6 18 1 28108 1
24 13 10 28 78692 1
18 23 6 5 91742 1
27 27 20 16 48940 1
27 3 1 19 111406 1
5 5 15 27 85304 1
17 12 6 12 46117 1
13 23 23 22 33082 1
9 17 14 3 48379 1
17 7 18 24 60371 1
25 13 28 5 35266 1
12 26 15 0 77570 1
17 29 10 8 73703 1
6 20 21 7 83215 1
2 24 5 5 78555 1
12 19 23 14 51829 1
2 23 5 15 35428 1
18 19 1 26 74365 1
16 6 7 10 33344 1
1 15 29 3 106296 1
9 9 24 16 62259 1
20 23 22 4 66614 1
23 27 10 10 74602 1
27 10 25 23 49447 1
6 2 15 3 31374 1
4 18 18 6 77114 1
12 18 25 23 58229 1
17 10 14 24 49556 1
4 22 28 9 99394 1
3 14 4 23 43235 1
12 29 24 26 44018 1
5 10 28 16 76894 1
6 18 22 28 79957 1
14 8 4 4 51513 1
28 22 3 1 128856 1
23 3 10 26 91659 1
29 29 22 3 103868 1
9 14 11 0 48209 1
7 21 26 29 74247 1
0 24 3 11 59538 1
2 16 19 2 89440 1
23 18 13 23 55845 1
13 4 0 3 36609 1
10 26 8 14 44230 1
17 27 5 24 42174 1
19 14 16 25 42209 1
16 23 22 2 77434 1
18 3 1 13 70571 1
4 0 19 21 103985 1
27 20 5 0 125834 1
13 1 27 8 63086 1
17 20 9 24 35355 1
15 2 4 0 41721 1
14 15 9 29 49184 1
22 4 1 6 65909 1
2 18 7 26 49326 1
17 25 21 12 53237 1
28 6 10 9 62140 1
26 14 0 10 84358 1
28 4 22 24 79297 1
7 17 26 21 73873 1
3 11 1 29 69982 1
1 28 26 10 111307 1
25 24 5 20 74151 1
12 10 2 21 68531 1
16 9 24 21 61338 1
22 26 2 3 113022 1
18 20 4 9 73968 1
16 8 15 23 53094 1
14 9 23 4 48327 1
1 29 15 27 43443 1
22 29 14 10 78739 1
5 0 12 28 100696 1
9 29 2 19 62694 1
5 2 19 19 85107 1
12 23 21 7 66981 1
17 28 4 10 78295 1
2 26 29 28 78174 1
18 8 26 4 47596 1
27 14 21 7 51889 1
23 5 0 16 99134 1
21 25 27 16 52051 1
21 10 28 19 48020 1
7 4 17 19 73016 1
23 27 5 16 76143 1
7 1 13 9 40236 1
29 19 14 12 67770 1
22 28 8 4 105027 1
16 16 10 2 52505 1
16 22 14 9 46625 1
5 28 29 19 93609 1
9 7 20 25 80000 1
6 8 22 29 105548 1
23 2 13 26 83677 1
1 7 14 26 82199 1
24 0 10 3 50483 1
8 21 23 14 67823 1
6 29 1 5 96139 1
23 3 2 18 101412 1
13 11 11 28 48403 1
25 7 4 13 78023 1
3 16 27 18 88865 1
19 3 23 24 74884 1
23 16 29 20 34581 1
0 14 5 26 55303 1
15 11 26 3 51133 1
19 13 28 29 70663 1
13 3 18 23 68058 1
23 12 29 23 58126 1
9 19 20 25 52162 1
4 24 16 25 41453 1
17 7 23 17 46820 1
15 25 23 1 98637 1
12 10 9 18 31286 1
27 0 18 22 96344 1
4 21 9 5 72858 1
21 21 8 0 93461 1
27 13 3 9 81234 1
26 17 10 6 74046 1
12 9 3 24 69274 1
4 7 27 29 125962 1
4 29 9 2 97866 1
11 25 27 24 52850 1
28 29 0 14 114084 1
26 27 17 13 66766 1
21 12 21 29 64278 1
2 29 18 9 100950 1
26 18 8 21 75172 1
4 24 9 4 77522 1
24 29 1 21 88619 1
11 6 24 25 90563 1
11 0 26 8 65285 1
19 20 12 15 34237 1
1 23 1 4 62265 1
19 21 26 3 72533 1
27 25 6 21 79443 1
1 20 15 11 75209 1
16 22 3 25 50417 1
19 7 4 29 99472 1
5 22 6 13 38042 1
10 25 1 26 29361 1
5 4 23 14 87028 1
20 24 5 4 97682 1
6 22 11 28 31680 1
11 20 27 12 69062 1
10 22 21 18 51097 1
12 15 22 27 55582 1
0 24 2 12 49381 1
27 23 9 0 109868 1
17 28 27 8 94396 1
7 22 3 13 51238 1
16 3 5 1 38531 1
8 27 8 9 59552 1
6 7 13 4 41818 1
7 16 27 23 78415 1
24 1 2 22 116379 1
2 10 20 27 88475 1
6 19 3 28 40050 1
28 21 13 2 90636 1
28 9 28 23 43114 1
19 2 25 14 58815 1
26 12 15 12 43348 1
13 14 21 23 47583 1
2 0 28 6 93868 1
16 2 26 10 46427 1
22 13 0 17 83845 1
13 9 9 18 35097 1
17 25 3 10 76383 1
2 5 20 3 58899 1
7 18 8 28 48830 1
2 5 8 20 84518 1
8 2 14 10 37276 1
18 18 15 7 47287 1
16 27 22 19 44350 1
6 0 24 26 125428 1
9 15 25 11 61499 1
15 14 4 25 65571 1
26 7 23 20 62482 1
1 7 23 21 104645 1
1 7 22 12 68871 1
11 19 13 6 39284 1
25 25 3 7 118391 1
18 20 9 22 38616 1
5 19 3 6 63753 1
4 1 25 29 129810 1
9 28 25 19 74390 1
2 0 1 19 66708 1
24 2 21 20 71460 1
12 9 18 15 32035 1
18 7 16 26 67490 1
25 11 12 21 68486 1
27 27 19 1 99944 1
13 3 14 28 64467 1
1 20 24 27 82912 1
0 16 8 7 57550 1
24 3 5 4 57430 1
14 4 7 28 86175 1
0 5 5 14 49502 1
29 22 20 7 70884 1
0 2 18 1 57719 1
26 29 19 3 96625 1
25 8 15 23 74024 1
13 8 21 4 37510 1
20 19 16 13 29212 1
16 1 15 15 44605 1
17 3 7 27 85649 1
19 29 23 3 91107 1
24 21 11 23 47033 1
11 14 14 23 28378 1
1 5 18 14 77836 1
11 25 28 0 110838 1
19 11 4 3 59461 1
19 4 12 0 32650 1
1 2 19 19 94105 1
25 26 19 4 86033 1
29 9 22 22 61854 1
2 13 11 26 73891 1
8 5 22 25 98756 1
19 27 13 12 52693 1
24 22 13 1 83407 1
18 7 7 15 59201 1
11 8 2 0 51091 1
23 16 3 2 93063 1
24 7 12 20 70736 1
2 29 15 28 53099 1
21 3 24 17 57082 1
0 6 0 29 88064 1
13 20 9 13 29924 1
20 9 12 22 52430 1
21 4 7 7 61381 1
11 8 17 4 32424 1
8 26 8 13 55987 1
23 3 0 15 92356 1
19 22 8 20 45772 1
9 9 26 17 67693 1
4 0 23 3 64866 1
11 6 6 17 47082 1
8 16 8 27 41756 1
23 12 20 29 66133 1
22 28 10 10 78501 1
26 15 20 10 33774 1
6 4 8 21 75391 1
12 22 2 15 48852 1
20 23 4 2 100376 1
15 0 20 8 44578 1
19 22 19 5 58808 1
4 24 14 26 33673 1
16 19 11 10 42482 1
25 9 1 3 80860 1
26 0 28 19 68116 1
12 1 17 20 63973 1
26 18 7 25 83042 1
23 3 20 18 54025 1
23 3 8 10 54364 1
11 21 3 28 43449 1
0 13 7 24 59823 1
6 10 6 24 58193 1
4 22 19 27 56053 1
11 29 27 6 105390 1
27 8 20 23 70158 1
4 21 7 7 62366 1
2 27 7 2 98301 1
26 3 16 0 36847 1
10 28 18 5 83751 1
23 2 1 14 90269 1
18 17 5 6 67148 1
26 17 10 17 50034 1
3 20 28 20 95802 1
5 6 28 4 76676 1
4 15 18 25 69512 1
29 7 18 14 59431 1
26 14 15 0 77377 1
11 8 16 3 24756 1
14 29 29 2 114639 1
19 19 2 4 93158 1
1 2 8 26 96811 1
3 6 19 23 98880 1
27 11 16 20 68227 1
25 20 12 1 89647 1
28 4 15 1 48051 1
15 23 28 9 77666 1
19 18 24 0 74248 1
5 24 10 16 38600 1
12 1 0 19 87867 1
21 12 6 3 61602 1
5 16 24 8 77577 1
12 22 29 18 67361 1
3 23 27 22 78197 1
21 8 26 21 68640 1
14 0 22 26 98300 1
22 26 12 9 75067 1
28 20 25 1 68908 1
11 19 27 1 89634 1
22 8 3 8 68818 1
17 20 4 10 61712 1
0 28 14 7 94757 1
25 18 9 22 66970 1
18 0 5 25 108615 1
29 29 7 9 108386 1
3 3 10 14 48309 1
27 15 1 12 85443 1
26 23 25 6 67342 1
23 10 25 18 38913 1
0 16 22 16 71993 1
15 26 0 16 74105 1
15 19 19 5 58644 1
6 18 22 21 73189 1
17 7 7 8 44455 1
18 10 13 22 42824 1
25 9 4 26 99301 1
22 28 22 2 91209 1
24 17 4 2 94678 1
0 25 25 29 78627 1
1 11 13 23 66902 1
3 23 28 10 102621 1
21 7 6 1 64361 1
25 12 20 3 43326 1
2 21 13 27 51869 1
5 27 11 14 50853 1
14 0 16 24 75737 1
1 18 20 15 64690 1
19 24 5 8 80544 1
5 2 29 2 71337 1
15 23 9 13 44170 1
12 12 18 25 55656 1
5 0 21 28 121793 1
27 11 18 1 63297 1
20 4 6 14 70134 1
8 22 21 15 53580 1
10 5 28 10 59139 1
16 20 26 25 45631 1
4 28 16 7 87277 1
14 28 5 17 53405 1
4 18 17 9 63038 1
6 28 25 8 104914 1
11 22 9 1 63924 1
29 2 8 2 61013 1
11 18 22 3 65368 1
26 19 11 29 78433 1
10 14 11 26 36678 1
19 14 3 19 65197 1
11 23 28 15 68526 1
10 4 9 15 32869 1
12 21 0 28 53587 1
10 22 26 19 65553 1
20 9 19 29 64485 1
25 27 7 27 46838 1
24 9 3 27 100473 1
0 15 8 10 37992 1
9 25 18 0 97349 1
14 25 7 17 37952 1
0 20 22 17 89306 1
15 5 27 12 54209 1
5 17 23 27 73312 1
28 8 20 25 74918 1
22 5 17 23 73557 1
23 29 18 5 98542 1
26 19 6 6 99464 1
3 10 26 13 71973 1
9 18 3 28 56308 1
12 3 22 13 52823 1
1 14 0 26 42391 1
7 16 11 24 35258 1
16 21 1 1 98492 1
16 19 1 22 57921 1
5 14 16 3 63299 1
27 23 10 17 65801 1
23 3 14 0 38854 1
7 5 29 7 86415 1
19 0 7 19 85274 1
2 0 28 10 99059 1
18 0 25 24 97788 1
23 23 15 7 69626 1
29 0 19 12 67294 1
1 21 29 9 113105 1
11 16 2 24 49067 1
3 10 4 23 55450 1
21 9 28 19 51361 1
5 22 12 4 74915 1
3 4 7 25 94651 1
6 10 28 3 73073 1
12 19 27 0 95203 1
1 8 26 27 111406 1
18 16 27 11 53037 1
2 25 27 1 137336 1
14 4 27 29 110841 1
3 8 5 26 75260 1
14 14 26 12 52912 1
4 1 29 27 130884 1
3 9 26 23 102300 1
0 23 18 24 57735 1
15 5 3 24 92424 1
17 16 25 10 39382 1
14 16 12 26 28786 1
20 5 17 19 47449 1
4 14 1 4 45227 1
10 9 5 27 64235 1
7 7 6 25 73484 1
25 21 29 0 89514 1
21 7 15 26 75376 1
1 25 10 12 64115 1
21 10 25 1 41618 1
4 10 20 14 50342 1
17 0 3 25 111324 1
29 10 16 13 40567 1
27 27 15 11 81307 1
29 10 5 9 63261 1
8 29 25 27 53179 1
13 29 26 29 46866 1
5 27 23 2 109971 1
1 14 25 5 94884 1
17 17 26 22 41066 1
19 12 2 19 75490 1
17 3 4 0 49162 1
13 5 29 7 62135 1
2 10 19 5 59571 1
17 3 21 19 61757 1
2 21 14 10 73300 1
26 19 18 3 71945 1
3 29 23 17 95740 1
27 13 9 12 68320 1
20 28 21 14 50353 1
10 3 25 23 94340 1
15 18 9 0 68732 1
21 22 1 26 69606 1
0 12 18 14 69412 1
17 19 26 5 67679 1
8 29 17 20 52116 1
29 14 15 11 53552 1
17 4 12 26 69648 1
11 11 2 28 76448 1
5 20 14 18 43792 1
14 5 13 17 38951 1
22 26 12 10 70859 1
3 29 20 10 97766 1
13 20 25 28 49528 1
28 22 14 6 84343 1
29 22 10 19 67901 1
6 2 5 14 50822 1
16 9 7 28 75663 1
10 6 14 27 63405 1
17 20 21 27 34165 1
10 6 5 19 54798 1
10 28 1 18 55191 1
2 7 16 16 73539 1
19 1 27 11 57029 1
23 29 8 29 62596 1
0 15 20 4 81391 1
10 14 0 27 61691 1
19 25 26 29 30945 1
19 11 29 18 54933 1
16 29 2 25 56714 1
21 10 8 26 73505 1
26 29 8 6 111191 1
28 19 25 10 35438 1
1 12 20 5 68026 1
16 16 0 3 76614 1
6 4 24 1 63035 1
26 25 5 1 127506 1
22 25 27 9 72410 1
16 1 14 26 71443 1
29 2 20 19 77942 1
9 6 7 25 66687 1
10 28 20 8 72723 1
13 10 24 1 53101 1
23 9 16 25 67445 1
14 24 21 8 66967 1
25 6 22 20 70518 1
5 18 19 27 65442 1
2 3 29 26 130158 1
18 13 9 20 50731 1
20 25 23 13 55133 1
18 5 15 24 69415 1
14 1 12 12 38010 1
12 5 21 18 65847 1
21 29 1 8 111200 1
7 2 19 26 97515 1
5 7 0 20 61942 1
18 13 10 23 52805 1
19 0 15 24 86121 1
18 1 27 3 34286 1
17 2 18 22 68446 1
26 3 16 28 98663 1
18 22 15 13 40253 1
19 4 21 14 38619 1
26 11 15 5 45839 1
0 28 1 19 35265 1
4 1 20 6 60899 1
20 9 8 26 73533 1
10 29 16 22 34427 1
29 16 29 5 44021 1
6 9 11 14 32035 1
0 14 15 4 78711 1
13 5 23 9 40634 1
17 17 4 3 70407 1
12 13 24 22 59498 1
27 25 2 10 110594 1
5 0 20 4 57243 1
8 28 6 17 49551 1
7 5 14 20 67669 1
9 13 23 27 71571 1
25 29 14 0 110385 1
1 20 29 24 98214 1
22 29 23 4 99504 1
14 25 23 1 93668 1
22 9 10 22 63984 1
12 2 13 26 61275 1
26 7 15 5 51961 1
17 24 11 5 67313 1
17 17 18 28 44992 1
23 8 10 25 83633 1
15 11 27 17 56066 1
1 21 6 3 67695 1
4 26 2 7 82073 1
24 1 6 24 110506 1
9 10 18 4 44459 1
19 8 3 23 85685 1
3 9 17 18 62596 1
6 16 18 5 71542 1
28 10 6 26 97611 1
23 9 11 2 52079 1
2 13 28 23 110849 1
26 2 4 1 68646 1
1 26 27 20 100370 1
14 22 14 3 53851 1
11 1 3 24 88037 1
23 10 10 19 54873 1
12 23 4 13 55727 1
24 8 8 18 71464 1
14 27 16 4 67793 1
23 21 1 4 112180 1
24 25 9 11 81044 1
16 13 5 3 58498 1
13 28 23 19 60193 1
29 24 8 22 70580 1
18 29 2 26 59275 1
6 20 21 28 70960 1
23 0 5 12 89481 1
25 22 19 27 33139 1
9 4 21 22 82370 1
27 28 9 19 75342 1
28 8 17 3 44406 1
29 16 22 13 33575 1
0 20 24 24 88851 1
12 11 14 19 33326 1
23 24 16 0 88759 1
17 21 26 25 42193 1
15 13 2 4 73297 1
3 27 2 5 84591 1
17 19 24 28 50417 1
5 27 1 17 43135 1
17 28 9 11 65839 1
20 27 9 5 87800 1
9 0 6 19 71057 1
4 20 23 3 103086 1
16 3 12 20 56258 1
10 19 27 15 55450 1
2 2 21 5 62698 1
1 1 28 21 126219 1
11 29 10 0 80527 1
22 26 0 24 71796 1
1 3 22 27 113735 1
8 9 15 14 40303 1
18 7 14 24 63924 1
15 5 27 12 54209 1
24 26 13 6 84686 1
29 19 14 3 83233 1
0 29 2 8 82939 1
12 24 25 25 44174 1
26 0 2 16 113627 1
19 17 8 21 49360 1
29 13 27 1 50295 1
29 29 2 10 117450 1
29 2 3 21 128397 1
23 9 28 26 67669 1
21 7 29 11 42410 1
19 4 23 29 94530 1
12 24 29 1 107111 1
2 3 6 22 78510 1
21 3 22 12 34333 1
0 8 25 7 85303 1
24 6 16 13 44075 1
26 15 0 23 93835 1
17 19 18 1 64024 1
12 0 26 10 62115 1
21 19 2 3 95241 1
26 17 11 21 59908 1
4 2 26 19 107360 1
19 10 18 27 61116 1
3 16 10 7 50969 1
28 29 8 27 55311 1
17 19 13 8 39098 1
12 20 29 7 85804 1
8 2 13 19 59538 1
8 22 6 5 73280 1
29 10 22 20 55682 1
21 1 0 29 132738 1
5 14 1 21 37506 1
6 18 21 16 58795 1
21 11 24 1 48076 1
21 22 17 9 46071 1
25 16 18 27 52992 1
4 1 6 13 59061 1
17 14 6 4 66460 1
15 6 9 25 72208 1
17 27 12 22 25530 1
26 12 4 23 96023 1
10 17 23 11 56630 1
24 19 8 0 98125 1
3 10 18 28 86488 1
1 8 25 19 98053 1
27 22 15 14 59498 1
28 18 5 17 77072 1
27 24 22 4 87045 1
25 24 7 14 82577 1
29 18 27 27 36573 1
25 11 18 26 72644 1
18 20 26 16 41281 1
17 5 19 26 71509 1
16 2 17 24 70482 1
7 20 18 13 58046 1
10 9 24 19 68898 1
11 11 7 2 37492 1
22 8 29 5 45555 1
12 3 13 18 42896 1
0 8 28 7 90856 1
10 24 27 20 69910 1
2 1 18 11 73073 1
17 8 27 25 80528 1
20 17 2 20 81277 1
14 1 11 16 49977 1
4 13 9 4 48083 1
21 29 4 10 96549 1
27 22 16 22 32999 1
8 7 27 0 80038 1
1 27 15 23 48778 1
21 12 16 29 66902 1
23 19 24 1 84089 1
10 2 18 27 83724 1
6 6 28 25 119623 1
24 23 12 2 87721 1
13 25 1 23 40951 1
1 8 26 27 111406 1
1 23 8 6 80874 1
26 29 19 12 72491 1
6 27 7 11 61260 1
24 4 7 6 63923 1
3 7 26 13 89513 1
27 20 19 3 80440 1
6 4 29 8 89027 1
5 27 2 14 53293 1
27 9 16 16 50671 1
17 15 15 24 31589 1
21 15 12 26 48809 1
4 13 22 15 62822 1
24 27 2 18 92113 1
15 21 25 13 64093 1
1 22 23 10 89589 1
2 4 16 17 80428 1
3 15 9 4 56192 1
25 1 7 22 101772 1
6 15 2 29 61030 1
0 17 27 0 124880 1
2 26 28 1 135399 1
26 29 21 20 50715 1
15 18 25 0 86356 1
8 12 23 27 76546 1
15 2 27 19 84567 1
7 0 26 17 100423 1
28 24 28 11 39551 1
24 19 22 5 66150 1
22 12 13 8 31978 1
24 17 0 4 103970 1
18 14 26 19 45530 1
21 4 24 13 45339 1
3 15 14 18 43574 1
28 11 8 8 62758 1
3 26 13 4 84875 1
22 20 13 27 48721 1
20 11 0 17 78257 1
19 9 0 14 68387 1
0 24 20 13 87148 1
1 11 13 18 55676 1
1 10 22 12 58439 1
0 22 22 12 90121 1
23 28 25 6 91680 1
18 18 29 11 62920 1
12 10 3 16 48444 1
16 2 3 13 70421 1
0 25 1 15 39050 1
21 22 4 0 109162 1
5 0 23 5 74523 1
26 18 4 13 83508 1
