7702 7873 8170 7718 8121 7693 8005 7520 8315 7787 7944 7913 8068 8226 8180 7686 8034 8226 7683 8076 8157 7687 8161 7972 7520 8216 7604 8276 8060
7209 7327 7254 6979 6678 7131 7184 7057 6846 6654 7414 7127 6904 7157 7172 6829 7390 6795 7254 7110 7222 6720 7428 7329 6660 6603 6969 7419 6941
5744 5875 6002 5720 5584 5445 5556 5928 6093 5700 5266 5587 5776 6067 5695 5718 5531 6066 5730 5813 5275 5734 5870 5543 5833 5296 6081 5800 5736
7454 7335 7006 7143 7689 7082 6845 7344 7665 7640 7039 7648 7448 7392 7164 6928 7125 7441 7522 6997 7325 7475 7174 7531 7429 6864 7143 6915 7534
7183 7465 6844 7211 7552 7309 7288 6900 7106 7329 7445 6965 6987 6885 7608 7022 7224 6963 7105 6994 7400 7678 7020 6893 7360 7095 7446 7315 7086
5788 5903 5998 6012 6082 6063 6030 5644 5638 6012 6057 5982 5565 5756 5506 5388 5392 5267 6076 5453 5724 5567 5501 6113 5372 5336 5730 5684 5959
6913 7080 6573 6671 6825 6991 6821 6845 7047 6394 6753 6763 6791 6391 6964 6778 6577 6871 6727 6653 6502 7141 6838 6868 7098 7046 7177 6580 6947
3931 3819 3923 4394 3873 4538 3968 4149 4314 4243 4181 3755 4575 4161 4108 3856 4138 3772 4329 3798 4285 4280 4189 4195 3911 4195 4247 3886 4585
6218 6341 5917 5729 5663 6352 5886 5711 5819 6152 5976 6397 5796 6201 6170 6410 5985 6444 5650 5847 6414 5835 6355 5778 5905 6461 6117 5661 6369
2366 2508 2529 2518 2544 2612 2495 3024 2542 2833 2724 3029 2201 2744 2984 2899 2776 2360 3027 2883 3043 2836 2978 2597 2654 2826 2803 2809 2371
3231 3377 3135 3558 3093 3159 2848 2985 3275 3292 3624 3079 3219 2940 3403 2831 3534 3231 3082 2793 3040 3442 3164 3039 3325 3039 3403 2826 3241
1456 1908 1544 2123 1683 1299 1717 1284 2028 1572 1910 1978 1478 1949 1768 1985 2008 1857 1698 2016 1518 1294 1955 1546 1927 1363 1550 1987 1652
5698 5824 6339 6086 6319 6313 5706 6208 5583 6300 5996 5988 6004 5847 5560 5858 5888 6319 5949 5752 6004 6372 5894 5740 6234 6079 6117 6110 5962
6892 7047 6591 7060 6446 6415 6856 6997 6396 6741 6831 6455 6846 6381 7018 6961 6824 6380 6942 6438 6855 6854 6770 6803 7050 6924 6349 6975 6803
4400 4713 4612 5189 4817 4731 4814 4942 4741 4596 5151 4722 4351 4400 4600 4354 4931 4845 4746 5111 4669 4412 4391 5101 4752 4382 4600 4621 4936
1676 1619 1579 1402 1773 1573 1991 1861 1746 2013 1437 1901 1984 1704 2021 2058 2020 1578 1584 1633 1667 1730 2071 2128 1487 2050 1979 1628 1635
8051 8515 8630 8781 8654 8380 8858 8165 8447 8549 8674 8226 8100 8341 8214 8869 8868 8461 8662 8097 8842 8644 8471 8619 8471 8572 8683 8884 8666
4457 4362 4194 4430 4036 4814 4609 4124 4668 4609 4370 4507 4021 4835 4063 4281 4681 4484 4447 4682 4787 4342 4380 4757 4276 4201 4394 4397 4239
6227 5868 6415 5762 6133 6400 5996 5795 6362 6215 6464 5869 6292 6092 6249 6401 6283 6312 6247 6486 6560 6083 6315 6572 6430 5814 6566 6468 5943
7741 7175 7844 7437 7677 7774 7407 7811 7263 7725 7590 7290 7288 7127 7237 7444 7852 7532 7801 7846 7729 7593 7754 7339 7687 7129 7229 7139 7554
3208 2611 2986 3188 2645 2918 2466 2628 3063 3005 3116 3165 2844 3218 2665 2865 2685 3071 3224 2895 2569 3207 3208 2705 2494 2678 2655 2976 2462
6627 6039 6426 5982 5977 6214 6664 6251 6619 6691 6229 6799 6352 6009 6113 6219 6132 6337 6653 6159 6800 6350 6107 6746 6677 6284 6234 6459 6550
5915 5273 5784 5996 5987 5951 5952 5934 5719 5926 5351 5333 5691 5828 5299 5933 5807 5951 5173 5311 5349 5562 5589 5577 5832 5608 5256 5156 5661
1672 1499 1841 1726 1393 1445 2030 1220 1807 1318 1990 1238 1478 1408 1714 1571 1674 1524 1325 1522 1742 1637 1481 1385 1233 1477 1616 1951 1386
8611 8854 8285 8231 8827 8285 8447 8743 8563 8588 8873 8280 8296 8164 8742 8871 8762 8898 8386 8552 8499 8460 8262 8894 8579 8569 8559 8768 8733
7960 8361 8603 7946 8345 8682 8146 8618 7918 8071 8265 8048 8438 8279 7945 8498 8513 8706 7981 8376 8727 8092 8442 8242 8339 8026 8224 8226 8552
3089 2914 2916 2575 2554 3126 2678 2532 2393 2857 2651 2643 2678 2772 2964 2954 3018 3152 2746 2988 3023 2600 2876 2588 2691 3011 2634 2629 2515
6608 6448 6792 6338 6202 6111 6560 6705 6400 6324 6853 6900 6175 6877 6701 6527 6923 6836 6634 6160 6310 6619 6846 6188 6796 6609 6804 6799 6239
7152 7475 7149 7567 7460 7452 7862 7341 7355 7754 7859 7438 7566 7958 7300 7464 7215 7974 7477 7736 7270 7958 7163 7604 7887 7589 7634 7565 7936
7970 8537 8548 8418 8063 8220 8504 8537 8087 8471 8260 8488 8184 8278 8468 8220 8224 8346 7947 8082 8393 8225 8119 8187 7791 8456 8403 8097 8564
3732 2675 5365 5660 6905 2233 1875 2810 7143 7544 3195 5848 5223 7309 4459 4384 6320 5612 3794 1385 6983 5355 3719 3934 5695 2073 2685 4358 5168 1700
4287 2885 5142 6356 6936 2154 2069 2806 7457 8067 3592 5282 5167 7645 4678 4379 6635 5505 3288 1568 7320 5374 3195 3608 5715 2589 3078 4346 5195 1123
3576 2717 4983 5729 7718 1994 1986 2371 7575 7973 3393 6073 4816 7569 4867 3875 6058 5740 3848 1959 7162 5005 3751 3680 5722 2365 3414 4448 4799 1628
3726 3338 4783 6399 7568 2261 1605 2814 6990 7301 3937 5280 4892 7801 4814 4185 6625 5127 3631 1278 7186 5243 3779 3645 5417 2381 2819 4476 4700 1628
3513 3335 4776 6400 7436 2298 2185 2327 6916 7469 3654 5580 4716 7557 4486 3984 6242 5585 4035 1349 7143 4999 3629 3863 5899 2293 3205 4001 5080 1647
4015 3291 4758 6263 7638 2204 1712 2391 7672 7649 3498 5651 5545 7523 4363 4267 6292 5110 3868 2044 7270 4965 3343 3947 5257 2181 2680 4231 5027 1454
3857 3335 5374 5837 7057 2511 2211 2156 6965 7523 3387 5739 4747 7847 4761 4365 6663 5043 3393 1518 7018 4643 3326 3652 5782 2439 2908 3821 4869 1393
4347 3365 5157 5622 7041 1832 1978 2943 6975 7864 3138 5310 5163 7557 4984 4204 6803 5784 3995 1483 7180 5122 3158 3921 5273 2169 3378 3952 5006 1310
4260 2591 4874 5772 7410 2423 2148 2170 6940 7933 3450 5363 5404 7582 4805 4329 6351 5032 3923 1843 7484 4869 2995 4148 5753 2717 3391 4481 4876 1246
4018 2699 5134 6028 7340 1833 1606 2526 7409 7542 3284 5547 5261 7193 4932 4308 6739 5117 3671 1425 7217 5417 3050 3503 5474 2209 2824 3869 4802 1812
3709 2952 5388 5754 7144 2272 2074 2914 6852 7815 3717 5876 4970 7408 4755 4297 6620 5774 3840 1803 7027 4649 3656 3976 5423 2708 2654 3868 4872 1388
4085 2592 5104 5850 7174 2231 1577 2980 7343 7506 3447 5322 4750 7184 4480 3959 6804 5267 3592 1899 7158 5058 3180 4093 5284 2748 3085 3641 5249 1131
3609 3216 4803 6142 7265 2379 2057 2435 7673 7277 3122 5871 5140 7296 4711 4011 6436 5574 4014 1605 7573 5339 3559 4141 5514 2505 2946 4379 5016 1626
3963 3150 5126 6244 6929 2529 1500 2533 7506 7817 3268 5924 5290 7175 4353 4443 6667 5756 3694 1556 7018 4695 3524 3908 5461 2412 3018 3905 4797 1569
3663 3182 5018 6218 7229 1934 1769 2887 7330 7776 3268 5433 5259 7389 5149 4479 6115 4966 3704 1319 6999 5330 3052 3930 5219 2103 3311 3948 5086 1699
3626 3140 4856 6237 7005 2446 1616 2512 6931 7529 3295 5954 5489 7275 4556 4541 6235 5132 3914 1936 7132 4782 3066 3456 5565 2626 3337 3637 4629 1484
4094 3318 5120 5695 7156 1886 1930 2720 7203 7701 3581 5603 5178 7046 5124 4524 6140 5411 3307 1990 7514 4640 3204 3499 5874 2411 3387 4093 5044 1296
3746 2655 5062 5922 7458 1820 2044 2602 7632 7507 3777 6091 5290 7505 4886 4247 6133 5758 3878 1761 7542 4875 3207 3660 5347 2576 3288 4224 4778 1727
3927 3368 4751 5691 7462 2453 2203 2452 7457 7891 3443 5702 5334 7579 5024 4401 6512 4960 3475 1906 7665 4850 3165 4075 6031 2275 3182 3827 4607 1939
3756 3249 4847 6100 7637 1888 2142 2531 7052 8029 3919 6073 5419 7447 4555 4576 6606 5292 3838 1732 6844 5261 3707 4148 5397 2822 3113 4209 4727 1709
4159 3331 4573 5807 7601 1912 1651 2900 7096 8066 3670 5403 5066 7047 4698 3896 6442 5111 3518 1235 6886 5286 3539 4161 6023 2775 3300 3761 5060 1346
3876 3348 4643 6437 7007 2626 1939 2602 7593 7529 3433 5382 5318 7405 4684 4109 6868 5200 3457 1964 7009 4900 3348 3475 5401 2753 2644 4056 5416 1691
3708 3265 5181 6026 7657 2390 2024 2404 7130 7890 3282 5342 4804 7504 4989 4093 6269 5631 3685 1239 7352 5095 3465 3972 5281 2780 3057 3867 5164 1178
3549 3411 5044 5850 7261 2495 1973 2346 6955 7901 3551 6063 4747 7545 4789 4262 6858 5408 3808 1354 7430 4741 3477 4033 5488 2585 2698 4113 4636 1356
3695 3317 5055 6401 7547 2502 1544 2520 7557 7811 3886 5525 5183 7073 4744 4228 6345 5520 3908 1582 7239 5371 3117 3934 5383 2190 3115 3939 5031 1797
3794 2619 4718 6128 7551 2050 2051 2904 7530 7759 3333 5407 5217 7784 5007 4691 6454 5254 3481 1795 7243 4708 3711 3915 5297 2788 2952 4277 5343 1718
3526 3037 4996 6432 7521 2568 1661 2626 6995 7614 3500 5449 4900 7103 4396 4291 6141 5386 3883 1351 7429 5360 3120 3317 5310 2093 2947 3722 5368 1386
3984 3043 5034 6162 7305 2149 2027 2386 7118 7368 3879 5930 5462 7418 4607 4345 6649 5713 3863 1287 7237 4782 3133 3696 5340 2419 3336 4123 5115 1861
3661 3153 5329 5798 7722 1840 2013 2186 7267 7521 3967 5293 4822 7057 4558 4038 6460 5640 3813 1346 7217 5404 3043 3780 5192 2620 2740 4269 4647 1546
14 8 6 17 53453 1
16 13 4 18 43189 1
5 18 19 8 62575 1
13 26 18 16 42766 1
16 3 8 16 51427 1
10 25 6 17 32662 1
25 12 5 19 50882 1
1 16 10 1 72450 1
29 8 8 25 79804 1
4 9 29 17 93238 1
17 4 29 27 72857 1
15 29 22 4 57919 1
9 13 14 24 40845 1
25 26 8 1 75838 1
3 24 23 14 64732 1
6 24 7 0 76923 1
8 24 18 25 30705 1
4 19 11 5 35996 1
20 7 0 27 90576 1
2 4 17 29 75356 1
7 0 19 18 67886 1
28 10 10 14 64530 1
1 2 13 8 57504 1
8 23 28 17 60280 1
22 23 19 9 45695 1
3 27 22 20 65982 1
0 25 19 3 90514 1
17 9 28 6 33713 1
1 2 8 19 71678 1
24 25 15 16 30530 1
7 3 9 22 52692 1
10 3 4 29 60512 1
27 23 8 25 54579 1
1 3 4 24 94302 1
24 0 24 28 52102 1
15 27 20 17 30365 1
12 18 27 21 40294 1
14 21 25 14 39734 1
23 25 10 16 40792 1
3 25 14 8 63108 1
11 17 1 24 44522 1
18 20 8 5 49611 1
0 8 23 11 67014 1
7 9 29 5 57252 1
24 5 3 6 41911 1
29 13 15 11 69269 1
9 22 10 7 35963 1
10 23 10 6 36065 1
4 20 19 21 44888 1
26 19 7 9 59336 1
17 8 3 18 57907 1
21 27 15 0 65484 1
8 1 18 22 60917 1
9 25 0 5 63719 1
2 7 12 4 32910 1
29 2 7 16 91026 1
1 22 25 5 81600 1
6 7 20 1 43843 1
6 4 26 12 62769 1
0 23 11 7 66451 1
5 6 22 1 45350 1
5 22 20 12 60632 1
27 7 19 21 43826 1
12 21 12 6 33401 1
29 11 10 24 77909 1
19 2 12 17 57579 1
29 0 23 12 41114 1
25 20 16 7 47790 1
10 7 4 25 51401 1
15 28 29 18 46097 1
26 9 14 6 30489 1
14 15 5 11 48027 1
8 14 22 0 64144 1
5 0 10 23 65958 1
0 28 26 2 95048 1
27 4 22 22 45925 1
14 24 4 18 39397 1
25 27 5 14 76168 1
28 9 13 9 64307 1
19 11 28 23 56727 1
10 3 3 16 66773 1
28 12 10 6 56210 1
4 8 20 22 70217 1
7 12 4 2 56246 1
20 23 0 28 54539 1
15 27 4 3 75791 1
6 18 18 28 47559 1
14 2 25 2 42252 1
11 11 9 20 20832 1
11 29 12 11 36851 1
22 12 16 19 27325 1
21 5 13 2 27303 1
24 14 17 27 46052 1
24 26 9 8 62324 1
8 3 12 29 57409 1
2 25 19 23 49535 1
19 9 2 1 69204 1
8 24 28 24 64072 1
26 6 0 21 79895 1
13 29 13 18 28869 1
13 5 5 8 27388 1
6 1 25 1 59484 1
29 1 7 6 56742 1
4 8 22 6 45490 1
7 27 5 8 70372 1
29 6 7 2 55570 1
20 12 15 22 34927 1
0 28 13 29 27146 1
8 1 2 10 50653 1
3 25 12 16 41720 1
8 28 16 24 30816 1
22 21 15 5 45778 1
13 1 22 24 63172 1
13 28 8 5 56480 1
11 0 13 8 24142 1
27 24 18 9 62000 1
8 19 23 18 26538 1
15 24 0 4 72275 1
13 13 7 25 44947 1
7 0 20 14 64438 1
4 19 8 11 35620 1
26 14 15 10 49054 1
6 23 22 11 62944 1
21 12 2 17 67456 1
10 0 28 4 56843 1
16 19 29 9 56336 1
21 27 23 9 35256 1
12 11 7 16 33489 1
15 8 22 11 33108 1
1 7 5 19 57049 1
14 9 26 17 48543 1
2 24 25 28 63295 1
19 16 3 27 73911 1
24 18 26 28 27949 1
13 12 20 19 32823 1
29 2 12 22 80343 1
20 10 14 4 29421 1
12 24 22 9 56885 1
0 4 19 28 93500 1
0 5 6 26 75320 1
12 21 28 9 68559 1
10 25 2 16 44993 1
23 22 3 24 61411 1
12 8 1 1 49409 1
19 2 5 21 77160 1
9 15 9 25 28053 1
4 13 12 28 67657 1
5 2 28 10 77840 1
4 20 12 1 52840 1
14 23 29 19 33509 1
4 19 11 0 44710 1
10 13 19 20 38829 1
18 8 12 19 40016 1
24 16 13 15 41306 1
17 12 16 1 32702 1
0 26 14 6 71143 1
28 21 3 21 68091 1
22 21 26 27 23707 1
3 10 5 29 70107 1
27 4 9 1 53922 1
1 8 18 1 56886 1
13 25 5 16 42360 1
2 27 26 12 83882 1
9 24 22 15 47188 1
11 2 5 13 50632 1
6 9 20 21 61169 1
11 1 17 19 42094 1
23 24 10 3 60738 1
9 23 3 28 32272 1
29 11 11 16 69720 1
1 24 11 2 70848 1
28 3 9 2 61662 1
17 9 27 29 61742 1
11 6 5 13 43983 1
14 1 12 26 55451 1
19 27 16 1 65510 1
29 17 2 23 82544 1
19 29 8 26 26529 1
18 20 4 1 71909 1
8 3 13 9 36050 1
0 21 24 18 59163 1
24 23 16 4 55786 1
17 8 9 13 39806 1
0 16 23 18 63065 1
2 9 28 27 103652 1
0 18 27 15 66372 1
18 10 26 2 40659 1
4 3 10 27 71704 1
7 4 27 26 78470 1
22 5 0 28 82346 1
8 4 29 25 79934 1
26 29 2 8 90129 1
5 29 27 27 40735 1
21 19 3 17 44645 1
1 4 15 26 72136 1
25 3 13 14 56503 1
22 2 29 20 48680 1
10 1 4 23 68079 1
7 13 25 1 69785 1
7 5 20 18 51819 1
13 3 0 29 73466 1
27 25 16 18 36247 1
15 13 6 8 40125 1
12 26 25 29 29822 1
1 26 22 16 71026 1
8 10 14 19 32142 1
15 2 15 25 40941 1
29 20 23 2 43499 1
6 4 17 28 72079 1
23 1 6 9 57630 1
27 2 10 8 51601 1
25 1 12 9 49619 1
27 26 15 10 52239 1
13 15 17 5 31485 1
25 15 4 7 63307 1
1 3 23 9 64247 1
21 5 29 24 58244 1
20 4 4 17 70379 1
6 10 15 20 41619 1
17 0 8 2 34569 1
17 1 10 14 39978 1
18 24 21 10 49472 1
6 1 12 18 48625 1
24 27 10 22 41481 1
25 0 12 2 49962 1
1 20 9 22 28914 1
26 12 5 7 59609 1
26 5 12 16 55417 1
22 22 0 3 92268 1
3 24 21 4 86872 1
19 0 21 12 43821 1
19 26 22 10 39795 1
28 29 23 0 53421 1
29 9 13 29 75577 1
9 25 7 2 60254 1
25 14 20 28 39448 1
3 20 7 13 37550 1
17 3 21 15 45405 1
3 15 27 26 81781 1
3 12 0 1 73132 1
6 13 12 9 42141 1
15 28 18 1 57330 1
21 28 12 17 47332 1
24 21 10 11 48744 1
4 3 9 10 39537 1
1 12 29 16 113491 1
19 15 0 26 74109 1
28 27 7 23 60716 1
24 22 21 6 32638 1
9 26 1 0 86540 1
2 0 3 17 92862 1
11 24 22 24 35765 1
19 25 13 8 54928 1
10 0 18 22 57840 1
13 29 29 20 47865 1
0 11 24 9 88200 1
20 23 23 10 30239 1
18 29 7 14 54097 1
7 25 8 16 36391 1
21 10 15 16 32790 1
12 29 26 15 49295 1
21 3 18 26 63097 1
26 29 13 25 29048 1
10 22 10 4 38380 1
12 16 4 28 46511 1
22 26 19 18 25034 1
17 12 18 23 41332 1
11 4 23 24 53498 1
14 2 9 11 34574 1
14 4 19 29 56676 1
1 17 21 13 70798 1
11 17 29 11 67712 1
27 22 20 16 29880 1
0 4 19 21 83096 1
1 22 16 23 51655 1
6 22 13 16 39816 1
13 27 18 0 67584 1
5 6 17 27 63815 1
13 22 24 29 33280 1
8 9 0 12 48402 1
2 3 9 27 75363 1
23 1 14 4 30631 1
23 6 28 16 43128 1
22 19 2 29 48570 1
25 22 13 13 50402 1
8 27 3 4 74235 1
28 14 22 21 36927 1
14 9 3 14 59648 1
10 18 7 8 38359 1
4 6 20 19 52850 1
24 21 2 4 77265 1
22 3 10 17 58493 1
17 9 12 24 47764 1
2 28 4 19 47515 1
25 4 12 20 59079 1
13 5 5 26 58595 1
24 2 23 19 31746 1
14 10 13 24 39464 1
2 8 10 18 52197 1
12 17 9 29 28830 1
25 0 16 19 48944 1
1 5 13 2 37039 1
10 12 28 21 58739 1
22 26 25 18 22575 1
3 1 23 6 55915 1
24 1 28 10 34722 1
28 22 22 26 25191 1
29 23 12 8 74727 1
23 1 7 13 63057 1
10 4 1 7 29725 1
0 13 10 6 66268 1
4 20 7 12 40844 1
13 27 26 22 44320 1
11 29 22 27 25599 1
16 27 3 3 81758 1
22 20 1 2 90821 1
26 8 29 19 34812 1
5 26 24 25 50434 1
29 22 26 29 28240 1
23 25 7 3 69675 1
2 11 25 11 85730 1
29 2 6 13 94012 1
11 9 17 25 40335 1
17 9 8 10 35041 1
5 25 23 20 46343 1
13 12 7 18 33516 1
1 18 18 20 42076 1
23 23 29 13 47786 1
29 14 15 20 48522 1
8 1 22 7 41605 1
18 18 12 5 41828 1
25 8 6 29 72533 1
27 18 0 21 65390 1
18 22 3 29 40358 1
22 4 25 11 29775 1
28 26 17 19 35362 1
24 29 0 2 108275 1
9 4 11 16 25617 1
13 3 18 23 58824 1
23 24 7 0 74611 1
2 29 28 20 62436 1
11 29 3 5 58973 1
7 15 16 23 39585 1
21 23 29 3 65656 1
3 1 3 16 88804 1
16 14 29 20 44377 1
29 22 25 12 43262 1
5 1 7 28 77171 1
1 8 25 13 81075 1
0 5 29 5 62815 1
18 8 4 29 68973 1
16 0 24 21 57099 1
26 19 14 25 31313 1
18 7 26 21 41898 1
8 22 16 11 41712 1
25 27 9 14 57561 1
28 11 17 8 48760 1
23 29 10 3 68401 1
6 1 27 19 72330 1
26 23 11 24 44689 1
16 14 21 19 24377 1
18 28 2 23 55865 1
6 6 9 20 39360 1
28 13 2 14 100110 1
21 2 7 14 65753 1
0 9 23 16 82738 1
18 14 18 2 50568 1
23 24 1 8 81899 1
8 27 17 22 35849 1
24 13 21 5 25087 1
19 28 4 12 84627 1
6 21 17 22 36959 1
21 5 0 14 86701 1
22 14 13 20 35873 1
8 27 2 0 89537 1
18 3 6 19 57827 1
6 2 29 20 86769 1
28 5 21 11 32298 1
8 21 17 25 34644 1
12 2 19 19 48957 1
16 5 22 28 55925 1
23 15 18 20 20656 1
20 18 11 4 45142 1
6 20 25 9 64297 1
19 7 15 17 29031 1
16 0 5 8 41630 1
20 22 5 21 45668 1
15 22 5 13 53046 1
21 8 19 22 46340 1
27 2 10 25 74936 1
9 25 11 12 27916 1
12 1 23 27 65433 1
10 10 24 7 37146 1
7 0 17 21 66428 1
16 6 4 8 33581 1
0 26 24 3 93630 1
17 10 26 5 36391 1
11 17 19 19 17527 1
17 27 15 11 37325 1
2 1 3 15 84169 1
12 22 25 23 42499 1
27 28 15 5 65345 1
15 12 27 29 48399 1
21 15 9 13 51463 1
11 7 7 28 48664 1
16 28 9 5 56017 1
18 20 29 8 56334 1
22 4 18 16 51501 1
18 1 26 7 32711 1
18 3 16 21 51600 1
6 26 7 7 58842 1
25 19 28 3 49448 1
23 19 11 1 51306 1
24 0 8 17 67211 1
5 16 26 2 83827 1
2 13 6 21 54592 1
23 6 20 28 42404 1
1 29 1 17 61756 1
0 10 6 4 50932 1
15 21 5 7 46294 1
0 26 4 8 88619 1
10 21 29 28 54546 1
23 22 25 1 39830 1
0 1 29 28 118147 1
26 6 23 25 34865 1
18 5 14 14 27511 1
24 4 21 11 29188 1
29 20 6 24 66535 1
17 27 26 16 47102 1
13 2 23 27 64410 1
17 11 19 21 46457 1
23 7 22 28 37475 1
27 8 17 12 51847 1
16 28 5 29 20892 1
18 26 7 4 65921 1
4 6 9 1 22945 1
12 17 19 11 51107 1
29 6 18 9 36489 1
4 5 13 4 26429 1
25 8 11 23 58484 1
8 28 19 14 62024 1
8 11 19 8 48680 1
16 13 24 11 49050 1
22 16 11 1 53052 1
0 14 4 23 67894 1
0 7 11 3 33782 1
19 26 29 8 64363 1
29 8 21 24 60221 1
16 27 29 2 84338 1
24 9 3 17 70989 1
29 29 14 19 40176 1
24 17 12 10 47965 1
11 20 5 4 45704 1
9 15 23 25 43432 1
18 6 3 8 40813 1
2 12 17 29 80898 1
24 0 15 29 61222 1
4 10 24 10 63107 1
19 0 29 2 44025 1
11 21 28 24 52638 1
11 10 4 15 38837 1
8 24 14 16 40288 1
7 15 22 11 60065 1
11 5 15 24 40139 1
24 20 14 8 50091 1
25 16 25 3 45792 1
18 15 19 3 49998 1
11 2 20 26 62364 1
13 1 16 17 40146 1
12 10 1 19 36348 1
0 2 7 24 95942 1
24 2 10 8 41517 1
1 4 16 6 38278 1
29 18 16 28 50726 1
11 8 21 0 40767 1
6 11 5 26 69594 1
1 12 20 6 70917 1
16 27 18 18 30316 1
26 16 2 12 89074 1
26 23 7 10 66580 1
29 10 28 28 67522 1
13 6 20 13 33491 1
4 9 12 19 49987 1
8 4 28 28 87723 1
6 2 10 22 58939 1
29 6 15 16 45534 1
28 21 27 0 65047 1
17 5 4 14 59810 1
4 2 26 7 67455 1
29 16 19 23 53362 1
25 12 10 7 46616 1
12 4 3 8 38169 1
28 13 6 29 77500 1
20 10 6 15 61706 1
22 17 23 28 22524 1
13 18 8 10 32990 1
28 0 15 3 47001 1
1 3 27 25 98143 1
27 24 24 16 35497 1
27 26 17 8 60071 1
27 14 18 20 38523 1
27 4 8 26 78189 1
9 11 23 28 59434 1
7 29 15 22 24759 1
11 10 4 0 42081 1
22 16 14 28 45227 1
28 25 16 18 38666 1
18 5 7 21 52497 1
6 8 0 14 59756 1
21 0 12 22 65607 1
28 27 16 3 76552 1
13 21 24 21 35093 1
26 5 14 19 43871 1
14 27 23 25 26011 1
20 12 6 28 67180 1
26 12 18 2 48112 1
17 5 9 3 22572 1
13 24 11 11 33848 1
5 21 7 1 64689 1
5 22 29 17 69506 1
24 15 0 15 77008 1
24 4 7 28 74562 1
17 21 5 28 44177 1
23 28 25 16 31770 1
19 10 21 20 37588 1
21 23 19 8 49682 1
16 10 1 22 60680 1
19 6 6 0 42648 1
7 6 8 24 53650 1
24 6 12 11 38258 1
23 21 3 18 43671 1
22 12 19 29 36852 1
7 29 15 15 36183 1
10 4 29 4 52228 1
21 24 9 5 64947 1
12 5 11 16 21199 1
24 15 9 4 48865 1
10 4 7 11 29201 1
13 27 19 22 30210 1
10 28 22 21 40285 1
17 2 3 7 44182 1
6 1 26 12 67273 1
10 7 23 4 29921 1
27 5 29 16 50756 1
28 15 18 19 33313 1
0 28 15 4 74678 1
13 1 27 2 49263 1
18 24 13 4 60540 1
3 22 12 3 65951 1
14 6 5 5 19508 1
17 1 13 29 59578 1
29 15 19 14 45173 1
23 29 0 20 60934 1
27 24 14 28 40999 1
11 24 5 9 51446 1
20 22 24 6 35379 1
13 2 11 27 52957 1
8 4 5 29 62133 1
20 0 17 17 57983 1
6 15 3 27 68068 1
14 10 3 4 43060 1
3 28 21 26 44985 1
13 23 29 16 61599 1
27 8 1 11 88636 1
14 10 16 1 21965 1
29 0 11 10 60564 1
3 19 18 27 45821 1
14 11 2 18 47094 1
22 9 4 13 85520 1
11 0 16 22 47720 1
11 8 28 3 51668 1
1 2 21 10 75045 1
23 6 2 0 64376 1
14 28 24 21 35912 1
5 13 13 4 56338 1
17 15 21 28 49990 1
4 17 22 25 57455 1
3 8 11 5 29619 1
11 12 20 9 35484 1
4 14 0 7 55714 1
13 15 16 8 28659 1
9 15 22 21 42791 1
5 12 28 0 88720 1
20 10 3 24 77463 1
9 3 2 24 71249 1
16 11 9 3 32371 1
25 13 17 8 43284 1
20 13 12 27 50242 1
2 13 12 1 65837 1
2 2 19 21 87894 1
26 10 6 6 48497 1
4 0 0 9 68679 1
8 5 15 29 53892 1
10 8 24 5 34008 1
23 2 8 13 57995 1
11 24 2 1 67741 1
10 18 9 27 24785 1
13 25 20 2 60014 1
15 6 16 19 25834 1
18 6 21 14 32121 1
4 11 29 13 105316 1
18 15 15 0 39592 1
7 19 1 23 34448 1
15 19 24 15 24119 1
23 10 9 15 48354 1
14 13 14 26 34431 1
28 7 28 28 62533 1
19 24 29 19 33134 1
10 25 1 15 55090 1
22 3 8 16 66581 1
19 22 1 23 64542 1
9 23 12 7 38757 1
16 28 29 8 75836 1
17 23 7 5 53326 1
14 1 0 7 46192 1
29 23 3 3 103525 1
28 29 6 16 68777 1
3 19 28 19 40254 1
28 5 13 22 58875 1
27 2 15 21 58893 1
7 13 26 29 70992 1
26 26 3 13 91957 1
21 8 19 0 32929 1
13 25 23 11 40926 1
18 4 10 27 61030 1
2 22 7 3 72682 1
7 18 14 11 37545 1
13 3 6 10 40674 1
28 9 18 13 59614 1
25 17 6 27 65650 1
15 21 22 7 37734 1
17 28 7 1 73248 1
21 17 25 7 31115 1
23 13 7 27 57268 1
24 7 15 2 26252 1
12 13 28 16 65028 1
28 28 27 17 46807 1
12 8 2 19 42276 1
23 28 0 8 91449 1
26 10 24 25 36277 1
28 19 25 5 34108 1
6 20 20 4 59571 1
22 3 2 27 89754 1
24 3 23 17 27862 1
5 23 13 13 54363 1
23 19 19 12 30429 1
18 25 22 2 54288 1
29 29 16 29 20550 1
8 12 29 6 58480 1
0 4 14 4 44092 1
23 4 12 13 44441 1
14 15 2 7 48992 1
19 29 24 11 39349 1
18 3 7 6 34329 1
5 12 10 19 41275 1
16 18 9 27 31777 1
0 3 0 26 107162 1
17 5 16 23 40360 1
20 12 14 0 40663 1
15 25 28 18 39325 1
13 0 15 19 41146 1
1 7 25 8 63833 1
26 16 12 13 52238 1
0 18 10 7 49767 1
17 17 28 23 41999 1
5 0 29 0 84831 1
24 13 11 5 42377 1
8 4 12 15 33133 1
10 24 7 17 28330 1
27 8 3 15 89652 1
22 8 4 24 78651 1
11 17 21 14 38467 1
11 11 2 24 52272 1
4 10 21 3 61338 1
3 14 23 16 69846 1
14 0 10 20 48016 1
25 6 14 1 30194 1
16 16 17 4 34892 1
28 11 9 22 70398 1
16 10 5 25 50640 1
26 6 12 2 39773 1
29 26 20 24 30067 1
21 13 24 25 35075 1
1 20 14 0 66800 1
19 22 24 0 50238 1
26 7 2 28 79104 1
8 16 17 15 40426 1
6 4 26 12 62769 1
19 21 22 7 35834 1
11 26 21 16 42745 1
15 15 10 7 28192 1
10 2 14 14 38726 1
0 10 26 12 88620 1
16 27 24 29 20626 1
4 9 28 4 75289 1
1 17 9 23 38831 1
29 3 21 20 61189 1
7 3 4 24 75490 1
19 15 23 25 29859 1
8 25 29 0 89840 1
4 26 26 22 65458 1
15 25 21 21 29610 1
28 19 14 29 36868 1
13 0 1 3 51847 1
22 1 4 21 77467 1
7 16 24 27 55141 1
5 22 12 19 26255 1
11 11 26 19 39594 1
20 9 2 21 69476 1
14 0 10 25 56384 1
24 7 11 18 42453 1
27 29 17 26 28148 1
22 26 14 24 28038 1
15 8 28 15 55421 1
6 25 12 6 47307 1
26 19 26 9 28435 1
13 6 19 2 29001 1
16 8 0 7 46363 1
2 8 7 18 60938 1
13 21 28 13 63614 1
3 19 8 28 39820 1
16 25 10 11 40318 1
24 11 3 7 57856 1
28 8 13 4 48630 1
27 20 8 24 54996 1
1 4 3 27 95612 1
1 0 10 28 89306 1
16 17 19 8 41974 1
21 3 0 26 96618 1
8 1 17 11 42559 1
26 3 13 3 45234 1
0 9 13 23 77680 1
26 21 4 24 65216 1
19 6 10 11 28638 1
17 0 0 10 69091 1
11 4 2 7 26043 1
4 9 0 22 84410 1
16 26 7 25 24958 1
7 20 20 9 54038 1
5 24 20 13 63483 1
3 17 24 4 78244 1
6 2 21 8 55678 1
23 12 20 25 28002 1
27 16 9 8 68130 1
28 8 21 25 52923 1
20 13 7 12 61770 1
15 18 22 6 35839 1
25 10 12 7 39207 1
0 18 21 14 60250 1
20 1 27 29 59832 1
24 20 2 7 73221 1
19 7 4 15 64618 1
1 8 26 19 78863 1
12 20 15 11 25082 1
26 15 10 25 49707 1
7 18 0 26 51705 1
21 8 29 21 54714 1
23 25 14 21 31393 1
14 27 7 11 59473 1
26 4 23 28 45387 1
2 12 18 15 77775 1
14 23 2 24 42910 1
4 17 12 7 50028 1
21 20 29 1 56143 1
26 0 1 18 84303 1
13 12 3 27 65254 1
7 25 24 21 48206 1
10 9 17 12 34119 1
14 15 9 29 38106 1
2 18 9 29 40440 1
26 10 20 25 42000 1
2 8 28 25 91272 1
3 20 18 1 66934 1
9 9 7 19 30903 1
14 14 16 0 33034 1
0 22 13 28 58194 1
1 29 8 18 41615 1
12 2 9 14 35356 1
16 8 24 13 42972 1
29 8 5 12 84851 1
5 5 25 25 70898 1
12 10 8 16 30385 1
20 26 9 26 31997 1
9 17 7 29 31179 1
7 6 29 17 75563 1
22 6 26 22 35663 1
11 15 15 29 30381 1
11 25 8 3 49726 1
10 28 13 4 55450 1
0 2 1 25 106279 1
2 22 23 20 53188 1
27 27 21 14 43079 1
2 13 18 20 68061 1
28 14 9 19 51938 1
28 11 4 0 87990 1
20 8 13 18 43166 1
14 26 5 13 62305 1
0 6 26 29 84499 1
3 0 7 15 70818 1
5 3 5 26 79154 1
27 9 7 9 62988 1
5 13 24 3 76849 1
8 6 28 7 41538 1
5 4 9 26 60785 1
15 1 21 15 45900 1
24 26 6 11 73457 1
13 28 18 18 38190 1
10 3 0 2 44616 1
6 4 20 4 39907 1
22 15 13 14 41817 1
10 18 14 2 43622 1
25 2 20 25 54109 1
28 5 19 25 53636 1
16 24 27 9 63073 1
12 2 5 22 59341 1
28 11 18 6 40017 1
0 22 10 14 52509 1
4 16 7 8 48975 1
26 7 2 10 68757 1
11 21 9 2 39761 1
19 16 5 4 69174 1
1 11 21 19 75576 1
8 4 20 16 59363 1
0 20 13 13 50619 1
19 5 10 2 28416 1
0 5 17 8 43564 1
5 25 11 6 47911 1
27 27 15 18 40945 1
22 22 11 17 32063 1
25 5 19 27 53081 1
29 13 7 10 87332 1
6 2 16 26 72937 1
29 15 16 8 64404 1
24 26 15 24 26680 1
10 29 13 2 57984 1
6 21 22 1 70888 1
19 21 2 20 46944 1
15 28 27 9 63951 1
8 9 8 20 42036 1
25 26 22 3 47177 1
2 27 7 13 72058 1
9 5 28 11 57914 1
28 17 24 11 39060 1
20 6 12 25 51569 1
21 25 26 15 31134 1
20 21 15 12 27738 1
10 11 24 19 42093 1
12 19 15 3 33126 1
24 12 15 20 30837 1
26 23 13 7 57308 1
25 21 11 1 64682 1
18 4 22 19 40383 1
5 4 6 26 70462 1
1 22 23 19 54861 1
17 17 29 5 54114 1
9 5 23 0 37432 1
21 3 21 24 55773 1
22 22 18 5 41377 1
24 5 24 21 32242 1
20 27 23 3 46994 1
9 4 17 26 57049 1
15 11 22 22 36979 1
6 28 13 13 55792 1
29 6 20 28 53673 1
15 25 25 25 25793 1
6 24 29 15 79013 1
26 23 16 23 38872 1
10 2 16 11 33942 1
3 23 6 7 71207 1
0 0 8 17 83228 1
12 18 29 10 60230 1
24 23 29 18 27077 1
18 20 14 28 33632 1
7 3 25 6 43895 1
12 5 23 0 32394 1
9 25 26 26 42513 1
19 22 20 7 42989 1
25 29 5 25 42523 1
26 23 27 10 40565 1
17 29 3 9 77949 1
29 19 14 25 35297 1
16 12 24 19 33555 1
13 2 11 21 43322 1
6 17 22 13 56560 1
10 19 21 2 57396 1
12 29 8 8 52775 1
22 15 2 26 67343 1
28 21 20 1 59029 1
12 22 26 18 35627 1
17 4 19 22 51511 1
5 25 15 3 59562 1
27 21 7 26 60110 1
23 1 11 17 50033 1
23 7 10 2 36519 1
6 0 25 23 85050 1
13 16 13 29 38368 1
0 26 6 8 83846 1
12 19 28 7 49292 1
7 29 8 4 59286 1
9 19 3 1 59923 1
26 13 1 28 77732 1
16 20 0 23 60080 1
16 15 4 0 63582 1
27 13 25 25 43215 1
17 2 24 18 49974 1
16 2 9 29 61326 1
7 5 19 15 50933 1
11 20 3 5 44181 1
29 2 0 16 113933 1
25 11 26 26 42762 1
24 5 14 10 30368 1
21 7 24 29 40059 1
27 15 15 0 56846 1
28 12 3 21 82584 1
19 9 5 23 73962 1
11 11 6 20 29446 1
2 10 9 18 46174 1
0 22 13 8 72365 1
5 22 24 0 77920 1
26 15 19 22 33417 1
10 3 29 1 59158 1
13 22 2 0 76723 1
4 3 27 10 73415 1
12 7 7 13 33964 1
7 22 28 5 71335 1
13 28 0 25 41289 1
26 11 7 2 62980 1
5 0 16 25 74920 1
23 5 27 20 33984 1
7 28 14 4 63636 1
29 26 7 17 63062 1
16 24 9 13 41191 1
8 23 14 27 29154 1
15 1 8 10 31901 1
10 5 13 17 34089 1
3 3 20 14 74108 1
22 3 12 6 31465 1
2 6 9 1 26536 1
29 1 13 24 80453 1
28 1 22 7 27765 1
27 11 8 1 63379 1
28 16 11 5 66879 1
27 12 20 16 39610 1
24 5 28 13 40631 1
11 2 2 1 29531 1
4 20 27 27 64199 1
25 14 3 17 65189 1
29 6 11 9 38750 1
12 26 14 9 45234 1
25 1 15 18 50276 1
4 1 5 14 69133 1
15 17 3 2 68410 1
18 8 5 19 52031 1
15 14 13 1 28915 1
12 14 24 24 47193 1
29 15 1 8 95434 1
26 14 16 22 41424 1
28 12 16 22 57236 1
1 20 17 24 48572 1
27 12 14 19 44997 1
2 2 20 0 64576 1
25 12 6 9 69259 1
11 23 1 1 69080 1
0 14 18 28 85862 1
16 26 0 16 64080 1
24 7 25 17 28692 1
26 19 4 11 73077 1
8 17 17 14 38967 1
23 20 12 14 35460 1
5 17 21 20 44557 1
9 8 6 1 27521 1
27 14 13 19 40599 1
3 5 21 20 65263 1
26 2 2 12 87901 1
10 25 13 3 53293 1
11 13 29 19 40122 1
14 6 2 10 43193 1
5 7 1 22 71334 1
25 7 26 18 30610 1
26 12 24 0 34447 1
0 13 5 29 86216 1
11 7 1 11 46890 1
5 20 11 7 37084 1
26 17 15 6 46475 1
4 7 5 17 58507 1
20 16 9 13 44702 1
28 13 16 0 67318 1
25 10 3 12 84290 1
7 5 21 5 29838 1
29 6 24 22 39944 1
17 28 26 5 58048 1
25 17 16 6 42309 1
24 16 11 18 33221 1
4 19 12 9 37174 1
7 4 17 19 47069 1
22 12 2 29 62829 1
28 13 0 10 105819 1
3 25 0 12 87406 1
3 11 27 6 71386 1
2 18 14 26 41100 1
