3566 3931 4076 4201 3803 4358 3524 4395 4243 3941 4038 3606 3807 3534 4298 4399 3477 4198 3779 3508 3725 3852 4126 4134 3900 3497 3678 3843 3922
4282 4136 4321 4137 4470 4332 4023 4406 4778 4846 4677 4769 4328 4482 4364 4300 4559 4155 4915 4285 4300 4243 4885 4714 4390 4635 4531 4608 4486
3751 4642 3715 3961 4152 3999 3989 4473 3993 3906 4134 4295 3820 4332 4036 3781 4454 4248 4148 4487 3827 4374 4145 4304 3810 4426 4012 3758 4190
6666 7377 7329 7110 6473 6826 7224 6698 7167 6476 7067 6722 7259 6410 6960 6469 7268 7335 7042 6653 7062 6919 6891 6564 7403 6488 6912 6456 7062
2547 2487 2144 2373 1872 2108 1994 1646 1860 1822 1975 1988 1742 2111 2437 1980 2507 2376 2206 1922 1765 2373 2419 1701 1722 2514 1594 1722 1964
3379 3607 3486 3267 3262 3582 3287 2906 3592 3417 2698 2855 2805 3515 3424 2913 2958 3169 2935 3330 2917 2909 3349 2796 3228 3083 2937 3388 3028
5037 5755 5053 5044 5254 5314 5142 5300 5285 5752 5448 5170 5167 5201 5343 5718 5284 5182 5529 5300 5927 5780 5996 5366 5897 5465 5127 4975 5399
3884 3955 3542 3398 3550 3522 3467 3568 3350 3260 3830 3644 3857 3789 3706 3725 3261 3785 3582 3727 3737 3811 3405 3232 3562 4060 3704 3445 3343
5047 4592 5074 4737 5313 5074 4347 4959 4648 5082 4529 4958 5056 4594 4403 4734 5019 4848 5213 4891 4915 5250 4888 5182 5269 4984 4732 5063 4984
6322 6048 6389 5919 5572 6266 6365 5625 5908 6208 5645 5569 5494 5557 5714 5664 5700 5662 5991 5453 5881 6169 5795 6104 5676 5423 5856 6094 5441
4489 3779 4514 3792 4202 4356 3786 4329 4409 3693 4599 4541 4255 4167 4336 4228 4462 4580 3688 3596 3946 4414 4146 4411 3723 4022 3771 4479 3896
2902 3096 3232 3396 2937 3418 2861 3478 2994 3736 3546 3261 3352 3290 3444 2944 3344 3552 3480 3532 3399 2903 3282 3362 3810 2968 3596 3822 3859
7555 8191 7479 8243 7779 8201 8399 7992 8244 7775 7595 8401 7683 7622 7832 8107 8061 7572 7682 7844 8351 7979 7631 8003 8427 8440 7875 7534 8287
3494 3519 3773 2939 3349 3675 3045 3740 2928 2803 3116 3134 3408 2892 3484 2972 3717 3574 3769 3379 3694 3723 3609 3345 2914 3428 3439 3527 3030
8058 7824 8654 8167 8809 8269 8548 8800 8216 8304 8377 8597 8266 8671 8101 7824 8164 8417 8726 8539 8469 8774 7965 7984 7996 8744 8758 8652 8479
6673 7075 6937 6906 6522 6487 7110 7081 6689 6993 6765 7307 6633 7155 6429 6742 7370 7213 7391 6882 7232 7136 7329 6539 6950 7437 6646 7065 6967
2591 2083 2476 2446 2338 2530 1980 2166 1950 1971 1796 2255 2087 2668 2055 2361 2148 2617 2218 2521 1673 1741 2442 2651 2328 1821 2387 2378 1790
4099 4337 4463 4320 3629 4327 4328 3653 4419 3785 4407 4183 4256 3646 4544 3545 4195 4381 4330 4113 3883 4514 4206 3587 4137 4433 3983 3633 3876
5132 4935 4485 5387 4472 5077 5330 5343 5150 4540 4978 5406 5076 4935 4907 4566 5479 5056 4948 4886 4884 4894 5409 5387 5436 4830 4462 4827 4669
5708 4882 5081 5744 5492 4848 5079 4862 5565 5575 5384 5195 4769 5481 4736 5134 4850 5075 5670 5171 5418 5056 4971 5660 4974 5740 5369 4835 5392
3694 3875 3967 4251 4569 4117 4318 3903 4363 3884 3884 4112 4418 3600 4018 4618 4485 3769 4460 4377 3840 4147 4545 4334 3855 3831 4216 4419 3917
6738 7104 6536 6414 6095 6913 6794 6965 6820 6596 6912 6780 6965 6507 6934 6441 6205 6624 6261 6911 6156 6825 6839 6794 6783 6214 6663 7071 6331
3891 3219 4182 3867 4028 4110 4147 3973 3499 3420 3654 3357 4139 3651 3539 3870 3805 4130 4185 4050 3240 3285 3265 3725 4170 3466 4109 3807 3364
4186 3819 4013 3632 3712 3738 3943 3867 3862 3318 3448 3397 3553 3293 4135 3653 3658 3899 3676 3886 3811 3653 3490 3388 3369 3718 3323 3972 3593
8384 7873 7961 8401 7771 8264 7848 7619 7447 8375 7390 7741 7436 8036 7685 7492 7536 7418 7692 8215 8083 7643 8206 7973 7679 7742 7719 8126 7770
2986 2558 3479 2798 2972 2592 2956 3485 2901 3452 2821 2708 3506 2791 2708 3248 3331 2930 3384 3251 2868 3388 2717 3419 3298 2681 3363 2676 3160
2112 2159 1874 1309 1951 1669 2036 1402 2074 1952 1287 1829 2113 1977 1640 1354 1420 1853 1904 2176 2184 1940 1955 1792 2218 2234 1989 1230 1901
5919 6138 6008 6475 5885 6531 6336 6694 6559 6635 6539 6451 5887 6461 6173 6491 6551 6147 6283 6296 6379 5812 6714 5970 5960 5974 5819 5837 6563
6450 6237 6611 6014 6621 5828 6642 6142 6462 6288 6293 6560 5728 5744 6369 6665 5836 6103 6084 6130 6454 6487 6104 5693 6267 5829 5954 5956 5827
6847 6337 7292 6882 6745 7200 6645 6893 6420 6693 6613 6801 6595 6352 6374 6414 6547 6566 6554 6373 6921 6341 7200 7115 6376 6540 6966 7174 6653
2503 5042 4004 7620 4513 7055 2554 7099 5731 4817 3654 1356 2529 3379 2453 3453 5977 6732 2889 6597 3514 4246 7570 3265 7508 8425 3548 7468 4864 5107
2951 4921 4644 7642 4299 6965 2635 7357 5345 5142 3635 2264 1916 3498 2681 3953 5864 6723 2212 6185 3360 4060 7065 3817 6883 8406 4031 6834 5302 5479
2656 4643 4637 7956 4869 6916 2761 7474 6158 5110 3307 1803 2044 3493 2604 4435 6307 7150 2995 6286 2942 3779 7018 3416 7524 8280 4213 7519 5203 5724
2965 4310 4449 7178 4069 7842 2884 6629 6050 4569 3429 1565 1983 3196 3243 3728 5923 6992 2157 6251 3029 3782 7274 3431 6787 8525 3730 6891 5646 5333
3072 4561 4339 7232 4477 7870 2750 6528 5671 4699 2877 1710 1879 3300 2336 3462 5363 7071 2974 6339 3591 3934 7895 3499 7087 8677 3919 7604 5616 5324
2990 5065 4117 7774 4529 7432 2851 7320 6144 4820 2829 1349 2655 3693 2569 3675 6267 6566 2819 5938 3718 3843 7341 3667 6923 8051 3990 7581 5650 5019
2780 4298 4004 7856 4935 7350 2781 7342 5591 4289 3617 1335 2579 3743 3113 4363 6293 6599 2356 6093 3327 4417 7214 3155 7072 8363 3973 6911 4922 5136
2684 4112 4244 7784 4181 7440 2171 7187 5148 4513 2795 1528 2316 3553 2886 4450 5928 6426 2497 6521 3253 4089 7240 3737 7329 8849 3747 7398 5585 5051
3162 4904 4132 7483 4356 6940 2297 6692 5872 4971 3313 2161 2507 3333 2513 3725 5674 6600 2901 6156 3854 4702 7776 3577 7261 7926 3533 7241 5299 5286
2794 4534 3744 7468 4736 7037 2346 7043 5679 5211 3764 1564 2765 3228 2638 4419 5701 6853 2363 6067 2919 4544 7274 3876 7625 8585 3629 7061 5015 4824
3383 4965 4044 7938 5062 7176 2324 6548 5347 4704 3131 1513 2411 4049 2462 3536 5680 6357 2623 5972 2869 4664 7792 3877 7257 8148 4241 7705 5532 5470
2482 4152 3984 7152 4526 7775 2239 6645 5154 4415 3674 2053 2140 3946 3138 4442 5433 6404 2533 5832 2991 3947 7623 3516 6975 8713 3950 7184 4975 4930
2548 4463 4245 7761 4034 7512 2340 7011 6107 4524 3708 1569 2094 3440 3235 4024 5479 6962 2840 6219 3125 4482 7184 3319 7577 8861 3393 7621 4826 5668
2661 4411 3842 7841 4963 6976 2260 7541 5731 4721 3606 2096 2795 3400 3025 3487 5460 7041 2693 5779 3002 3767 7373 3541 7134 8493 4059 7255 5166 5748
3378 4460 3671 7956 4879 7362 2250 6805 6123 4291 3408 1965 1865 3640 2575 3623 5887 6825 2940 6155 3357 3877 7752 3812 6789 8190 3458 6887 5635 4942
3305 4402 3831 7511 4346 7179 1924 6812 5401 4878 2832 2188 1896 3765 3273 3608 5500 7089 2599 6288 3833 4593 7073 3629 7101 8334 3412 7313 5435 5439
2851 4296 4195 8071 4484 7411 1912 6546 5233 4835 3783 1875 2079 3685 3339 3805 6058 6188 2239 6037 3542 3916 7661 2974 7789 8540 3738 7743 5056 5683
2516 4554 4386 7806 4499 7162 2293 6997 5224 5118 3420 1348 2733 3289 2403 4212 5432 7019 2258 6569 3228 3721 7506 3237 6845 8236 3492 7048 5640 5480
3440 4887 3897 7491 4396 7661 2910 6948 6121 5278 3647 2028 2103 3821 2598 4133 5716 6201 2246 6099 3690 4005 7897 3976 6815 8649 3703 7325 5217 5142
2743 4383 4242 7573 5044 6954 2043 7147 5419 5270 3207 2298 2366 3498 2975 3604 6058 6525 2340 6483 3317 3825 7865 2999 7435 8145 3697 7504 5079 5663
3012 4909 3756 7465 4955 7677 1965 6581 5424 4887 3599 1729 2654 4135 3194 3821 6236 6931 2840 5720 3871 4454 7863 3693 6969 8595 4153 7525 5216 5234
3368 5042 4170 7997 4291 7687 2144 7127 5148 5177 2829 1828 2415 3394 2428 3689 6114 6883 2538 5884 3299 3889 7888 3937 6935 8582 3820 7661 4986 5434
3320 4746 4105 7546 4410 6975 2562 7275 5658 5289 3042 1367 1840 4149 3040 3707 5624 6942 2161 6483 3686 4201 7149 3627 6778 8843 3637 7026 5376 4934
3250 4070 3832 7739 4500 7697 2165 6986 5951 4811 2920 1914 1998 3221 3289 4227 5509 7149 2855 6520 3132 4533 7270 3738 7755 8163 3403 7220 5563 4806
2806 4120 3998 7714 4839 7688 2455 7127 5535 4691 3418 2312 1929 3938 3215 4105 6164 6742 2191 6272 3449 4010 7437 3049 7288 7969 4335 7247 5194 5655
3354 4385 4371 7407 4419 7114 1980 6987 5362 4645 3440 2243 2017 4144 3197 4355 5419 6157 2002 5874 3824 4012 7301 3608 7187 8585 3557 6765 5159 5152
3374 4670 3679 7072 4114 7656 2037 6713 5341 4490 2836 2311 2472 3492 2755 3900 6087 6558 2954 6164 3238 4056 7096 3609 7369 8332 4052 7205 5591 5475
2619 4584 4013 7198 4304 6969 2730 7258 5525 5120 3182 2260 2254 3291 2910 3746 6253 6357 2739 5665 3439 4180 7244 3872 7719 8371 3757 7019 5697 5160
3225 4174 4517 7601 4771 6994 2462 6834 5252 4799 3513 1938 2458 3878 2768 4229 5758 6615 2528 6438 2872 4375 7056 3949 7435 8802 4193 7535 5185 5432
9 28 11 6 84044 1
19 7 7 22 77094 1
13 17 6 13 34577 1
9 5 23 14 54528 1
3 6 10 16 42641 1
17 2 2 18 65172 1
14 10 22 19 42873 1
26 7 14 15 41953 1
11 1 2 19 67337 1
13 4 9 19 60442 1
4 5 13 24 70887 1
1 3 14 13 55240 1
0 3 26 13 76408 1
3 24 26 10 75574 1
1 19 17 19 50986 1
19 10 28 7 38644 1
25 2 28 14 31509 1
2 6 22 20 74860 1
14 2 16 25 58920 1
15 3 19 19 53292 1
22 24 3 22 77439 1
13 29 23 25 50883 1
13 26 3 9 73912 1
4 26 2 12 33802 1
2 10 17 4 47748 1
11 20 22 20 37255 1
17 29 21 17 48180 1
16 27 2 6 71946 1
22 25 7 8 82574 1
17 7 14 19 44885 1
3 11 16 19 41005 1
5 20 25 26 79059 1
21 26 25 19 36817 1
16 13 8 17 38189 1
19 11 29 24 54581 1
20 9 13 29 69828 1
13 27 25 10 67474 1
14 16 27 4 58240 1
12 3 5 6 31673 1
2 13 12 20 46636 1
11 3 23 2 51556 1
17 29 12 9 62516 1
6 25 19 17 68487 1
9 0 13 14 54803 1
10 6 13 15 35453 1
10 0 25 5 55262 1
29 10 6 17 74117 1
13 12 25 7 38169 1
5 15 29 22 87090 1
0 24 14 14 65963 1
16 22 8 4 62574 1
29 23 7 19 72830 1
7 11 10 3 36639 1
7 7 18 9 39667 1
13 3 6 23 73369 1
4 29 16 15 61166 1
23 11 2 6 48446 1
9 23 5 11 45171 1
20 3 10 25 88572 1
13 10 9 22 54465 1
19 18 1 2 75489 1
27 3 5 18 78840 1
8 28 8 15 57071 1
6 19 0 23 33095 1
7 20 12 29 48826 1
4 17 12 21 35267 1
26 19 5 21 63920 1
14 5 4 24 68470 1
28 2 22 7 27804 1
25 13 11 16 47443 1
0 29 14 7 93596 1
16 14 3 13 34967 1
4 29 11 11 48203 1
20 15 0 3 75867 1
10 26 4 11 54554 1
23 19 8 6 64332 1
3 6 8 25 62516 1
28 6 7 6 47347 1
15 28 23 1 88392 1
2 25 25 14 87522 1
8 12 3 23 36698 1
23 15 2 26 84535 1
28 29 15 4 82363 1
9 10 8 21 50236 1
26 25 18 5 58407 1
8 17 16 22 34493 1
4 0 14 15 54015 1
6 0 23 12 65791 1
29 18 21 14 29657 1
28 6 1 20 82091 1
14 12 20 21 39457 1
27 29 14 16 66820 1
25 1 4 0 65531 1
13 10 12 20 36570 1
4 27 21 4 87050 1
8 10 0 3 42636 1
24 18 11 20 40094 1
0 17 17 16 57404 1
28 1 4 12 68928 1
7 5 9 23 64662 1
16 22 28 26 51333 1
1 19 29 28 104182 1
15 13 20 4 35814 1
13 13 12 1 43892 1
11 25 11 7 60709 1
3 28 19 10 72391 1
15 25 10 9 59775 1
7 22 24 17 65741 1
4 20 26 8 64555 1
19 24 22 13 53309 1
1 27 8 11 54190 1
14 24 25 14 59154 1
16 16 1 21 54417 1
1 24 17 16 69016 1
28 17 16 14 44647 1
27 28 17 16 55220 1
11 15 8 6 36929 1
16 11 23 26 58826 1
18 9 4 14 39613 1
16 21 1 18 45914 1
14 6 9 11 24591 1
2 14 5 0 37588 1
16 28 25 12 56213 1
9 7 14 19 61869 1
7 27 20 7 91719 1
23 10 5 20 59812 1
0 18 6 1 55301 1
2 25 14 8 70147 1
27 24 4 28 95066 1
17 29 28 20 64060 1
15 23 18 0 60109 1
20 8 7 20 67169 1
10 25 29 23 76096 1
21 28 3 28 82747 1
16 26 12 10 46659 1
10 21 14 11 42732 1
12 1 23 13 57438 1
28 19 13 26 63771 1
7 2 19 18 66960 1
12 29 0 23 63105 1
1 29 8 8 73561 1
11 13 21 25 68282 1
25 11 0 20 69844 1
20 22 9 8 71862 1
5 2 17 13 51191 1
23 1 11 16 70681 1
10 19 29 25 78531 1
15 5 25 2 40701 1
6 16 22 5 68340 1
26 18 16 9 34895 1
9 21 24 22 66978 1
15 18 8 24 44114 1
11 26 16 17 38284 1
29 16 9 1 91006 1
3 1 21 21 88027 1
9 9 26 21 62193 1
14 19 23 29 64748 1
3 16 5 8 27509 1
0 28 12 0 100981 1
0 23 19 23 67321 1
18 22 8 19 45045 1
27 26 20 12 43665 1
4 20 15 23 46133 1
15 4 23 2 38019 1
1 7 26 29 95282 1
3 4 22 0 66789 1
20 22 12 27 46520 1
2 27 18 0 94443 1
13 1 28 11 57065 1
24 2 18 11 39642 1
16 9 21 19 38142 1
27 15 28 2 34705 1
0 10 10 1 55825 1
18 16 26 5 48166 1
7 14 14 21 43765 1
20 11 19 21 41794 1
15 17 28 29 65534 1
8 2 0 28 89304 1
25 22 14 15 48916 1
3 3 29 5 78922 1
16 2 25 14 45357 1
10 26 5 2 76687 1
6 13 15 14 30004 1
11 11 27 23 54767 1
10 7 16 14 33996 1
6 7 20 24 82243 1
18 21 4 14 55487 1
28 19 3 9 72302 1
6 16 16 21 43223 1
3 18 15 3 63017 1
25 11 11 17 46118 1
1 21 5 11 34365 1
23 8 19 0 41697 1
27 20 9 11 51394 1
18 24 22 15 48459 1
9 20 23 13 58856 1
16 18 6 10 39611 1
20 1 23 11 44948 1
3 26 17 26 52772 1
29 18 6 5 77458 1
3 22 26 10 71941 1
27 10 15 10 27693 1
23 5 23 26 58973 1
9 16 20 4 63872 1
10 20 22 5 66917 1
15 17 26 3 53285 1
25 3 0 17 88062 1
10 28 13 8 74883 1
12 6 26 26 66168 1
13 25 1 15 67202 1
14 1 5 12 52774 1
24 16 9 7 67924 1
24 9 6 22 79672 1
26 3 5 27 92272 1
4 16 20 11 38838 1
13 8 10 16 33398 1
2 20 23 16 66416 1
24 9 18 26 64866 1
4 27 7 3 61506 1
1 29 12 3 97299 1
26 15 4 6 56829 1
9 13 18 15 35175 1
2 6 4 17 27707 1
29 24 11 4 87063 1
15 28 7 14 62521 1
23 27 12 28 52284 1
22 20 5 22 63021 1
7 28 28 23 89690 1
18 2 11 27 83688 1
22 15 12 15 36857 1
18 19 4 8 52324 1
1 22 14 0 88282 1
16 24 3 16 56190 1
8 21 18 24 48319 1
9 3 4 18 54348 1
7 0 15 4 40339 1
3 22 4 5 42086 1
12 16 24 11 41433 1
1 8 23 19 77453 1
11 13 18 2 44631 1
6 12 18 22 56247 1
17 15 5 28 68623 1
26 2 12 26 82404 1
15 27 14 2 70441 1
16 27 7 17 47556 1
19 9 23 17 39279 1
10 14 17 1 48181 1
14 15 17 22 29199 1
8 27 1 20 42186 1
2 9 28 18 69260 1
14 3 26 24 75202 1
28 13 20 3 45684 1
11 9 15 24 53691 1
20 4 19 26 72226 1
19 15 7 5 53622 1
28 19 7 26 86264 1
5 28 28 23 96829 1
16 18 28 18 29363 1
13 1 25 28 89461 1
9 28 9 9 81614 1
21 20 6 18 48136 1
5 16 8 4 43446 1
5 8 1 29 64907 1
28 15 3 27 93188 1
22 29 10 25 60418 1
6 22 1 9 49746 1
20 23 24 3 70804 1
27 17 0 21 84917 1
15 13 0 20 60478 1
21 17 15 21 29552 1
26 3 6 14 63662 1
4 6 22 2 57987 1
22 11 4 21 53171 1
10 27 20 10 71303 1
0 11 8 20 40146 1
2 28 13 8 69557 1
0 27 21 20 89181 1
24 13 11 15 43840 1
17 19 13 7 41596 1
11 11 18 0 39565 1
7 29 27 11 94806 1
11 13 22 25 67023 1
8 6 4 24 47377 1
0 11 22 13 46621 1
0 9 22 13 54600 1
25 7 15 29 74938 1
7 20 0 10 40931 1
6 15 29 22 88009 1
26 13 29 21 27119 1
24 24 2 13 86468 1
18 28 7 11 65684 1
29 27 9 25 88068 1
9 8 20 3 49226 1
23 8 1 4 69254 1
6 18 11 26 39476 1
28 29 27 11 46655 1
4 23 12 20 33079 1
21 24 27 13 46577 1
12 26 1 19 57092 1
27 2 29 14 33585 1
27 3 16 28 78045 1
17 23 19 2 61891 1
4 0 28 29 107145 1
15 24 26 6 64231 1
27 22 20 14 39930 1
12 29 0 28 64019 1
11 6 2 24 63794 1
26 8 21 27 59317 1
5 6 20 6 34941 1
18 25 23 15 55461 1
1 27 24 27 98592 1
19 9 22 1 41064 1
19 7 14 13 33804 1
28 23 17 9 55085 1
14 28 10 16 56915 1
1 0 20 4 68480 1
29 15 4 15 67685 1
6 22 1 4 60970 1
25 17 15 19 33104 1
10 24 8 14 45781 1
22 29 16 10 69265 1
3 23 12 14 45071 1
4 10 29 6 57928 1
4 22 24 11 58825 1
6 5 11 17 51007 1
19 29 8 24 62788 1
4 21 12 23 33696 1
27 26 8 25 76246 1
20 1 26 24 66766 1
23 17 14 18 26060 1
12 15 18 7 42017 1
22 16 15 13 30779 1
6 13 12 8 33440 1
29 2 5 7 70511 1
24 17 17 6 52500 1
6 24 29 1 109472 1
13 18 7 12 34280 1
18 13 25 4 40522 1
21 8 4 19 63482 1
15 27 10 1 84968 1
19 22 8 29 66412 1
12 26 15 1 74046 1
17 17 19 28 44693 1
23 9 12 18 46502 1
26 6 11 2 46425 1
23 2 3 16 77999 1
23 1 23 24 66416 1
26 4 17 8 32118 1
6 24 9 0 75874 1
15 26 0 0 91932 1
3 22 10 27 42192 1
10 29 12 13 63643 1
20 19 5 27 69159 1
3 23 7 29 30127 1
25 13 17 26 57058 1
19 1 25 25 79682 1
3 7 14 4 42709 1
27 20 13 16 46511 1
12 20 7 14 33786 1
4 6 14 3 39903 1
7 17 19 6 55597 1
9 11 7 3 31634 1
27 25 8 5 86546 1
26 5 27 27 48203 1
8 11 18 11 18332 1
28 9 0 10 63848 1
10 5 19 0 40964 1
8 2 16 0 32292 1
26 15 17 13 30041 1
4 1 16 4 44385 1
29 17 7 26 89274 1
20 22 19 7 64155 1
29 15 10 14 59633 1
17 8 17 20 35422 1
26 16 1 3 79402 1
13 9 2 5 39642 1
25 17 7 28 82564 1
6 28 21 0 106265 1
11 25 23 7 78743 1
21 5 1 13 61189 1
25 19 4 18 57190 1
29 14 11 27 77633 1
19 21 13 29 43550 1
6 29 17 24 60988 1
23 12 18 7 32658 1
12 16 10 8 35938 1
24 2 17 22 73898 1
1 19 19 15 63693 1
15 0 20 6 26927 1
21 0 13 27 86843 1
3 5 18 11 43261 1
6 10 14 1 52645 1
19 15 2 12 47132 1
21 24 7 16 65303 1
21 13 11 12 28624 1
1 21 17 25 69779 1
4 26 9 10 45491 1
2 1 11 10 43940 1
1 12 29 5 71084 1
25 17 2 3 82198 1
3 9 28 20 71282 1
22 14 0 12 53744 1
6 6 15 25 72894 1
5 19 22 2 81398 1
28 14 0 11 58545 1
18 27 5 29 62430 1
26 3 17 15 45492 1
21 23 18 6 57733 1
15 6 9 28 81151 1
8 3 25 12 62374 1
0 13 4 22 32081 1
7 13 19 15 42477 1
14 10 25 27 62487 1
17 17 2 18 43910 1
6 11 29 25 84045 1
16 7 28 7 35818 1
0 22 21 14 80378 1
29 15 0 10 70433 1
7 10 22 21 62594 1
20 22 29 24 44742 1
16 2 17 16 36068 1
20 14 0 12 49816 1
3 29 14 4 84777 1
8 16 1 5 47791 1
12 25 27 24 70101 1
23 29 29 7 71947 1
29 20 5 27 92915 1
0 19 5 14 25668 1
14 11 17 23 33913 1
21 29 25 8 70365 1
11 25 4 0 80270 1
9 14 14 1 55385 1
6 9 19 25 75623 1
16 11 0 18 46425 1
10 19 6 4 57022 1
18 28 6 18 59201 1
9 11 17 3 36483 1
3 11 27 21 64044 1
2 6 6 16 35723 1
6 21 3 4 46157 1
11 27 3 0 88184 1
18 10 4 20 48501 1
3 8 6 24 50065 1
5 6 22 23 80680 1
16 13 4 20 44642 1
6 24 26 1 96044 1
29 9 5 10 58472 1
25 3 10 17 73210 1
13 26 20 3 76473 1
19 1 10 23 83953 1
11 9 20 23 57125 1
5 25 28 20 85055 1
11 5 13 29 78805 1
1 0 29 18 91780 1
22 8 11 13 38076 1
19 28 18 15 53216 1
2 6 23 8 57817 1
29 3 20 27 88152 1
17 15 15 23 25155 1
16 7 18 20 35583 1
8 11 20 7 38448 1
24 28 19 17 51977 1
10 27 22 22 57165 1
3 4 15 16 55303 1
9 19 26 15 52879 1
27 24 3 3 94307 1
22 23 18 1 78188 1
10 27 17 1 85902 1
4 5 4 24 38932 1
8 13 5 4 33164 1
18 0 4 22 74132 1
14 26 13 3 66716 1
0 13 2 0 42716 1
13 0 14 29 84193 1
12 12 5 18 34676 1
18 13 11 27 58086 1
5 2 22 1 60974 1
1 28 2 0 79679 1
20 2 3 11 58521 1
25 9 0 26 91288 1
13 20 25 5 63387 1
29 9 8 5 65404 1
27 21 14 25 64292 1
14 15 9 10 28749 1
3 16 28 28 97524 1
28 7 0 20 92247 1
28 6 16 6 27196 1
12 4 2 19 62139 1
9 6 18 11 28769 1
15 5 2 24 76282 1
23 22 13 6 64136 1
19 15 0 6 61248 1
3 0 17 0 41055 1
25 9 17 1 45960 1
9 24 23 28 70776 1
3 23 20 14 66750 1
14 2 18 22 62289 1
12 16 2 28 61649 1
27 25 15 15 56905 1
27 23 9 23 64017 1
6 18 3 25 28426 1
19 11 28 5 33037 1
23 9 5 26 75952 1
16 1 27 21 63184 1
29 12 29 29 55131 1
9 5 16 22 56156 1
3 12 12 14 27491 1
28 11 5 14 52009 1
20 6 27 13 29456 1
24 22 16 6 62092 1
6 2 2 10 31011 1
14 11 1 13 29137 1
20 20 0 24 78236 1
20 24 13 18 36347 1
15 24 12 14 41636 1
10 10 11 29 67312 1
23 3 13 1 45996 1
24 27 10 0 103782 1
26 20 2 5 75180 1
24 29 2 20 98237 1
20 25 23 16 43562 1
17 29 15 7 60519 1
26 7 5 9 51093 1
15 21 12 10 40269 1
25 1 6 21 90882 1
4 21 17 16 48846 1
13 15 3 17 42290 1
0 20 21 7 80925 1
0 19 1 2 60697 1
15 10 26 19 37660 1
18 23 9 3 75410 1
18 3 18 19 54640 1
12 9 11 23 51480 1
9 27 23 7 92552 1
8 9 21 0 60960 1
6 10 0 1 41200 1
9 24 10 14 46199 1
6 23 9 0 70508 1
15 6 29 16 56577 1
17 23 15 2 53244 1
29 8 22 21 54301 1
12 6 26 11 37579 1
6 20 10 27 39814 1
12 8 11 17 35065 1
21 15 3 27 83021 1
26 7 1 10 56997 1
8 27 25 9 90965 1
14 19 19 25 41641 1
2 9 25 23 77334 1
26 9 17 13 28745 1
16 13 28 4 44073 1
0 7 20 12 56172 1
16 27 2 3 83180 1
22 23 8 10 67240 1
14 27 21 21 46532 1
11 23 26 12 62439 1
29 24 17 6 70158 1
2 21 14 2 76587 1
11 29 1 15 73910 1
8 19 21 14 50395 1
8 25 21 11 75662 1
26 16 5 0 74786 1
22 15 0 3 79316 1
10 18 24 5 68540 1
23 24 25 11 38371 1
17 27 28 0 86067 1
29 12 7 29 101508 1
28 29 19 13 62503 1
23 0 18 26 86393 1
2 9 21 13 52528 1
12 24 24 6 76547 1
1 16 16 18 48216 1
21 21 26 5 47179 1
24 16 26 29 35950 1
22 12 12 24 60785 1
24 16 14 8 53254 1
24 17 27 27 37208 1
8 24 0 8 64276 1
1 4 6 10 30110 1
8 26 29 22 89943 1
28 2 3 22 93900 1
29 9 16 22 60797 1
7 20 3 28 32092 1
19 15 11 10 33503 1
16 12 24 6 30112 1
22 6 1 28 95391 1
29 18 27 5 37726 1
12 2 25 6 44864 1
22 20 20 8 50414 1
8 1 24 22 102600 1
10 28 11 3 88780 1
4 2 10 25 73265 1
2 3 25 7 68817 1
25 5 15 7 31833 1
8 14 9 26 53759 1
0 19 28 28 100750 1
11 5 26 20 59502 1
22 0 6 0 47107 1
19 20 12 4 58745 1
22 2 13 6 35888 1
26 28 10 11 62134 1
12 28 22 27 49433 1
23 9 8 6 45481 1
15 9 29 13 42190 1
7 7 29 26 90178 1
26 19 17 2 56880 1
14 17 6 19 34257 1
21 14 14 23 41726 1
6 7 28 1 68719 1
11 3 21 8 43567 1
5 18 17 18 31403 1
5 16 26 15 61334 1
29 0 0 18 94410 1
25 11 22 21 35113 1
28 8 4 16 66410 1
8 19 20 24 54217 1
4 9 16 29 64969 1
28 1 22 20 56597 1
6 21 16 20 37357 1
4 27 0 15 40543 1
14 7 1 16 57943 1
26 0 5 29 102165 1
22 23 6 13 73736 1
28 0 22 7 30376 1
16 0 16 28 62678 1
3 14 26 12 50886 1
1 5 16 19 61349 1
17 1 6 13 53913 1
0 4 11 22 75280 1
19 13 12 19 40864 1
6 2 10 26 80804 1
20 8 2 20 65951 1
24 23 11 15 62221 1
15 5 1 19 66725 1
14 23 28 27 62286 1
1 26 10 25 38787 1
5 0 24 26 102354 1
19 25 7 17 59190 1
6 25 24 21 83402 1
11 1 3 14 51980 1
12 14 29 26 73364 1
2 28 9 10 59656 1
1 16 28 6 76524 1
19 14 28 23 45245 1
18 6 25 28 63942 1
12 16 6 21 38176 1
8 6 19 28 82107 1
27 18 10 4 65840 1
25 16 3 28 85651 1
19 28 16 5 66657 1
17 5 12 0 29601 1
2 24 28 24 100977 1
11 10 26 12 34188 1
24 25 0 12 91072 1
26 23 11 20 54446 1
9 14 17 17 33098 1
26 2 11 13 50893 1
0 6 22 18 71814 1
3 18 2 5 36239 1
20 29 11 22 55081 1
2 7 17 29 85786 1
10 16 7 3 54725 1
7 5 11 24 70908 1
14 15 13 2 45773 1
26 6 13 15 46288 1
4 6 25 11 47027 1
11 18 24 9 53846 1
9 15 18 11 33724 1
20 27 24 19 47432 1
28 8 15 26 72119 1
0 1 18 8 71308 1
0 23 22 7 86438 1
5 0 11 18 59574 1
1 3 14 4 55305 1
26 1 12 22 82378 1
21 6 18 17 46730 1
12 7 26 4 42539 1
16 7 29 19 53786 1
0 12 13 24 66934 1
15 5 24 23 66218 1
17 27 17 17 31736 1
18 2 24 18 62775 1
29 12 9 9 52756 1
3 10 5 1 26296 1
25 22 12 7 70639 1
16 0 18 18 45015 1
9 29 15 18 58953 1
24 1 28 29 70562 1
10 2 3 29 83733 1
19 21 16 5 46638 1
24 20 15 6 54268 1
12 9 28 22 68807 1
11 29 24 2 106000 1
1 9 24 18 71507 1
21 17 25 25 38694 1
7 22 17 25 46987 1
25 23 12 5 71733 1
10 14 12 2 45947 1
2 2 23 15 74762 1
22 15 10 24 62966 1
28 17 20 8 46772 1
25 1 2 6 69026 1
25 7 16 3 30719 1
24 4 29 25 68265 1
18 11 6 28 70599 1
25 24 12 12 58327 1
26 9 3 22 73893 1
28 26 1 23 101369 1
9 24 27 4 93887 1
10 14 18 11 25372 1
9 8 23 26 88590 1
6 28 0 0 80248 1
7 1 0 23 73960 1
10 13 18 4 43328 1
22 24 11 12 59862 1
21 28 10 26 50994 1
13 25 2 10 69898 1
10 5 29 12 55511 1
19 14 4 3 52031 1
5 19 9 0 58566 1
1 13 29 19 79193 1
21 10 14 3 47155 1
8 5 22 5 40431 1
21 29 29 20 52973 1
20 2 16 15 44990 1
7 16 20 3 67316 1
28 4 10 17 74906 1
21 12 26 28 40178 1
25 9 9 2 61575 1
14 12 23 9 25255 1
24 7 20 19 52047 1
21 22 17 12 49054 1
23 20 28 15 26758 1
4 8 12 27 75232 1
11 10 3 29 57082 1
12 25 2 5 85096 1
23 22 18 12 48595 1
17 9 28 26 61657 1
2 27 22 16 83111 1
7 23 18 20 45510 1
4 16 14 21 43398 1
29 7 7 7 59921 1
24 2 21 23 64227 1
13 14 22 25 57360 1
6 8 19 15 52754 1
3 9 14 4 44155 1
9 26 14 10 67764 1
1 29 21 1 119090 1
4 1 0 9 33980 1
10 2 23 2 52368 1
26 19 6 29 89957 1
7 21 18 23 45007 1
28 29 3 9 92683 1
12 16 2 16 44002 1
19 28 8 27 55085 1
0 12 7 8 25294 1
25 13 15 9 31558 1
28 21 10 17 58978 1
29 17 4 2 84740 1
20 1 29 20 68444 1
8 23 2 9 51292 1
19 21 12 14 39343 1
13 15 10 1 53935 1
24 4 21 23 61438 1
20 19 21 4 61575 1
23 7 10 14 49117 1
26 22 21 5 47360 1
18 10 8 25 74585 1
26 11 0 5 64462 1
2 25 25 6 91491 1
15 14 23 5 39713 1
3 17 29 13 74333 1
10 24 2 15 51633 1
25 26 13 1 84640 1
16 14 7 11 23647 1
2 8 1 23 51891 1
24 16 17 8 46749 1
10 13 2 3 44619 1
2 22 7 3 61118 1
25 29 11 24 68227 1
0 15 17 29 84098 1
29 0 9 19 88758 1
21 29 18 17 59364 1
1 18 25 12 62943 1
16 17 24 28 56262 1
9 16 19 10 46800 1
16 17 21 25 43182 1
16 0 19 20 55717 1
12 3 27 6 48624 1
25 13 28 3 34155 1
17 6 16 23 38561 1
3 28 27 1 103081 1
4 3 22 27 96979 1
8 21 23 14 64332 1
0 5 10 17 59411 1
17 15 7 10 33337 1
18 25 9 15 59029 1
22 21 1 7 84758 1
24 4 6 11 55614 1
18 1 1 6 57536 1
9 19 20 23 46591 1
27 11 13 24 62366 1
5 23 28 23 82025 1
9 9 19 3 53460 1
7 1 20 22 90079 1
12 26 19 0 81042 1
13 28 23 11 63954 1
3 20 19 10 53964 1
24 16 12 10 49086 1
29 19 6 7 83840 1
1 6 10 0 39293 1
25 5 15 28 76051 1
2 6 0 29 73628 1
27 16 27 29 36358 1
3 23 4 9 33054 1
5 22 25 14 74389 1
27 24 17 2 74296 1
27 7 29 25 60559 1
28 9 11 19 65067 1
15 12 11 19 32300 1
23 7 2 2 65888 1
26 3 20 18 40453 1
11 2 4 15 48078 1
14 21 23 16 39061 1
20 6 27 22 49508 1
15 1 7 14 54065 1
19 20 27 25 42999 1
25 18 0 25 86454 1
7 19 0 1 64341 1
16 23 3 17 52101 1
18 11 17 2 27071 1
26 7 6 7 52539 1
6 9 27 12 51259 1
29 8 20 27 77141 1
3 13 9 1 50147 1
28 29 4 1 104598 1
11 27 27 10 78519 1
0 3 22 17 86991 1
0 8 14 26 80697 1
9 22 13 15 40176 1
12 12 3 18 33859 1
12 12 17 25 43879 1
16 24 12 15 35114 1
29 13 29 0 43646 1
5 26 0 18 30794 1
22 4 7 25 95240 1
25 0 2 10 70654 1
20 9 10 16 46030 1
9 27 22 0 107841 1
23 3 7 6 47062 1
0 5 9 26 75414 1
10 22 1 0 78095 1
26 18 14 9 44064 1
11 22 24 19 53737 1
23 22 6 1 98777 1
10 27 8 14 55645 1
0 4 23 13 68746 1
29 3 8 5 69174 1
14 7 29 4 51960 1
16 19 21 0 57298 1
18 20 15 6 39487 1
1 6 5 15 29178 1
3 20 22 8 65008 1
8 19 28 17 62171 1
1 27 10 19 52725 1
18 23 12 29 39604 1
11 15 4 19 30579 1
20 13 24 28 57603 1
22 29 10 28 64646 1
18 25 11 9 60973 1
6 27 22 27 69234 1
10 8 5 3 30672 1
23 1 22 26 73809 1
18 24 7 1 86365 1
25 23 19 15 44669 1
24 19 21 4 54186 1
8 1 0 15 59437 1
6 15 21 2 75276 1
24 9 17 3 42676 1
6 6 15 13 40902 1
13 11 25 3 44284 1
24 0 2 15 81682 1
1 21 17 7 68115 1
7 11 22 15 42429 1
1 8 11 4 40584 1
6 29 1 5 69295 1
12 11 0 2 48741 1
1 27 19 4 96617 1
4 14 21 5 54771 1
22 24 24 14 40585 1
2 16 16 17 48609 1
17 4 9 29 92284 1
24 20 5 28 85008 1
24 15 13 23 53636 1
5 16 17 5 50935 1
21 24 17 5 66561 1
22 19 26 2 41134 1
6 27 20 7 89169 1
3 18 28 15 70238 1
28 26 12 29 71937 1
12 25 27 12 73196 1
17 14 24 17 35233 1
29 17 4 6 76243 1
22 1 0 0 68135 1
10 7 27 12 50229 1
23 17 23 28 40185 1
18 5 3 2 50761 1
13 16 20 0 57444 1
14 23 2 19 52779 1
27 1 2 29 110456 1
3 14 12 16 33581 1
14 4 17 14 34305 1
19 5 18 21 52066 1
11 28 23 23 56933 1
19 28 15 21 36254 1
21 28 11 3 92694 1
21 0 0 23 99675 1
15 2 27 25 77113 1
28 10 13 6 42345 1
5 1 23 20 86248 1
19 3 23 28 87328 1
5 23 26 1 87011 1
19 11 11 2 39110 1
23 25 29 13 46216 1
27 27 2 13 87591 1
9 29 28 2 115257 1
26 21 14 18 35473 1
25 26 27 11 34457 1
14 29 26 1 87177 1
9 17 7 27 43880 1
8 6 10 19 53080 1
29 13 14 15 48949 1
1 28 27 21 102217 1
2 19 17 24 58594 1
28 0 9 20 87356 1
29 26 0 16 102141 1
13 27 1 7 90585 1
18 3 2 8 61781 1
15 21 19 28 36254 1
24 18 15 10 39949 1
29 0 18 17 65458 1
18 11 23 18 34838 1
21 7 29 4 34909 1
13 0 22 19 68508 1
17 4 21 13 39304 1
10 16 19 9 46923 1
20 0 4 17 69673 1
5 10 16 17 35593 1
11 3 6 27 81367 1
7 12 6 1 37945 1
21 17 26 5 40977 1
1 28 7 18 44238 1
8 12 28 27 81130 1
29 15 3 28 97894 1
27 28 9 25 77910 1
2 17 27 25 87709 1
20 15 7 22 60801 1
8 13 13 7 31461 1
28 15 22 23 36454 1
6 2 27 24 97729 1
25 25 24 6 45856 1
20 8 24 29 68040 1
2 18 12 26 52756 1
17 8 28 6 33265 1
4 24 10 17 32876 1
20 15 4 9 47171 1
9 14 8 28 61726 1
15 1 24 10 44979 1
4 13 17 25 62245 1
19 29 5 4 95231 1
14 24 13 12 46512 1
14 10 21 6 25430 1
22 5 29 21 53084 1
21 4 25 10 32405 1
1 9 21 23 79851 1
14 7 29 7 49025 1
2 10 25 11 45232 1
11 4 25 27 81682 1
12 13 23 24 62812 1
14 27 29 18 64914 1
21 8 29 23 57332 1
20 26 5 24 62326 1
28 15 9 21 67919 1
22 6 22 21 50783 1
2 13 16 11 30866 1
29 8 7 14 68300 1
21 4 6 3 60001 1
24 19 6 24 77590 1
8 26 26 16 74013 1
15 18 10 2 56693 1
25 22 1 24 92530 1
15 0 8 20 74082 1
20 12 15 25 47125 1
4 16 14 24 57326 1
28 12 17 21 48840 1
24 9 0 9 60048 1
9 20 0 8 56222 1
22 28 3 21 88561 1
24 29 17 14 64936 1
4 28 13 17 47418 1
