7535 8420 7484 7791 8384 7905 8481 7345 7648 8471 7643 8607 8444 7868 7803 8244 8451 8005 8420 8166 8184 7778 8249 7682 8409 8660 8689 7276 8271
2155 2351 2424 2031 1206 1543 1450 2348 1244 2182 1316 1319 2420 1594 1572 1209 1433 2031 2145 1868 1343 2252 1648 1728 1430 1417 2319 2127 1327
4684 3787 3708 4117 3370 3378 4213 3267 4564 4031 4484 3595 4429 4618 3383 3706 4481 4676 3727 4308 4448 4099 3904 4649 4360 3312 4520 4412 4188
2436 2540 3159 3256 2527 2999 2787 2158 2264 2580 2671 3015 2208 2890 2674 3272 2851 2468 2030 2140 2021 2290 3224 3096 2759 2433 3200 2708 2242
5278 5293 4996 5869 4957 4579 5259 5843 4456 4933 5424 4898 4554 5802 5139 4547 4514 5736 4574 5414 4887 5145 4859 5773 4858 5761 5182 5553 4465
8501 7356 7368 7515 8092 8520 7532 7307 8445 7974 8536 7300 7268 8523 7664 7480 7636 7238 8531 7923 8083 8426 8622 8394 8495 8354 7610 8189 7761
3890 4682 4355 4556 4723 4160 5054 3800 4934 4060 5041 4741 4643 3705 4498 5049 4958 4714 4542 3956 3725 3872 5108 3964 4820 5007 3813 4338 3757
3941 3933 4316 5299 4680 4167 4017 5034 4126 4908 4250 4960 4104 4485 4344 5328 4627 3941 4586 4786 4939 4695 4193 4807 4691 4521 5070 4559 3967
4978 4772 4861 4930 4007 4620 4608 4401 4725 4601 3985 4419 4495 4687 5118 4015 4379 5012 4631 4282 4212 3918 4336 4959 4800 5116 4888 4520 4347
5302 4555 4798 4329 4659 4150 4737 5044 4816 4086 4999 5193 4132 5203 4841 4938 4583 5186 4406 4236 4435 4164 4954 5411 4503 5228 4899 4975 4582
7201 7924 8588 8452 7695 7669 7318 8515 8405 7653 8246 7769 7258 7377 8230 8547 8103 7410 8502 8230 8570 7436 7459 8547 8263 7496 7359 7313 8310
2195 2623 2075 2891 3133 2923 2136 2413 1945 2815 2421 2642 2054 2024 2406 2108 2222 3180 2532 2860 2869 2895 2442 2471 3161 2870 2694 2388 3053
4949 4823 5286 4680 5392 4188 4824 4711 4883 4088 5021 4100 4539 4666 5125 4013 4265 4477 4920 4662 4674 4627 4199 4709 5049 4166 5384 5133 4716
7460 8379 7328 7414 7497 7271 7437 7441 7578 7348 7229 8180 8083 7229 7579 7513 7632 7803 8340 8056 7111 7526 7561 8392 7403 8108 7811 7336 7961
6986 6335 6082 6952 7401 7209 6480 6136 7479 6830 6358 7000 7349 6600 7505 6597 6710 7494 6497 6331 7425 6828 6320 6358 7175 6374 7314 6381 6120
4625 5565 5755 5465 5149 5938 5680 4819 5286 5602 5497 5633 4709 5488 5464 5141 5808 5186 4949 5147 5530 5860 5441 5747 4862 5867 5307 5733 5866
5239 5397 4969 5365 5404 5005 4256 4340 5361 4784 4392 5499 4556 5291 4449 4148 4751 5330 5493 5285 4510 4366 4271 4990 4478 5249 5247 5292 4788
4426 4121 3957 3403 3720 4310 3523 4329 4373 4446 4129 4204 4588 3749 3640 4100 3490 3897 4344 3937 4102 4675 4579 3357 4147 3913 3888 3815 4098
3349 3665 3087 3947 2979 4096 3535 3471 3355 3873 3187 3655 3161 3527 4147 3390 2847 3122 3609 3037 3720 3848 3648 3151 4110 3341 4160 3959 3327
5564 5643 6489 6570 6514 5272 5516 5746 5333 6111 6462 6228 6580 6475 5904 6509 5905 5717 5504 5701 6131 6083 6534 5860 5781 6272 6524 6627 6034
7179 7642 8163 7275 7942 7053 7273 7104 7186 7539 7993 6964 7436 8161 7823 7253 7930 6868 7113 7078 7362 7182 7966 7527 7163 7374 7390 7204 7203
1946 1409 1547 1770 2209 1868 2392 2408 1228 2390 2188 1799 2425 1217 2266 1576 2328 1407 2459 1176 2143 1325 1980 1908 2295 1637 1292 1255 2250
8206 8347 7072 8190 8353 8313 7693 7063 7556 7944 8025 8078 7569 7099 7968 8158 7822 7144 8354 7879 7971 8164 7122 8102 7870 8216 7707 8162 8010
4290 4197 3306 3811 2876 2988 3061 4019 3662 3550 4169 3456 3051 4191 4262 3187 3481 3841 3762 3572 3657 4184 3303 3559 3217 3610 3565 4099 3354
5997 6795 6402 5955 6535 6437 7000 6527 6934 6813 6351 6655 5965 6553 6327 7293 7332 6817 5967 6564 5988 6354 5950 6263 6689 6347 6805 6010 7205
6063 5735 5113 6046 5226 6157 5390 5085 5005 5722 5101 6218 5950 5351 5974 6250 5558 4992 5292 5667 5053 6099 5583 5968 6205 6050 6293 5190 5882
5803 5913 5762 5426 5569 6559 5323 6057 6158 5829 6661 5676 6571 6691 5310 6006 5857 6323 6246 5889 6007 5587 5961 6202 6163 5933 6296 6163 6061
3270 3134 2725 2567 3718 3042 2456 3774 3072 2503 3179 3212 2811 3478 3307 3491 3401 2874 3604 3519 3846 3782 3064 3128 2965 2668 2702 3839 3612
5789 5894 5906 6188 5773 5884 6178 5953 5635 5407 6358 6297 5426 6083 6567 6045 6041 6543 6159 6012 6328 6622 6014 5695 5911 5812 5531 6198 6136
3540 4680 3807 3736 4246 3994 4161 3361 4059 3329 4205 3835 3318 3389 3539 4673 4363 3488 4412 3928 4642 4289 4308 4330 4234 4066 4210 4287 4694
7931 4448 7187 5516 7904 4566 4900 4349 3667 3050 2991 6761 2007 3492 3423 4437 2078 6510 7019 4831 1162 6150 8372 7078 4366 4555 3857 2483 4030 4753
8347 4211 7648 5163 8412 4373 4638 4851 4738 2507 2541 6867 2371 4031 2820 4743 1783 6739 6087 5583 2030 6818 8227 7477 4140 5260 4405 2831 3788 4748
8050 4046 6675 4277 7801 4710 5829 4656 4602 2892 2708 6111 1979 3970 2423 3555 1809 6144 6665 5209 1549 6791 8882 6576 4683 4453 4480 2844 3860 4402
7756 4703 7288 4490 8305 4531 5804 3901 4508 2741 3308 6916 2416 3141 2868 3913 2929 5642 7256 5907 2455 6512 7660 6715 5072 4062 3989 2503 4708 5167
7371 4641 7069 4254 7974 4374 5147 5103 4033 2755 3189 6656 2314 3785 2550 4439 1960 5802 6471 5021 2272 6565 8247 7137 4508 4722 3765 3264 4255 4415
8306 4463 7523 4619 7762 4310 4881 5094 4402 3256 2413 6583 2202 3161 3476 3632 2333 5607 7204 5443 2383 6620 8319 6674 4682 5295 4352 2967 4738 3927
7376 4706 7713 5595 7839 4766 5434 4697 4357 2904 2744 5883 2058 3156 3516 3536 3072 5632 6645 6099 1940 7228 8845 7475 4638 4488 5130 2383 4571 5052
7271 4451 7247 4849 7964 3603 5565 3865 4165 3346 3170 5766 2006 3372 3410 4072 2964 6506 7203 5004 1799 6230 7809 7489 4483 4836 4427 2573 4481 4268
7888 4601 7720 4738 8056 4867 5320 4339 4455 2289 2997 6461 2527 4021 2794 3743 2382 6289 7148 5845 1937 6434 7877 6889 4889 4765 5082 3019 5048 4531
7803 4960 7203 4597 7816 4933 5306 4927 4595 2954 3351 6874 2892 3135 2398 4866 3049 5856 6162 5260 2500 6264 7894 6625 5183 4981 4788 3149 5089 4221
8011 4042 7305 5293 8377 4458 4834 5161 3997 2529 2404 5519 3029 3890 2711 4598 2691 6248 6974 4838 1555 7280 8301 7229 4241 5154 4395 3433 4232 4163
7570 4308 7707 5552 8501 4532 4614 3827 3780 3364 3295 6167 2642 2935 3437 4648 3010 6296 6146 6079 1584 7280 8349 7476 5317 4968 4814 2256 4193 4106
8624 4095 7219 4817 8522 3874 5597 4671 4206 2519 2644 6802 2826 3478 2723 4791 2315 5802 7083 4797 2321 7187 8398 6706 5310 4016 5082 2199 4951 5039
7724 4705 7753 5543 8043 4764 5877 4846 4258 2661 2022 5802 2341 2856 2626 4651 2882 6347 6010 4913 2342 6251 7913 7602 4998 5303 4820 3173 4432 4083
7454 4301 7136 4452 8322 4154 4857 5018 4571 2242 3148 5636 3206 3108 2493 3904 3176 5697 6464 5641 1267 6855 8185 7192 4600 4544 4387 3185 4378 4323
8535 4753 7146 4898 8333 4840 5896 4368 4303 2917 2629 6422 2377 3806 2573 3572 2361 6695 6548 5396 1642 7357 8906 6568 4824 5088 4811 2272 4838 3889
8624 3675 7664 5511 7410 3787 4978 4747 4204 2719 3122 5647 3261 3601 2946 4921 2279 6933 6627 5927 1300 7184 7533 6341 4444 4319 5148 2384 4749 5172
8074 4377 7502 5303 7298 4731 5102 4966 4937 2317 2158 6602 2920 3273 3000 3945 1900 5769 6206 5816 1157 6697 8106 6628 5194 5298 4458 3034 3794 5120
7309 4450 7640 5314 8433 4907 5929 4648 4114 2855 3117 6654 2258 4081 3233 4397 2427 5935 7213 4893 2228 6864 7576 7207 4169 4429 4519 2173 4628 5173
7755 4158 6837 4689 8144 4044 4785 4675 5046 2556 2263 5552 2455 3732 2371 4110 2983 5781 6664 5935 1546 6810 8047 7506 4398 4807 4984 3368 3875 4245
8239 4241 6454 4435 8230 3744 5742 4041 5031 2697 2715 6707 2554 4062 2346 4871 2700 6500 7279 6136 1340 7356 7899 7442 4532 4187 5089 3217 4489 3980
8129 3770 7277 4603 8326 4393 5296 5047 4180 2762 2983 6517 2231 3386 2649 4467 1967 6772 6389 5665 1320 6429 8739 6645 4809 4132 4395 2456 4225 3825
7485 4720 6538 5473 7611 4578 5800 4376 4686 3209 3199 6871 3044 3518 3408 4602 2980 6921 6086 4987 2314 6528 8889 7212 4235 4083 3836 3415 4444 4220
8627 3840 7145 5608 8491 3578 4538 4625 3944 2292 2138 5744 2504 4010 2236 3858 3120 6755 7183 5854 1231 6554 8483 7616 4936 4153 3981 2826 4355 4827
8014 4658 6532 4226 8325 4159 5322 4755 3786 2220 2609 6818 2894 3372 3281 4508 2292 6342 6699 4964 1720 6972 7998 7364 4715 5393 3974 3294 4503 5138
8300 4476 7125 4939 7797 3962 4874 4262 4763 2258 2106 6198 2265 3942 3136 3838 3063 5657 5944 5246 1580 6740 7591 7483 4067 5185 3808 2693 4031 4772
7460 5015 7579 4539 8102 4196 4571 4837 5018 3134 2392 6788 2531 3356 2198 4182 3136 6866 6099 5721 1165 7248 8643 7743 4134 4862 4228 2907 4693 3949
7733 4479 7278 4870 8675 3834 5592 5213 3698 2397 3119 6900 2054 3040 3029 4702 2709 6455 7016 5158 1566 6594 8294 6382 5190 5334 3922 2368 3925 4343
7322 3843 6876 4522 8448 4341 5373 4050 4468 2449 3425 5673 2342 3408 3337 3956 3074 5906 7215 5765 1785 6769 8531 7006 4746 4543 4244 2890 3794 3855
22 9 4 14 60912 1
25 27 11 16 52092 1
21 2 1 22 75395 1
24 24 6 29 69117 1
27 2 18 22 70807 1
13 0 14 28 96677 1
26 3 17 22 73003 1
19 12 3 0 73667 1
5 12 22 0 72837 1
16 6 17 25 75463 1
0 28 26 6 106085 1
18 22 20 0 58929 1
1 21 6 3 53057 1
21 24 22 11 30526 1
19 7 0 27 85350 1
28 11 9 27 81385 1
9 23 7 7 65150 1
24 15 2 28 74561 1
0 27 3 0 58999 1
2 19 9 11 41053 1
17 10 25 17 37641 1
21 16 5 17 50160 1
14 18 5 11 53017 1
21 12 29 7 34183 1
23 3 15 22 63785 1
29 5 0 13 98884 1
21 22 2 25 54276 1
9 18 19 2 77368 1
17 27 5 5 98415 1
2 18 14 2 85453 1
26 8 3 2 87670 1
26 7 17 27 70438 1
24 11 6 27 79974 1
6 24 3 7 56268 1
0 17 13 11 52076 1
9 9 17 11 29287 1
24 20 28 6 54738 1
15 15 9 23 44926 1
25 28 6 24 72639 1
17 23 8 14 47023 1
27 12 18 5 42437 1
7 1 25 20 88769 1
9 24 18 7 72930 1
29 15 4 16 71498 1
18 20 26 29 43981 1
16 0 23 24 78602 1
16 25 26 23 54299 1
29 1 17 9 59110 1
24 27 25 15 45147 1
0 6 4 16 28075 1
20 22 25 15 35237 1
19 11 26 14 29589 1
12 16 28 3 75923 1
2 21 26 4 94931 1
28 19 7 18 50798 1
26 29 8 24 76586 1
1 21 17 22 40996 1
13 13 3 6 43386 1
2 5 8 14 40303 1
1 12 21 21 53562 1
1 4 21 6 68839 1
17 8 12 29 77008 1
8 6 0 4 44397 1
12 28 24 8 77518 1
17 17 3 5 66023 1
11 19 24 0 73976 1
7 0 29 28 125841 1
15 17 22 14 26949 1
26 23 1 14 73125 1
6 28 22 18 65048 1
11 28 25 20 45102 1
4 25 25 3 104036 1
11 15 18 28 54452 1
3 9 17 29 87692 1
24 0 20 7 33563 1
16 21 23 13 31414 1
0 4 26 8 89614 1
0 16 0 29 29899 1
6 22 22 8 60694 1
16 6 7 8 42904 1
0 6 22 19 73019 1
7 7 27 27 94440 1
1 26 14 19 42816 1
15 19 9 9 45408 1
16 1 28 10 56668 1
17 16 29 16 32351 1
26 5 10 17 76930 1
13 17 9 28 51629 1
15 8 12 25 62142 1
12 8 23 8 37999 1
16 6 25 2 55220 1
9 6 2 10 37176 1
11 19 25 27 44158 1
20 5 28 1 41637 1
15 23 29 20 38725 1
28 17 23 6 51377 1
5 20 29 7 77878 1
29 25 23 9 61686 1
26 8 16 1 54631 1
17 17 24 14 25635 1
20 26 27 13 47975 1
8 26 29 7 96737 1
28 23 18 22 39086 1
9 16 1 27 38846 1
6 12 13 4 45710 1
28 11 7 27 86977 1
8 29 19 29 49318 1
0 5 12 13 44751 1
29 22 19 28 43811 1
6 2 1 17 50025 1
17 20 20 10 27827 1
1 5 8 22 48232 1
17 21 8 25 42775 1
26 4 3 20 88934 1
13 18 22 15 42186 1
15 19 4 10 57378 1
13 15 25 26 63065 1
11 23 15 2 77030 1
26 5 8 1 84271 1
6 10 2 16 25372 1
19 5 15 16 44195 1
20 25 1 0 86826 1
29 27 25 4 86490 1
7 12 16 5 49913 1
20 25 19 14 29767 1
27 29 22 9 61615 1
26 22 14 17 49951 1
9 26 1 5 65094 1
20 7 13 26 72105 1
10 2 27 7 74389 1
8 2 9 19 69432 1
27 5 25 23 67203 1
9 1 19 2 49309 1
24 27 10 20 39559 1
19 27 18 17 34047 1
28 16 29 28 47807 1
29 25 13 28 61267 1
3 13 23 27 70344 1
2 12 7 18 31620 1
3 21 2 4 39017 1
8 4 9 27 80930 1
16 14 7 17 34079 1
12 25 21 24 39779 1
22 16 27 4 47430 1
28 18 14 26 61789 1
2 26 29 9 92987 1
27 28 24 6 75899 1
4 29 29 12 97427 1
24 16 23 7 34987 1
23 6 14 24 72483 1
8 28 2 10 55470 1
14 10 26 7 46377 1
14 22 6 27 51585 1
25 26 22 11 50644 1
23 7 17 16 36930 1
6 0 16 25 105824 1
18 2 28 19 67539 1
20 23 6 2 101749 1
0 4 3 27 52596 1
24 22 8 29 71692 1
19 0 3 27 102616 1
23 3 26 13 45382 1
18 28 15 5 80477 1
27 9 18 6 34344 1
5 27 21 28 46040 1
21 0 0 29 95499 1
8 12 21 20 44561 1
11 15 0 12 32285 1
0 11 28 23 85903 1
16 16 18 3 50502 1
16 1 19 9 39042 1
12 23 26 15 55441 1
29 11 7 10 65211 1
10 20 14 8 43008 1
17 15 23 8 34242 1
21 0 7 9 54742 1
4 4 16 12 60798 1
29 17 23 3 62448 1
15 19 8 4 67607 1
29 20 26 2 67660 1
14 15 16 5 55409 1
16 15 27 1 68392 1
15 29 4 15 75329 1
8 15 29 19 56267 1
8 29 28 18 77552 1
0 15 12 9 45059 1
29 0 12 29 118797 1
5 26 13 14 61886 1
14 14 22 8 34389 1
20 5 1 26 79836 1
13 29 13 19 45031 1
3 24 9 5 73544 1
11 8 10 18 30791 1
19 27 5 18 61325 1
8 23 18 28 50459 1
25 16 20 3 40530 1
21 7 24 18 36949 1
17 28 5 22 64333 1
8 24 11 0 73015 1
10 19 29 28 64141 1
28 22 19 25 42491 1
29 27 11 2 96936 1
18 2 23 21 57922 1
24 1 13 28 91114 1
11 11 18 6 34336 1
1 28 10 10 57592 1
22 6 26 24 59839 1
18 24 15 13 47629 1
2 6 4 22 44319 1
27 28 7 10 87108 1
6 12 15 21 44942 1
29 6 17 13 52045 1
28 26 18 4 77506 1
7 16 1 11 22000 1
28 18 2 8 85285 1
16 10 1 27 69004 1
15 0 20 7 45515 1
19 6 4 7 65361 1
21 25 25 16 27380 1
6 16 29 16 62532 1
20 21 0 23 55490 1
0 5 15 6 65895 1
22 2 5 20 70771 1
14 29 7 15 65074 1
6 10 15 25 71784 1
4 19 23 11 60112 1
28 1 19 12 55893 1
3 13 17 20 45622 1
10 11 24 5 57888 1
26 1 5 24 105335 1
15 17 2 23 53637 1
2 27 14 13 61989 1
2 9 21 9 52513 1
14 4 23 19 73941 1
23 27 1 10 72505 1
0 25 0 15 26079 1
8 26 2 7 63922 1
29 10 15 4 63148 1
15 17 20 10 34644 1
13 13 10 27 46580 1
17 12 26 5 45130 1
16 23 19 8 52535 1
28 12 16 17 42047 1
27 1 3 26 110650 1
28 13 7 29 91467 1
24 2 13 10 55966 1
29 27 18 20 40543 1
17 29 3 25 52306 1
25 25 8 5 95078 1
25 28 6 0 120541 1
22 15 6 27 64099 1
19 27 3 29 48917 1
12 23 23 18 39611 1
23 13 13 15 37288 1
11 15 13 7 27218 1
19 13 27 23 40245 1
5 16 23 3 78336 1
13 19 1 20 31463 1
20 2 1 24 85225 1
27 25 18 2 76746 1
27 1 7 29 118088 1
5 17 3 3 46991 1
21 19 7 14 44524 1
24 1 29 24 78642 1
17 5 6 20 69952 1
12 6 13 15 34909 1
28 22 9 9 73320 1
20 20 26 26 32622 1
27 3 10 20 73682 1
21 3 22 17 34836 1
2 10 12 5 42011 1
2 18 20 4 82718 1
0 12 27 6 83860 1
6 28 25 19 67276 1
13 28 23 12 62851 1
11 13 3 20 34173 1
21 8 16 14 25143 1
29 15 25 27 51609 1
18 6 11 23 64570 1
8 22 7 8 56630 1
14 17 23 10 42189 1
23 19 6 18 42162 1
15 0 19 15 65750 1
12 15 27 23 54299 1
6 1 8 21 74390 1
7 0 7 11 48671 1
16 4 13 21 75265 1
29 23 14 27 58133 1
26 14 12 12 42550 1
26 17 9 15 55990 1
18 8 6 18 62394 1
16 25 23 14 47455 1
15 14 17 27 52053 1
5 28 16 15 71721 1
5 9 10 14 31945 1
17 23 1 23 49475 1
0 6 11 3 53556 1
17 1 26 15 62096 1
11 12 28 8 55527 1
8 22 28 25 62298 1
2 13 20 13 56169 1
8 25 15 14 54804 1
20 26 27 17 35704 1
7 20 18 22 26972 1
8 11 15 1 53100 1
1 13 24 2 91833 1
10 3 13 22 66540 1
12 19 4 4 70011 1
20 11 21 24 30716 1
0 28 20 16 65511 1
29 10 23 26 60331 1
7 18 15 29 58977 1
13 11 15 2 56093 1
23 19 7 21 36663 1
9 2 4 29 99623 1
28 16 0 3 97011 1
1 8 6 19 34978 1
10 7 27 18 69963 1
17 27 8 25 35074 1
18 1 10 4 46180 1
0 16 5 6 37249 1
2 23 5 5 56321 1
3 15 27 17 65656 1
29 21 28 10 43988 1
8 21 6 1 74390 1
22 20 24 11 30608 1
11 22 16 12 38542 1
20 28 8 9 70087 1
6 10 12 2 42704 1
14 27 11 14 42338 1
22 13 29 7 37923 1
21 5 8 16 55912 1
13 24 29 2 106630 1
8 21 4 28 41500 1
6 11 29 25 87850 1
14 3 7 14 54622 1
8 27 12 16 42807 1
8 19 26 22 46760 1
4 24 26 17 75464 1
28 21 15 0 83565 1
1 6 28 13 81813 1
8 3 0 1 42211 1
27 16 9 28 70414 1
13 15 21 12 32809 1
14 6 2 7 54434 1
22 18 19 28 32223 1
7 28 2 15 46454 1
14 10 6 8 29732 1
10 0 1 13 64437 1
5 0 10 28 103880 1
2 23 19 5 84483 1
21 3 8 9 46494 1
1 28 10 10 57592 1
2 3 21 13 72861 1
21 3 18 14 29844 1
14 9 21 20 39534 1
27 29 5 0 134064 1
0 15 12 18 42166 1
2 28 13 13 62217 1
15 25 5 12 66769 1
6 3 3 19 55178 1
29 25 14 14 64658 1
5 15 27 0 103418 1
24 2 8 7 76147 1
5 6 20 4 77873 1
3 17 8 4 57960 1
18 24 28 15 50402 1
0 19 18 20 38732 1
16 8 24 6 39163 1
7 11 12 21 41058 1
28 19 10 10 60488 1
24 19 27 9 46408 1
9 29 16 20 42383 1
25 21 13 29 60435 1
14 7 27 28 86425 1
21 15 13 20 21768 1
2 16 20 14 53105 1
15 2 27 4 66124 1
4 20 17 11 54629 1
15 23 8 9 59381 1
28 13 20 27 50435 1
3 15 27 13 72336 1
18 3 4 16 75043 1
14 1 25 24 92068 1
26 12 4 29 90500 1
3 13 16 14 39582 1
23 11 4 26 76965 1
4 13 28 16 75173 1
19 7 19 29 57893 1
27 4 14 24 87965 1
26 10 10 29 77609 1
6 13 17 9 41455 1
17 23 19 13 39850 1
26 25 7 6 99263 1
21 26 10 26 35642 1
19 5 4 3 75558 1
25 12 12 9 40533 1
24 22 28 6 67080 1
11 24 26 8 67534 1
14 14 5 28 67129 1
16 9 24 4 40124 1
11 29 23 25 43846 1
28 1 28 18 64239 1
18 8 1 17 61994 1
27 1 11 24 88663 1
1 25 11 12 46467 1
7 24 25 6 90346 1
28 3 11 2 82894 1
0 20 20 28 56633 1
18 11 25 17 34323 1
25 29 12 14 69567 1
9 9 16 19 47188 1
20 3 7 16 67290 1
21 5 2 0 86408 1
27 17 10 24 50972 1
12 15 21 1 54286 1
6 13 21 21 52712 1
22 10 26 29 60691 1
26 27 19 9 53748 1
5 27 17 29 40906 1
17 15 29 17 40814 1
7 1 13 17 67620 1
27 16 13 16 37266 1
19 10 28 2 51540 1
10 10 28 19 60488 1
15 11 1 10 43077 1
19 15 27 3 54809 1
1 15 24 4 89577 1
4 23 24 26 69504 1
6 3 27 23 104526 1
23 29 22 12 41215 1
12 4 6 18 59641 1
5 0 1 10 42388 1
29 23 26 5 68509 1
28 17 11 2 83532 1
1 25 9 13 44678 1
2 27 14 3 92265 1
14 0 7 6 52844 1
1 15 16 1 79559 1
26 27 12 5 85204 1
11 19 17 12 33179 1
2 28 29 21 72522 1
20 19 6 27 56424 1
9 15 26 21 52371 1
6 13 1 20 28100 1
25 29 7 3 113004 1
18 25 3 29 54245 1
19 20 22 8 29525 1
8 8 28 26 89193 1
9 26 17 4 89832 1
3 5 27 3 94333 1
3 9 18 19 59558 1
9 5 23 4 64615 1
4 14 2 28 36421 1
24 4 11 16 66874 1
21 13 20 3 25112 1
12 22 13 3 63959 1
19 28 7 14 65547 1
29 20 6 0 103461 1
19 28 3 6 91043 1
3 28 22 8 81938 1
13 2 0 14 71551 1
21 22 17 29 28817 1
4 15 19 13 53400 1
0 0 23 26 100438 1
24 29 17 26 32057 1
8 25 5 17 44783 1
0 19 16 10 59830 1
4 5 7 22 61490 1
12 20 21 23 20591 1
17 25 26 12 54923 1
16 23 20 6 53719 1
20 2 27 14 46803 1
25 4 25 28 80822 1
23 23 29 5 71970 1
10 15 4 8 43449 1
22 10 8 12 42258 1
19 2 12 12 57288 1
27 21 13 14 45976 1
28 28 6 17 77605 1
4 10 5 22 49261 1
23 14 22 26 32952 1
2 29 10 6 77611 1
13 13 27 28 73143 1
23 16 6 27 63003 1
3 9 24 4 76601 1
19 25 3 14 66795 1
2 18 15 0 90191 1
7 6 2 14 40620 1
24 16 0 27 67204 1
1 23 20 16 52460 1
1 0 24 15 90022 1
22 14 27 20 23191 1
22 10 27 17 34413 1
22 1 12 1 42525 1
9 6 5 23 73008 1
7 25 16 10 69303 1
0 2 10 14 53856 1
3 4 15 19 70304 1
11 25 2 0 76839 1
13 0 2 13 69502 1
25 25 22 9 51405 1
13 28 17 17 53568 1
15 18 5 5 75127 1
1 13 18 1 80966 1
4 20 2 29 26373 1
4 8 21 16 65197 1
20 24 16 2 74248 1
3 5 21 28 85678 1
24 9 4 29 92202 1
1 3 29 10 88892 1
2 19 27 22 56383 1
20 3 29 4 45701 1
9 13 25 11 52810 1
9 8 12 21 43821 1
26 19 7 21 43511 1
22 1 6 14 70725 1
19 22 14 5 74434 1
13 0 11 25 77104 1
16 21 4 25 47959 1
19 17 21 4 35554 1
11 11 19 13 29457 1
23 14 16 3 53203 1
24 10 24 21 38014 1
18 7 17 21 46538 1
29 20 20 7 41589 1
3 2 26 6 98519 1
28 12 18 21 41211 1
5 2 22 16 95066 1
19 8 9 25 72517 1
18 23 2 29 63588 1
1 27 22 23 61377 1
13 1 26 14 74220 1
26 25 15 8 73555 1
24 2 18 21 62467 1
18 19 0 14 48751 1
12 10 5 24 58826 1
10 3 8 11 36286 1
27 4 8 4 86466 1
5 20 8 5 63053 1
20 16 11 17 25555 1
15 2 15 29 107908 1
7 14 10 2 48090 1
25 11 19 23 52141 1
18 3 4 13 69582 1
26 6 12 25 86177 1
28 13 4 10 72688 1
5 29 26 17 88901 1
6 16 15 11 39398 1
28 0 8 18 103159 1
10 15 15 25 50169 1
14 27 6 24 35825 1
15 1 20 25 75554 1
12 25 29 19 52142 1
11 29 23 25 43846 1
29 3 22 10 42968 1
25 14 1 11 67169 1
4 13 21 17 58234 1
26 7 11 1 71821 1
8 20 4 11 38696 1
29 8 2 6 87439 1
27 6 3 23 87176 1
6 22 22 27 49091 1
28 13 0 22 83752 1
4 21 24 14 55505 1
2 8 26 17 87878 1
27 3 7 19 84704 1
9 17 18 19 32533 1
14 13 28 1 74526 1
7 25 5 15 52116 1
19 18 11 12 39697 1
18 27 13 7 77711 1
10 8 18 20 44819 1
22 29 21 12 34764 1
17 3 13 18 75181 1
15 5 16 23 75898 1
27 11 3 12 64965 1
4 16 2 27 28966 1
11 16 18 5 49666 1
10 17 29 16 56844 1
14 25 27 19 52667 1
11 11 7 19 34605 1
16 22 22 28 34507 1
26 25 21 18 34612 1
17 18 14 10 40696 1
17 19 0 4 69597 1
29 14 6 17 72265 1
8 3 4 14 56030 1
19 15 11 18 31112 1
5 29 25 14 85494 1
27 3 2 11 92404 1
8 11 4 19 39715 1
19 23 13 1 85842 1
9 23 0 9 52057 1
12 3 21 25 74635 1
18 4 14 14 45851 1
1 3 16 5 69576 1
6 11 19 2 73371 1
24 22 18 11 42983 1
6 1 29 10 93796 1
29 0 20 11 63175 1
4 14 11 22 40908 1
9 0 19 4 63154 1
28 5 26 19 53759 1
21 14 11 24 38616 1
20 14 9 14 30511 1
6 21 13 3 66530 1
0 14 21 0 81225 1
21 26 2 10 67883 1
23 27 5 9 79720 1
12 25 25 7 77337 1
16 14 19 27 44273 1
9 16 17 10 36255 1
21 12 16 19 27710 1
28 15 29 2 52935 1
0 27 12 24 45491 1
14 19 25 24 42862 1
18 26 5 27 40187 1
29 0 22 8 54602 1
13 21 18 12 41659 1
5 8 22 4 68636 1
4 6 22 11 73533 1
19 20 13 27 37698 1
2 26 21 25 60845 1
21 3 23 16 30683 1
26 25 28 7 69085 1
28 15 19 16 30434 1
3 21 26 22 55348 1
6 8 16 19 60661 1
15 27 28 10 66415 1
24 9 17 18 39521 1
21 9 28 22 45077 1
2 10 10 12 24809 1
7 1 23 11 77781 1
22 29 19 18 34001 1
8 3 7 23 78951 1
18 2 24 12 43556 1
6 21 23 4 71157 1
24 2 19 22 68733 1
25 24 15 4 86380 1
26 22 11 10 60935 1
1 8 12 9 32781 1
6 10 5 24 54856 1
4 7 13 23 75021 1
15 0 28 25 97790 1
1 15 19 5 75361 1
2 15 9 10 33301 1
25 6 2 26 98564 1
23 13 8 2 76480 1
11 3 5 23 71815 1
6 15 23 21 54019 1
17 1 13 21 73221 1
14 19 27 3 72211 1
27 27 25 7 71975 1
3 6 12 16 46521 1
16 23 25 24 46422 1
13 11 18 5 38638 1
3 9 20 29 81700 1
10 2 28 5 83721 1
18 20 18 1 54025 1
28 4 3 5 97655 1
11 2 29 28 101223 1
6 3 19 20 81618 1
24 27 8 4 92950 1
17 25 19 6 64917 1
26 6 29 24 70172 1
0 15 9 27 47644 1
3 21 22 0 81726 1
23 28 22 19 29345 1
14 10 25 2 58440 1
24 19 13 21 31362 1
22 23 17 0 69807 1
21 19 14 3 66532 1
6 4 1 16 45157 1
20 19 3 0 87264 1
7 23 19 15 53633 1
12 24 26 15 59519 1
8 6 20 25 79335 1
0 10 29 19 73654 1
11 17 20 15 32042 1
1 27 7 19 29552 1
19 4 4 7 74940 1
3 24 14 4 84724 1
18 11 29 2 61040 1
17 14 23 0 48580 1
24 15 26 7 41808 1
19 11 3 14 52601 1
7 15 0 2 50259 1
13 24 15 4 80458 1
18 10 24 2 42887 1
0 1 9 7 51595 1
4 10 25 2 86669 1
5 28 19 6 97548 1
5 14 21 22 53808 1
0 25 11 23 41582 1
21 27 12 28 30138 1
20 25 25 9 45552 1
27 2 20 27 73922 1
14 16 4 9 44710 1
18 14 27 27 49333 1
6 11 0 2 40273 1
2 10 3 21 25048 1
7 7 23 16 65933 1
24 21 7 21 40310 1
1 22 29 6 93940 1
29 17 19 10 43153 1
2 7 23 14 73327 1
12 5 13 14 32065 1
16 20 23 23 22349 1
1 18 23 4 82134 1
10 24 26 24 58929 1
4 17 0 28 34153 1
14 7 19 24 68701 1
14 4 23 15 65842 1
1 23 15 6 77758 1
7 19 14 12 39772 1
11 21 25 15 43466 1
3 26 18 15 60282 1
12 12 16 21 35694 1
10 27 28 12 71939 1
1 19 18 10 60279 1
16 27 10 21 36898 1
27 24 27 13 37494 1
6 26 13 16 52346 1
29 13 7 26 90002 1
4 20 19 11 57204 1
18 17 28 15 35708 1
24 14 9 8 55458 1
23 12 13 3 63672 1
9 7 14 21 55382 1
0 5 0 22 42207 1
6 10 25 7 64742 1
24 0 20 26 70766 1
22 29 6 5 95871 1
5 26 4 4 70641 1
3 15 23 7 73492 1
18 21 2 26 49976 1
19 2 29 28 87660 1
8 1 28 7 88523 1
2 19 6 3 55429 1
1 28 22 3 89120 1
15 0 17 21 76714 1
9 8 14 3 38000 1
10 7 4 12 34425 1
22 2 28 23 68334 1
13 7 16 24 67413 1
11 10 7 24 50874 1
21 19 24 27 22453 1
28 11 17 14 38412 1
21 2 4 11 68565 1
17 13 7 12 31695 1
23 13 10 10 41830 1
7 29 14 13 66703 1
16 19 23 26 32375 1
6 8 21 26 74235 1
13 6 13 24 65273 1
2 0 26 20 87893 1
8 10 27 18 66381 1
3 12 29 21 71424 1
15 11 1 15 46028 1
29 15 21 5 44384 1
15 20 24 11 38501 1
0 27 29 19 68376 1
10 10 12 23 41937 1
10 4 27 17 81594 1
11 26 24 4 81646 1
9 1 8 28 89928 1
11 4 29 3 83293 1
12 5 27 29 95562 1
24 19 27 26 30482 1
6 10 25 28 85603 1
1 15 25 15 68714 1
21 8 7 12 44899 1
16 8 12 16 38544 1
9 1 23 4 68908 1
25 28 21 7 54628 1
6 13 28 12 61518 1
18 17 22 23 26975 1
10 29 14 3 87623 1
9 25 8 12 51807 1
15 13 4 6 55154 1
5 15 20 23 63250 1
21 22 16 3 61826 1
6 2 24 4 95100 1
16 27 1 23 48945 1
15 17 25 24 50546 1
29 28 20 4 79282 1
9 15 27 25 64314 1
28 10 6 10 60325 1
10 4 16 14 46735 1
29 26 13 7 93796 1
11 12 1 9 28611 1
7 11 18 18 47898 1
25 21 22 7 41552 1
7 4 19 20 73063 1
0 3 3 12 24505 1
16 10 6 3 57066 1
21 3 3 27 85697 1
28 15 27 1 47680 1
28 3 19 15 59679 1
13 18 26 20 37383 1
2 7 18 7 57417 1
28 12 17 21 42750 1
9 8 29 22 75902 1
4 15 15 15 39522 1
24 5 1 29 94414 1
16 27 6 8 78707 1
14 1 19 24 82303 1
10 21 21 11 43505 1
21 17 22 27 20078 1
4 26 23 19 60586 1
2 11 19 13 51833 1
24 22 1 14 64612 1
16 19 18 28 37679 1
7 22 18 2 84783 1
7 13 16 3 63139 1
5 24 18 26 55542 1
26 27 8 0 109975 1
10 18 20 26 45470 1
24 26 11 6 73985 1
15 24 26 24 50323 1
3 19 28 28 73643 1
19 3 29 15 57487 1
28 20 16 23 31614 1
26 11 17 7 41213 1
24 13 11 6 52054 1
11 10 21 5 37399 1
14 17 5 3 75954 1
18 16 24 26 38980 1
16 3 6 21 81423 1
22 23 17 9 43749 1
22 5 25 15 39856 1
25 6 23 20 50828 1
17 10 19 2 38141 1
24 10 7 15 58882 1
24 14 22 3 34790 1
27 17 11 15 48100 1
14 23 24 23 53447 1
22 23 3 10 71396 1
24 4 2 28 103410 1
8 29 17 24 45773 1
16 1 6 4 56488 1
5 28 22 10 81586 1
10 2 18 28 93635 1
18 13 17 1 46388 1
14 27 7 5 81572 1
7 27 0 12 45208 1
7 12 18 0 68555 1
20 0 1 14 86041 1
4 20 16 24 41679 1
23 13 22 2 35402 1
15 19 22 7 44274 1
27 9 17 27 61143 1
7 14 20 5 60248 1
9 16 20 24 45149 1
29 22 13 11 66018 1
4 28 25 18 77551 1
1 8 27 27 87651 1
5 16 29 5 92346 1
12 14 23 28 57976 1
3 5 20 3 76139 1
11 17 25 22 43036 1
28 16 3 10 78721 1
22 7 13 28 72636 1
29 22 4 27 76706 1
11 16 27 11 52198 1
18 23 13 13 46574 1
1 15 14 14 39324 1
7 13 15 23 55451 1
7 2 6 23 85019 1
1 17 18 1 86774 1
7 25 14 8 72569 1
22 16 6 19 39751 1
1 0 8 27 67343 1
11 20 7 1 65457 1
18 12 25 29 56216 1
4 7 15 18 67002 1
17 29 19 8 64102 1
28 26 17 18 47257 1
24 20 2 6 70781 1
13 22 16 12 51320 1
5 23 2 4 58383 1
20 26 16 10 48593 1
5 18 11 4 60054 1
17 25 5 27 40794 1
20 19 2 11 63123 1
5 26 5 0 85752 1
5 12 14 20 40347 1
27 26 17 20 35054 1
4 13 29 3 98360 1
14 2 2 0 64740 1
22 2 0 8 80630 1
15 10 10 22 49623 1
21 13 29 5 44763 1
19 26 24 11 50649 1
17 14 7 19 44683 1
28 18 4 11 81106 1
7 18 24 23 56284 1
2 16 28 5 94801 1
11 6 19 23 63794 1
24 29 2 14 79182 1
21 5 16 29 65963 1
0 8 28 25 92596 1
8 20 14 13 32593 1
11 5 4 27 75048 1
18 9 25 2 45006 1
7 8 0 18 43276 1
16 29 23 24 38524 1
0 23 12 17 47609 1
16 17 19 26 44902 1
26 19 22 25 27837 1
2 4 23 15 83740 1
17 25 1 24 57402 1
6 27 20 11 74046 1
20 24 1 11 64626 1
18 13 0 3 66683 1
28 5 13 25 92498 1
2 11 15 13 39449 1
9 2 26 28 107547 1
15 6 29 17 72411 1
6 0 17 7 69908 1
23 17 4 5 85201 1
19 2 24 12 40869 1
24 0 7 26 106516 1
5 14 19 9 51855 1
29 16 13 7 72185 1
16 10 27 21 45392 1
28 22 2 2 98775 1
27 14 3 18 65858 1
5 28 29 15 92946 1
14 22 15 6 74335 1
7 21 0 5 47808 1
14 28 19 3 80824 1
1 6 17 16 57649 1
2 8 6 17 33366 1
28 18 20 1 62782 1
14 28 14 10 65821 1
9 14 6 29 62471 1
14 10 17 28 66180 1
1 29 26 28 80528 1
10 25 10 1 70437 1
4 27 12 19 44613 1
0 6 10 24 64369 1
27 1 19 20 64145 1
8 1 10 16 52903 1
2 20 11 7 50012 1
7 26 12 5 76613 1
7 15 23 18 54511 1
1 12 5 4 37421 1
5 18 21 13 54589 1
4 4 12 11 53601 1
6 15 18 20 41614 1
17 12 22 29 44951 1
15 1 25 24 87767 1
11 23 0 0 72398 1
18 18 10 13 34320 1
1 29 21 23 58186 1
2 10 14 7 45764 1
28 10 7 0 89917 1
0 28 8 15 46636 1
24 26 3 4 97870 1
22 15 17 21 23786 1
0 1 13 8 57149 1
9 22 19 14 45310 1
6 26 11 1 83630 1
5 15 25 4 89950 1
2 28 5 6 60700 1
3 8 29 15 86925 1
13 24 16 13 54819 1
12 28 15 15 53301 1
24 10 2 10 61717 1
3 18 21 0 75746 1
28 23 29 2 84281 1
21 0 9 11 57034 1
7 15 14 0 67846 1
27 9 12 5 56671 1
27 7 25 19 49673 1
14 6 25 18 71473 1
8 4 14 18 66563 1
2 3 25 8 85377 1
5 23 18 22 48291 1
19 24 18 9 45625 1
0 15 22 15 62694 1
13 29 2 6 83177 1
9 10 27 22 63889 1
6 4 29 11 91795 1
12 16 7 23 35422 1
17 21 8 8 54319 1
17 20 26 22 26030 1
10 12 7 26 57815 1
26 18 15 8 60810 1
0 15 14 14 43761 1
15 26 5 24 48999 1
19 12 5 2 81644 1
24 4 27 29 85833 1
3 7 17 18 64134 1
0 1 17 13 68897 1
0 27 7 8 54890 1
6 9 20 29 78078 1
15 21 28 20 25639 1
