3230 3784 3836 3766 3320 3005 3139 7079 6370 6129 6572 6889 6208 7187 7014 6868 6913 6241 6634 6246 6316 6855 6614 6341 6207 6490 6207 6362 6767
4453 5352 4491 4347 5229 4575 4541 5196 4534 5308 4935 5313 4375 4563 4962 5037 5116 5294 4184 4506 4183 5262 1694 2136 1364 2025 1309 2115 1387
5476 4881 5546 5571 4798 4904 4782 5041 5544 5297 4796 5355 5390 4740 4855 4981 6412 6633 6308 6806 5976 5972 5819 6012 6215 5952 6773 6345 6653
1780 1661 2434 1666 2193 1978 1656 2792 2324 2790 2357 1708 2730 1788 1791 1749 2045 1883 2324 2208 2796 2640 2212 2582 4468 3955 4006 3833 3846
5549 5854 5956 5538 5646 5526 6332 5717 5377 6214 6433 6255 5718 4058 4971 4434 4320 4245 4682 4201 4499 4221 4602 4720 4227 4264 5090 4286 4724
2568 3136 2617 3165 2664 2655 3169 2600 2431 3035 3035 2700 3475 3136 3017 3333 3248 2587 3330 3179 3278 3424 2614 2377 4810 4297 3963 3974 4552
7227 7280 7556 7159 7137 7136 6605 6779 6813 6700 6436 4592 5009 5297 5512 4464 4954 5554 5394 5118 4977 4737 4699 4702 5422 5369 5359 4567 4923
8073 7926 8041 8876 8151 8100 8794 8572 7928 8378 5914 6531 5625 6484 6068 6482 5995 5674 5485 5874 6542 5688 6609 5839 5988 6547 6475 5855 6023
4685 4408 4260 4073 5207 4339 4530 4826 4723 4860 4202 4918 4142 4355 4856 5180 5115 3245 2486 2669 2519 2642 2716 3226 3223 2403 2561 2225 2852
8161 8212 8156 7971 8017 8113 8435 7594 8552 7556 7573 8129 7941 8472 8499 8259 8356 8093 8368 7884 3139 3425 3149 3120 3781 3956 3688 3697 3720
3876 4544 4512 3856 3713 4268 3696 4304 4427 4264 3729 3837 4652 4116 4230 3741 4688 4077 4554 3952 4365 4075 4272 4280 4588 4109 2890 3156 2582
3585 3070 3899 3184 3041 3760 3189 3008 3994 3241 3803 3908 3466 3546 3759 3256 3508 3755 3914 5120 5491 4932 5512 4681 4756 4876 4951 4493 4504
1548 1810 2043 1831 1963 1975 2226 2038 1624 1514 2411 2843 3336 3052 3517 2873 2628 2961 3231 2446 2779 2500 2601 2932 2824 2673 3480 2923 2701
5644 4766 5188 4911 4974 4971 5696 5111 4904 5721 5610 5151 5680 4861 5082 5235 4846 4744 4840 4749 5282 5007 5713 5077 5729 4752 5519 5438 5789
8543 8264 7862 7944 7946 7457 7925 8395 7735 7880 7930 7582 8276 7456 7633 8016 7996 7407 8453 7860 7597 8261 7446 4442 5165 4980 5059 4508 5082
1988 2267 2564 1970 1845 2437 1927 2705 2247 2763 3826 3908 3494 3930 4518 3843 4586 4375 4226 3660 4286 4255 3577 3633 4525 3470 3948 4457 3587
4060 3782 3840 4371 3790 3867 7077 6751 7571 6857 6914 7105 7519 7251 7333 7698 6591 7539 6591 7006 7625 6819 7433 7732 6724 7265 7599 7368 6602
5612 5360 5115 5343 5111 4894 5133 5123 5602 5661 5716 5243 5439 5790 5331 5188 5868 5332 5689 4771 5058 5352 4838 5577 5289 5189 3656 4124 3339
7802 6942 7003 7671 7824 7557 7602 7222 7556 6192 6125 5585 5441 5808 5806 5168 5368 6034 6105 5985 5839 5493 5902 5213 5516 5051 5502 5176 5439
5110 4575 4658 4781 7305 7125 7278 6799 7242 6772 6324 6422 6881 6838 6797 6879 6584 6285 6838 6955 6584 6300 7187 6661 7142 6882 6276 7206 6514
1385 2533 1586 2409 2045 2328 2132 1829 2374 2008 2042 1757 2014 1474 2355 1863 2373 8004 7634 7909 7260 7380 7178 7910 7752 8009 7632 7396 7647
3488 2739 3264 3028 3217 3201 3876 3144 2909 3322 3261 2892 3360 3202 3266 2969 2720 3377 3596 3089 3814 3649 3377 2812 2930 3374 2978 3179 7969
1349 1764 1245 1861 1973 1103 2051 1034 1424 1088 1343 1915 2198 1797 1640 1432 1407 1041 2000 1159 1165 8337 7896 8398 7876 7802 8107 8588 8610
5996 2474 3377 2820 2505 3356 2452 2225 3097 2766 2516 3222 2707 2979 2615 2337 2561 2640 2796 3198 3304 3069 2355 2584 2410 3100 2989 2729 3378
7384 6730 7055 7815 7246 7760 7830 7828 6796 7575 6733 4748 3992 3876 4198 4718 4359 4551 4818 3997 3770 4011 4153 4406 4254 4187 4485 4254 4002
8187 7907 7393 7515 7536 7564 3295 2781 2497 3657 3518 2973 2593 2776 3603 2509 3184 2781 2652 3331 2967 3072 2747 2929 2896 3183 2899 2695 3478
4310 5426 4439 4362 4434 5135 5044 5379 4711 4824 4882 4896 5468 5089 4655 4635 5088 4899 5107 4458 4945 5426 4659 6739 6796 7581 6526 7358 7195
5859 4867 5601 5710 5514 5158 5110 5378 4760 5618 4888 5700 5278 5473 5728 5770 5835 5428 5882 5463 5222 5030 5441 5275 5438 5564 5726 5510 5919
7044 6265 6628 6214 6261 6989 7037 6684 6200 6377 6162 6202 6104 6515 7084 2410 1709 2248 2523 1973 2543 1674 1685 1770 2538 2164 2552 1688 2095
6998 6387 7029 7140 6528 7249 6388 7174 6380 7442 6986 6315 7100 7329 6437 6562 5667 6096 5135 5146 4981 5378 5097 4957 5014 5420 4917 5333 5830
2944 6686 7766 3586 4080 3889 6685 3971 2853 4440 3858 2619 8205 5044 7660 3891 3484 6175 4279 4928 4184 4116 3520 7760 4295 1906 4824 8864 4726 2892
3367 6540 8304 3607 4515 4252 6905 3794 3456 4419 4324 2846 8118 4292 7212 3046 3799 5769 4146 4588 3418 3364 3193 7924 3950 1870 4325 8789 4628 2678
3193 6481 7690 4488 3711 3694 7643 3848 2388 4966 4304 2734 7807 4869 7921 3186 3839 5745 4036 5714 3710 3198 2956 3213 4509 1456 4307 8408 4340 3079
3078 6895 7324 3810 4019 3648 7459 3970 2608 4493 4261 2731 8237 4571 7720 4043 1811 6003 4066 5309 3951 3343 2620 3602 4061 2384 4214 7828 4776 2905
2980 7163 8343 4474 3692 3977 7182 3843 2909 4836 4463 2167 8129 6887 7674 3565 2764 5974 4297 5111 3766 3282 3155 3189 1897 2528 4534 8701 4317 2831
3784 6800 8338 4108 4675 3695 7490 4155 3226 4466 4426 1997 7478 6746 6349 3633 2719 6153 3855 4984 4129 3813 6796 3591 2214 1657 2550 7994 4014 2878
3863 7070 7767 4401 4652 3671 6673 4049 3304 3623 3815 1865 8219 6999 6942 3221 2030 6337 3863 4663 3386 3934 7853 3030 1991 1453 2588 8655 3672 2418
3442 6403 8467 4759 4196 3866 6710 3347 2632 3145 3892 2833 7718 7018 6723 3187 2755 5487 4799 5271 3845 3117 7378 3984 1422 1655 1725 8123 4160 2188
5174 6267 7755 3673 4006 3963 6817 3558 3125 2995 3705 2271 8042 6945 6155 3514 2087 5491 4747 5691 3420 4100 7855 3983 1911 2306 2518 8032 4147 2409
5200 6780 8362 3667 3835 3606 7174 3746 2990 3209 3701 2962 7441 6400 6575 3727 2734 5390 4759 5359 3984 4087 7215 3688 2211 2571 1909 8727 4422 1975
4746 6828 8014 4394 4039 4045 7503 3222 2911 3496 3953 2326 8001 6800 7023 3189 2865 5598 4273 4907 4443 3363 7183 3198 1574 2348 2569 7805 3720 2223
5431 6627 8226 3666 3756 3554 7097 4034 2975 3256 3529 2240 8019 6625 6831 3155 1908 6309 4825 5665 3560 1894 7236 4005 2468 1919 2571 8391 4674 2841
5106 5950 6903 4244 4395 4432 7611 3329 2883 3970 3382 2563 7714 6942 7091 3251 2231 5939 4661 8537 4086 2352 7714 3406 2170 1452 2191 8476 4359 2541
4758 6328 7182 3735 4176 3795 7479 3863 5149 3439 3807 2577 7511 6545 7088 3230 2397 5324 3995 8286 4350 2285 7775 3443 2554 2441 1718 8530 4009 2745
5038 6562 7372 4417 2769 4133 6482 3554 5447 3071 4244 2000 7836 6837 6894 3166 2095 5658 4859 8026 4460 3017 7116 3720 2571 2245 2226 8758 3803 2179
4690 6913 7084 4348 3579 4580 7063 3758 5132 3642 3584 1819 7349 7036 6956 3890 2372 5592 4793 8196 3418 2391 7497 3133 1763 1662 1986 2523 4313 1915
4998 6553 7396 4235 2636 3530 7001 3418 5241 3523 4062 2784 7510 6988 7077 3220 2153 6054 4310 7888 4444 1866 7699 2851 1751 2428 2417 2801 3946 2287
4936 6210 7128 4601 3178 4458 7191 3917 5138 3428 3893 2560 7505 6529 6303 4034 2279 5706 4139 8151 3495 2196 7636 3140 1951 1535 2149 2634 3944 2972
4850 5941 7502 3933 2687 3694 6490 3523 4761 3373 3831 2582 8271 6985 6702 3805 1924 5732 4738 8192 3629 2443 7153 3058 1559 1891 1737 1950 3129 7404
5138 6891 7218 6355 2692 3970 6722 3527 5260 3019 3519 2791 7860 6329 6872 3398 2787 5830 3790 7628 4174 2764 7848 2915 1492 2132 1802 2557 3590 7030
5612 6935 6549 6545 3363 4526 7131 3152 5303 4047 4376 2505 7479 7264 6115 3946 2193 5689 4650 7782 3517 1860 7125 3674 2081 7259 2334 2351 3768 7235
4941 6317 6599 6013 3432 3789 6783 4072 5541 3991 3398 2129 8257 6912 7147 3062 2706 5948 4456 7435 4220 2162 7372 3817 2264 7901 1926 1784 3699 7453
5066 6871 6932 5843 3616 4183 6958 3178 4734 3796 4492 2367 7469 6599 7057 4058 2572 5605 4473 8471 3883 2359 7816 3468 2414 6997 1743 2097 3916 6692
4627 5963 7256 6274 2594 3819 6759 3929 4799 3614 3804 2881 7931 7331 6331 3348 2585 5343 1848 7908 4202 1873 7246 3106 1478 7530 1991 2075 3085 6872
4775 5992 7369 6330 3220 3725 7535 7152 5362 2968 4099 2401 6512 6472 6796 3894 1764 5363 2536 8145 4593 2045 7876 3983 1643 7131 1711 2732 3618 7614
5630 6282 7047 6682 3356 3820 7048 6758 5342 3382 7913 2281 6042 6944 7026 4090 2908 3261 2517 7960 3572 2659 7596 3019 1507 7641 2556 2248 4036 7085
5356 6989 6607 6281 3113 4115 6048 6708 5178 3615 7130 2310 5593 6471 6373 6897 2668 3654 1543 8075 4476 2499 7061 3676 1880 6933 2768 2837 3492 6553
5056 5834 7527 6629 3609 3030 5712 6834 5411 4087 7001 2585 5531 6366 7207 7498 1822 3640 2579 8260 4113 2214 6862 3987 1713 7834 2058 2206 3851 6863
4813 5970 6764 6178 3594 3798 6133 6784 5225 3522 7068 2093 5587 6713 6162 7590 2770 3651 1519 7782 4032 2516 7873 3226 1847 7675 2689 1937 4108 7191
17 29 18 3 81416 1
3 3 12 26 71458 1
21 20 0 23 67194 1
23 9 10 2 58691 1
14 15 7 9 39255 1
5 25 1 7 55741 1
23 8 14 20 48771 1
5 18 29 22 72877 1
16 10 2 9 46055 1
12 29 24 26 33324 1
14 3 0 12 60041 1
11 10 11 28 60213 1
20 14 9 9 38807 1
8 23 29 17 60248 1
20 16 6 14 42593 1
28 27 13 13 68698 1
2 24 17 12 71343 1
11 8 18 22 57790 1
26 5 1 10 79807 1
13 9 7 16 35865 1
29 16 15 6 56709 1
22 4 4 6 70773 1
11 0 0 7 57248 1
17 7 25 2 47656 1
29 7 0 2 119944 1
14 8 17 18 49701 1
2 12 9 21 47740 1
21 5 14 17 47319 1
27 4 0 9 90589 1
7 17 1 24 39194 1
1 6 3 27 63331 1
4 1 25 11 82097 1
22 22 27 6 56954 1
5 6 17 29 92514 1
21 4 25 27 51668 1
14 0 22 15 52960 1
16 20 19 10 46804 1
9 9 17 14 42101 1
10 13 18 3 52751 1
7 7 25 28 90630 1
27 23 13 24 32183 1
16 28 1 9 87087 1
2 11 23 23 71865 1
0 22 19 12 78030 1
9 18 14 3 57385 1
22 18 7 27 56206 1
17 15 11 22 37307 1
27 10 5 17 69593 1
4 27 9 15 53182 1
29 1 20 6 54826 1
2 16 16 9 52368 1
4 19 13 20 38820 1
20 13 5 13 46116 1
17 5 3 5 54495 1
8 8 27 11 54100 1
6 18 19 24 47403 1
16 21 3 29 52726 1
20 17 14 22 41004 1
28 25 9 0 97550 1
21 5 9 12 51799 1
5 28 10 18 45986 1
17 12 5 0 64555 1
9 2 29 2 91892 1
12 3 9 27 69515 1
14 5 15 25 66676 1
4 18 14 1 70865 1
7 2 3 12 44298 1
7 5 29 7 95704 1
25 21 0 14 76745 1
9 12 17 27 70561 1
18 26 28 7 76592 1
21 25 22 8 34539 1
24 3 5 6 76635 1
28 29 27 11 53605 1
21 23 20 11 29576 1
4 16 4 0 38286 1
15 9 1 10 45636 1
8 21 0 6 62894 1
26 27 1 9 99312 1
26 1 22 14 42939 1
21 12 1 8 59780 1
2 8 23 24 80634 1
3 27 11 14 57899 1
18 3 28 14 61012 1
4 5 16 4 47259 1
27 11 7 28 80622 1
5 3 21 2 66266 1
24 13 5 12 57492 1
27 17 5 5 83731 1
20 10 15 20 39867 1
4 27 16 15 64568 1
20 11 2 11 43802 1
27 22 13 8 64961 1
22 11 27 29 52242 1
16 8 1 24 76141 1
24 17 6 1 94609 1
28 18 7 12 70399 1
0 15 25 28 87333 1
17 4 25 15 43780 1
20 24 2 25 38331 1
3 3 16 14 64576 1
2 13 12 25 51460 1
6 13 16 16 38747 1
13 18 10 1 58569 1
22 16 7 15 41098 1
12 29 8 14 56309 1
7 5 15 12 41870 1
22 28 3 29 55804 1
18 10 6 27 81589 1
21 19 5 18 53057 1
7 24 18 13 61973 1
23 15 2 1 85642 1
13 16 26 25 49469 1
6 4 27 7 88994 1
9 4 11 24 65548 1
8 7 28 19 75817 1
15 29 28 5 88136 1
5 12 25 18 63791 1
9 6 27 29 102176 1
15 29 20 20 46816 1
24 24 23 7 35666 1
3 27 8 5 73529 1
7 3 22 17 70440 1
14 22 25 4 62160 1
17 22 16 5 64325 1
0 15 5 27 48202 1
16 12 12 0 37047 1
18 28 4 29 38713 1
17 1 26 17 63534 1
24 20 13 1 72369 1
8 25 8 6 74107 1
6 26 24 29 48914 1
26 26 11 11 64427 1
14 14 10 8 34845 1
7 26 24 3 83887 1
22 25 18 7 54691 1
27 28 10 26 44193 1
23 23 22 1 38423 1
24 4 29 12 39459 1
7 12 12 4 32914 1
21 14 4 7 62474 1
12 28 25 21 46011 1
28 13 6 21 80931 1
27 26 25 0 71348 1
18 12 18 0 43617 1
29 25 12 5 77301 1
24 0 26 10 40740 1
27 23 29 9 61960 1
16 9 0 22 72094 1
2 4 21 21 83311 1
0 8 18 2 76527 1
28 16 3 10 71252 1
4 27 20 21 55381 1
10 19 28 1 98038 1
27 8 7 1 94929 1
25 21 18 25 27195 1
28 12 10 1 78035 1
24 12 2 8 65557 1
7 5 6 27 78820 1
28 21 17 12 47213 1
12 26 7 19 32704 1
4 10 16 7 46083 1
15 19 25 29 52267 1
27 14 17 3 59402 1
27 22 15 7 60930 1
0 14 11 22 61430 1
13 16 14 5 37867 1
23 13 15 7 37007 1
2 5 26 27 102371 1
16 21 22 6 35985 1
29 0 20 12 57949 1
16 24 6 10 67690 1
2 7 8 1 39048 1
2 9 16 21 65642 1
7 7 23 7 57198 1
8 7 22 24 74903 1
27 8 21 24 52320 1
1 1 0 19 65632 1
24 2 12 13 57574 1
23 24 3 17 58964 1
25 22 2 18 68895 1
23 14 8 10 49586 1
18 19 11 7 58187 1
23 27 22 16 25638 1
20 18 11 3 58764 1
3 14 13 2 52146 1
5 6 22 16 64056 1
10 18 5 25 33752 1
1 24 11 4 72540 1
13 2 12 13 30707 1
1 5 20 5 72091 1
16 29 9 18 53097 1
13 25 22 5 55605 1
16 18 12 25 35476 1
9 26 28 9 82085 1
0 22 11 22 40829 1
4 2 18 7 68699 1
17 28 22 22 35667 1
22 4 6 1 72279 1
29 17 15 2 64778 1
26 15 3 16 58330 1
26 1 16 4 45001 1
24 17 14 3 56468 1
3 13 11 10 27393 1
6 6 23 16 71923 1
20 14 8 11 34720 1
22 12 12 23 42276 1
5 24 29 9 86852 1
0 27 8 15 54696 1
16 1 29 28 87389 1
17 3 24 23 57354 1
26 19 14 1 72857 1
3 25 1 9 47456 1
11 10 1 29 64796 1
25 4 12 25 67916 1
6 28 2 12 59905 1
26 28 5 6 100025 1
7 28 0 21 38924 1
18 21 8 20 30010 1
0 10 29 21 91886 1
18 28 6 12 84240 1
16 10 3 27 76827 1
4 27 10 21 35562 1
18 6 23 0 35346 1
14 6 29 17 65781 1
9 1 2 20 73666 1
6 29 21 16 65404 1
4 4 20 9 63501 1
22 21 11 0 66478 1
21 16 13 24 37200 1
2 1 2 18 46062 1
22 21 17 27 29982 1
7 26 14 19 42623 1
0 2 4 11 36004 1
19 11 6 1 68686 1
17 23 12 11 51136 1
25 28 26 14 46590 1
17 23 4 3 86157 1
9 12 29 16 66038 1
15 20 2 14 55033 1
6 6 19 16 67131 1
10 29 23 13 66432 1
28 25 9 7 79690 1
13 29 8 24 25253 1
24 23 3 29 62908 1
12 27 29 4 87741 1
3 3 15 25 74923 1
14 9 8 5 30440 1
23 25 12 9 56766 1
19 13 2 2 78958 1
23 27 12 21 38748 1
1 24 14 25 27404 1
8 7 4 25 62284 1
5 29 6 13 61865 1
4 1 26 13 94607 1
15 5 14 22 65261 1
3 6 21 22 79078 1
1 7 18 11 53600 1
8 9 21 25 71875 1
20 27 21 10 44128 1
21 27 5 21 49241 1
17 15 0 8 64043 1
9 5 15 29 82758 1
0 19 22 15 67464 1
16 1 17 17 60265 1
8 9 1 17 43175 1
25 22 18 8 46182 1
29 27 17 13 62749 1
17 0 7 8 52103 1
5 19 13 2 65848 1
28 10 16 3 53362 1
3 28 12 7 73697 1
23 18 14 14 37977 1
12 23 2 24 27190 1
22 26 12 27 23966 1
22 25 0 7 98113 1
17 22 1 14 65924 1
13 18 1 14 44866 1
16 3 10 10 35931 1
4 20 18 18 58137 1
8 0 22 29 113263 1
8 1 15 22 81225 1
8 29 18 18 61029 1
3 28 16 20 56249 1
16 28 23 11 56173 1
11 5 22 26 73026 1
5 7 24 7 63901 1
22 6 29 15 39573 1
14 13 24 22 50557 1
20 16 21 27 32953 1
18 25 6 29 35554 1
8 29 3 12 50934 1
18 3 2 26 101420 1
4 29 27 15 86251 1
20 27 26 23 23577 1
0 24 16 13 75893 1
0 25 27 25 60812 1
19 1 2 0 80377 1
13 13 23 26 58733 1
28 14 19 19 45995 1
28 24 16 12 56798 1
7 3 13 12 43455 1
7 4 22 20 72482 1
26 17 5 12 65852 1
21 6 6 25 72978 1
27 25 17 9 56571 1
24 13 22 5 22031 1
15 7 23 14 39986 1
26 7 14 26 73417 1
17 29 3 15 65740 1
18 28 15 15 60145 1
19 28 26 11 57503 1
0 6 2 17 42571 1
3 6 17 17 60474 1
4 21 7 14 35159 1
23 14 10 5 54972 1
16 5 23 10 34943 1
29 0 17 10 69232 1
2 7 20 8 61603 1
3 23 24 7 79973 1
5 17 29 23 70367 1
28 16 11 14 46379 1
10 12 25 12 43335 1
7 26 26 24 42713 1
13 19 27 21 42450 1
21 11 11 15 35370 1
13 21 27 15 46023 1
15 2 12 26 72272 1
29 2 1 0 121149 1
14 12 16 0 40811 1
9 1 19 28 107807 1
25 17 22 3 30964 1
26 14 29 27 39096 1
3 19 16 4 65531 1
24 2 2 26 101203 1
11 22 29 13 73975 1
1 19 17 13 65524 1
11 10 2 11 25689 1
6 13 19 18 57972 1
8 6 21 27 87934 1
0 14 18 1 97565 1
23 5 2 27 93117 1
9 3 19 26 84929 1
23 3 8 18 66525 1
7 14 0 20 40602 1
4 28 15 22 46825 1
22 10 23 25 29874 1
28 13 19 11 34556 1
27 28 21 9 53557 1
4 4 11 11 37535 1
6 22 29 18 65456 1
4 10 29 24 84491 1
16 7 23 13 34794 1
22 21 13 26 34536 1
3 13 24 4 66366 1
23 7 14 2 41778 1
24 4 28 21 45629 1
20 11 6 17 47034 1
22 5 23 15 19651 1
29 0 6 13 99966 1
20 3 17 20 51457 1
19 1 28 3 45936 1
17 27 25 18 41676 1
20 27 5 29 43203 1
19 8 5 1 74344 1
12 11 20 6 30061 1
21 5 9 6 53687 1
0 12 13 2 61008 1
14 5 2 24 74372 1
10 27 10 4 72772 1
24 14 1 14 70208 1
26 2 16 8 55074 1
29 13 14 21 62512 1
28 7 18 12 52253 1
12 3 27 14 68583 1
2 19 12 23 40833 1
11 28 4 24 27343 1
2 17 21 14 56129 1
17 7 7 15 55029 1
27 18 6 26 63641 1
9 22 24 27 45312 1
12 13 29 0 82047 1
27 27 18 23 32004 1
5 3 4 23 55516 1
16 29 28 3 91224 1
4 19 29 12 86726 1
12 17 6 5 52742 1
8 27 3 8 55036 1
27 5 18 27 71599 1
15 13 11 4 32049 1
22 1 21 24 42640 1
9 4 6 29 89114 1
25 0 29 28 78095 1
27 23 6 29 60387 1
15 0 20 21 60148 1
18 10 25 29 58419 1
17 5 28 22 59557 1
12 3 0 28 82154 1
28 29 22 20 30790 1
13 4 22 7 33639 1
21 24 22 8 31609 1
17 28 21 3 66336 1
9 12 1 16 39397 1
13 15 22 1 50009 1
11 16 27 21 43252 1
0 1 14 1 64258 1
12 9 4 22 51599 1
7 17 17 8 60314 1
6 12 17 24 67548 1
4 22 26 9 83774 1
3 14 19 28 72609 1
19 6 7 6 58440 1
23 13 10 1 65304 1
14 3 19 17 53583 1
6 28 0 24 30145 1
14 4 11 19 51028 1
28 14 12 2 74730 1
8 10 6 22 50730 1
20 13 27 29 53851 1
3 17 1 9 26343 1
20 29 19 5 71958 1
11 6 3 26 72992 1
14 29 14 3 81147 1
28 9 12 15 58885 1
10 28 4 23 27292 1
29 26 19 1 71963 1
12 17 27 19 47012 1
10 27 24 4 75399 1
15 23 9 17 42507 1
6 1 10 18 72058 1
5 23 20 23 39889 1
27 6 28 28 75763 1
0 0 23 11 81204 1
7 17 27 10 67591 1
29 20 9 26 54713 1
11 11 2 21 43372 1
9 16 29 10 63530 1
20 21 14 11 38946 1
4 11 17 8 45010 1
11 1 23 5 51339 1
3 27 3 8 48356 1
5 2 29 12 89408 1
6 27 2 2 77832 1
27 29 14 25 44552 1
13 8 23 5 44968 1
3 8 1 18 29347 1
27 12 15 24 56291 1
22 26 9 10 69680 1
2 8 15 25 67026 1
8 4 27 0 80216 1
15 22 5 19 42351 1
21 28 13 20 45107 1
12 28 17 4 80356 1
12 13 1 4 51887 1
26 16 9 11 50649 1
2 27 24 14 84364 1
16 16 5 16 26193 1
13 8 22 19 46172 1
7 19 4 11 35884 1
15 1 20 14 41576 1
16 22 25 9 48673 1
25 9 27 28 57945 1
17 21 17 10 45098 1
9 12 16 2 50357 1
5 14 16 12 41869 1
13 7 28 20 66648 1
25 17 13 11 40834 1
13 6 6 19 62514 1
15 13 18 29 70332 1
23 5 20 15 24460 1
5 6 28 16 78375 1
25 4 14 9 45109 1
13 0 28 2 72502 1
21 13 23 5 20607 1
24 19 27 29 40213 1
18 2 7 28 103602 1
24 4 3 12 63636 1
9 28 8 1 97280 1
8 8 28 13 68991 1
2 26 28 18 71431 1
4 16 13 8 41401 1
19 12 9 18 52007 1
3 3 12 7 39003 1
17 23 0 0 97726 1
13 4 4 22 65820 1
4 9 6 26 54323 1
10 21 26 12 59173 1
6 25 21 20 46039 1
10 15 26 6 68902 1
27 7 9 1 90237 1
20 29 2 2 117624 1
27 4 13 24 69391 1
16 26 24 4 60723 1
1 13 26 22 80433 1
27 28 1 0 121980 1
3 6 16 12 49375 1
7 25 19 5 79016 1
12 7 2 2 49037 1
23 4 1 22 87469 1
4 9 10 18 45071 1
7 9 16 22 66556 1
27 1 18 23 76682 1
17 2 16 24 72414 1
18 1 0 18 98566 1
23 11 2 27 83258 1
6 2 8 27 84560 1
22 8 5 7 55760 1
18 23 17 4 59957 1
23 18 19 4 35406 1
11 12 2 7 37171 1
4 7 22 13 59861 1
0 6 15 17 67763 1
14 2 8 26 82912 1
3 3 28 14 96145 1
8 23 18 7 73990 1
9 12 21 17 49709 1
22 5 28 24 42385 1
21 28 9 12 80182 1
13 17 19 3 52547 1
6 12 20 29 95029 1
16 20 29 24 41351 1
0 13 19 15 63536 1
18 5 15 29 81423 1
23 17 11 1 64487 1
5 27 20 5 86416 1
0 1 22 10 83410 1
8 8 17 2 46662 1
11 4 2 23 67986 1
1 1 6 7 36349 1
22 4 9 16 49642 1
3 8 19 2 67192 1
17 22 12 9 50854 1
5 11 25 25 72942 1
2 10 9 7 32481 1
9 25 26 27 40589 1
10 21 24 7 56343 1
28 3 5 15 88288 1
22 12 5 25 59883 1
18 12 5 19 61208 1
26 3 28 15 52875 1
10 16 29 2 84179 1
20 8 23 1 25921 1
21 15 28 22 26589 1
10 17 27 1 83673 1
26 19 22 2 41033 1
11 3 7 10 35617 1
8 17 2 12 32781 1
16 14 4 24 59555 1
20 19 2 13 68119 1
17 0 11 7 39466 1
17 16 0 25 59622 1
15 26 18 6 73111 1
28 17 8 16 48759 1
14 1 14 17 59735 1
21 9 20 29 58052 1
16 24 19 5 56916 1
0 21 25 13 82553 1
29 23 21 2 55709 1
11 21 17 13 43496 1
9 8 0 26 67129 1
6 11 20 20 61133 1
19 23 26 15 36069 1
24 24 10 6 70359 1
14 15 23 28 51790 1
14 3 6 21 71861 1
2 0 20 10 69934 1
29 12 11 5 62885 1
29 10 1 27 97274 1
6 17 11 3 54202 1
3 10 26 11 57989 1
19 22 11 19 33740 1
20 4 8 21 68087 1
15 22 7 14 49983 1
14 2 0 0 64645 1
20 7 21 27 49149 1
1 20 12 20 41612 1
25 6 20 24 51217 1
13 6 19 15 47286 1
13 25 29 2 94849 1
21 1 18 20 51332 1
27 27 9 18 68581 1
1 10 9 24 52467 1
14 17 7 8 48204 1
10 13 2 18 36951 1
19 18 7 24 53925 1
11 27 29 9 86080 1
21 25 25 5 50454 1
20 9 11 2 46216 1
19 5 1 13 71350 1
15 17 5 10 46459 1
19 17 8 4 66729 1
27 4 7 5 69803 1
25 4 22 24 47981 1
10 27 11 9 58407 1
14 10 29 9 52655 1
15 27 6 21 39379 1
4 27 9 1 96392 1
13 6 24 28 81356 1
20 9 4 16 51613 1
26 24 22 12 28834 1
0 24 28 21 65969 1
0 8 14 28 83346 1
25 14 0 16 68965 1
16 13 9 29 69368 1
13 19 15 5 53408 1
29 11 8 5 68184 1
12 14 21 28 58682 1
2 25 11 6 70493 1
16 0 20 7 33751 1
29 8 16 25 76160 1
19 18 1 14 62936 1
28 13 1 18 87248 1
8 21 29 3 92792 1
21 29 19 15 49362 1
1 13 13 17 43239 1
20 23 16 2 64831 1
25 1 1 14 97576 1
2 28 28 0 126858 1
18 2 12 28 92766 1
1 20 15 10 57712 1
2 11 22 22 72419 1
27 9 14 23 62794 1
15 1 27 11 50624 1
2 10 28 22 83332 1
24 20 28 11 37499 1
27 10 14 1 62074 1
15 16 24 23 34075 1
27 14 8 28 78812 1
27 16 8 21 56049 1
19 13 18 27 51832 1
10 27 21 28 32747 1
19 12 15 6 29635 1
15 27 8 22 29686 1
25 27 16 11 53571 1
19 2 13 24 71500 1
2 14 8 25 42625 1
9 8 14 14 37835 1
12 3 19 16 46654 1
3 5 21 16 65767 1
22 15 4 17 48751 1
0 1 18 11 72060 1
6 7 20 4 53683 1
18 0 10 21 79059 1
0 14 9 17 41408 1
10 26 28 1 104210 1
25 25 22 9 34569 1
7 17 20 23 56875 1
6 11 24 0 64735 1
20 3 9 11 44371 1
10 28 17 16 50009 1
28 7 15 15 65900 1
11 5 8 22 59233 1
13 27 5 19 41870 1
7 25 17 8 77090 1
12 6 0 28 76385 1
15 27 29 13 72620 1
1 10 25 15 74521 1
16 14 13 21 38186 1
10 13 27 22 63073 1
12 9 2 11 28051 1
2 23 10 7 61656 1
7 10 5 27 60770 1
3 17 27 7 85781 1
5 20 15 0 77830 1
17 8 21 17 33848 1
22 25 15 8 61534 1
7 27 10 17 43667 1
8 24 12 6 55676 1
17 4 10 27 81983 1
11 23 17 3 73867 1
2 7 26 5 83403 1
9 18 26 5 73912 1
21 1 15 12 42281 1
11 22 24 2 73001 1
2 18 17 27 58238 1
10 12 29 5 67246 1
0 2 13 22 86116 1
21 0 19 13 35910 1
9 24 27 1 93992 1
8 13 12 25 48887 1
4 0 5 20 52652 1
5 22 18 14 60645 1
23 2 0 25 91771 1
23 13 12 29 61768 1
29 23 2 4 101383 1
22 11 1 4 70018 1
19 25 7 20 39590 1
19 13 3 6 63087 1
22 21 0 2 94621 1
25 23 19 8 44168 1
15 25 0 19 52358 1
8 13 0 10 35026 1
24 10 25 28 49602 1
28 26 14 3 77014 1
11 16 24 7 46023 1
0 12 15 24 70588 1
21 16 10 12 39735 1
12 8 22 17 40248 1
24 13 10 16 44241 1
6 11 28 11 53632 1
0 6 0 20 54553 1
13 21 8 1 71668 1
0 18 10 21 45465 1
11 25 23 14 48931 1
9 15 3 29 58605 1
23 3 3 14 68380 1
28 21 24 0 55331 1
25 8 18 13 36339 1
19 10 3 9 49748 1
13 25 26 12 62388 1
7 14 20 4 64371 1
21 24 14 21 25079 1
21 21 28 12 38943 1
27 12 22 29 65359 1
2 3 21 8 74318 1
19 13 29 8 48529 1
5 27 25 13 76885 1
17 3 5 0 57968 1
23 21 4 24 46266 1
23 1 0 7 89335 1
12 29 6 12 71340 1
21 3 4 2 73432 1
18 10 29 15 46659 1
6 1 10 7 43061 1
28 15 2 15 66474 1
14 12 7 29 73697 1
20 5 15 27 66652 1
17 2 23 18 51729 1
14 12 2 23 63201 1
13 25 9 3 69284 1
19 9 10 15 43123 1
28 13 26 0 63464 1
7 21 21 29 58048 1
28 29 1 1 124677 1
28 2 21 21 60282 1
18 6 20 24 56600 1
2 3 29 4 99033 1
8 15 16 23 47438 1
24 1 2 26 101838 1
8 18 6 5 52145 1
16 13 24 21 45885 1
26 0 0 14 107189 1
21 4 4 6 67341 1
7 22 11 15 35781 1
11 14 25 14 45093 1
3 21 3 10 23379 1
9 2 27 20 92186 1
16 17 2 15 42294 1
4 20 4 4 42286 1
0 9 7 13 39888 1
5 9 11 26 62968 1
11 17 23 8 46124 1
17 5 12 12 33650 1
7 1 28 9 94256 1
0 10 6 20 44445 1
9 10 19 1 59408 1
26 17 11 18 45674 1
20 23 9 12 68583 1
16 29 6 15 64902 1
5 18 9 24 25740 1
5 17 2 2 45379 1
8 15 27 12 64833 1
28 1 14 27 101558 1
1 14 29 27 91364 1
1 28 26 25 63833 1
0 16 21 5 76746 1
8 23 10 8 58042 1
24 1 14 19 74329 1
18 21 26 19 26503 1
8 16 1 21 29897 1
23 9 15 7 31621 1
18 26 12 13 49704 1
1 13 19 1 82844 1
11 5 6 0 38617 1
7 18 19 17 44788 1
11 28 4 17 52190 1
12 7 8 29 66714 1
26 21 28 10 45366 1
29 19 10 18 61179 1
20 26 10 9 70099 1
24 22 13 1 73692 1
14 5 5 1 46209 1
10 5 29 22 80994 1
2 10 18 24 67626 1
24 21 5 17 54487 1
9 0 10 15 55452 1
13 2 16 12 40592 1
29 29 18 12 68162 1
27 22 6 27 63256 1
10 7 20 17 46266 1
20 25 19 2 65611 1
7 9 0 29 63790 1
27 22 6 24 51371 1
28 28 24 4 59510 1
5 29 22 5 82601 1
7 25 11 7 62273 1
25 16 1 14 64674 1
15 17 12 3 42512 1
15 2 13 11 26861 1
23 26 0 11 84130 1
0 0 21 23 102044 1
19 25 20 5 54827 1
1 17 26 15 71084 1
14 9 24 29 71266 1
17 5 23 28 65829 1
13 17 2 19 40716 1
27 26 14 5 77853 1
11 21 27 6 73847 1
18 17 4 10 56952 1
28 20 11 18 52809 1
25 1 13 0 63848 1
18 22 0 19 69891 1
27 4 9 2 70520 1
17 9 17 29 71703 1
21 26 22 14 28148 1
15 28 20 21 38695 1
11 29 29 15 73362 1
21 20 12 1 62554 1
14 17 11 3 47270 1
22 5 28 18 34969 1
7 14 3 6 39319 1
5 14 23 15 51494 1
6 25 12 19 27753 1
16 19 4 13 58640 1
12 5 0 0 53263 1
21 16 16 29 49210 1
26 25 17 27 29186 1
27 22 17 11 44786 1
11 2 2 4 42562 1
24 22 6 16 52531 1
28 16 8 6 74199 1
25 25 7 12 75611 1
2 16 22 9 60062 1
1 23 5 12 39103 1
2 16 25 0 88334 1
2 24 0 14 42085 1
14 9 27 24 59459 1
7 8 13 17 42880 1
11 2 0 12 59627 1
16 4 10 25 72911 1
26 0 3 1 101855 1
21 28 2 27 60392 1
13 25 0 6 77496 1
0 6 9 18 59967 1
17 15 10 20 35705 1
23 4 12 4 36523 1
28 5 22 17 41124 1
19 8 7 9 47789 1
29 3 28 26 79302 1
29 25 8 9 82394 1
12 15 18 19 33907 1
5 9 19 28 89803 1
22 19 2 17 57048 1
15 4 10 26 72878 1
21 1 7 19 79033 1
28 23 4 3 99922 1
10 17 12 3 40664 1
28 1 9 9 86123 1
7 12 21 26 77531 1
7 24 26 22 45884 1
21 29 4 8 96467 1
15 11 26 0 53503 1
24 19 14 14 44643 1
14 5 23 12 42797 1
17 1 3 27 107086 1
27 14 4 8 80905 1
15 2 17 12 32130 1
7 13 29 18 73113 1
23 19 18 6 45464 1
11 12 15 5 28845 1
11 16 22 18 27493 1
3 10 11 0 50163 1
2 13 26 11 64939 1
22 5 29 14 45705 1
13 2 10 24 66269 1
27 9 5 29 94364 1
2 17 22 27 70958 1
1 8 21 20 77718 1
9 10 26 22 66422 1
22 26 12 8 63233 1
18 4 21 19 41486 1
19 13 0 6 76183 1
28 12 8 20 76020 1
6 10 13 21 52951 1
4 28 3 19 32930 1
0 0 23 23 102266 1
10 26 18 22 34512 1
28 28 11 1 93656 1
27 29 11 10 82492 1
28 17 18 21 31297 1
22 8 4 23 68858 1
1 5 22 17 77826 1
7 19 19 4 70862 1
28 2 20 15 54600 1
16 28 3 19 56537 1
3 5 13 27 75309 1
2 4 12 22 67785 1
21 6 28 2 41313 1
17 0 3 7 66942 1
24 28 22 0 56669 1
16 3 20 18 50162 1
9 3 15 8 33173 1
19 26 26 22 27043 1
22 17 23 0 31690 1
28 24 6 15 67340 1
26 6 15 20 64152 1
25 4 10 21 63793 1
22 24 25 8 43841 1
12 25 29 4 81588 1
20 16 23 4 27513 1
23 27 18 5 58642 1
14 13 1 14 57228 1
29 14 6 17 72445 1
27 9 14 20 59988 1
11 24 22 19 34684 1
12 12 0 23 63500 1
26 16 10 21 45194 1
12 25 19 21 27407 1
12 24 24 28 36529 1
16 24 11 18 30372 1
21 15 3 7 62877 1
24 25 0 27 64890 1
7 17 29 8 84258 1
10 12 26 12 47539 1
17 7 8 2 45577 1
28 24 16 23 28410 1
1 26 22 2 85183 1
14 5 16 24 66772 1
3 20 26 26 63963 1
14 13 15 23 48093 1
13 17 24 12 44730 1
12 22 26 27 42108 1
5 3 20 3 59020 1
11 6 26 3 59332 1
9 13 28 1 91692 1
13 22 27 27 48171 1
20 22 1 14 75355 1
10 15 24 5 56517 1
1 23 14 17 55813 1
19 11 10 7 31639 1
17 3 17 21 57890 1
3 4 22 23 88689 1
27 19 18 13 45152 1
25 8 9 18 65628 1
0 23 21 14 77838 1
29 15 7 11 69575 1
2 22 29 26 65681 1
14 8 17 27 70971 1
23 17 5 9 60989 1
25 29 11 24 42968 1
12 3 7 27 75271 1
21 7 8 17 53815 1
28 26 14 16 48571 1
19 26 7 19 47128 1
24 17 11 29 62530 1
1 14 15 20 58186 1
16 18 11 6 50819 1
26 5 8 28 87812 1
17 22 22 10 33874 1
24 24 29 7 68568 1
1 24 17 28 44502 1
17 22 10 26 31861 1
2 22 13 28 43758 1
21 18 4 10 61421 1
25 13 5 9 60089 1
4 15 14 17 36397 1
22 15 11 17 29985 1
22 23 15 26 25221 1
2 21 20 29 72010 1
11 11 29 28 73942 1
7 29 25 25 48507 1
5 11 29 5 75337 1
22 20 5 29 59969 1
7 4 0 0 34083 1
3 6 18 4 58699 1
24 23 1 8 85552 1
3 0 7 16 42721 1
7 18 7 2 68518 1
0 7 7 25 62822 1
21 29 18 5 72206 1
9 20 1 10 49295 1
29 18 11 1 78817 1
16 16 3 2 60724 1
10 3 14 17 51664 1
13 26 0 13 65660 1
27 14 10 13 63831 1
8 11 13 0 35888 1
9 1 11 27 90196 1
11 19 18 22 30490 1
1 26 6 6 63277 1
28 12 4 1 95475 1
23 24 20 7 38234 1
27 0 15 1 60041 1
17 29 28 1 101126 1
9 27 18 10 74361 1
28 26 22 18 27614 1
1 3 19 26 93977 1
27 25 17 5 66547 1
26 7 18 16 43437 1
3 6 2 16 25524 1
