4390 3749 4169 3605 4575 3655 4116 4617 3963 4038 4205 4240 3946 3927 4000 4190 4382 3825 3772 4622 4397 4004 5979 6291 5945 5759 5759 5888 6316
1650 2165 2256 2038 2470 7699 6944 7170 7315 6994 6962 7572 7625 7741 7770 6819 7203 7697 7642 6830 6811 7736 7173 7354 7648 7603 7021 6933 6989
6424 5477 6053 6008 5560 6064 6096 6232 6417 5637 6225 6404 6361 6398 5556 6224 7571 7755 7701 6878 7532 7647 7159 7640 7022 7239 6743 6715 7192
3968 4410 3985 4392 4046 4255 4283 4074 3992 4289 4884 4825 4646 4662 4197 4104 4422 4524 4720 4630 4047 4830 5195 4485 5177 4266 5262 5167 5121
3064 2979 2851 2975 5095 5106 5349 4873 5277 5424 5569 5214 5373 4966 5450 5627 4756 5468 4948 5588 4764 4937 4727 5031 5163 4930 5217 5365 5592
6524 6919 7241 7371 6963 6980 6817 6633 7198 7099 7255 6719 6772 7535 6707 6699 6822 7406 7542 7462 6724 6564 7353 7255 7235 5239 6045 5752 5066
7095 7623 7354 6947 5193 5305 4763 4915 4684 5235 4814 4590 5420 4867 4551 5468 5332 4567 4632 5429 4770 4886 5338 5100 4747 4618 5320 4468 5178
4364 4960 4461 4609 4198 4802 4554 5061 4024 4632 4428 4886 4180 4782 4721 4601 4358 4673 4196 4512 4795 4462 4906 4278 4915 4218 4321 4291 4050
4518 5064 4589 4908 4232 4711 4715 4620 4133 5017 4540 4613 4403 4414 4872 3779 4690 4340 4443 4157 4732 4361 4681 3841 4254 4028 3851 4464 4522
1845 2476 2522 1864 2770 2028 2588 2340 2320 2064 2322 1966 2284 2143 2455 2174 2447 2589 2312 2346 2182 2579 2291 1793 2146 2456 2108 7129 7395
7949 7559 8265 8071 7628 7680 7868 7790 7487 8240 7931 6766 6840 6550 6478 6633 6745 6006 6043 6295 5945 6826 6225 5968 5968 6007 6254 6282 6180
3534 4292 4406 4505 4072 4255 4284 3741 4062 4164 4431 4209 4305 3600 4130 4123 3654 3998 3882 3895 3795 3964 3631 3704 3629 4020 3823 4286 4419
7891 7488 7194 6574 6863 7191 7336 6602 6561 6398 6869 7177 7157 7170 7284 7085 7190 7241 6503 6413 6965 6930 6370 6851 6895 6911 6599 6461 6289
4435 4404 3942 5586 5380 6306 5915 6202 6108 6305 6359 5914 6305 6089 6069 6295 5541 5849 5495 6360 6375 5780 6192 5744 5548 6176 5788 6177 6011
8436 8211 8135 7943 8263 8099 8229 7940 7848 7859 8143 8121 7887 8148 8476 8228 7696 6675 6474 6490 6306 6521 5967 6205 6922 6837 6471 6623 6565
4977 5642 5463 5783 4931 5623 5730 5582 5368 5639 5324 5775 5450 8578 8417 8704 8510 8022 8425 8530 7768 8366 8238 8475 8548 8457 8421 8720 8687
3130 2944 3216 3431 3876 3641 5578 6142 6394 6313 5417 5378 6327 6016 6154 6011 6319 5602 5780 5719 6012 6114 6069 5697 5959 6241 5509 5568 5825
3266 3107 2979 3179 3459 3046 3507 2776 3310 3123 2907 3014 2714 3149 2694 3156 3326 3357 3620 2757 3400 2741 3239 7740 7887 7714 8502 7881 8359
6610 5756 5735 5887 5817 6701 6186 6044 6156 6439 6076 6158 5960 6456 6271 6388 6727 2416 2320 2132 2836 2769 2982 2491 2645 2724 2703 2203 3145
4854 5246 4788 6423 6421 6422 6059 6785 5883 6744 6181 6755 6173 6461 6165 6115 6887 5945 5882 6906 6170 6826 5861 6771 6522 6719 6315 6243 6029
3774 4100 4356 3551 3519 2798 3132 2853 2813 3294 3284 2612 2912 3652 2777 3513 2606 3502 3594 3160 3568 3045 3565 2784 3316 3145 3247 3519 2899
2373 2216 1646 2329 2014 2063 2000 1978 2345 1732 1569 2299 1721 1591 1980 1872 2137 2254 2315 1826 2113 2232 2287 2030 1977 3522 3027 2661 2529
4224 4987 4658 4621 4084 4220 4948 4806 4840 4755 5094 4099 4588 4110 4350 4857 4262 4550 4686 5031 4301 1959 1645 2266 1381 1457 1815 1898 1595
7043 7447 7582 6884 7007 7145 7507 7459 7424 7785 7292 6916 7089 7841 7578 7413 7303 7340 7500 4718 4930 4522 4662 4596 4646 4446 4193 4578 4346
4717 4149 4967 5107 4666 4953 4691 4132 4070 4665 4497 4806 5027 4801 4756 4161 8252 8056 8172 8061 8056 7499 7786 7485 7494 8084 7942 7261 7569
4959 5285 5254 4605 4281 4690 4693 5171 5213 4442 4906 5197 5404 5279 5865 5272 5436 5023 5166 5037 5623 5123 5431 5185 4835 4987 5384 5283 5212
5290 5607 5720 5594 5809 5037 5169 5982 5126 5830 5823 5157 5066 5349 5782 5174 1485 2039 1526 2099 1335 1121 1864 1118 2108 1499 1091 1502 1888
4400 3789 4603 3811 3730 3705 4438 3874 3700 3951 4577 3790 4147 3982 4600 4170 4448 3994 4340 3739 4515 3944 3671 4428 3759 4351 8031 8020 7485
5428 5301 5351 5288 5270 5358 5853 5145 5654 5618 4977 5017 5988 5436 5968 5985 5743 5297 5024 5638 5293 3443 2689 3271 2922 3419 3368 2488 3438
3967 3643 3630 4223 3680 3456 3400 3955 4352 3793 3704 6448 6648 6796 6551 6310 6708 6299 6681 6059 6444 6284 6727 6653 6337 6400 6372 6086 6977
6534 7944 4017 1792 4591 6105 7063 8015 5213 4276 7597 3608 8299 4443 4885 6264 7742 3626 5488 5168 2239 6123 7220 7266 2942 3370 6332 2760 3705 7541
7064 7966 3436 1634 5260 6014 7093 8066 5034 4712 7931 3285 7594 4670 5662 6749 7790 3423 5693 4700 2110 6960 7561 6872 2948 4088 6301 2562 4113 7477
6511 7623 3799 1971 5560 5821 7444 7952 5167 4265 7915 3657 7426 4843 5621 6382 7503 3505 5940 5330 2432 6799 7276 7585 2590 3899 6557 2440 3432 8188
6328 7017 3239 2123 5108 5870 7795 8067 5817 3699 7344 3506 7633 4857 5635 6047 6072 3205 6240 5284 2252 6174 6615 7677 3269 3421 6845 2122 3993 7588
6637 7192 3290 1322 5518 6059 7595 7301 5835 4530 7747 3311 3315 4043 5332 5961 5778 3414 6249 5119 6144 6551 6655 7396 3009 3359 6327 2945 3519 8423
6747 7989 3285 1887 5121 6354 7932 8016 5478 4658 7814 4071 2853 4545 5120 6635 6137 3558 6281 5038 5268 6434 7121 7431 2824 4098 6023 3018 4045 8134
6997 7212 3698 1769 5216 6589 7820 7640 5071 4109 7507 3644 3264 4906 5013 6403 5875 3159 6211 4724 5156 6820 6980 6772 2578 3581 6481 2819 3722 7904
7028 7703 4114 1863 5074 6956 7902 7356 5660 4088 7660 3306 3415 4110 5170 6423 5764 3059 5922 4736 5524 6315 7060 7408 2714 4325 6205 3117 3322 8044
6052 7159 3244 1755 5117 7159 7657 7909 5303 4384 7551 3500 2968 5027 5243 6090 5133 3617 2018 5241 5176 6331 6639 6965 3226 3325 6554 2383 3279 8186
6910 7725 3745 1965 4735 6929 7990 7541 5832 4496 7161 4018 2872 4751 5317 6933 6144 3578 2247 5431 5384 6972 7369 7149 3063 3962 6842 2290 6281 7728
6818 7136 3153 1424 4833 7401 7565 7696 5335 4054 7381 3416 2388 4111 5493 6777 5623 3110 2124 5300 5991 6902 7634 7053 3088 3657 6152 2711 6932 7458
4613 7925 3966 1658 5237 6585 7591 7253 5534 4029 2226 3376 2640 4155 5597 6637 6118 3369 1410 5390 5945 6292 7628 7582 2586 4241 6607 2072 6916 8072
5429 7042 6750 1384 4914 7029 8062 8192 5173 4683 2076 4068 3249 5029 5527 6239 5979 3192 2136 5057 5639 7063 7436 7060 2642 3600 6380 2323 6363 8207
4830 7949 6136 1827 4912 6850 7908 7584 5524 4372 1280 4227 2933 4259 5501 6053 5994 3317 2317 5613 5843 6868 6609 6967 2794 4018 6296 2490 6194 8134
4875 7354 5922 1992 5631 6601 7437 7420 5124 4349 1795 3668 2668 4202 4936 7283 5628 3120 2023 5724 6087 6826 7128 7219 2502 3478 5971 2083 6805 7772
4631 4579 6605 2011 5638 7151 7067 7289 5769 4645 1884 3804 3197 4511 3912 6636 5585 4027 1395 5656 6056 1710 7233 6663 2958 4097 6670 1960 6297 7505
4631 4943 6714 1756 4757 7075 7470 7824 5034 4250 1905 3551 2892 4476 4095 6449 5461 3679 2141 5261 5242 1669 6818 7036 3106 4301 6529 2811 6850 7456
5005 4543 6668 2272 4972 7418 7418 2780 4837 4327 2145 4152 3338 4394 4401 7289 5743 3824 2250 5663 6054 1658 7575 7322 2958 3924 6232 1893 7109 7623
5013 5054 5845 1615 5651 6933 8076 2172 5337 4377 1442 3658 2893 4653 4125 6671 5937 3645 2227 5590 5401 1455 7620 7441 3383 4296 6895 1959 7010 8372
4893 4139 5887 2208 6234 6983 7898 2161 5551 3703 1707 3606 3420 3775 4472 6829 5351 4061 2292 1543 5378 1908 7885 7203 3255 3475 7522 2084 6585 8389
4417 4708 6743 1837 5677 7458 7628 2662 5637 3771 1538 3810 3358 4081 4785 6387 5139 4018 1522 2254 5254 1443 7676 7213 3481 4086 8161 2034 6271 8356
4807 4704 6124 1391 6208 6771 7721 2538 4898 4110 1835 4078 3078 3906 4638 6530 5257 3590 1848 1518 5593 2188 7921 6681 3319 3380 7463 1940 6359 8198
5208 4973 6389 1756 5410 6598 7528 2526 2670 4722 1607 3952 2572 4122 4613 6538 6098 3453 2385 1954 5431 1582 7694 7223 3580 4315 7920 2080 6331 8043
4769 5035 6487 1745 5704 7172 7786 2510 2848 4278 1942 3529 3224 3741 4283 6909 5623 5508 2136 1335 5200 1536 7404 7250 3428 3421 8066 2175 6794 7522
4817 4637 5820 1331 5815 7472 7993 2372 3307 6482 1245 3307 2698 4689 4706 6708 5400 5268 1391 2086 5841 1330 7936 6957 3828 3835 7280 2873 6385 7425
5100 4268 6306 1643 5895 7441 7635 2168 3169 6747 1229 4172 3090 4222 3847 6954 5535 5417 1533 1993 5164 1406 7290 6927 4142 4122 7827 2876 6208 7814
4827 5093 6362 6519 5730 7119 1587 2596 3048 6502 2219 3710 2870 4064 3934 6470 5809 4898 2337 1565 6116 1293 7476 7183 4227 3219 7321 2860 6540 7643
4607 4608 6337 6990 5581 6502 2197 2291 3499 6501 1907 4097 3245 4082 4019 6385 5306 4818 1426 2069 6124 2169 7459 7359 3305 2901 7566 2039 6918 7589
4756 4857 5755 6995 5610 7148 2148 2632 3020 6528 1818 4194 2888 4492 4204 6680 5558 4576 2226 2074 5141 2253 8012 2783 4238 2861 8245 2350 6545 7782
28 8 19 15 42798 1
8 26 23 8 74154 1
18 20 24 1 54385 1
1 14 19 12 71060 1
18 12 12 28 67607 1
1 6 14 29 106172 1
4 13 26 29 84809 1
3 25 12 18 42081 1
7 16 1 20 36110 1
5 8 26 27 90167 1
1 22 9 10 68766 1
4 17 5 28 56441 1
29 10 10 13 48856 1
14 14 7 6 57507 1
10 22 27 8 74023 1
16 0 8 20 65739 1
19 0 15 20 69294 1
16 0 7 2 29630 1
26 27 17 4 64049 1
18 3 2 10 61952 1
1 15 20 2 92765 1
24 6 9 13 52433 1
21 9 14 14 33291 1
18 13 28 22 43501 1
3 20 19 1 93589 1
29 6 21 9 27356 1
3 26 18 0 103294 1
15 7 19 28 73899 1
11 4 19 21 62554 1
10 17 7 6 43544 1
26 20 27 6 53266 1
28 23 25 14 32881 1
19 2 20 19 43286 1
16 21 27 9 43838 1
4 25 11 18 37388 1
1 21 5 13 51512 1
7 23 5 5 79683 1
18 6 27 21 50205 1
28 14 20 4 48401 1
1 25 6 15 66572 1
9 7 21 20 53329 1
17 11 24 25 48591 1
13 28 11 1 82227 1
0 18 2 9 45741 1
0 10 16 28 93861 1
24 14 1 10 85819 1
18 26 22 19 23874 1
26 28 9 0 83232 1
19 24 8 0 84205 1
19 18 15 11 33242 1
4 28 23 20 65332 1
28 20 18 12 41317 1
14 14 5 26 73006 1
11 24 20 29 37565 1
4 22 18 16 64798 1
7 5 4 13 47192 1
11 19 27 11 53672 1
12 6 3 12 58028 1
11 22 27 9 64700 1
11 26 17 3 75659 1
23 15 15 0 60298 1
23 19 4 15 59650 1
0 12 19 3 71034 1
27 11 25 26 50302 1
27 10 7 4 54714 1
10 5 1 8 52208 1
3 22 24 14 86664 1
13 13 21 25 56000 1
1 0 18 12 66071 1
0 3 23 9 59626 1
18 4 6 7 49763 1
26 21 18 9 40802 1
16 17 1 14 65861 1
24 0 13 18 64776 1
22 13 19 0 39501 1
14 27 25 16 47160 1
26 26 9 20 50547 1
29 12 20 20 42949 1
28 6 28 20 62636 1
24 12 15 21 36526 1
4 9 22 26 83246 1
24 6 10 12 47346 1
19 17 7 5 67939 1
6 3 14 27 71840 1
5 18 26 3 82263 1
1 5 20 27 93604 1
16 14 23 25 44726 1
8 0 17 6 36596 1
5 23 6 14 52404 1
16 2 17 27 71663 1
2 14 12 1 75839 1
15 22 9 26 37990 1
10 4 23 2 38627 1
8 26 1 23 35568 1
28 13 2 12 87935 1
25 2 24 22 60420 1
25 5 18 23 57618 1
26 20 18 15 34490 1
18 0 24 8 40670 1
12 8 26 14 57676 1
4 2 3 12 44014 1
1 11 25 20 82667 1
27 21 25 1 62192 1
20 10 12 24 53223 1
2 7 27 8 84586 1
4 4 11 1 23658 1
17 15 24 26 49091 1
14 10 3 28 75289 1
12 13 21 21 49426 1
1 20 12 23 56192 1
20 11 16 29 60604 1
26 2 12 1 44492 1
26 12 12 19 51023 1
5 11 6 22 58583 1
14 16 23 0 71851 1
27 17 5 8 82895 1
10 0 19 8 52698 1
14 19 3 0 74126 1
6 3 29 21 77188 1
13 11 11 22 50843 1
14 1 5 9 53875 1
29 18 11 19 38877 1
21 14 17 6 26517 1
27 1 8 8 61619 1
28 22 14 24 39519 1
25 4 5 24 89641 1
18 15 0 15 74648 1
17 18 10 7 48438 1
29 21 10 16 52798 1
15 1 21 25 65091 1
2 1 29 24 105921 1
16 20 4 8 72641 1
21 6 7 6 45582 1
9 20 2 28 40558 1
29 14 3 4 86317 1
5 26 23 19 65976 1
28 2 9 10 63248 1
2 22 12 18 53860 1
7 27 20 21 45810 1
25 23 17 2 64239 1
28 10 9 4 50258 1
10 1 19 20 74973 1
23 6 24 28 64530 1
16 14 2 11 59251 1
12 13 7 5 43463 1
14 15 18 8 44473 1
15 10 27 22 45534 1
13 20 1 13 68581 1
23 23 0 18 80071 1
6 29 6 2 84309 1
23 28 11 16 52787 1
29 6 8 16 75106 1
7 18 12 10 38089 1
11 7 1 18 68845 1
2 24 6 7 76337 1
19 23 21 2 53040 1
14 17 19 27 40045 1
15 6 21 22 56849 1
16 1 4 16 71749 1
7 6 25 28 97245 1
27 29 10 13 74572 1
20 10 1 19 81080 1
27 11 15 24 58401 1
28 11 15 15 51356 1
29 17 19 28 45926 1
20 27 15 20 33162 1
5 1 17 25 95930 1
17 2 5 3 24270 1
17 27 8 12 56013 1
1 5 9 23 64896 1
13 29 25 27 38570 1
5 21 20 29 68080 1
29 21 20 14 32996 1
9 23 2 6 76386 1
27 16 4 17 62106 1
27 13 15 9 38851 1
14 16 11 2 63822 1
18 13 0 22 84969 1
11 9 26 12 40692 1
8 27 2 18 55661 1
22 1 3 2 45201 1
2 21 21 1 101426 1
0 21 7 2 84908 1
17 28 4 23 52713 1
1 25 16 19 63719 1
22 14 4 13 64835 1
9 6 3 10 37005 1
7 20 1 29 61583 1
12 20 3 23 48270 1
12 22 26 1 91954 1
27 13 4 10 75855 1
15 3 15 16 54847 1
17 27 26 13 51076 1
3 10 2 24 66761 1
24 15 16 26 58187 1
5 1 15 25 93714 1
25 27 4 2 89210 1
17 10 4 2 47864 1
10 0 16 10 49638 1
14 11 25 12 35053 1
11 1 23 25 77150 1
16 29 12 2 93650 1
7 24 28 21 56189 1
27 25 8 11 67167 1
2 17 10 8 49524 1
29 8 1 29 116995 1
22 16 22 1 39316 1
0 27 11 13 65049 1
20 15 9 29 66920 1
28 1 22 10 43681 1
19 13 8 6 55857 1
5 6 1 18 77447 1
27 24 17 11 47745 1
6 13 27 3 71663 1
14 24 20 9 51081 1
23 3 19 13 31053 1
2 5 10 13 51555 1
12 13 23 12 40755 1
26 25 20 7 44604 1
15 29 8 7 84276 1
2 15 16 4 77240 1
17 29 17 6 74713 1
8 8 13 22 59994 1
0 24 29 20 85046 1
11 12 16 4 41214 1
3 18 21 24 63811 1
26 15 29 4 52573 1
1 25 28 29 83398 1
7 13 20 23 56249 1
26 22 24 13 33915 1
11 26 1 11 71626 1
22 5 27 12 35333 1
14 19 23 16 36070 1
25 8 23 22 46253 1
23 12 18 20 27698 1
12 22 12 11 54403 1
5 21 6 10 60874 1
2 8 7 28 85075 1
14 18 24 18 20219 1
10 29 19 23 48809 1
17 17 8 4 56757 1
14 19 3 21 54673 1
0 21 29 27 94987 1
19 7 13 20 54323 1
10 20 7 6 52597 1
1 18 22 8 85708 1
1 15 26 2 103832 1
6 18 8 3 47922 1
3 0 4 29 102870 1
7 13 20 13 45965 1
1 14 9 29 81344 1
18 0 29 18 65724 1
7 25 28 29 61693 1
19 23 28 19 30366 1
4 6 16 17 75380 1
1 6 13 17 71545 1
5 9 25 4 63926 1
1 2 9 4 18444 1
29 24 1 26 82951 1
23 10 7 16 55224 1
13 18 28 7 54646 1
28 16 15 9 55615 1
12 5 12 16 58007 1
21 25 9 19 40975 1
20 23 13 6 67956 1
3 21 21 28 68211 1
21 9 13 0 41028 1
5 12 26 6 67667 1
24 15 6 12 66946 1
20 25 5 21 65927 1
22 10 8 12 36632 1
26 0 27 14 61324 1
7 26 19 11 72530 1
15 5 1 16 86872 1
14 15 26 27 59345 1
25 28 14 28 35798 1
14 29 6 6 92674 1
23 10 4 20 74615 1
28 22 3 22 80992 1
10 4 17 22 65536 1
1 17 22 10 70871 1
22 25 2 17 65682 1
13 25 1 0 85179 1
5 27 16 18 45202 1
4 28 15 21 61631 1
20 14 7 18 42900 1
10 11 23 22 55814 1
3 15 13 24 56009 1
13 22 27 7 71759 1
13 22 20 3 67292 1
12 13 20 17 45353 1
2 29 7 14 72486 1
7 2 0 11 49733 1
25 3 5 21 91909 1
23 12 9 2 48450 1
14 10 4 4 43777 1
9 11 16 2 33773 1
9 21 17 14 35166 1
21 10 16 16 29927 1
27 4 11 14 66903 1
16 12 29 16 55745 1
14 13 7 26 61630 1
13 15 16 26 60452 1
0 14 27 10 83941 1
0 26 12 29 49748 1
14 19 7 14 36786 1
24 10 5 17 60873 1
11 28 7 2 71933 1
29 2 29 23 86130 1
1 8 24 22 103047 1
26 14 9 21 54697 1
20 17 23 24 22916 1
24 26 0 3 99111 1
10 12 23 0 59737 1
17 4 5 6 45784 1
10 18 14 25 36695 1
16 10 21 27 45065 1
23 4 22 23 51219 1
8 2 25 4 38543 1
4 19 14 2 75381 1
15 28 10 4 80127 1
17 28 6 26 40260 1
13 25 27 18 48253 1
12 13 2 1 57944 1
4 13 4 28 74299 1
22 20 4 10 72407 1
23 12 12 15 54828 1
18 14 6 17 45151 1
17 29 19 17 42634 1
6 7 27 26 94584 1
0 14 11 27 70941 1
25 16 9 24 55806 1
26 9 14 1 55930 1
23 13 5 18 62378 1
11 27 28 11 74998 1
14 11 14 25 68658 1
8 19 4 27 37424 1
0 7 24 14 89191 1
6 10 7 29 65376 1
16 8 25 26 63295 1
8 18 22 9 47367 1
29 25 17 12 54009 1
18 2 0 27 100757 1
10 17 1 19 42864 1
27 5 25 21 56943 1
6 0 15 7 56717 1
16 26 14 9 72111 1
20 26 1 17 74078 1
9 17 11 0 47386 1
20 8 6 15 60802 1
19 14 20 24 33784 1
2 3 22 17 65859 1
22 11 6 12 47123 1
27 7 7 25 83571 1
12 18 25 29 52403 1
3 27 5 9 74300 1
14 1 21 12 46110 1
10 2 4 17 54839 1
0 5 6 15 64870 1
8 9 9 20 29486 1
7 16 18 9 52400 1
17 23 5 5 87512 1
19 24 0 14 82683 1
23 26 11 25 37765 1
20 15 5 23 64283 1
13 27 17 1 82121 1
2 9 11 23 73535 1
21 23 2 29 69461 1
26 9 12 26 76252 1
3 17 22 18 48533 1
18 19 9 12 34455 1
28 2 4 12 83351 1
14 9 29 17 57279 1
17 17 25 0 63253 1
19 18 27 13 35192 1
5 13 13 29 72193 1
14 20 10 1 70275 1
8 3 2 8 35181 1
11 23 16 0 79263 1
24 13 3 12 72635 1
17 0 9 2 25891 1
28 29 19 20 37189 1
1 22 6 27 42855 1
22 4 14 17 54288 1
24 22 15 27 35821 1
23 27 14 23 35898 1
16 26 23 10 55278 1
5 17 25 17 52849 1
25 7 15 8 33300 1
18 26 8 1 84126 1
6 6 28 28 101754 1
13 28 0 27 39739 1
5 17 20 1 73726 1
13 18 24 14 37944 1
13 0 8 18 55584 1
3 11 19 13 57904 1
27 1 1 6 71257 1
29 21 20 13 33883 1
0 9 23 26 104526 1
13 18 0 9 64106 1
15 12 26 17 41985 1
18 18 26 2 49511 1
1 14 2 25 63259 1
8 19 25 3 66652 1
20 16 2 4 71279 1
26 16 6 8 74610 1
17 7 4 26 86245 1
28 16 5 3 83039 1
18 21 28 14 39930 1
27 26 27 5 72087 1
1 21 28 25 95781 1
6 27 7 8 61472 1
16 27 19 1 74279 1
1 21 1 7 70543 1
7 25 26 19 58202 1
19 19 13 25 38666 1
20 7 14 16 48562 1
15 26 21 0 78186 1
14 26 21 15 48463 1
6 4 27 27 90081 1
8 24 19 15 53835 1
12 23 22 11 61045 1
27 11 21 25 44857 1
23 12 5 0 70055 1
4 23 17 2 84235 1
10 29 29 18 66148 1
20 12 5 1 65070 1
13 16 20 27 49161 1
24 25 6 25 55453 1
6 20 21 19 46913 1
16 20 16 6 56122 1
4 26 7 6 80502 1
28 5 29 24 78029 1
5 23 19 1 94392 1
22 5 1 17 85925 1
1 6 11 14 59958 1
4 8 15 16 73097 1
8 6 26 25 79739 1
6 12 9 5 25275 1
17 3 29 12 46347 1
7 4 25 28 90824 1
10 7 13 24 57527 1
0 16 21 25 76200 1
10 17 29 11 59750 1
7 22 17 14 51444 1
23 18 2 5 80324 1
3 19 12 4 72642 1
8 12 28 16 65076 1
6 13 6 28 58851 1
25 13 1 29 105917 1
5 18 17 28 67266 1
22 18 14 7 51901 1
21 11 5 29 80049 1
23 14 0 29 98161 1
26 10 18 21 34341 1
7 26 14 23 34392 1
3 25 28 25 73296 1
1 23 27 7 104287 1
29 6 21 2 31622 1
26 15 18 18 24032 1
1 8 9 3 40645 1
8 24 0 7 81498 1
7 24 0 19 41525 1
17 19 2 23 60766 1
25 12 13 8 41549 1
23 1 14 5 42553 1
3 8 25 27 99760 1
14 18 3 26 50800 1
25 22 24 5 56709 1
9 27 25 17 56543 1
27 15 8 14 61788 1
19 4 3 27 95298 1
17 26 26 0 85270 1
21 28 19 4 63032 1
3 0 16 13 69600 1
22 12 19 24 34172 1
29 26 8 14 74679 1
26 6 19 24 58300 1
17 16 21 3 38927 1
11 8 23 24 59539 1
26 8 9 10 50999 1
8 29 25 5 96473 1
15 4 27 25 71049 1
14 2 6 13 51722 1
21 23 29 0 76866 1
22 22 1 11 78622 1
2 21 24 11 93201 1
4 22 22 17 67540 1
28 11 0 9 86394 1
29 16 18 24 45046 1
5 22 20 17 63283 1
9 18 18 29 46194 1
0 10 13 6 68388 1
8 3 5 24 60954 1
6 15 17 16 45700 1
19 20 1 1 80995 1
0 23 20 4 103210 1
4 0 17 7 44698 1
3 14 23 7 73655 1
4 2 8 16 45898 1
25 12 29 20 41278 1
19 26 14 17 42278 1
14 11 6 2 49178 1
10 7 8 15 31525 1
17 0 2 4 42067 1
16 18 0 11 61598 1
12 21 20 3 68575 1
22 0 17 28 77220 1
5 20 16 6 83345 1
1 16 17 17 55882 1
17 20 7 19 33367 1
24 22 19 0 64488 1
26 21 19 0 59682 1
8 29 18 2 87960 1
12 27 26 27 31581 1
5 13 18 8 55539 1
6 11 18 9 40931 1
12 21 4 25 43256 1
2 2 6 22 82937 1
7 16 26 0 86647 1
4 9 12 7 45375 1
2 8 6 2 37766 1
2 27 7 22 35982 1
17 0 0 0 50298 1
1 14 21 21 76744 1
20 18 14 9 37220 1
21 28 12 17 48573 1
6 20 29 20 67184 1
20 2 20 27 59016 1
18 9 15 29 77133 1
12 22 18 14 51520 1
20 13 12 2 48227 1
20 22 20 7 34882 1
20 23 27 29 35274 1
4 26 17 0 95670 1
10 21 24 27 53250 1
9 3 23 22 66379 1
23 16 17 3 44780 1
15 16 2 15 63116 1
18 7 21 24 41276 1
11 25 1 27 33589 1
9 4 3 19 59157 1
6 12 26 2 65444 1
15 17 27 11 49431 1
21 24 27 15 33054 1
0 2 7 17 58726 1
16 26 24 10 57220 1
19 22 8 1 78796 1
28 7 0 16 100100 1
27 24 20 9 42838 1
21 23 1 23 68358 1
6 28 13 3 73785 1
24 1 14 3 27699 1
27 11 15 21 46174 1
5 29 12 21 52350 1
9 3 19 22 67966 1
23 16 16 10 31124 1
5 22 18 6 94483 1
23 9 5 22 87290 1
13 28 27 25 41244 1
26 19 23 4 49992 1
28 3 16 16 65763 1
20 25 9 16 46440 1
28 12 2 24 90129 1
16 21 28 24 27810 1
29 21 10 2 75971 1
29 26 15 6 84208 1
19 1 19 22 59024 1
11 21 15 1 71652 1
29 19 19 29 43849 1
28 9 27 26 60865 1
14 0 17 9 39829 1
26 17 9 20 40074 1
28 22 6 7 87708 1
5 22 18 18 55262 1
8 3 10 14 31761 1
15 6 21 28 71929 1
20 24 29 19 27214 1
17 19 0 6 81718 1
23 10 4 27 77444 1
7 26 8 16 37686 1
12 8 2 21 79851 1
25 23 8 11 66885 1
4 1 20 10 52374 1
17 22 6 7 70935 1
13 18 22 20 25031 1
22 13 8 16 47993 1
18 1 29 23 73665 1
26 1 3 6 64554 1
13 3 26 15 63393 1
1 26 29 7 113835 1
25 11 26 0 50479 1
13 24 21 8 53120 1
5 16 26 29 73174 1
20 20 0 1 83596 1
14 14 10 26 61848 1
4 22 0 3 88082 1
9 25 11 9 44643 1
4 8 22 19 75407 1
24 5 13 7 53370 1
9 20 18 16 31844 1
3 18 24 12 71638 1
12 8 19 27 69177 1
13 29 8 15 55097 1
9 18 14 3 42612 1
28 18 1 12 89050 1
13 13 26 16 54238 1
3 5 29 29 112651 1
19 17 7 17 33369 1
2 9 26 18 83554 1
16 26 6 17 54075 1
9 0 4 10 47946 1
15 17 21 29 45248 1
1 6 28 8 78969 1
4 22 17 9 79824 1
16 28 0 5 100360 1
22 24 13 3 59714 1
23 19 3 23 65479 1
11 27 21 19 40299 1
15 17 4 10 56556 1
7 22 16 23 40454 1
17 4 6 11 45942 1
28 25 21 3 56468 1
27 7 6 6 67897 1
21 27 25 6 57022 1
28 4 19 1 36486 1
7 9 14 29 74203 1
16 18 12 8 48357 1
23 11 26 29 48328 1
0 1 10 8 41456 1
28 19 19 20 23223 1
3 27 26 16 69915 1
12 23 2 27 41142 1
13 22 3 27 46429 1
24 3 19 19 40888 1
10 6 25 18 64997 1
25 6 17 18 44408 1
4 7 26 18 85740 1
22 4 12 10 34112 1
26 7 17 17 45240 1
12 11 13 25 57298 1
9 7 28 9 52974 1
26 29 19 1 69037 1
24 8 3 16 80649 1
27 14 28 2 54645 1
6 22 21 11 68036 1
27 18 11 4 64579 1
8 3 16 17 55363 1
9 12 23 26 62429 1
3 13 16 28 81006 1
8 13 5 25 47701 1
28 15 10 4 78919 1
7 27 5 11 56292 1
2 9 27 12 78889 1
0 5 28 19 90582 1
6 20 27 5 88651 1
18 14 4 23 65612 1
29 17 26 0 75948 1
11 24 2 19 51523 1
9 18 13 29 41797 1
11 18 27 2 68585 1
23 17 15 24 37621 1
7 5 16 27 79977 1
8 18 26 23 43182 1
16 6 9 21 64403 1
23 12 4 15 71068 1
23 29 6 14 78943 1
3 2 24 11 60977 1
18 15 27 20 37695 1
7 18 23 28 57446 1
24 13 16 15 40286 1
14 29 27 28 47998 1
20 5 0 8 63866 1
29 24 8 0 94854 1
11 9 28 14 52754 1
15 27 14 14 57992 1
29 5 15 18 59794 1
1 0 6 13 55724 1
12 29 9 9 60480 1
2 8 2 25 86695 1
8 6 20 18 57911 1
28 16 23 4 63105 1
3 28 17 13 73259 1
24 19 9 8 53970 1
18 29 6 8 83903 1
28 2 10 8 64696 1
1 14 25 10 80448 1
25 18 3 18 58969 1
8 27 29 9 79698 1
18 23 7 8 64022 1
21 4 22 23 39601 1
29 4 15 7 55057 1
24 26 8 9 79873 1
16 25 23 14 47666 1
19 0 14 12 51516 1
23 4 6 11 60726 1
7 8 1 20 68779 1
22 5 0 28 106663 1
17 18 7 1 63186 1
11 15 3 18 39001 1
4 1 26 0 60858 1
13 21 23 29 47252 1
2 11 26 19 75956 1
25 11 2 23 92395 1
28 19 2 7 99840 1
14 5 4 26 96548 1
9 2 24 24 75675 1
15 26 1 27 43796 1
16 22 2 25 58095 1
22 1 25 15 54312 1
16 17 24 24 36446 1
14 7 19 2 41596 1
21 19 19 3 36244 1
2 16 22 13 71501 1
2 8 10 18 57318 1
3 26 10 6 76248 1
4 0 9 20 56502 1
6 18 27 9 67686 1
13 9 5 29 79817 1
14 26 22 18 44048 1
24 8 5 21 85344 1
2 19 24 5 99472 1
1 12 24 8 79834 1
3 19 22 4 88982 1
29 11 23 5 40993 1
10 8 28 16 70914 1
11 25 15 5 78586 1
18 29 15 6 80693 1
0 21 19 13 85618 1
26 18 27 8 42250 1
7 15 14 6 69091 1
25 12 10 24 63777 1
28 8 9 7 56599 1
20 21 24 4 47580 1
8 20 19 25 46659 1
2 10 21 21 77415 1
14 23 3 24 37998 1
3 27 17 10 75706 1
29 12 19 6 40891 1
6 3 8 29 71323 1
7 29 17 5 88905 1
15 23 25 3 68504 1
22 6 21 25 43744 1
10 5 17 9 42196 1
17 2 5 3 24270 1
28 17 6 24 64458 1
3 28 9 23 30074 1
29 11 26 26 50983 1
6 25 20 7 74992 1
24 26 4 9 97258 1
5 0 22 17 77296 1
7 1 2 19 79390 1
6 28 9 9 53444 1
26 24 21 14 26599 1
6 23 21 18 51205 1
29 8 13 6 60173 1
9 17 4 1 46191 1
0 1 6 8 45770 1
20 19 27 9 34020 1
16 11 29 15 54637 1
24 3 0 7 58908 1
22 16 15 13 36590 1
7 24 14 16 44048 1
22 28 6 23 50876 1
26 27 10 18 44733 1
5 4 17 1 34748 1
26 20 15 14 41749 1
2 28 22 22 62217 1
13 0 23 17 62972 1
6 3 17 3 19404 1
9 19 29 8 63766 1
11 0 11 13 45448 1
10 14 28 17 57419 1
29 22 12 19 50900 1
5 20 20 24 62304 1
3 19 22 22 65646 1
14 7 12 15 56541 1
28 27 0 14 97606 1
0 11 12 6 64502 1
27 10 7 6 62900 1
22 27 18 20 20353 1
5 19 12 14 46832 1
22 14 7 17 46230 1
2 3 21 1 38501 1
15 23 29 6 76908 1
2 14 25 1 95301 1
28 25 17 14 47250 1
22 11 27 1 42885 1
17 26 4 12 75081 1
9 12 0 8 46060 1
26 3 7 12 56460 1
25 24 16 21 24420 1
10 18 28 20 41928 1
28 5 27 16 48784 1
28 11 10 16 63990 1
28 20 15 29 56751 1
7 1 13 7 42657 1
3 1 29 10 69308 1
5 19 25 12 68170 1
6 10 12 26 65207 1
28 20 18 7 48564 1
28 12 1 21 101687 1
25 8 22 15 31974 1
17 10 19 0 36838 1
18 4 26 10 33866 1
27 2 29 15 63082 1
0 16 18 11 76456 1
0 15 13 23 72353 1
19 18 24 27 27034 1
13 20 29 20 49019 1
21 27 3 25 52642 1
27 28 29 1 93222 1
10 20 19 12 49817 1
2 12 15 24 75144 1
23 13 10 27 63187 1
22 19 13 17 25849 1
8 5 5 26 72984 1
14 10 22 26 44989 1
20 16 7 12 49145 1
3 24 19 12 71543 1
1 29 6 24 41694 1
27 28 14 6 86896 1
3 15 26 12 81428 1
29 18 12 13 58655 1
4 14 28 13 84656 1
25 20 16 27 33315 1
2 12 28 26 98895 1
4 25 16 22 50913 1
4 15 27 18 65493 1
2 20 21 2 91678 1
15 10 18 19 32676 1
15 6 5 6 55175 1
28 21 18 22 19079 1
1 0 3 9 34718 1
26 16 0 17 70056 1
14 14 3 6 72718 1
8 19 23 25 50352 1
8 8 10 29 63032 1
19 9 16 0 39027 1
3 15 11 12 40164 1
0 14 13 1 75780 1
21 29 16 16 46329 1
6 28 24 17 71509 1
9 6 25 23 75019 1
28 29 0 9 113994 1
0 22 20 20 78416 1
9 7 4 14 37166 1
12 0 17 27 92487 1
8 26 28 24 56520 1
16 13 20 28 53572 1
14 0 6 12 53951 1
12 7 12 28 77797 1
0 10 20 0 77027 1
19 24 15 14 41703 1
15 28 2 27 41533 1
4 12 8 5 38602 1
25 8 4 27 90286 1
24 2 5 7 66230 1
4 20 21 25 70329 1
8 7 24 15 68425 1
18 25 17 13 36107 1
12 11 26 23 55302 1
14 2 9 13 38939 1
29 1 6 0 78591 1
6 29 8 11 57736 1
29 27 29 15 46316 1
22 12 2 12 68208 1
2 28 18 18 63259 1
10 25 29 27 52402 1
18 0 22 11 40666 1
27 7 15 28 78554 1
3 3 12 20 63166 1
11 9 1 19 65691 1
9 5 0 6 32585 1
25 5 10 10 50763 1
16 0 4 15 73417 1
27 27 4 27 55796 1
15 10 27 8 28349 1
2 19 28 19 75229 1
18 4 11 16 60157 1
18 7 1 14 78976 1
7 6 26 21 80734 1
19 14 2 29 89260 1
8 23 11 16 30698 1
14 11 20 15 33029 1
5 29 22 1 104645 1
28 21 11 26 47311 1
25 8 3 25 92091 1
28 1 22 10 43681 1
24 28 10 20 61105 1
12 15 11 24 41283 1
25 17 6 2 76393 1
25 20 21 6 37723 1
0 22 26 9 102295 1
6 17 11 9 36240 1
9 27 16 7 76246 1
23 7 1 3 49743 1
26 29 15 2 73490 1
21 14 0 20 73026 1
0 15 6 19 38502 1
27 12 10 25 72782 1
23 14 22 2 36941 1
3 27 8 13 53452 1
7 4 25 10 51266 1
4 9 20 15 66180 1
19 12 2 9 65155 1
5 14 16 19 49643 1
7 1 23 2 45717 1
7 14 28 24 69892 1
4 5 12 27 78306 1
13 29 28 24 53078 1
8 18 7 27 27731 1
23 29 12 28 39042 1
21 11 1 2 54559 1
14 21 3 27 55980 1
22 22 23 8 37469 1
18 16 2 11 67256 1
27 0 16 0 46155 1
21 12 27 0 45506 1
4 17 9 4 46708 1
9 17 21 16 31064 1
0 25 27 28 82380 1
1 29 21 18 79625 1
11 27 2 28 30004 1
7 14 19 4 59429 1
17 6 11 23 67622 1
8 25 4 6 75100 1
21 12 25 25 36141 1
9 25 13 9 53355 1
14 26 14 4 89125 1
10 22 6 1 70542 1
5 24 9 6 52537 1
21 5 9 8 37882 1
11 16 2 21 54192 1
19 0 21 9 28274 1
26 5 20 17 45562 1
14 2 21 6 28232 1
23 18 5 12 54909 1
27 11 29 20 43315 1
25 10 13 8 32738 1
7 20 24 1 83334 1
1 7 1 17 52900 1
8 0 1 4 28778 1
3 2 4 23 81925 1
28 7 3 1 66452 1
4 15 15 12 48354 1
2 22 14 14 84550 1
3 14 24 29 96698 1
19 24 2 25 55776 1
21 21 8 20 39971 1
23 1 18 19 51784 1
13 26 8 1 80581 1
16 1 26 6 40154 1
4 16 15 11 55591 1
18 13 26 2 46145 1
18 13 12 25 61322 1
9 4 23 28 79320 1
26 11 19 2 36975 1
23 3 10 16 60558 1
21 21 8 5 67016 1
26 21 20 16 21883 1
18 6 2 3 43809 1
24 11 2 18 82384 1
15 29 2 15 89098 1
29 24 12 9 67719 1
21 27 17 11 46067 1
20 19 28 10 31976 1
25 11 4 11 59230 1
7 13 20 27 65834 1
6 6 29 12 81609 1
26 8 19 29 71532 1
17 9 24 14 30669 1
21 9 16 20 37065 1
3 21 22 21 70290 1
23 27 0 14 90655 1
29 26 19 8 64464 1
5 9 29 27 91912 1
0 13 4 20 37751 1
0 1 18 1 48680 1
12 7 29 19 67283 1
25 0 20 15 50924 1
11 6 25 25 74258 1
26 3 28 29 71629 1
2 28 15 6 102835 1
16 21 13 28 37055 1
18 20 1 18 59721 1
14 23 1 0 88630 1
21 29 22 5 58407 1
20 21 10 28 44302 1
25 11 16 15 39294 1
27 19 10 1 75946 1
3 12 9 4 41846 1
6 12 13 7 45520 1
2 7 14 9 62493 1
7 5 28 1 61759 1
5 2 13 6 38218 1
24 20 0 4 86737 1
20 21 1 27 61716 1
21 7 5 10 57694 1
29 20 8 5 83549 1
