6544 5531 6113 5750 5913 6431 5483 5945 6792 5639 5524 5994 6501 6743 6045 5990 6087 5470 6792 6130 6496 5767 6830 7059 5474 6120 5781 5458 6086
4494 4475 4278 5143 4440 4443 3603 4069 4815 4075 4149 4466 4997 4749 3846 5352 3746 4503 4308 4036 5295 4246 3736 4110 3721 5258 3951 4878 4204
7214 7010 7750 7301 7643 6595 7584 7171 6655 7012 7029 7410 6380 7787 6473 6796 6355 7749 7307 7744 6652 7905 8108 7140 7354 7201 6895 6371 7249
1735 2785 2857 2438 3023 1859 3049 2676 2605 2319 3163 3297 2516 2223 1833 2169 2065 3245 1770 2621 3251 2976 2892 3249 2358 1972 2769 2294 1513
7334 6876 7621 7559 7300 8061 7282 8429 8106 6947 7309 7097 7370 6917 7124 8425 8168 7919 7319 7218 7382 7013 7552 6889 7273 6825 7964 8467 7638
5086 6575 5227 6776 5243 6096 5649 5281 5833 5544 6588 5281 6237 6482 6359 6525 5814 5590 5855 5446 5920 5488 5846 5119 6158 5390 6152 6415 6483
8265 8262 7678 7425 8370 8585 7944 8031 8365 8628 7448 7412 8749 7863 8563 7609 7927 8738 8490 8864 8038 7548 8492 7185 7313 7255 7937 7275 7794
2255 2113 1417 2115 2434 1205 1276 1202 2532 2891 1435 2103 1817 2210 2437 2463 2541 2234 2172 1977 1580 2151 1874 1251 2707 1547 1267 1214 1668
7407 7476 7563 7605 8608 8239 7724 8720 8248 8275 8135 7415 8951 8562 8064 8439 7700 8827 8444 8296 7957 8160 8005 7566 8448 8483 7428 7902 8641
4036 2772 3958 2725 4084 2814 4329 3350 2766 4161 2602 3627 3438 3803 4019 4250 4179 3276 4162 3510 3036 3432 2987 3801 3541 2616 4148 3087 4173
6098 5932 5766 5260 5556 5707 5564 4685 4717 6021 5871 6047 5487 5893 5969 5734 5023 4969 5263 5969 6089 4911 4941 6366 4749 4761 6360 6024 5047
4618 4397 5012 5252 5386 4879 5022 5549 4718 4632 5522 4483 4945 5607 5664 4578 6003 5344 6065 4511 5913 5407 5385 4474 4607 4844 5831 5078 5351
7363 7367 7146 6801 7034 8002 6736 6936 8052 6799 6685 7347 8321 6712 7167 6916 7848 7964 8325 7217 8453 7020 8108 7328 7356 7697 6803 7662 8477
1377 1949 1182 1601 2446 1826 2352 1324 1985 1373 2219 2018 2891 2402 2694 2197 1467 2040 2767 1366 1286 2800 2044 1093 1787 1867 1207 2781 2151
5278 4695 4714 3815 4302 5416 4896 4850 4630 4388 4978 4871 4640 4577 4134 3965 4609 4390 3683 4422 4164 3867 5325 4043 4332 4123 4931 3982 5280
6171 5925 7193 7072 7079 5854 6983 7079 7107 5870 5888 6117 7178 7216 6058 5903 5621 6932 6563 5679 6974 7003 6160 5814 7072 6589 6903 7232 5639
6071 4700 4385 5703 4857 4331 4665 4819 5794 4500 5416 4827 5666 5907 5489 5001 5160 5870 5622 6110 4669 5039 4539 4683 4364 5847 4351 4352 4865
6693 5930 6171 6375 5884 4972 5940 5094 6732 6294 6101 6715 6410 5200 5228 5202 6049 5368 6350 6681 6269 5466 5657 5295 6476 6025 5326 6561 6698
7700 7940 7304 7486 7911 8287 8044 7884 8033 8363 7068 6886 7690 7744 7073 6688 8265 7226 8083 7706 7143 7556 7284 7801 8000 8205 8415 7192 8313
7002 7202 7076 7896 7565 7590 8165 8331 7254 7341 8073 7418 7733 8088 8693 7711 8269 8566 8551 7749 8413 8485 8179 8075 8192 8589 8382 7885 8688
6453 6367 6750 6334 5913 6874 6379 5797 5845 6796 6843 7260 7047 6115 6363 6429 6603 6177 6993 5798 6288 5963 6560 5858 7137 7337 7481 6980 6069
4654 5118 4820 4715 5261 4987 4625 6092 4794 6280 5854 6234 4593 5910 5523 5721 4920 4979 4596 5880 4929 5583 5928 6006 4567 5618 5113 5217 5239
7885 8236 7790 6920 7867 7553 8282 6925 7251 7539 7709 7193 7975 7858 7542 7049 7215 8078 7022 6785 7845 7964 8004 8164 7793 6879 7631 6948 7337
5710 6249 5887 6170 5800 6242 6285 6692 6572 5832 5546 6962 5628 5708 5984 5747 6551 5970 5544 5530 6088 5665 6236 5608 7181 6835 6780 5892 6213
4479 5384 4520 5150 4072 4823 5100 4354 3611 3858 4869 4487 4760 3704 5079 4851 4900 4611 4922 3932 5127 4802 3832 3793 4883 4287 4049 5390 4184
2540 4098 3104 3585 2751 4115 4127 3488 4185 3355 4218 4135 4127 4230 3371 2626 3836 4064 3632 2541 3014 2859 3152 3757 3078 3327 2697 4246 4273
2835 2267 2415 2688 3283 3604 3320 3072 2692 3153 3344 3430 2872 3182 2070 2162 3112 2203 2798 2415 2659 2651 2243 3271 2123 3426 2043 2557 3529
4984 4513 5907 4519 4877 4738 5043 4571 5002 6101 5068 4817 5805 6210 5165 5505 4875 6136 5464 5316 4466 5639 5265 4694 4483 6253 5178 5851 5222
2601 1934 2675 3062 2396 1602 2783 1980 2126 2006 1850 2860 2328 2759 2098 3275 3169 1649 2695 2208 2610 2662 3260 1996 1711 1920 1615 2955 2136
2150 2546 1916 2816 2672 1923 2454 2241 1814 2667 1912 2185 2394 2515 2546 2045 3079 2392 2200 3193 1835 2220 3002 1785 2368 3184 1825 2108 2628
2289 5925 5472 8114 6172 3625 4870 7910 7633 2141 2832 8112 2095 2988 5925 3640 5150 7584 3385 2973 6808 4901 3606 7086 6746 6663 8768 5644 3789 8075
2632 5308 4641 7319 6474 2925 5582 6991 7199 2237 2353 7829 2342 4209 6861 4005 3628 6631 2750 3030 8167 5522 5115 7950 6758 6998 8112 5653 3368 7844
2301 5131 4101 7477 5872 4513 5410 7589 7350 2629 2912 7909 1370 3070 5841 4215 5111 5852 2361 4634 7783 5138 5028 8351 7586 6663 7236 6732 4398 6557
2630 5256 4655 8146 5355 2761 5711 8187 7208 2232 3079 7658 3127 3071 5976 4410 4801 6073 2193 4250 7016 5450 3601 8171 7340 7935 8071 5566 4016 8073
3124 5371 5436 8358 6119 4332 4482 7592 6338 2849 3098 7880 2425 4027 5545 3579 3652 6035 3581 3024 7457 5207 4852 7094 7695 7860 8830 5596 4860 7228
3234 6658 5540 7259 6412 3124 5326 6463 6629 2708 1813 7056 2605 3711 6589 3680 4895 7398 2040 3046 7602 4009 3681 6955 7745 6723 7930 4993 4578 8188
2682 5963 5107 7072 5998 4420 5812 7298 7162 2947 1896 7711 1566 4016 6196 5053 5034 6887 2164 4620 6650 4575 5035 6967 7362 8297 7363 6041 4455 8127
3029 4970 4273 7252 5202 3715 5494 7271 7137 1491 1727 7549 2671 4146 5937 5166 4022 7299 2014 3200 7930 5328 4196 8091 8424 6807 8565 4982 3918 6713
3291 4916 4652 7649 6689 3096 5171 6526 6173 2637 3310 6950 2220 3992 7299 4409 4477 7424 3653 3740 8277 4629 4489 6882 8368 7130 8767 6484 3986 6852
2511 6179 4091 6813 6447 4338 4839 6600 6967 2094 2788 8589 2039 2953 7262 4884 4213 6017 3632 4440 8035 4931 3498 7219 8146 7653 8035 5378 4915 7604
2497 5638 4668 7144 5922 2767 5186 8243 7754 2143 1699 7337 2815 4242 6639 4554 4283 5967 3248 3690 7707 4733 3365 7870 6995 7538 7597 5544 4603 7490
1948 5956 4910 7737 6631 2935 4537 8249 7122 2242 2322 8457 1527 3344 6813 4843 4474 7216 3459 3711 7122 5137 4552 6891 6777 6902 7750 6065 4533 8160
1943 6582 5164 7723 5523 3560 4619 6956 6753 1498 1865 7271 2839 3099 7182 3571 4138 5842 3258 3490 8017 5318 4637 8186 8328 6634 7321 6314 4421 7896
2670 6219 4442 8186 6555 4040 4631 7251 6682 2022 3249 8608 2212 3528 6828 4677 5131 6521 3090 3573 6785 4622 3967 7163 8290 7822 8140 6299 3739 8156
2304 5703 3878 7585 6422 4424 4841 7628 7308 1257 2791 7448 1919 3800 6234 4715 4520 6989 2882 3310 8188 4266 4612 6877 8290 6513 8083 5883 3680 6759
1520 6261 4875 7258 5921 3803 4266 7143 6545 1679 2715 8550 2108 2846 6341 5116 4753 7028 3380 3967 8168 3829 4125 7395 7226 7536 8182 5299 3701 8114
1836 5040 4697 6669 6635 4182 5703 8087 7146 2441 1942 6975 2118 2856 6862 3819 4045 6799 3091 3039 6694 5497 3523 7693 7530 7043 7707 6287 4911 7189
2882 6047 5545 7809 6279 3420 4692 8124 7783 2196 2048 7640 2881 4523 5933 4039 4141 7025 3506 4290 8027 5158 5001 7463 7655 7888 7175 6293 4558 7274
2315 6642 3780 7743 6581 4335 4336 7803 7147 2482 1803 7060 1689 3386 5503 3565 4931 6697 2791 3429 7774 5304 4072 7607 6696 6746 7520 5199 4979 6692
2055 5356 4657 7188 5553 4150 4460 8080 6659 1745 2933 6910 1750 4295 6204 4551 4454 6372 2783 4357 7986 4315 4377 8079 7236 6962 8262 5762 3293 7759
1703 5684 4953 7449 6991 4204 4810 7266 7376 2674 2180 7450 1610 3596 5903 5156 4555 7576 2040 3081 8049 5303 3767 7876 6706 6707 7131 6270 4659 7827
1669 6702 4970 6646 6367 3142 4586 8140 7940 2274 2027 7201 2690 3150 6852 3736 5223 7360 3462 4288 6900 4079 3490 8272 8015 8142 7833 5228 4278 8066
1830 5076 4922 7413 5928 2792 5137 7544 7539 3035 2568 8004 2548 4223 5802 3916 4034 6338 3295 3028 6591 4944 5132 7574 8181 7960 7378 5581 4008 7956
3332 6536 5036 6578 6834 4203 5336 7319 7386 1555 3144 8041 2105 4319 5991 3482 4211 6201 3574 4435 7994 5191 4489 7536 7310 6839 7983 5272 4649 7284
2884 5028 5261 8154 6207 4380 5807 7125 7877 2922 1914 7569 1532 3000 6584 3378 4358 7116 3131 3753 7722 5259 4313 7288 7766 6850 7814 6545 3458 8238
1670 5435 4248 7475 5424 3093 5803 6811 7713 2016 2595 7780 2858 4363 6620 3502 4617 5787 3580 4087 7695 4466 4815 7659 7760 7302 8293 5464 4004 8108
2154 4941 3981 8292 5989 3163 5153 8123 6873 2890 2168 8323 2350 3728 6110 3818 4214 6545 2202 4739 8066 4341 4508 6772 6955 6656 8739 5776 4798 7210
1828 6035 4386 7525 6367 3654 4785 7111 7055 1456 2000 6865 2512 4052 6570 4663 4037 6520 2340 4601 6752 4220 4842 7603 6959 7968 7834 6067 3524 7437
1775 5348 4111 7243 6889 3456 4148 6701 6286 1490 3469 8371 2729 3564 5970 3948 4628 7158 3132 4624 7379 5514 4353 8346 7550 7937 8444 5688 3587 8275
15 20 23 0 71456 1
9 8 4 2 35158 1
4 3 13 18 64086 1
14 15 26 20 55692 1
0 13 20 26 111542 1
15 1 10 14 50758 1
11 11 29 15 51915 1
25 5 12 27 84029 1
10 0 5 17 55305 1
13 23 6 1 61926 1
9 11 25 11 42144 1
24 14 9 13 44752 1
21 25 0 12 101496 1
16 14 21 4 63613 1
24 9 28 19 33973 1
7 22 17 6 65218 1
13 4 23 21 76327 1
3 15 17 15 55595 1
4 25 9 14 57424 1
7 11 11 21 41127 1
8 24 2 20 41581 1
15 7 25 28 94923 1
11 29 8 13 56544 1
2 3 27 29 131332 1
18 29 3 7 95323 1
12 2 19 23 78879 1
4 3 19 27 115563 1
18 22 19 5 80439 1
26 7 0 18 84772 1
7 29 12 1 72891 1
8 17 5 5 38955 1
24 1 28 24 71599 1
3 6 26 5 72157 1
22 25 10 19 74430 1
22 12 7 22 54670 1
19 21 0 11 83421 1
2 2 27 4 80374 1
17 18 7 15 38945 1
13 12 25 7 39565 1
6 9 26 22 74806 1
17 29 0 18 79465 1
22 18 14 14 41033 1
20 15 3 26 86517 1
9 3 22 26 117791 1
7 16 23 13 50191 1
23 7 7 13 55420 1
28 10 3 15 67998 1
8 22 27 12 70259 1
2 27 12 25 65800 1
4 18 14 3 59665 1
24 10 1 20 81784 1
0 14 5 19 34428 1
22 16 17 21 45542 1
29 10 13 21 58818 1
12 14 18 7 43597 1
21 7 7 29 79026 1
3 7 26 15 69876 1
20 7 0 18 76174 1
15 1 8 14 55085 1
24 0 0 17 96338 1
0 8 24 11 68727 1
27 27 19 18 51270 1
0 25 26 14 110856 1
13 1 13 28 52964 1
16 20 23 3 93700 1
20 8 27 22 60880 1
18 27 22 18 68913 1
4 22 9 3 61414 1
9 4 18 8 42799 1
12 2 8 12 34930 1
6 17 27 29 105196 1
19 7 8 26 83722 1
25 17 22 29 55819 1
14 11 16 2 35511 1
23 6 24 24 76002 1
10 3 8 15 44707 1
17 22 3 9 66588 1
14 7 22 12 35147 1
24 5 12 8 49986 1
6 23 13 18 35985 1
2 1 14 26 89641 1
18 4 26 21 84298 1
25 9 13 29 66732 1
27 6 0 29 128061 1
1 26 26 21 114156 1
10 23 6 3 62971 1
15 18 7 7 41112 1
6 19 17 14 54566 1
8 11 13 6 25260 1
9 6 10 26 72249 1
0 29 12 28 57505 1
6 17 17 20 51722 1
15 26 10 10 55047 1
2 20 21 19 69575 1
12 24 12 4 54441 1
6 19 19 7 66690 1
17 20 9 1 71615 1
25 15 20 24 56181 1
23 0 29 27 77522 1
6 24 18 16 63728 1
14 22 19 5 63178 1
7 8 4 0 23057 1
25 8 20 24 80535 1
20 7 18 27 91043 1
29 26 11 15 82184 1
13 21 5 16 39387 1
9 29 24 1 105581 1
19 17 14 7 57167 1
28 10 18 2 60245 1
5 10 21 17 63591 1
25 1 7 15 70580 1
3 16 0 29 49103 1
10 19 27 8 69149 1
0 4 4 16 49486 1
29 0 28 10 24028 1
29 3 29 13 23078 1
13 22 19 2 67453 1
2 5 10 10 34732 1
25 26 17 0 100528 1
2 6 19 17 83188 1
11 19 18 12 34897 1
24 11 2 24 90253 1
22 1 7 20 79266 1
14 22 9 14 39761 1
11 0 13 11 23525 1
27 23 8 29 103606 1
18 7 1 0 70769 1
16 26 9 14 65624 1
2 1 22 25 132797 1
14 2 29 20 78420 1
8 20 28 19 77388 1
4 3 29 23 113104 1
24 16 3 8 73080 1
26 15 6 20 74756 1
1 22 24 2 112996 1
29 8 17 27 95234 1
22 7 11 18 58964 1
13 13 17 20 34137 1
14 17 22 12 37149 1
20 2 14 21 73786 1
25 2 10 10 56939 1
21 15 25 7 44282 1
23 6 9 12 56184 1
8 29 19 7 86019 1
14 17 25 1 69364 1
13 14 14 3 30547 1
15 25 11 2 69569 1
20 20 2 28 91909 1
6 9 15 10 22465 1
7 6 25 15 59615 1
13 20 23 14 50685 1
10 27 20 16 68443 1
7 3 23 6 64223 1
14 13 21 22 55991 1
1 8 8 15 37054 1
12 26 3 22 56018 1
24 24 14 1 97250 1
17 19 25 16 38832 1
12 17 0 20 52470 1
8 3 26 19 82150 1
2 18 25 13 69441 1
2 1 29 23 115509 1
29 16 11 0 70331 1
26 27 10 11 80478 1
23 24 6 27 93334 1
23 14 10 11 46089 1
26 0 27 21 58868 1
29 22 15 24 72781 1
21 22 9 5 82051 1
28 11 20 5 40978 1
17 4 7 3 47293 1
13 17 14 28 24777 1
17 1 10 28 82921 1
9 12 23 28 83715 1
13 21 7 10 36759 1
13 18 24 29 69637 1
17 28 28 21 62327 1
7 13 9 4 25356 1
5 29 14 25 55569 1
1 26 0 9 66274 1
29 29 13 16 78134 1
26 12 7 15 48595 1
8 4 19 9 38033 1
21 13 0 23 89868 1
23 16 16 7 63709 1
15 22 27 4 85125 1
12 26 14 10 43508 1
26 20 7 0 83098 1
2 1 12 7 53444 1
1 28 27 5 119800 1
2 18 3 29 30026 1
10 24 0 8 74614 1
10 29 29 3 104957 1
16 24 26 18 61915 1
19 12 17 26 71929 1
16 6 10 12 32190 1
10 3 0 26 101868 1
9 10 25 21 68870 1
5 4 7 27 55659 1
8 13 9 28 41675 1
24 27 1 23 118409 1
11 16 15 29 44175 1
8 19 2 7 47687 1
0 22 29 18 101888 1
22 28 19 8 91308 1
12 1 12 16 41179 1
29 2 15 5 56142 1
1 29 25 10 107884 1
29 6 13 11 44235 1
6 23 21 1 86938 1
4 19 0 13 27822 1
18 18 2 26 73516 1
4 14 27 7 79733 1
22 25 23 2 107863 1
3 2 18 17 83751 1
23 27 13 27 50479 1
25 5 2 10 69991 1
15 8 22 2 58455 1
8 10 5 1 31533 1
8 10 10 22 39030 1
15 21 7 26 43804 1
2 8 22 29 115559 1
16 24 28 9 82090 1
19 10 0 27 97364 1
28 19 18 23 57628 1
28 0 15 13 63030 1
0 23 12 6 83691 1
7 26 26 21 83000 1
10 9 1 10 24264 1
3 0 5 26 78902 1
10 17 28 26 79143 1
29 29 8 15 101819 1
19 9 27 1 44503 1
21 7 17 16 59224 1
13 18 24 21 47875 1
3 1 15 19 71010 1
21 23 28 4 75972 1
7 23 26 29 91808 1
12 4 29 28 95045 1
7 5 19 12 36857 1
29 6 2 11 75466 1
7 27 23 22 75449 1
7 16 28 0 76155 1
15 24 10 11 54855 1
18 26 21 11 88698 1
8 25 24 1 97392 1
11 17 5 3 63117 1
23 6 0 2 96843 1
2 1 10 10 45801 1
6 20 26 24 86705 1
6 29 10 17 41803 1
25 17 16 1 77569 1
13 13 17 26 56111 1
17 28 11 2 77120 1
11 0 25 13 54832 1
23 22 19 28 49023 1
18 7 29 26 81978 1
19 28 7 5 82187 1
20 7 8 28 79358 1
10 4 17 25 83158 1
26 9 1 21 88814 1
4 1 27 29 129828 1
17 21 5 0 77504 1
24 15 23 0 58993 1
2 29 14 7 86515 1
24 9 12 18 45919 1
26 27 21 7 71845 1
25 13 10 22 63753 1
23 13 6 21 65270 1
27 20 28 7 37755 1
7 25 5 11 36866 1
4 0 2 15 45223 1
26 5 15 10 41333 1
18 5 25 15 64540 1
27 29 23 22 39300 1
13 15 10 1 42125 1
5 2 16 27 87932 1
17 22 2 4 85599 1
9 28 18 24 63691 1
7 27 27 6 91297 1
0 21 29 14 101514 1
13 12 1 1 55361 1
4 0 23 13 70457 1
3 2 1 14 40744 1
28 3 8 18 80843 1
28 29 27 10 47756 1
17 11 0 19 65255 1
20 11 29 4 40039 1
26 8 13 26 65301 1
27 11 6 15 60815 1
3 27 26 12 89669 1
4 21 14 0 70468 1
14 5 12 26 53159 1
13 14 24 25 73583 1
22 8 25 15 37694 1
20 26 5 1 120641 1
22 17 22 6 70606 1
8 9 21 6 42621 1
10 22 3 14 39353 1
25 13 1 9 62606 1
9 28 8 11 48998 1
2 7 20 11 60738 1
19 9 2 12 41704 1
13 21 29 5 67286 1
29 4 18 25 107052 1
26 8 5 14 65550 1
8 17 26 11 64328 1
22 18 9 18 40622 1
7 20 21 12 48249 1
1 3 17 2 65382 1
11 22 3 27 45611 1
24 3 3 1 67123 1
29 3 23 25 80803 1
9 2 9 12 32426 1
4 25 16 19 67541 1
10 21 19 8 59239 1
16 20 25 28 68129 1
29 1 2 19 101134 1
25 3 23 15 50530 1
20 17 29 22 42381 1
0 9 20 19 77665 1
13 29 8 1 71819 1
29 14 4 9 66416 1
7 17 17 22 45944 1
29 8 12 27 77780 1
26 18 6 16 69678 1
14 28 19 0 71607 1
20 16 2 8 78366 1
10 20 28 28 88406 1
2 10 3 27 47281 1
6 0 10 21 59951 1
1 9 18 9 37302 1
7 8 18 25 83378 1
29 4 26 24 55167 1
0 12 19 11 49986 1
22 10 20 29 89907 1
0 17 23 4 104908 1
28 5 23 22 59026 1
10 17 2 5 57107 1
27 21 24 28 30117 1
2 28 9 6 74751 1
2 12 20 22 76791 1
8 27 24 5 94992 1
5 24 13 0 74390 1
29 27 3 19 100903 1
4 19 20 0 76722 1
0 17 29 13 89762 1
1 15 14 10 45013 1
19 7 5 22 76494 1
20 19 6 0 79153 1
10 7 3 13 34292 1
6 25 23 25 99957 1
24 4 0 7 87905 1
1 6 12 20 71645 1
6 25 24 10 80360 1
8 24 14 11 54325 1
25 2 28 26 68897 1
15 17 2 18 44507 1
2 6 15 19 65532 1
22 5 15 24 87373 1
16 15 28 26 70225 1
20 11 18 20 63685 1
17 9 18 23 63431 1
9 20 29 29 95896 1
15 8 9 2 41935 1
12 13 7 24 41567 1
16 16 20 4 71952 1
25 15 18 18 31602 1
8 1 24 5 65309 1
0 22 4 13 38973 1
29 0 20 16 70014 1
19 4 16 25 93066 1
6 3 17 26 94553 1
5 11 15 26 68487 1
8 18 20 2 78694 1
28 18 2 1 100960 1
21 27 24 6 95250 1
21 12 21 1 58780 1
11 26 20 18 51604 1
14 26 24 2 92472 1
13 1 5 28 73674 1
29 9 24 4 28343 1
29 11 18 8 37151 1
20 17 11 19 37668 1
19 10 0 9 45099 1
10 12 10 2 38556 1
13 10 25 13 33526 1
1 23 20 14 90127 1
19 21 4 2 93765 1
3 7 24 23 100695 1
9 26 3 10 56636 1
29 8 18 18 54496 1
6 3 20 29 103170 1
24 13 11 27 70677 1
23 2 8 28 102679 1
10 9 23 23 81705 1
5 6 20 14 61702 1
18 19 6 24 56645 1
9 14 23 17 63865 1
25 2 9 0 42537 1
4 5 0 24 71133 1
2 20 10 4 65203 1
25 25 24 6 68715 1
10 26 28 9 89623 1
11 24 9 12 49372 1
14 3 2 5 51718 1
9 26 1 18 44599 1
5 7 23 0 62579 1
19 25 6 11 92966 1
4 2 8 24 67824 1
17 25 15 12 59374 1
15 10 13 18 23968 1
5 11 19 21 71349 1
13 2 3 25 74047 1
0 3 28 6 95216 1
2 11 18 29 94205 1
11 6 22 20 73350 1
2 0 9 8 37414 1
20 27 21 7 101522 1
15 29 26 8 82347 1
21 9 22 28 79635 1
6 9 21 29 92110 1
19 24 14 2 86208 1
19 16 22 27 72356 1
6 4 21 11 52970 1
26 13 17 15 39373 1
18 19 29 19 42379 1
2 19 1 28 36782 1
16 10 8 12 24432 1
10 3 19 23 88564 1
11 20 22 14 60058 1
15 7 25 13 52364 1
6 2 12 8 35947 1
18 21 3 23 70970 1
29 11 25 26 53245 1
9 29 22 20 78995 1
5 11 24 21 84781 1
26 21 10 18 58442 1
19 12 9 16 37657 1
12 1 11 21 56422 1
19 2 17 16 74176 1
11 10 26 1 53107 1
3 29 27 5 113547 1
1 29 18 14 101326 1
0 0 25 21 109115 1
26 28 4 21 105375 1
0 20 27 13 90933 1
14 23 29 17 68097 1
5 7 4 18 41218 1
20 5 10 4 43172 1
9 22 14 15 34652 1
26 28 26 0 77863 1
29 20 19 23 56320 1
3 3 2 29 72702 1
12 28 15 12 41241 1
13 11 3 26 60898 1
15 4 14 24 61198 1
8 14 24 2 78519 1
0 14 19 20 86750 1
29 17 12 28 74090 1
5 7 8 16 36147 1
5 11 4 21 37976 1
2 13 10 8 32677 1
19 9 3 24 71050 1
13 20 28 26 68342 1
7 9 17 27 71391 1
18 24 29 26 73582 1
7 6 21 5 54109 1
28 6 8 8 56449 1
9 9 0 1 46113 1
25 4 24 28 77708 1
18 11 9 13 30782 1
9 1 24 14 66681 1
2 15 18 12 45859 1
7 29 26 4 95913 1
5 2 24 22 103674 1
20 10 5 21 62745 1
16 17 1 16 57824 1
23 15 5 21 80412 1
5 29 21 17 81062 1
1 21 11 3 79180 1
21 21 12 23 49257 1
13 26 16 12 34940 1
17 19 1 26 82335 1
24 11 19 17 50855 1
1 24 14 19 64189 1
12 17 6 1 55465 1
10 6 2 17 52222 1
2 11 24 18 80199 1
12 22 10 3 59722 1
15 18 1 11 51675 1
23 2 13 2 36069 1
17 29 9 14 69302 1
27 4 18 15 67889 1
20 15 27 28 61631 1
1 19 17 7 70858 1
24 13 1 21 84483 1
6 8 28 16 70751 1
14 3 4 28 83513 1
28 23 13 29 74587 1
22 3 2 19 102234 1
29 24 19 1 84404 1
8 5 17 12 36002 1
23 12 19 21 60962 1
18 4 25 8 46847 1
21 29 9 19 70321 1
14 3 19 26 98804 1
21 20 13 4 63273 1
6 10 9 21 34794 1
16 22 27 29 68662 1
8 15 17 8 44295 1
9 25 23 29 76342 1
25 23 12 22 58657 1
20 12 17 27 68353 1
12 9 27 7 42259 1
21 5 4 3 79434 1
5 11 16 27 70952 1
3 13 25 9 57055 1
4 6 28 0 75030 1
14 14 6 18 35943 1
23 24 1 26 121635 1
9 3 0 24 85297 1
13 2 29 4 47181 1
19 20 9 17 48997 1
28 20 5 24 95426 1
22 4 3 4 79663 1
12 9 2 16 40611 1
25 7 13 13 42456 1
17 9 2 18 51974 1
12 6 26 14 49964 1
23 18 13 15 36024 1
29 3 24 9 24694 1
11 25 13 8 47965 1
25 9 0 24 103849 1
2 4 7 14 38854 1
22 28 5 10 91845 1
26 7 11 18 60080 1
17 12 15 2 35003 1
19 28 2 16 84229 1
18 18 15 11 39888 1
12 11 13 27 39197 1
10 20 26 14 67392 1
15 8 25 25 82838 1
28 10 5 13 61247 1
15 1 2 8 58712 1
16 28 13 18 30118 1
7 22 26 27 91378 1
27 23 22 17 41196 1
5 22 11 12 40043 1
6 10 25 7 50847 1
26 4 12 7 54534 1
11 9 7 29 47904 1
14 3 1 15 62693 1
15 15 3 6 54160 1
25 15 11 25 74230 1
24 28 14 23 62353 1
13 15 20 12 22664 1
22 22 11 19 49587 1
7 3 20 19 70686 1
19 28 11 24 48315 1
19 29 27 16 72752 1
15 10 2 11 39578 1
5 3 1 17 59306 1
11 6 10 15 41382 1
16 2 26 26 96728 1
23 4 2 3 86543 1
26 8 10 22 71064 1
9 24 9 13 40455 1
14 24 2 6 75528 1
11 22 6 29 35203 1
23 2 24 15 60449 1
23 2 6 19 87813 1
5 4 1 22 66116 1
21 13 0 20 77193 1
26 6 25 19 41497 1
22 11 6 0 61436 1
26 13 14 19 50923 1
9 21 10 1 65846 1
3 3 11 8 39396 1
14 11 19 23 62472 1
5 7 21 8 50164 1
15 22 23 9 57904 1
0 1 23 17 109681 1
18 22 28 6 78262 1
8 0 9 11 30108 1
29 10 16 21 71535 1
5 5 21 15 63787 1
14 11 21 3 54314 1
25 28 9 4 104592 1
3 20 5 6 45744 1
6 23 10 16 34056 1
9 9 16 23 52740 1
14 20 6 14 45897 1
23 16 3 11 71723 1
19 4 0 25 120461 1
23 16 13 1 64867 1
24 28 13 17 67493 1
15 17 10 3 58336 1
21 9 25 15 32717 1
24 26 26 0 87982 1
8 8 16 19 49834 1
29 1 2 25 120510 1
14 27 3 26 57069 1
16 0 28 8 45191 1
1 25 13 25 68540 1
10 3 12 16 47497 1
3 29 20 6 101241 1
0 2 25 0 72623 1
24 7 12 27 73157 1
1 20 28 1 106871 1
20 5 28 15 51023 1
1 2 0 13 47725 1
17 14 5 18 51978 1
19 21 6 15 65650 1
10 17 2 5 57107 1
23 0 4 20 89142 1
28 23 28 5 43920 1
21 13 5 8 50083 1
26 16 7 27 81710 1
25 5 6 2 67772 1
28 21 12 13 61663 1
19 22 10 17 48453 1
4 26 25 7 105329 1
22 3 8 15 83780 1
1 22 17 0 87347 1
20 21 12 16 46055 1
10 5 15 0 22791 1
18 15 2 25 83092 1
3 14 1 5 31145 1
9 23 13 10 45186 1
19 3 8 8 63925 1
23 2 4 11 77897 1
14 22 3 26 56344 1
27 24 13 29 73172 1
8 0 22 12 52819 1
28 27 15 19 66061 1
12 15 9 7 31261 1
14 26 11 8 50909 1
25 22 19 5 79377 1
19 13 2 0 68895 1
22 17 8 2 82963 1
9 4 6 27 59808 1
3 23 27 5 99873 1
3 1 0 18 52618 1
15 21 9 17 31180 1
21 15 8 18 56433 1
2 5 23 7 72539 1
27 18 24 9 32668 1
15 6 13 24 45790 1
29 15 5 9 66113 1
23 21 1 6 106588 1
14 12 20 20 50217 1
3 21 28 12 78315 1
3 7 28 5 69257 1
11 23 14 8 48746 1
15 1 18 23 82619 1
23 20 12 15 50280 1
21 12 10 25 64195 1
5 13 3 3 34043 1
12 0 26 7 51025 1
5 15 26 11 60758 1
24 14 5 18 64111 1
16 0 8 29 80893 1
28 22 3 4 99925 1
20 3 0 22 114669 1
28 17 22 5 50121 1
0 10 7 4 29523 1
22 1 2 11 77704 1
24 26 23 6 85172 1
13 12 25 1 51192 1
29 28 11 14 89220 1
4 12 23 6 66484 1
1 4 3 16 39587 1
29 5 17 22 86296 1
12 25 25 16 64702 1
9 0 23 25 113029 1
15 8 2 27 83190 1
10 5 29 23 85068 1
2 18 19 6 78705 1
20 27 1 15 99780 1
11 7 25 16 59133 1
26 27 14 9 74882 1
12 15 24 24 69577 1
28 28 27 5 57771 1
11 11 18 25 71980 1
27 3 2 5 87900 1
8 5 2 27 70629 1
28 11 4 5 66696 1
23 27 18 9 85141 1
15 2 24 21 87864 1
20 21 12 24 47105 1
13 18 20 3 67389 1
11 19 3 6 55017 1
0 9 19 23 90847 1
1 23 27 1 118561 1
26 10 3 8 56897 1
1 8 15 4 54773 1
24 15 16 4 67394 1
4 2 0 17 59958 1
16 20 8 4 64984 1
0 22 22 5 106717 1
6 3 7 24 48972 1
22 19 3 28 87360 1
14 4 29 11 54542 1
23 0 21 22 92184 1
27 9 0 29 116714 1
5 2 23 16 85135 1
20 24 0 22 97750 1
8 27 16 10 61214 1
23 26 6 13 107111 1
28 15 14 26 76390 1
12 3 27 25 93304 1
6 12 10 26 52813 1
26 2 1 12 81341 1
26 6 24 22 54122 1
7 22 27 29 99453 1
29 4 16 0 37361 1
10 0 24 1 34983 1
22 17 4 14 79633 1
27 27 27 2 69748 1
29 5 9 3 66192 1
21 1 18 23 94013 1
20 0 19 28 95491 1
25 5 6 15 72248 1
12 15 5 29 61795 1
2 2 15 19 74327 1
18 21 15 8 58478 1
21 24 5 24 88347 1
20 24 25 15 56181 1
2 1 26 0 62425 1
24 17 4 15 77319 1
16 4 28 11 56008 1
23 0 21 19 81201 1
7 26 22 25 86467 1
20 8 18 18 54917 1
10 15 7 6 32362 1
13 2 6 16 45211 1
12 17 19 22 41401 1
15 20 22 13 53050 1
17 10 13 17 26585 1
26 1 14 14 64153 1
8 8 18 20 64869 1
6 15 23 13 52781 1
25 19 12 18 43915 1
0 10 1 19 38027 1
11 10 29 6 46203 1
19 21 12 7 63661 1
28 16 27 29 37196 1
13 2 16 20 51744 1
4 0 9 20 58342 1
1 24 27 29 131959 1
0 0 5 13 48642 1
10 9 3 16 31115 1
29 9 2 7 69845 1
4 11 9 26 56905 1
21 6 0 15 78696 1
22 9 9 19 55830 1
17 8 10 14 38302 1
14 4 9 10 25876 1
27 21 10 27 86958 1
12 27 3 29 47400 1
3 4 15 2 48350 1
7 19 12 0 52128 1
14 7 20 18 51384 1
24 13 4 10 52846 1
20 11 2 23 81589 1
23 0 16 25 90636 1
3 15 16 7 50400 1
27 1 12 25 90928 1
28 13 21 23 56041 1
22 29 14 23 61033 1
16 19 0 14 68243 1
2 20 22 4 102391 1
25 9 19 16 51339 1
7 15 19 19 50877 1
4 26 13 6 77035 1
3 23 4 4 54907 1
21 6 24 25 84859 1
6 17 11 2 54649 1
12 17 16 6 42502 1
1 24 20 5 106662 1
20 9 29 27 63659 1
13 8 25 29 85679 1
17 25 24 5 102101 1
10 8 27 2 63953 1
14 12 1 12 29758 1
23 19 0 19 77109 1
6 4 18 24 89106 1
27 22 11 1 88813 1
10 19 28 6 72492 1
11 26 2 5 86852 1
22 2 29 19 68485 1
21 7 20 18 62940 1
9 14 6 4 33208 1
26 14 1 2 89701 1
28 1 28 11 22414 1
23 13 29 24 46320 1
15 6 8 21 58426 1
17 13 2 18 54913 1
27 9 16 9 26230 1
20 24 28 3 89291 1
3 15 28 28 102198 1
3 1 8 20 62164 1
18 15 1 17 66926 1
4 26 17 28 68215 1
16 22 6 8 62023 1
22 6 7 17 66595 1
23 28 14 6 90397 1
1 13 19 20 78358 1
2 16 14 6 52401 1
29 12 7 20 67573 1
29 13 10 26 89374 1
21 7 18 18 62632 1
6 0 17 22 75083 1
2 17 10 13 37663 1
3 0 11 10 40634 1
18 0 13 28 65553 1
19 9 28 15 34468 1
20 3 12 29 96434 1
3 28 24 10 94000 1
29 0 7 26 97964 1
22 20 21 29 55100 1
7 22 4 11 35275 1
21 5 7 22 77110 1
17 26 7 19 64815 1
7 19 1 5 49244 1
25 27 20 20 48808 1
23 7 27 20 57752 1
15 4 16 19 55169 1
7 1 5 10 20894 1
26 17 14 27 65324 1
18 0 10 22 67328 1
11 17 20 3 78407 1
13 2 17 13 33087 1
4 1 14 7 51500 1
19 28 21 20 50913 1
2 22 1 3 65686 1
5 7 11 20 58653 1
18 13 26 6 43483 1
10 9 1 17 43600 1
6 22 19 17 59485 1
4 11 19 16 65509 1
4 3 12 21 74823 1
29 10 12 19 59656 1
9 25 9 6 61598 1
17 5 10 27 77377 1
14 4 29 19 73898 1
7 25 29 17 83647 1
5 5 22 20 84397 1
17 18 26 22 38685 1
12 7 2 27 83069 1
18 29 18 10 78573 1
19 24 12 11 72729 1
11 4 25 6 57450 1
6 24 13 21 38024 1
28 1 12 9 52700 1
19 9 28 8 22693 1
21 18 4 5 73060 1
17 12 0 11 43992 1
24 6 15 13 52182 1
12 27 29 12 71833 1
25 7 11 22 70664 1
7 21 16 20 42788 1
16 22 26 6 77606 1
2 15 18 9 48639 1
29 21 15 17 56467 1
23 1 10 7 55582 1
13 13 21 1 46482 1
25 9 15 13 39143 1
12 2 22 11 47980 1
17 5 1 12 55905 1
4 12 28 3 71723 1
17 0 5 25 85340 1
10 0 18 6 40902 1
23 20 28 10 45133 1
1 14 8 11 32833 1
2 28 18 23 85416 1
29 1 11 12 62492 1
6 19 18 18 42005 1
13 11 12 22 28565 1
10 3 27 19 84333 1
3 21 3 2 48979 1
2 26 22 24 112715 1
25 4 11 20 78728 1
3 27 18 15 81170 1
9 7 11 27 61990 1
4 27 26 10 95763 1
29 8 4 21 87704 1
29 18 19 23 56618 1
23 3 24 14 55366 1
18 7 1 4 70347 1
21 28 28 2 89743 1
2 15 17 28 75965 1
8 27 23 15 87607 1
17 8 1 0 59388 1
13 12 4 2 45979 1
9 23 0 0 75124 1
22 18 18 1 81280 1
24 26 0 3 141219 1
28 3 20 10 34551 1
8 0 23 14 66703 1
3 4 0 28 73749 1
20 24 3 7 97737 1
12 10 7 4 23386 1
1 1 27 21 111195 1
17 7 22 29 102659 1
22 20 7 12 67034 1
24 2 23 24 90455 1
2 19 21 9 65114 1
15 17 25 18 37985 1
19 27 27 7 99985 1
16 12 22 25 84199 1
9 22 21 7 70954 1
27 19 15 13 53431 1
16 29 15 0 75300 1
7 7 11 13 24853 1
15 20 18 1 69584 1
23 19 5 16 69443 1
7 12 21 20 61841 1
11 20 2 28 57456 1
11 20 13 5 41267 1
12 27 3 29 47400 1
4 11 22 19 73942 1
12 29 8 17 53342 1
9 14 12 27 50106 1
10 26 1 9 71856 1
15 29 0 29 74984 1
28 13 10 23 74615 1
18 22 5 26 68637 1
17 23 13 17 32143 1
13 24 17 16 33312 1
2 14 25 16 73930 1
16 18 26 7 62545 1
19 12 2 19 57122 1
17 25 11 29 47018 1
25 6 12 20 69533 1
24 27 19 14 77270 1
22 16 3 24 84686 1
15 5 18 19 56198 1
4 28 23 27 87967 1
18 12 8 16 38298 1
21 17 28 1 66915 1
3 1 19 15 80462 1
9 15 7 25 30525 1
2 19 19 29 88900 1
6 1 10 23 65392 1
24 18 0 7 95780 1
29 23 12 14 75507 1
11 14 17 4 50348 1
8 6 4 26 69773 1
6 0 1 26 85777 1
28 6 14 20 69596 1
2 20 12 3 73645 1
27 27 8 20 99556 1
11 10 11 24 48576 1
26 11 23 23 49266 1
19 11 8 29 74279 1
9 17 28 22 72195 1
22 27 23 10 76519 1
28 2 15 10 48667 1
21 8 7 13 41641 1
5 19 28 26 93311 1
23 15 9 19 64594 1
3 19 22 15 73931 1
16 27 12 9 54497 1
26 25 23 13 42571 1
17 16 23 25 70757 1
10 27 16 7 69012 1
14 25 1 8 72788 1
10 16 18 0 55943 1
5 7 16 4 53485 1
29 26 26 12 42349 1
27 23 22 12 44182 1
19 29 0 28 90096 1
0 21 17 7 84642 1
28 24 1 25 122148 1
10 20 0 19 41891 1
2 25 29 16 108682 1
26 15 18 29 75304 1
15 10 7 29 56399 1
6 15 23 8 58428 1
3 13 28 19 77205 1
14 8 23 0 41523 1
1 24 23 1 113357 1
24 15 22 1 68708 1
4 17 27 14 80897 1
10 5 6 20 48294 1
5 26 23 16 92535 1
26 25 12 7 77656 1
3 5 19 27 103735 1
20 20 9 23 56254 1
2 0 12 4 40822 1
6 22 29 28 104178 1
29 22 6 1 97679 1
14 9 23 27 88019 1
17 17 7 16 41850 1
28 21 9 23 79918 1
19 18 8 7 58660 1
18 23 7 3 78901 1
15 19 20 5 64792 1
