4344 3158 4436 4937 4671 4652 3965 3458 4051 5089 3581 4626 3114 3708 3611 4153 3508 4197 3743 5067 3195 3312 3130 4514 4354 4860 4186 4885 4420
3751 3973 3199 4083 4470 4689 4896 3338 4611 4820 3645 3210 3281 4236 4471 4331 3361 4181 3308 4942 4891 4533 4509 3141 4171 4138 4030 4929 4358
4997 5364 6524 4938 5402 4674 4879 5603 5367 5592 5877 5099 6284 5664 5538 5102 5481 6265 6120 4724 5552 5042 5454 5164 5261 5063 5284 6309 5558
7784 7582 7361 6565 6764 7272 6656 6706 8285 6502 7543 7852 6996 7906 7951 8340 7587 7402 6970 6740 7120 7188 8369 6708 7458 8079 7169 7466 7279
3098 3466 3489 3316 2213 3710 2000 2344 2956 3748 3312 3552 2892 3086 2968 3369 1703 2030 2242 3599 2173 2191 1831 2816 3149 3307 2954 3385 2127
5409 6333 7147 5990 5880 6951 6128 5669 6277 6332 5951 6646 6301 5373 6436 5489 7210 6779 6313 6066 6144 5957 6058 7058 7322 5553 6813 6802 5848
1851 1861 1214 2211 1319 2212 1343 2203 1606 2840 1510 1904 1376 1747 3137 1494 2687 2660 1374 2592 3023 3066 2861 2065 1942 1988 1855 2047 2025
7517 6089 7258 6754 5722 7251 6549 7650 5789 6057 6778 6843 6627 7580 5986 7487 7630 6334 6469 6452 5625 6503 6989 7501 6287 6867 7519 7365 6553
2730 2855 4026 2783 4409 3404 4156 3861 4370 4533 3571 4117 3564 3332 3348 4197 3847 2991 3048 3783 4109 3204 2674 3891 2918 3892 2924 3564 2825
4547 3695 4063 3221 4700 3425 4975 3218 4378 4796 4255 3578 2982 4003 4180 3949 3027 5019 3679 3524 4781 4052 3905 5026 3396 3600 3112 3855 4288
2227 3807 3889 2602 3524 2627 4062 3323 3659 3019 3674 2404 3275 2674 2628 3552 3517 2987 4085 2646 2517 2490 2823 3177 3077 3194 3920 3206 3309
3825 3283 4526 4367 3028 4548 4101 3730 3202 4590 3354 4210 3251 4202 3525 4590 3966 4062 4850 3984 4698 4956 3770 3563 3717 3124 3042 3798 3409
2490 3665 3654 2283 2329 2785 2237 3055 2287 2751 4134 3953 3730 2772 3380 2495 3380 3329 3605 3323 3445 2558 3621 2754 2671 3998 4027 3791 2312
2614 2899 1607 2831 1487 2799 1238 3256 2502 2714 2839 2398 2821 3122 1688 1602 1277 2901 3075 1477 2871 2381 2305 1608 2016 2885 1631 2707 2083
2954 3761 3550 2998 3502 4002 2736 4502 4335 3424 2945 3536 3056 4379 4091 2991 3275 3421 3417 2764 3155 3750 4664 3004 4024 4615 3446 2992 3800
7379 8210 7829 8698 7586 8676 7273 7783 8043 8166 6846 7571 7245 6878 8395 8097 7373 7062 8443 7576 7426 7703 7071 6972 7801 8139 8227 8854 7441
5766 4666 4547 5550 4912 3742 4577 4305 4872 5776 5640 4539 4852 5761 3804 4579 4647 4226 5034 4986 4984 4769 5390 5612 4903 4138 5518 4953 5450
3435 2880 3301 3838 3890 3243 2774 3636 2643 3828 3085 3992 3518 3341 3197 2419 2342 2873 3438 3151 3745 3203 3257 3331 3824 3417 2356 3409 3573
6767 5762 5077 6425 6677 6031 5568 6557 5735 5822 5793 5857 5473 6303 5793 6219 4997 6303 6616 6606 5898 5763 5599 6236 6734 6176 5715 4882 5646
2072 2884 2756 3179 2654 2998 3271 2918 4039 2725 3330 2266 4104 2996 3809 2108 2698 4009 3199 2723 3858 2432 2429 3542 3950 2334 3312 2344 2335
5495 7125 6202 6827 7185 5802 5819 7007 6500 5536 5371 7114 6613 6417 5641 5251 6746 6480 5491 6838 6846 6715 6616 5619 5837 5994 6074 6167 6320
7444 7400 6098 6071 6177 5662 5645 5675 6710 7148 7477 6338 6000 6628 7120 5782 7498 5812 6941 6476 6885 5518 6734 5469 6863 5722 5632 7048 7217
4065 3002 3621 3497 3394 3055 4355 3070 4853 3505 3455 4163 4667 3674 3178 3265 3805 3421 4654 2906 4012 4486 4575 4863 4892 4025 4046 4248 4538
6767 7892 7210 7870 8203 7572 6703 6299 8275 6463 6606 7943 7920 6947 7009 7133 7166 7032 7293 7754 6297 7592 8253 7746 6826 6501 6964 6879 8009
5874 4309 5966 4198 4418 5784 4681 5715 4764 4602 5425 4550 5907 4853 5484 4276 4675 4826 4301 5130 5660 5411 4573 5343 4124 4717 4174 4269 5627
3638 5057 4530 3418 4461 3680 3532 4761 4884 4959 4667 4300 3826 4377 4513 4013 4658 4201 3100 3898 3717 3122 3888 3839 4349 4959 4778 4346 4915
6705 8056 7519 6847 6601 6622 6558 6957 6383 6631 6015 7493 6936 7794 7260 7367 6013 7534 7079 6605 7849 7011 7165 7079 6357 7294 6890 6743 7187
7103 6512 7956 7439 6953 7837 7743 7191 7343 7760 7983 7895 7267 7669 7602 7772 8265 8302 6871 8231 6816 7579 7373 8236 7852 8117 7653 7497 7624
6881 8212 6915 6924 8494 8356 8146 6956 7167 6710 7006 7072 8254 8201 7673 7893 8645 8283 8554 8139 8111 7753 8565 7115 8049 7588 7909 7233 8624
5041 5091 5547 4014 4335 4765 5298 5012 3783 5751 3910 4857 5054 4647 5456 5407 4588 5291 4461 3906 5063 4802 5673 4884 4457 4698 3801 4179 3743
3022 6102 3444 1688 1329 4198 7687 5039 7391 5495 3121 4890 6838 4835 4697 4784 5803 3972 4574 3263 7886 8007 3734 2318 5604 7023 7745 8145 6496 4610
3313 6181 2535 3155 2794 4279 6630 4900 6795 6626 3625 5085 5981 5188 5151 5343 7074 2579 4962 1902 6336 7607 3868 2291 4934 6998 7676 8146 6960 4830
3410 6194 3920 1420 3352 3000 8324 5769 7601 6285 2413 5548 7879 4354 4868 5721 6759 3457 6069 2773 7790 6322 4473 1813 3947 6280 8120 7794 6424 4904
1944 5819 2854 2530 2211 4895 6598 5961 7604 6844 2545 5978 7054 4166 4766 5135 7610 2973 5563 1970 6362 6720 4319 3170 5208 7331 6789 6989 7891 4887
2240 5639 2546 1863 1750 3307 8348 5101 6354 6339 3012 6537 6673 5557 5193 4768 6665 2636 4881 2285 7895 7964 3751 3390 3753 7030 6743 6880 7323 4690
2873 5909 3056 2123 1905 3006 6728 5796 6997 6919 3849 5228 6988 4662 5176 5833 6797 3903 6036 3512 6720 7243 3881 2425 3993 6564 6837 7937 7864 4614
2190 6460 3856 3022 2698 3987 7657 5859 6281 6077 2738 6445 6619 4097 6001 6236 7689 2430 4597 2655 6406 6867 3586 3466 4964 6210 7200 6371 6373 4420
3289 5452 4161 2539 1724 4458 7086 4956 6721 6967 3381 6073 7872 5225 5927 5765 5998 2896 4762 1902 7781 7598 4863 2378 5620 7166 7287 8303 7865 4784
3268 6046 2821 3038 2618 3766 7970 6187 7823 7197 2476 5521 7928 4227 4619 5145 5820 2695 4872 2998 6620 6608 3680 2870 4620 7340 8117 6451 8144 4034
3490 5426 4401 3183 1283 4819 8621 4964 7040 7253 2779 6809 7893 4161 5314 5262 6478 3058 6116 3088 6682 6076 5230 2342 5185 6202 7707 8360 6494 5308
2239 5622 3595 3322 2423 4492 7688 5119 7133 6985 2226 5458 7093 5444 5928 6084 6549 2554 6377 2321 7334 7318 4039 2556 4289 5547 6872 6903 6540 5446
1866 6747 3209 2631 1962 4763 7788 4541 7464 6607 3214 5639 6882 3904 4354 4666 7717 2983 5440 3448 6381 6245 3974 2407 5189 6647 7649 7518 8031 4806
2852 5907 3562 2564 1862 4871 8000 4965 6815 7359 2307 5961 6183 5212 5678 4925 7332 3267 5973 2370 6250 7426 4313 3271 5469 7413 7308 7116 7924 4513
2800 5109 3139 2086 1614 3743 8312 6348 6627 6370 2656 5267 6482 4283 5239 4787 7574 3244 4628 1618 6993 7112 4764 3300 3917 7220 6955 8281 6975 3623
2162 5199 4496 3088 2574 4544 7374 4981 7775 5838 2762 5095 6578 4367 6048 4201 6793 4067 5660 2346 6450 6783 5225 2977 3732 6453 6744 6480 6655 3668
3423 6602 3569 2564 2180 4077 6964 4921 6774 6152 2499 6465 6377 3696 4365 5258 6825 2273 5326 2175 6017 7155 5133 3020 5618 6239 7321 7664 7963 3630
3606 5074 4383 1650 3029 4141 7581 5656 6952 7350 2500 5071 7104 3860 4712 5541 6279 3696 5498 2698 6505 7345 3878 3002 5115 6747 6416 6606 7330 3911
2331 5913 3540 2705 1782 4083 8314 5344 7251 6530 3075 6362 6531 4680 4790 6015 7414 4023 4744 2513 6758 6250 3926 2911 4919 7097 7720 6793 6996 5521
2831 5866 3334 1497 1572 3731 7208 5040 7129 7095 3430 5188 6871 4397 6219 6246 7573 3691 4660 2030 7048 6529 3962 2169 3896 6824 7171 8309 8170 3659
1936 5362 2993 1754 1661 3061 8258 5419 8228 6563 3164 6326 7564 3776 4689 6162 7521 2539 6322 2357 6968 6935 5062 2717 3658 5510 7268 7846 6335 4410
1995 6533 4428 2455 3009 4401 7298 4593 8000 5360 2151 5026 7293 4455 5508 4444 7194 3433 6510 2060 6502 8027 3459 3553 4255 6443 8064 6726 7059 4649
2287 6775 2584 1347 3059 4809 6846 4995 7445 5607 2933 5964 7618 4794 4499 4197 5974 2747 5487 2849 6750 7903 3401 2035 3958 6039 7691 7154 7076 4995
3314 5484 4026 1741 1514 3344 7851 5236 6349 6359 3138 6288 6259 3650 6011 4187 6136 2387 6030 2959 7418 7600 4760 2331 5310 6547 7222 6579 8007 5083
2448 6482 3044 2160 3297 4758 8091 4768 7551 6391 2720 6781 7918 5282 5118 4182 6425 3656 5589 3012 7469 6126 4301 2601 4880 6653 7514 8394 6895 3777
2028 6149 3137 3068 2044 3375 6936 4414 6840 5784 2290 5360 6075 5066 4667 5373 6684 2729 6590 2023 7123 6090 3589 1497 4476 6097 6680 6805 6452 4396
2357 5684 4496 1336 2554 3489 8541 5976 6204 6831 2599 5213 6985 3920 5162 4785 7685 2636 6214 1877 6641 7162 5100 3195 4407 7212 8323 6951 7458 5349
2413 5725 4045 1933 1360 3362 7284 6132 7848 7202 3919 5631 6854 5333 6201 4267 6304 3434 4984 1866 6301 6628 5028 2270 5578 7067 7864 7332 7607 4996
2706 6749 3003 1922 2502 4736 7200 6298 6850 6702 2123 6249 7101 4516 5472 4330 5999 3372 4697 3429 7844 6467 5005 1760 4629 6406 7881 7795 7229 4561
3889 5284 3446 1480 3334 4582 7157 4549 7920 5387 3798 5970 6463 5217 5165 5077 6694 2493 5893 3330 7429 7414 4435 2783 4329 5486 8344 8150 6796 4242
15 17 7 8 51287 1
16 18 13 4 43553 1
2 23 29 18 82725 1
3 4 23 17 82279 1
16 5 9 14 49961 1
25 22 2 4 96789 1
8 5 8 27 67549 1
6 28 23 8 98326 1
20 28 3 13 90782 1
14 17 0 21 51128 1
12 6 16 22 55238 1
6 24 11 9 49686 1
13 17 19 21 25937 1
18 18 13 8 41860 1
13 22 13 9 31166 1
7 19 29 22 69040 1
21 14 3 11 75087 1
10 7 26 24 87273 1
10 25 20 29 54094 1
29 17 18 5 70419 1
0 27 12 25 54765 1
3 23 17 15 57218 1
1 0 7 24 68900 1
7 15 15 25 58269 1
8 20 8 4 42174 1
22 0 9 2 40763 1
13 27 26 26 61723 1
6 22 27 0 95083 1
13 14 1 26 62799 1
18 9 22 22 56441 1
23 5 11 28 94893 1
26 26 6 26 78868 1
21 26 3 19 75411 1
15 8 22 25 82172 1
4 2 13 9 34879 1
13 5 25 20 66770 1
29 23 14 18 51363 1
28 29 11 18 90236 1
17 21 23 6 71573 1
14 19 8 0 59879 1
7 17 27 28 100052 1
11 22 3 17 35377 1
19 0 25 28 106462 1
21 21 13 8 58097 1
25 15 10 16 59477 1
15 26 27 23 49588 1
10 2 6 17 40192 1
12 11 18 18 39766 1
22 4 4 3 41247 1
22 20 24 3 66818 1
0 29 24 24 95706 1
29 13 19 14 49005 1
20 5 15 24 72476 1
3 13 8 18 30148 1
27 10 16 23 70957 1
27 28 7 11 118498 1
21 0 11 2 32910 1
20 28 16 1 98438 1
12 4 20 1 28794 1
7 14 17 14 51754 1
21 15 11 25 57992 1
25 1 11 8 55526 1
24 18 4 25 71022 1
21 3 15 18 62207 1
17 23 22 9 56794 1
5 12 4 22 32926 1
0 26 4 20 29515 1
5 12 26 5 71780 1
28 4 19 13 49305 1
13 1 6 24 64926 1
5 4 22 12 63259 1
28 11 7 2 84079 1
4 20 19 13 60377 1
2 12 14 28 81637 1
21 18 23 5 56948 1
0 7 10 22 67348 1
0 26 27 1 129085 1
21 7 14 10 33960 1
5 0 22 7 55864 1
18 10 9 1 45997 1
24 29 15 22 58079 1
13 29 18 2 76438 1
9 10 18 21 54232 1
14 4 2 7 39492 1
2 8 20 26 101365 1
12 21 4 9 51678 1
6 21 28 10 84584 1
24 29 10 9 98042 1
19 28 12 18 46279 1
25 15 14 27 70067 1
7 22 28 22 68886 1
27 13 11 21 77255 1
18 20 12 15 31736 1
28 29 20 26 56367 1
27 0 10 7 58880 1
9 20 15 3 58170 1
19 16 27 5 62669 1
26 2 28 27 126828 1
7 25 26 14 90742 1
5 9 19 23 71252 1
23 29 22 11 78501 1
4 22 22 4 78222 1
26 18 3 0 99984 1
24 28 12 28 59378 1
3 10 18 23 70321 1
22 5 27 13 49032 1
8 25 26 24 60614 1
4 6 8 24 57075 1
17 10 3 4 44849 1
14 5 20 12 46334 1
2 21 13 11 57641 1
1 27 14 22 54928 1
16 2 26 15 74858 1
25 11 5 17 74864 1
23 27 11 26 66171 1
21 18 6 9 64249 1
1 16 8 20 30779 1
19 11 28 25 73754 1
21 5 29 24 93000 1
29 28 3 20 101802 1
1 29 13 11 83055 1
29 19 24 14 34967 1
10 18 22 21 39788 1
4 1 21 5 49930 1
22 1 21 27 101634 1
0 3 10 13 47240 1
16 11 26 21 64771 1
9 4 11 15 42236 1
4 16 12 13 36885 1
17 12 21 4 35115 1
2 14 22 26 93432 1
14 15 15 24 31933 1
24 7 16 26 91216 1
29 24 24 9 74064 1
24 12 4 16 82221 1
6 4 23 15 77060 1
29 14 6 21 87724 1
25 17 4 6 90132 1
18 16 15 5 51308 1
24 28 14 21 58357 1
12 29 16 12 57340 1
23 17 8 13 61381 1
29 18 4 5 96791 1
13 20 23 0 70370 1
9 14 20 11 50545 1
19 17 17 5 43940 1
22 27 23 18 44057 1
9 26 13 19 31632 1
24 20 15 28 65258 1
14 3 11 18 44667 1
10 23 2 26 37342 1
9 10 19 18 48828 1
28 5 26 27 110559 1
11 10 24 3 44904 1
2 24 1 6 71343 1
19 5 21 21 62248 1
11 25 29 28 77098 1
2 20 26 24 81848 1
11 2 12 20 52420 1
16 0 15 21 68375 1
29 16 22 0 86335 1
8 3 27 17 87229 1
19 12 24 5 40784 1
16 27 1 9 95403 1
18 0 1 27 106188 1
20 21 10 4 68862 1
7 2 0 20 57465 1
26 5 12 16 69569 1
15 17 19 0 60696 1
6 29 2 22 28174 1
20 28 21 0 95205 1
23 14 12 17 49239 1
27 20 21 25 44465 1
27 16 22 5 65493 1
1 8 28 27 137100 1
19 28 5 28 69547 1
28 12 27 27 93718 1
11 5 4 2 22801 1
13 8 8 23 49419 1
1 4 27 2 66262 1
1 10 20 29 99164 1
29 15 15 25 80601 1
19 24 14 3 68695 1
28 11 14 21 78225 1
2 19 13 13 42146 1
28 11 5 17 85844 1
8 0 17 4 31939 1
14 22 15 0 61919 1
21 29 2 18 87140 1
16 27 22 10 72823 1
25 29 13 20 66856 1
1 19 24 21 68631 1
9 29 28 29 86301 1
6 6 0 19 41586 1
28 28 16 12 95864 1
15 16 1 11 65649 1
4 27 11 24 35216 1
5 24 18 28 60980 1
22 24 17 0 87787 1
7 20 4 12 33085 1
8 7 27 23 92510 1
14 15 8 28 53311 1
25 5 9 6 47451 1
5 11 7 24 40178 1
28 25 6 13 93826 1
25 21 16 18 35150 1
12 22 11 5 52950 1
0 20 8 11 48351 1
24 23 15 6 84712 1
26 15 1 8 103782 1
15 26 4 1 89929 1
10 23 24 13 68843 1
11 27 14 18 33193 1
2 3 9 20 50638 1
29 17 20 18 33367 1
12 7 18 11 29685 1
5 26 23 22 67141 1
20 16 25 25 50857 1
6 24 26 29 86003 1
15 2 16 18 55626 1
4 6 15 18 63972 1
22 27 2 15 95732 1
28 16 16 27 76704 1
27 28 6 2 128511 1
17 28 22 21 38783 1
1 6 1 28 88879 1
12 15 6 21 32140 1
18 3 2 7 52497 1
22 8 9 28 93850 1
29 13 20 25 77432 1
24 18 4 4 82767 1
20 11 25 21 54390 1
10 10 21 25 72610 1
25 1 15 8 55287 1
29 7 15 27 113961 1
23 3 15 17 60281 1
3 8 18 12 64315 1
19 11 3 1 67130 1
13 3 12 22 49592 1
17 21 21 9 52421 1
11 21 15 2 62292 1
10 29 2 14 68023 1
18 7 21 24 66138 1
23 3 11 29 90229 1
20 11 2 2 69824 1
4 4 19 17 68962 1
18 7 26 0 41219 1
19 5 14 22 62411 1
21 9 20 29 74651 1
9 2 21 17 71523 1
9 4 24 27 99666 1
0 16 13 16 44188 1
1 3 12 2 31947 1
24 24 4 17 72253 1
2 28 3 10 67419 1
16 20 8 2 63801 1
14 17 29 21 53331 1
7 1 24 25 107466 1
29 26 21 23 32511 1
13 16 28 26 76786 1
23 18 20 9 46246 1
17 2 5 11 48046 1
16 9 4 17 53208 1
21 17 7 6 76353 1
11 5 12 26 63636 1
18 22 16 10 44730 1
2 16 23 1 91991 1
3 12 11 16 45210 1
7 25 7 0 60498 1
11 19 4 26 37827 1
18 5 29 2 34307 1
9 13 27 1 81449 1
16 14 8 21 48312 1
9 11 26 22 80981 1
19 1 3 3 44867 1
23 15 6 29 80224 1
4 5 0 11 30043 1
12 10 24 14 53547 1
12 7 4 16 47004 1
28 29 11 14 100143 1
20 0 13 11 42413 1
14 13 23 6 55418 1
6 25 28 19 68143 1
8 17 17 9 44549 1
24 13 12 19 53945 1
29 19 5 28 85227 1
29 24 4 5 107636 1
3 22 28 25 85757 1
13 14 25 21 46798 1
22 22 19 14 34493 1
18 0 17 19 64004 1
29 29 10 22 78940 1
19 0 25 7 35084 1
8 29 27 28 93398 1
21 4 19 17 44586 1
2 26 27 5 118246 1
22 20 8 28 63221 1
16 0 24 9 55497 1
14 27 20 1 88106 1
20 27 25 3 95254 1
25 11 22 4 35047 1
22 26 16 2 94040 1
13 10 3 25 65897 1
29 20 25 28 47817 1
27 27 15 7 111816 1
27 26 10 23 69681 1
16 2 28 26 116666 1
17 5 3 0 42051 1
20 19 7 19 31864 1
21 28 14 2 96994 1
4 10 2 19 29897 1
1 0 18 3 50106 1
3 15 25 3 79557 1
23 19 8 0 81866 1
22 11 1 1 77665 1
6 7 12 15 41120 1
13 5 24 5 31196 1
23 24 2 21 76345 1
25 13 13 7 54583 1
2 2 24 24 107397 1
12 6 11 16 36676 1
6 1 26 1 61268 1
11 12 26 20 63154 1
19 5 23 18 55400 1
7 23 17 14 47964 1
24 28 10 24 64654 1
24 6 9 25 99244 1
11 20 25 5 77317 1
8 22 16 3 69899 1
28 8 10 12 69661 1
1 4 8 25 65619 1
11 13 14 20 27163 1
22 7 9 14 61686 1
22 8 12 11 39969 1
13 18 25 12 60403 1
12 18 4 14 34524 1
21 6 9 7 49159 1
15 4 4 27 75987 1
1 0 24 13 95870 1
0 9 15 11 53471 1
17 26 23 18 44612 1
18 29 20 12 62126 1
4 17 23 4 68481 1
24 19 7 8 74015 1
26 16 7 4 88749 1
27 12 1 17 103982 1
28 5 6 23 97769 1
25 12 14 24 71887 1
16 11 28 7 60515 1
25 24 1 4 103601 1
29 11 22 26 84079 1
18 23 25 15 44843 1
22 16 20 29 52815 1
5 15 26 13 84659 1
5 14 24 26 87553 1
25 9 10 2 61391 1
9 2 18 29 92850 1
16 29 8 14 64541 1
11 9 24 6 56179 1
21 24 20 10 54580 1
13 28 18 20 37837 1
1 27 15 28 72336 1
9 13 22 29 88005 1
9 2 0 16 62458 1
22 1 12 21 72966 1
15 18 0 25 63294 1
22 15 2 29 95132 1
13 15 5 4 43339 1
5 22 15 22 38326 1
27 19 7 12 72259 1
12 29 17 17 41625 1
29 25 23 10 76639 1
24 26 19 8 74146 1
27 14 8 24 86859 1
6 3 3 18 41721 1
24 12 5 15 75631 1
4 9 9 24 53780 1
9 20 19 29 57390 1
2 7 13 7 43402 1
26 25 8 13 89147 1
29 25 9 5 106854 1
14 2 23 19 66901 1
3 24 6 7 48153 1
25 23 8 8 83184 1
2 14 2 28 61666 1
14 13 11 24 36223 1
0 3 17 12 61050 1
14 15 20 27 57292 1
23 23 14 7 72001 1
6 14 2 8 29315 1
14 12 4 2 46730 1
0 0 24 19 98750 1
21 10 16 21 51045 1
13 17 24 20 37723 1
29 2 6 23 96197 1
10 24 27 25 65077 1
27 0 4 16 90610 1
25 1 4 5 58480 1
13 17 28 8 71583 1
9 23 0 1 72252 1
11 24 28 26 71331 1
11 26 14 3 65447 1
4 9 2 23 43679 1
28 1 7 4 60645 1
26 15 2 3 98499 1
0 0 28 5 80754 1
18 9 11 25 63029 1
12 5 1 24 70455 1
14 28 24 17 61620 1
28 15 16 29 84957 1
16 27 26 23 42543 1
5 20 26 19 58611 1
25 9 8 12 58967 1
4 8 22 16 80258 1
8 29 21 11 92415 1
22 0 27 22 99558 1
17 26 17 14 38197 1
11 25 21 26 54377 1
28 15 22 5 62051 1
10 27 12 5 67781 1
6 0 21 20 79604 1
15 0 8 25 79921 1
0 22 20 13 82036 1
16 3 15 12 39975 1
16 24 5 15 56739 1
0 4 14 22 72822 1
28 17 7 12 84870 1
15 11 26 25 81978 1
12 28 25 6 99000 1
18 13 6 9 47653 1
24 27 27 10 78653 1
6 26 1 20 33017 1
24 20 25 3 74503 1
2 9 12 5 43971 1
21 9 1 28 109669 1
1 11 8 21 49427 1
2 6 23 19 89362 1
11 16 0 18 41081 1
9 4 26 29 115340 1
16 2 26 5 34048 1
7 29 15 1 88403 1
10 18 29 27 79628 1
24 25 5 26 72205 1
0 8 18 25 99961 1
26 16 13 19 44590 1
29 25 3 3 115826 1
16 6 0 28 106986 1
7 9 23 3 52557 1
10 6 27 20 84147 1
16 3 23 19 66191 1
4 19 13 23 33613 1
29 12 0 7 104808 1
15 17 27 19 35826 1
15 1 17 25 80744 1
0 23 16 23 43994 1
8 14 16 26 64606 1
2 13 21 26 97359 1
4 19 23 20 55549 1
23 5 7 19 73855 1
27 29 4 25 100714 1
24 20 17 23 33961 1
19 15 5 22 56738 1
17 26 7 0 89426 1
5 24 14 4 63196 1
19 24 22 6 67534 1
8 17 23 28 83472 1
2 26 2 11 63633 1
3 5 7 20 48299 1
14 25 20 2 75981 1
23 25 6 23 61276 1
6 16 5 28 36024 1
25 15 9 6 82688 1
7 20 12 12 41440 1
7 3 16 8 39374 1
12 4 28 13 75738 1
23 8 18 15 45706 1
11 23 3 18 37026 1
8 10 26 29 106816 1
16 23 26 29 55351 1
0 20 21 5 87621 1
17 5 24 19 62109 1
8 15 16 2 59741 1
24 20 7 25 68202 1
7 18 28 3 80851 1
11 23 25 4 77766 1
11 3 12 19 44865 1
5 13 16 18 47420 1
8 27 21 11 86026 1
24 24 12 16 56025 1
14 16 5 18 35098 1
24 1 27 26 123285 1
10 28 11 13 51937 1
12 19 8 2 55046 1
1 3 24 16 98046 1
19 11 4 0 61068 1
11 10 5 24 49089 1
9 1 15 27 86163 1
0 15 28 22 104003 1
9 7 23 26 98564 1
15 21 24 22 41949 1
6 13 5 3 20647 1
28 27 13 27 76251 1
23 22 17 16 36626 1
13 0 2 2 35282 1
6 13 11 8 26182 1
23 14 16 4 55206 1
5 10 14 25 59103 1
19 4 9 24 73106 1
22 27 12 0 99475 1
11 10 6 25 47038 1
5 14 17 17 45657 1
24 25 22 13 52375 1
23 10 1 24 91324 1
9 21 28 15 77372 1
21 18 15 23 33902 1
2 7 28 15 115143 1
2 8 13 16 56369 1
20 9 13 12 30859 1
9 27 6 13 48489 1
27 0 28 19 92517 1
29 27 27 11 86305 1
7 22 20 20 52140 1
24 4 16 2 24054 1
21 24 2 2 100272 1
0 16 2 6 48462 1
27 27 19 13 77203 1
9 11 19 11 35033 1
6 16 24 0 72883 1
9 22 26 20 58144 1
17 9 18 24 53639 1
19 18 0 20 56133 1
5 4 12 17 43899 1
24 11 25 28 75244 1
12 6 29 26 97963 1
13 4 25 21 71974 1
20 18 19 28 34772 1
23 10 13 12 33545 1
9 8 1 0 44275 1
3 24 1 1 73501 1
11 17 21 0 63566 1
2 29 27 23 87885 1
4 1 22 11 69684 1
27 15 28 1 80748 1
4 27 26 0 111806 1
23 3 7 9 52557 1
26 26 13 22 55888 1
29 20 3 18 75432 1
10 21 3 7 55565 1
4 25 12 28 45040 1
24 11 8 15 67387 1
2 25 3 8 64664 1
13 5 19 29 76871 1
16 22 18 0 77981 1
12 8 21 25 72208 1
16 27 10 23 37668 1
25 4 10 3 36184 1
21 22 2 18 66356 1
3 15 18 17 53932 1
25 9 8 21 82117 1
19 16 25 9 39968 1
17 11 13 23 42991 1
29 25 15 19 54941 1
18 12 4 21 66847 1
3 17 27 19 64207 1
9 4 25 11 59511 1
19 24 13 9 52801 1
6 21 28 21 76459 1
28 1 10 1 54702 1
29 28 24 6 106359 1
3 29 25 2 114622 1
10 10 24 22 70581 1
13 21 24 6 75560 1
16 16 6 15 38295 1
5 13 3 24 38773 1
13 9 23 20 55407 1
8 20 18 16 42176 1
7 28 2 8 68479 1
4 6 19 16 72565 1
2 7 26 6 79785 1
8 19 1 0 54886 1
28 11 0 1 100115 1
10 24 22 12 67755 1
18 3 26 26 99446 1
20 14 24 2 54592 1
11 18 7 6 47199 1
27 1 9 19 93138 1
15 24 1 12 75257 1
5 27 27 18 83365 1
8 18 2 9 39583 1
13 15 18 6 44304 1
18 28 23 7 88525 1
9 13 1 18 42343 1
7 4 10 27 66597 1
25 15 18 4 58256 1
9 25 20 23 39094 1
16 10 26 12 41353 1
26 29 4 12 114960 1
23 5 15 18 69286 1
17 24 23 6 79987 1
13 26 25 20 48081 1
6 23 22 10 73722 1
24 9 3 5 74959 1
12 27 26 1 103735 1
20 24 18 10 50591 1
22 17 12 28 56526 1
9 2 20 5 33280 1
14 29 1 18 60119 1
22 25 1 19 74106 1
5 2 1 13 43584 1
10 19 5 3 44389 1
6 21 22 22 55476 1
17 19 1 2 73532 1
5 22 29 12 104096 1
7 25 26 11 100110 1
25 2 17 0 27865 1
5 5 20 5 37361 1
21 12 8 0 72590 1
14 26 10 14 46975 1
13 14 26 12 60450 1
14 18 4 24 41990 1
0 29 15 16 87305 1
4 22 20 9 76392 1
22 1 22 23 82229 1
11 21 5 1 62253 1
6 29 13 15 49101 1
23 22 9 27 60729 1
2 18 25 23 74998 1
19 11 28 23 58590 1
7 5 12 20 51815 1
17 13 6 2 53003 1
15 4 16 15 45298 1
17 5 9 29 90301 1
26 4 27 13 50877 1
12 29 2 7 90787 1
3 14 24 1 83427 1
20 9 26 25 77998 1
21 1 1 28 120721 1
4 16 28 19 66366 1
22 10 23 1 37836 1
1 8 23 8 83873 1
16 23 20 12 48732 1
3 23 15 1 79280 1
8 6 22 29 108338 1
28 9 11 26 95508 1
11 21 4 3 57255 1
25 13 13 10 46111 1
23 4 24 16 55528 1
18 6 1 0 58888 1
28 22 13 2 94667 1
15 28 24 3 94617 1
17 6 9 0 36928 1
2 10 21 9 60325 1
13 1 26 13 71364 1
19 12 5 25 75198 1
18 1 8 8 49986 1
23 24 7 0 100725 1
4 19 17 28 62249 1
12 10 20 2 37982 1
0 7 19 8 65791 1
9 21 13 3 57928 1
10 21 12 6 47662 1
21 16 23 25 50135 1
19 17 13 9 39455 1
6 24 12 20 27708 1
21 22 11 27 47453 1
14 28 8 10 61581 1
19 21 17 29 29851 1
4 14 16 5 54279 1
28 8 8 11 72409 1
19 24 11 9 60198 1
20 25 4 16 68378 1
25 24 18 4 78711 1
27 5 18 1 38072 1
3 15 7 6 40658 1
20 19 0 7 83571 1
2 22 0 13 42096 1
22 10 13 6 34880 1
28 11 13 26 86231 1
9 10 19 1 46092 1
25 23 8 7 87045 1
19 26 17 18 29249 1
17 21 22 9 51711 1
20 5 24 24 77553 1
24 22 1 19 72335 1
28 20 5 4 94050 1
29 28 24 11 85000 1
8 9 19 21 59219 1
6 1 7 23 49706 1
9 21 14 26 31997 1
20 26 9 29 59344 1
2 6 19 26 100405 1
12 7 11 22 47139 1
29 2 14 18 77081 1
7 17 17 1 60473 1
25 27 3 1 123987 1
16 26 6 16 58453 1
28 13 7 12 88442 1
13 4 25 6 35476 1
24 27 21 20 43113 1
25 19 12 7 60763 1
29 20 8 8 86676 1
22 2 5 24 86689 1
21 20 20 5 58424 1
16 1 10 18 61011 1
15 20 24 28 63671 1
1 27 19 17 77481 1
10 2 16 26 81407 1
12 9 0 25 71505 1
8 5 18 25 85861 1
17 10 1 2 55484 1
20 22 5 10 67975 1
9 2 24 28 111219 1
15 19 1 14 53987 1
20 10 2 1 69817 1
25 8 11 29 96167 1
5 13 27 21 83973 1
6 25 25 24 59249 1
25 12 17 3 51160 1
12 11 20 28 71484 1
20 19 22 8 47482 1
15 29 25 12 86583 1
25 8 24 21 60311 1
29 16 2 3 109468 1
15 2 29 8 56588 1
20 16 1 5 88104 1
16 10 1 9 47302 1
17 5 16 20 52013 1
4 25 3 14 32837 1
21 6 27 18 71419 1
7 12 15 4 40314 1
21 19 24 2 70143 1
3 21 18 13 68198 1
7 2 17 10 45531 1
3 1 26 8 82855 1
27 7 6 12 80623 1
6 1 25 1 55844 1
10 22 13 13 29457 1
2 13 8 22 45368 1
23 25 3 7 107970 1
16 28 10 18 50559 1
8 2 11 21 62289 1
16 20 0 1 81903 1
10 28 10 16 37639 1
6 28 3 4 56717 1
19 17 2 24 64874 1
28 0 26 25 117279 1
0 22 15 14 67050 1
3 0 5 12 36119 1
22 8 29 1 41456 1
3 26 20 15 81756 1
7 10 16 6 43830 1
7 29 17 25 55086 1
27 26 22 20 48836 1
16 8 14 23 52622 1
6 23 17 24 34920 1
12 4 8 15 44071 1
8 17 20 4 58712 1
25 1 11 28 105717 1
1 3 14 29 87083 1
23 15 5 7 80060 1
6 1 19 26 88128 1
5 11 22 5 56705 1
28 1 20 16 80761 1
27 22 22 17 36934 1
9 25 3 8 67736 1
24 24 29 8 81093 1
14 17 21 29 56918 1
21 24 0 11 95094 1
4 15 21 2 72074 1
29 14 0 15 112820 1
3 24 26 25 79845 1
2 9 12 21 58480 1
15 21 12 3 54184 1
19 25 5 27 59948 1
15 13 21 4 46189 1
12 2 18 29 85835 1
9 19 5 27 34884 1
16 17 5 18 38163 1
26 19 17 3 71453 1
22 29 13 20 56807 1
12 26 0 22 43979 1
11 14 22 17 44312 1
19 23 11 7 61486 1
2 3 19 0 48359 1
6 0 17 0 31185 1
13 8 27 12 60674 1
7 25 12 18 39037 1
6 16 22 4 57741 1
26 7 22 26 92769 1
27 15 6 23 81988 1
23 25 29 9 88087 1
7 13 15 29 65233 1
25 28 16 15 69603 1
26 1 29 29 133016 1
28 3 14 18 70054 1
26 9 6 6 69661 1
7 0 29 4 60924 1
23 8 20 1 40278 1
12 21 29 3 79983 1
14 6 15 27 71214 1
14 25 28 11 89271 1
26 1 24 26 112927 1
9 18 29 8 87919 1
8 7 28 28 125868 1
1 22 27 16 95478 1
11 26 26 19 55633 1
12 1 13 24 57825 1
28 11 3 16 97793 1
27 26 18 2 111903 1
11 2 0 27 90918 1
4 0 25 22 99821 1
23 26 29 2 115795 1
8 3 25 14 77415 1
15 23 2 4 72723 1
5 20 2 7 54283 1
10 8 4 24 54348 1
1 21 23 0 99431 1
28 29 2 23 102213 1
23 19 27 13 39150 1
16 17 12 8 32676 1
1 20 16 1 80843 1
0 17 18 16 61703 1
12 14 21 15 46651 1
25 13 20 27 72548 1
24 9 12 6 48267 1
18 10 2 8 55391 1
29 28 17 4 108681 1
18 0 24 9 49560 1
29 18 7 18 65638 1
20 4 23 27 92937 1
23 17 0 2 95839 1
1 15 9 19 34325 1
6 9 21 0 50826 1
0 5 24 23 104265 1
9 2 21 26 99395 1
5 2 16 27 93143 1
23 23 5 10 75978 1
27 21 5 24 77878 1
24 9 4 1 76689 1
2 7 6 19 45528 1
25 19 0 20 68194 1
0 11 9 17 44022 1
4 28 14 9 74292 1
6 12 28 24 87153 1
24 17 3 15 72385 1
7 14 4 0 36311 1
26 0 29 22 107205 1
27 0 2 23 106976 1
3 20 22 17 62010 1
13 27 2 2 81169 1
4 13 28 17 85360 1
0 14 21 2 85794 1
14 13 8 7 37959 1
0 8 25 21 100631 1
15 17 0 20 52000 1
10 15 26 9 64950 1
3 6 18 2 49501 1
19 20 2 27 75997 1
6 20 6 2 35429 1
23 23 25 1 94493 1
12 8 24 6 47761 1
9 1 15 9 41999 1
8 15 21 3 65069 1
24 19 20 6 62676 1
8 27 17 15 56014 1
17 8 4 12 49734 1
18 15 23 1 62198 1
29 23 7 26 73555 1
5 19 26 24 70096 1
21 8 10 4 43608 1
11 6 22 5 35274 1
29 3 5 24 96708 1
3 13 1 5 40854 1
1 15 18 5 77750 1
8 14 29 19 70798 1
0 28 0 0 101333 1
1 19 21 17 57784 1
27 18 20 23 37256 1
10 16 24 20 50044 1
22 16 5 18 58718 1
8 14 15 26 60898 1
27 13 21 21 56930 1
15 21 11 11 44562 1
18 7 7 18 63925 1
5 2 20 24 86697 1
12 19 29 6 84274 1
5 13 21 7 65189 1
25 16 18 1 75382 1
12 5 0 13 56446 1
27 27 6 16 97267 1
19 19 13 7 43575 1
17 12 29 7 56963 1
2 12 9 3 44561 1
25 6 24 27 90271 1
11 16 13 3 42790 1
13 3 11 23 53262 1
24 18 19 8 47663 1
20 6 11 18 63901 1
13 4 23 18 66617 1
3 29 24 4 106928 1
16 6 24 4 27577 1
26 24 19 28 38462 1
19 18 7 18 38614 1
18 14 25 1 62811 1
21 17 13 6 52423 1
20 4 0 10 59070 1
5 10 27 26 109410 1
29 7 3 16 107283 1
5 16 11 12 39129 1
28 6 24 15 64676 1
27 14 1 14 110511 1
17 29 6 12 70053 1
8 19 7 28 32369 1
4 19 22 4 70259 1
23 14 29 1 71784 1
13 9 27 27 96201 1
5 22 7 3 47207 1
0 15 29 2 103971 1
5 24 10 0 66386 1
28 8 2 20 108110 1
8 4 28 12 80181 1
26 29 19 22 49698 1
7 11 11 2 37887 1
10 12 25 0 65471 1
23 12 20 2 49610 1
21 11 9 22 70943 1
17 6 3 23 79069 1
3 16 22 3 77286 1
20 5 2 2 48837 1
8 5 2 27 77884 1
6 24 24 7 96726 1
12 29 17 15 46386 1
7 4 9 22 51443 1
10 12 13 5 26334 1
3 5 20 11 64786 1
1 11 16 21 71869 1
13 10 17 18 31900 1
5 23 24 26 66515 1
15 10 26 12 43852 1
11 2 16 28 85062 1
3 20 17 19 42126 1
14 22 29 13 76025 1
6 6 18 26 84288 1
16 18 13 10 29557 1
1 17 14 19 39478 1
24 11 5 25 95576 1
0 29 2 6 97256 1
3 3 1 16 53014 1
7 26 23 6 103499 1
3 22 20 18 58089 1
10 28 13 19 33842 1
25 21 8 12 74807 1
25 29 5 22 85331 1
25 28 1 16 103048 1
1 6 14 29 94952 1
22 22 15 7 72102 1
15 28 17 8 72122 1
2 15 24 28 105465 1
2 18 11 2 63021 1
21 23 13 27 31789 1
9 3 14 28 73326 1
29 12 18 5 57284 1
9 29 0 25 49435 1
26 6 16 4 35539 1
16 19 5 11 46528 1
18 23 29 11 74875 1
1 17 17 16 51053 1
1 29 22 4 111851 1
27 10 5 2 74883 1
27 5 9 21 93299 1
9 1 13 26 69771 1
29 20 14 1 90105 1
15 26 18 13 59955 1
21 9 7 6 64155 1
11 4 14 26 62041 1
11 22 0 0 75686 1
25 3 11 3 31310 1
2 19 17 29 66118 1
24 22 29 28 38097 1
11 29 3 20 52637 1
0 11 7 25 61794 1
8 8 12 22 54670 1
24 2 9 20 81823 1
3 26 15 15 67436 1
29 2 5 11 73504 1
19 29 16 9 70283 1
21 5 21 29 90250 1
11 6 21 26 89627 1
4 12 21 11 62560 1
17 22 8 29 49016 1
19 14 2 18 64645 1
6 4 22 1 42679 1
28 17 7 14 79803 1
20 26 4 10 85448 1
13 28 7 21 37769 1
17 15 0 22 65970 1
26 19 23 9 51005 1
5 19 23 4 69488 1
25 19 2 23 67762 1
6 8 15 17 45495 1
