4086 4249 4109 3595 4124 3513 4271 3470 4251 3950 4264 4464 4116 4148 4523 4188 3700 4254 3789 4188 4457 4367 4069 4518 4342 3504 1759 1597 2119
8079 8069 8122 7934 8549 8406 7861 7849 8456 7673 7568 8509 7794 7626 7546 8307 8388 7885 7497 7518 8086 8089 2817 3185 3484 3398 3645 3408 2968
2412 2076 2518 2021 2719 2705 2382 2267 1890 2880 2332 1811 2559 2319 1958 1985 2220 2549 1891 2304 2865 2003 2706 2793 5452 5168 6117 5912 5470
5555 5359 5736 5550 5770 5492 5882 7334 8099 8280 7418 7506 8123 8219 7258 7383 7205 8272 7984 7973 7846 7921 7408 7630 7265 7670 7710 7548 7752
7983 7463 7393 8001 7622 8150 7995 2432 2216 1984 1634 2347 2038 2358 1648 2287 1936 2098 2052 2382 2691 2161 2754 2107 2015 2520 2347 2355 1957
4193 3949 4345 4161 3674 4369 4042 3861 4093 4031 4082 4618 4572 3781 4246 4217 4391 4256 4151 4508 3975 3712 4136 4153 3754 3647 4218 4126 3962
1921 2500 2809 1909 2875 2422 2253 2296 2698 2005 2563 1994 2803 2887 2413 2676 2310 2672 2214 2255 2132 2909 2478 2185 2889 2529 2136 2234 2370
7605 7140 6721 7099 7508 7625 6773 6911 6755 7252 7028 2257 2627 3104 2888 2794 3223 3042 2765 2810 3167 3343 2718 2293 2550 2851 2965 2871 2796
2743 3205 2734 3128 3430 2486 2760 2616 2264 2679 2665 2421 2056 2255 1978 2290 2349 2883 2040 2746 2706 2293 2596 2544 2199 2437 2293 2909 2769
3799 4041 4405 3983 4283 3762 3437 3669 4185 3960 4883 5117 4781 4909 5138 4826 5079 5715 4923 5544 5688 4868 4849 5262 5026 5061 5547 4859 5725
6551 5624 5948 5939 5990 6001 6592 5572 5832 5725 6347 5900 6074 5863 3785 3890 4011 3743 3344 3165 4220 3672 3860 3520 3267 3702 3621 4135 3700
5341 5363 6070 5461 5477 5711 5894 5373 5777 5274 5461 5410 6015 5949 6181 5246 6080 5643 5341 5698 5462 5914 1672 1959 2320 2148 1764 1438 1527
8502 8123 7809 7528 1425 1777 1396 1944 1307 1306 1388 1048 1611 1303 1327 1553 2076 1577 1878 1957 1488 1357 1381 1779 1791 2119 2103 1920 1050
1762 1349 1838 1908 1124 2221 7675 7895 8493 7664 8243 7711 8245 7907 7926 7924 7574 7817 8524 7966 7633 8426 8509 8236 7788 8388 8073 8394 8193
6380 7126 6919 6428 6492 6264 7027 6832 6565 7192 6578 7159 6403 7160 7273 7193 6987 6720 6661 6773 6430 5984 6243 5831 5518 5566 6048 6346 5447
3961 3497 3354 3811 3437 3268 3889 3633 3438 2971 3980 3520 3306 3117 3616 3243 3023 3331 3127 3776 3676 3706 3708 8210 7877 8240 7542 7390 7417
2455 2903 2714 2072 2003 3051 2331 2049 1991 3018 2283 2164 2209 2480 3030 2384 2877 2927 6190 5683 6324 6500 5956 6729 6567 5669 5730 6726 5915
6207 6310 5619 5489 5521 6255 5813 5343 5751 6048 5921 6318 6120 5516 5671 5771 5240 7984 7772 7736 7226 7799 7114 7555 7869 7756 7619 7752 7164
3463 3429 4462 4532 7631 8367 7666 7631 7981 7954 8045 8004 8556 8457 8567 7685 8162 7929 7765 8335 8663 8484 7867 8002 8680 8586 8310 8231 7890
7964 8491 8162 8921 8473 8359 8763 8771 8770 8379 8581 8650 8571 8570 8044 8052 4119 4566 4518 3829 3889 3618 4405 3779 4132 4448 4032 4168 3756
7662 7480 7010 7719 6800 7835 7110 7476 7677 7842 7324 7703 7575 7807 7122 7787 7625 7585 7398 7005 6816 4661 4570 5035 4620 4110 4653 5098 4499
7845 7739 7914 6930 7651 7574 7556 7003 7705 7040 7425 6998 7346 7313 7576 3420 3524 3691 2749 3064 3556 3186 2900 3267 3073 3057 3416 2983 3628
7225 6910 6289 7300 6475 6884 6470 7228 6368 6560 7180 6754 6860 6985 7067 7280 6903 6786 6207 7217 7257 6613 6925 6738 6625 6624 6520 6258 4887
6572 7126 7105 6396 6948 6471 7104 6818 6352 7383 7188 6956 7019 6688 6809 6382 7232 5325 4676 4888 5459 5175 5329 4733 4464 5275 5161 5504 5214
3225 2914 2675 3094 2580 2749 2948 3444 6021 5941 6558 6053 6156 6609 6333 6243 6203 6496 6674 6080 6632 5579 5563 6439 5627 5556 6206 6496 6600
5131 5735 4947 5224 5659 5905 2222 1662 1977 2039 2534 1839 2613 2327 1806 1608 1975 2090 2149 2418 2281 1696 2675 1987 2042 2213 1845 2188 2140
5972 5293 5435 5842 4187 3886 4213 3879 4999 4889 4395 4583 3934 4556 4818 3871 4920 4301 4953 4218 4400 4246 4445 4712 4056 4745 4383 4062 3879
4696 8538 8463 8289 8166 8497 7842 7490 8033 7849 8236 7522 7740 8052 8122 7599 7951 8345 7788 7572 7864 8277 7481 8478 7631 8387 7748 8295 8576
2449 2385 1987 1535 1795 2440 2153 1731 1538 2410 2346 1987 1658 1669 1351 1612 1622 1619 1855 1681 1369 4798 4350 4532 4437 4423 4742 4137 4733
1434 1581 2378 2411 1650 1360 1504 1963 1478 2299 1892 2137 1990 1896 2100 2286 1443 2021 2080 1374 6417 6991 7311 6943 6883 6580 6947 7204 6338
5457 5811 2184 3267 3840 6556 2055 2819 7833 4600 5108 7867 7721 7582 7602 7109 2137 2865 7639 1835 4117 7523 2321 3835 7558 3697 3617 2650 8140 8696
5608 5972 1996 3950 2925 6624 2344 3310 6950 5448 4874 8046 7059 7330 7487 7181 2686 2860 7927 1795 3326 7394 2798 3785 7521 4346 4179 2805 8168 8419
5827 6049 2153 3492 3105 6415 2430 3470 6758 4818 5564 7546 7900 7704 7041 7193 2824 3154 8081 2501 4351 7299 1990 2881 7749 3733 4001 1989 7619 8425
5612 5469 1301 4135 3676 2882 2127 2701 7325 4744 5810 8378 7126 7861 3483 7340 3180 2975 7205 1763 3520 7681 2606 2927 3328 4229 4247 2346 8027 8223
5433 5602 2309 3723 3893 2114 1749 3441 6808 5102 5843 8387 7973 8129 2685 7180 3189 2866 7774 2099 3909 6732 2336 3347 3360 4478 3795 2027 8476 2987
6208 5476 2171 3928 3702 2416 2506 3003 4004 5427 5474 7460 7750 7704 2939 7137 2221 2590 7615 1711 3703 7121 2034 3165 3544 4648 3396 1818 8455 2940
6169 5968 2155 3565 3040 2852 1612 3399 4104 4604 4846 8028 7601 7994 3489 6521 2306 2926 7490 2406 4217 3088 2457 3096 2826 4727 6523 2094 8100 3455
6172 5136 1777 3406 3207 2244 2181 2523 3896 4559 5845 8045 7740 7217 3110 7477 3116 3347 8187 1794 4255 3964 1992 2897 3531 4616 6258 2074 1849 3444
6162 5121 2278 3858 3158 2666 2581 2651 4098 4904 5782 7538 7840 7959 3342 6967 2276 3101 7980 2349 3564 3206 2720 3591 3662 3918 6512 2019 1994 3044
6319 5395 2315 3986 2497 2736 2252 2714 3711 5560 4910 8005 7112 7640 3113 6856 2469 3415 7454 2702 3433 3361 2131 3133 3056 4441 6266 2110 2122 3760
5542 5281 1343 3319 3279 2136 6264 2406 3444 4514 5690 7640 7326 7568 2744 7003 5085 3904 7806 2601 3794 4013 2966 2906 3652 4587 6418 2328 2342 3895
6201 5025 1689 3441 3008 3201 6312 3301 3888 5378 5178 8134 7646 7101 3207 7160 5528 4465 7827 1886 3330 3777 2524 3592 2746 4097 6786 1705 2845 3820
6268 5824 2108 3423 2741 3216 7004 3411 3627 5300 5906 7658 7134 8109 2582 7151 5009 4420 4210 2002 3790 3207 2943 3109 3254 3692 5965 1747 2303 3350
6271 4941 1270 3629 2932 3155 6755 2998 3448 4932 8562 7959 8039 7296 3027 6799 4976 4485 3988 2761 3788 3659 2968 2937 2780 4070 6515 1735 2176 3018
5727 5038 1586 3540 2629 2892 6888 2559 3273 5158 8169 8299 7647 7948 3004 7382 5886 3970 4597 1672 4069 3247 1892 3800 3511 3980 6380 2410 2374 3503
5777 5547 2275 4088 3528 2411 7057 2599 3276 5489 8141 7877 7964 7862 2868 6406 5121 3607 4226 1964 3672 3254 1928 3762 2825 6433 6254 2503 2161 2831
6153 5060 1688 3769 2552 3159 7002 3369 4247 5584 7891 7533 7869 7749 2544 6376 5406 4467 3818 2329 3609 4000 2942 3048 3467 5862 6508 2343 2255 3075
6165 5313 1451 6570 2823 3161 7267 3344 3274 4587 8127 7870 8154 1501 3242 6926 5201 3651 4089 2194 4211 3550 2834 3496 3630 6310 5950 2609 2037 3096
6145 5412 1522 6709 2480 2753 7233 2672 3378 5581 7969 8326 7792 1696 2688 6894 5684 4475 4551 1925 4186 4011 2531 3632 3586 5568 5938 2668 1782 3349
6326 5543 1568 6269 3293 2956 7162 2738 3651 4739 7712 7833 8065 1700 3541 7591 5781 4167 3891 2417 4298 3272 2837 3105 3543 6092 6105 2462 2626 2984
5781 5482 2100 6260 3117 2699 7248 3405 3379 4703 8465 8271 7652 1937 3355 7691 5202 4226 4590 2056 4239 3985 2049 2818 3760 6324 6502 6333 1802 2877
3152 5203 1647 6799 3133 2392 7298 2872 4120 5256 8241 8187 7794 1578 3458 6964 5464 3588 4315 2489 3743 3116 2390 3516 2918 6117 6944 6252 2744 3134
2803 5282 2288 5972 2732 2926 6889 2792 3977 4741 7904 8014 8054 2171 3374 7332 5870 4381 4661 2065 3415 3719 2954 2887 3006 6062 6998 6970 1913 2987
2693 8183 2152 6182 2783 2622 7064 3248 3385 4567 8393 8350 8110 2253 3623 6938 6023 4191 3602 1782 3415 3332 6122 2626 3178 6183 6425 7155 1847 2904
3363 8685 1743 5702 3217 2663 7081 2789 3252 4482 8687 7315 8592 1469 3213 6812 5925 4436 4595 2338 3603 3036 6957 1887 3460 5822 6383 6793 1872 2978
2775 7616 1491 6493 2785 2481 6908 2380 3869 3895 8287 8077 8335 1928 3166 7169 5803 3879 4401 2642 4131 3139 6870 2674 3321 5898 6070 6914 2202 2864
2675 7624 1523 6065 3468 2792 6561 3395 4091 4655 7659 8715 7902 1545 2662 7268 5244 4031 4381 2273 4186 3277 6336 2543 3526 6171 6738 7292 2025 3575
2611 8167 1961 6246 2822 2816 7362 3399 3880 4032 8690 8763 7996 1471 2611 6604 5211 3626 3725 1512 3463 3663 7045 2325 3678 5625 6769 6789 1997 3728
3355 7875 1947 6524 2654 2566 6872 1976 3785 4260 8059 8525 7639 1975 3456 6972 5517 3650 3949 1329 3148 3414 7144 2401 3519 6400 6506 6894 2807 3167
1 18 8 5 50170 1
2 1 3 23 53841 1
7 9 13 24 48668 1
27 26 5 18 75714 1
9 13 11 29 41029 1
16 16 4 28 51882 1
27 17 16 29 56287 1
15 2 13 23 41551 1
14 11 24 7 48453 1
10 19 27 8 62455 1
12 2 29 5 36199 1
8 27 0 15 46925 1
8 20 29 29 68320 1
5 19 12 26 27321 1
23 9 1 27 95313 1
15 9 25 25 62271 1
23 16 3 4 88971 1
25 24 15 8 60007 1
17 25 24 16 56912 1
16 1 12 26 49309 1
12 28 23 19 39769 1
5 10 7 28 52028 1
17 7 28 13 41468 1
25 6 0 24 97099 1
16 1 25 18 56624 1
26 6 19 10 47099 1
0 5 9 6 23098 1
0 13 1 28 54249 1
7 13 2 4 38273 1
16 26 0 7 81366 1
21 17 6 6 61703 1
19 11 0 22 82047 1
5 6 29 0 57413 1
9 13 12 26 34256 1
13 29 21 26 29901 1
0 18 15 13 49372 1
15 0 24 4 29918 1
22 11 9 12 60321 1
29 14 4 26 78177 1
1 2 13 14 47169 1
3 29 29 16 83979 1
23 29 17 5 79981 1
7 7 4 23 44861 1
26 22 18 11 53403 1
29 2 5 21 81286 1
5 25 16 24 39141 1
25 6 11 20 60122 1
10 24 18 0 58925 1
14 1 26 18 68932 1
23 19 9 5 53438 1
21 2 20 12 52569 1
25 10 23 19 23061 1
17 11 1 7 60570 1
22 15 9 14 46440 1
13 23 8 8 40807 1
8 3 10 20 45638 1
12 22 18 26 30830 1
19 7 22 26 76413 1
19 19 2 0 70337 1
0 12 26 18 84814 1
1 5 11 26 69260 1
10 26 16 0 61209 1
20 27 25 15 42443 1
24 11 23 1 41640 1
27 12 20 16 42195 1
1 10 27 10 96399 1
3 2 20 1 38286 1
19 1 12 27 60489 1
28 24 5 11 90305 1
18 17 20 28 48336 1
24 27 3 26 57205 1
28 8 4 17 75786 1
25 11 9 26 70066 1
2 18 0 27 30121 1
12 29 12 18 18823 1
2 24 16 27 42160 1
27 11 16 28 66786 1
3 25 11 1 73630 1
22 16 11 13 51563 1
14 15 23 14 35347 1
19 0 23 24 83463 1
3 1 0 10 36876 1
14 20 23 23 35875 1
29 5 14 15 56964 1
1 1 13 25 72495 1
13 23 18 0 53857 1
4 14 23 28 67637 1
14 0 20 8 43283 1
19 22 11 5 47532 1
28 3 5 21 81326 1
5 21 15 26 43014 1
15 27 0 2 75049 1
27 13 5 5 68650 1
11 20 25 1 61715 1
27 29 29 10 52073 1
1 12 14 1 58473 1
24 20 25 1 54466 1
12 28 29 3 75888 1
18 29 24 20 40439 1
10 11 4 19 41825 1
4 28 21 27 42949 1
25 9 4 18 68574 1
4 13 17 29 62649 1
21 29 18 9 81199 1
11 3 3 1 27078 1
25 12 20 3 40601 1
8 27 18 21 39609 1
26 8 7 19 66152 1
20 11 17 28 72609 1
27 12 1 21 85537 1
24 13 9 3 59649 1
14 4 9 17 36918 1
3 18 10 5 50561 1
7 28 10 10 50054 1
10 24 16 12 38941 1
13 18 4 7 44088 1
28 24 13 28 44402 1
6 3 26 25 88538 1
22 24 12 16 42342 1
17 5 5 0 39057 1
17 21 7 7 52725 1
15 16 28 15 40056 1
28 17 4 13 67822 1
20 29 4 23 48912 1
1 24 19 2 76553 1
28 19 26 4 34076 1
8 23 26 3 75358 1
3 11 17 1 62115 1
0 18 10 19 24744 1
15 8 6 21 44847 1
26 4 24 19 41623 1
23 29 24 15 42001 1
26 9 10 0 61231 1
25 15 6 9 69236 1
10 13 0 10 54068 1
14 8 10 27 41457 1
8 10 19 4 42914 1
7 2 28 26 94673 1
3 28 4 13 41250 1
4 17 20 23 51945 1
14 14 22 6 46936 1
10 16 26 23 55323 1
15 21 23 7 59667 1
22 0 2 29 104512 1
8 29 29 25 65890 1
10 15 18 17 37626 1
9 20 0 8 54844 1
7 14 24 16 61028 1
9 17 1 5 51368 1
4 4 17 12 59932 1
0 25 24 26 71456 1
19 14 0 29 72022 1
16 14 21 1 44433 1
24 24 4 13 72438 1
26 14 16 29 56932 1
5 27 25 17 60356 1
5 3 3 28 73588 1
20 11 29 3 50201 1
16 14 14 5 26879 1
3 2 22 26 95816 1
3 24 19 28 43393 1
0 9 12 16 55456 1
5 22 25 20 52038 1
6 12 19 13 47433 1
27 24 4 0 104712 1
0 6 27 10 86505 1
8 9 19 8 40467 1
29 19 6 22 55342 1
5 19 18 8 52968 1
4 0 10 14 55725 1
15 15 5 7 42133 1
0 18 6 24 27452 1
16 18 0 10 65206 1
18 23 9 16 44389 1
24 25 22 0 72010 1
29 5 17 14 41275 1
9 22 2 9 45043 1
4 11 4 22 23998 1
1 9 17 23 72603 1
26 16 16 22 43690 1
16 15 25 29 55458 1
21 16 29 7 44370 1
29 1 29 18 32389 1
13 24 16 10 40244 1
3 3 3 21 52448 1
3 21 25 21 62995 1
2 14 0 1 36832 1
21 25 13 10 56633 1
11 6 4 24 54849 1
9 28 9 1 62481 1
4 29 19 1 80976 1
24 16 10 18 47964 1
0 24 25 22 76653 1
8 19 4 25 22120 1
1 11 25 12 86347 1
29 28 15 26 43668 1
19 7 27 12 41721 1
9 14 25 18 47618 1
4 10 5 26 38823 1
15 28 2 28 35195 1
24 29 22 17 41710 1
4 11 26 4 71961 1
8 4 24 27 83269 1
18 19 27 3 57066 1
27 8 24 20 35995 1
18 4 3 12 62084 1
23 5 8 0 46199 1
12 7 21 10 46290 1
2 28 13 9 60764 1
29 17 18 10 52053 1
10 15 19 21 40712 1
3 20 20 28 55924 1
21 20 24 29 35951 1
4 12 12 10 34375 1
11 5 2 20 48808 1
15 13 29 18 45015 1
22 6 0 19 80197 1
18 16 3 16 56798 1
27 6 9 25 87390 1
25 0 4 0 58460 1
6 28 17 24 36414 1
28 29 11 28 41694 1
15 25 19 6 69528 1
22 0 3 10 74061 1
7 1 6 16 43071 1
3 0 3 25 71177 1
3 3 6 27 67066 1
20 21 15 3 60571 1
4 14 24 3 67843 1
22 14 4 12 59334 1
15 4 24 11 52212 1
7 4 21 5 42200 1
23 19 7 1 71351 1
3 13 27 7 87133 1
21 2 10 22 53155 1
18 15 4 14 50463 1
29 9 17 23 59485 1
25 10 28 22 29506 1
1 6 24 22 86291 1
15 16 5 10 50198 1
24 14 8 14 49712 1
16 5 23 1 26179 1
14 1 28 3 33931 1
14 16 7 10 40513 1
25 25 26 12 30916 1
22 22 19 11 59480 1
0 26 14 24 39771 1
3 16 27 12 75745 1
25 8 10 26 72268 1
15 0 7 21 57026 1
4 2 14 18 53868 1
4 8 26 22 80224 1
15 4 25 4 29658 1
13 27 10 17 27296 1
26 18 17 29 48900 1
16 26 7 1 75577 1
21 14 7 22 52397 1
26 3 0 7 68289 1
10 15 15 26 45556 1
4 11 19 9 63063 1
3 8 14 4 42570 1
29 23 11 11 67514 1
1 4 12 5 34179 1
28 24 27 15 30042 1
17 15 3 27 60603 1
14 6 27 4 45834 1
9 20 16 12 35666 1
10 20 23 12 53206 1
24 13 19 27 49741 1
12 25 5 19 25202 1
18 6 4 3 50511 1
26 18 15 0 67855 1
20 4 11 20 51181 1
28 23 0 27 73594 1
23 17 18 8 52487 1
7 2 13 24 52129 1
25 18 21 10 39046 1
2 10 28 26 99434 1
6 28 26 5 89516 1
0 1 24 23 98382 1
9 6 16 14 33246 1
27 23 15 17 42304 1
23 15 20 22 39535 1
8 0 12 29 62029 1
10 7 14 19 28788 1
22 17 9 19 36537 1
20 6 5 3 51965 1
6 23 4 0 67319 1
6 26 28 19 62862 1
6 28 16 8 58537 1
25 12 16 6 39611 1
8 1 7 13 39661 1
20 18 3 9 65930 1
23 29 5 23 56419 1
11 26 8 4 50034 1
28 1 8 6 49787 1
19 21 6 5 59891 1
10 27 6 4 58209 1
28 24 22 9 54217 1
12 19 22 14 38720 1
9 19 1 21 27186 1
27 18 4 25 69763 1
27 12 7 22 68297 1
19 2 25 7 26590 1
27 9 25 25 41687 1
17 25 13 0 64182 1
19 3 19 23 74602 1
2 18 9 14 29047 1
19 5 23 17 51088 1
0 14 2 26 43485 1
28 9 6 2 53109 1
8 13 21 26 63095 1
19 11 6 3 66846 1
12 10 10 20 21413 1
21 5 27 20 48906 1
11 20 25 6 60122 1
14 5 4 17 48893 1
19 6 16 20 57433 1
24 2 5 0 43525 1
7 9 7 28 52747 1
13 14 29 27 71015 1
27 18 13 23 48217 1
16 11 5 5 42332 1
8 27 12 1 58713 1
25 13 11 8 45697 1
0 8 10 29 77976 1
8 20 1 23 24029 1
23 8 4 23 82740 1
11 8 0 18 49493 1
29 9 29 19 20144 1
1 14 22 14 72949 1
19 22 22 9 58136 1
25 28 1 9 93551 1
0 10 25 5 81522 1
26 16 8 22 55154 1
23 15 5 2 77320 1
4 7 20 1 51217 1
1 1 17 14 64664 1
8 5 29 24 84887 1
18 15 20 2 48947 1
16 1 26 2 20553 1
23 0 4 15 75648 1
24 25 18 19 33993 1
13 29 0 28 33882 1
4 25 12 8 47212 1
28 6 3 4 63265 1
2 0 16 21 72302 1
24 11 14 10 55760 1
3 28 5 6 61384 1
16 16 5 0 61865 1
11 17 25 7 55931 1
5 19 13 7 37178 1
20 2 6 10 44292 1
26 12 14 5 52315 1
21 7 23 27 64888 1
12 2 8 19 41049 1
11 19 24 23 40837 1
14 16 15 2 36713 1
15 3 16 12 25050 1
25 21 13 21 39345 1
10 6 12 14 22206 1
23 0 20 12 55314 1
23 16 20 24 41031 1
10 3 28 3 39340 1
9 21 11 1 53159 1
23 0 3 23 87425 1
8 21 22 2 59500 1
3 15 17 12 57656 1
29 3 21 29 68075 1
23 15 7 17 62862 1
27 22 16 10 58275 1
22 14 28 0 43895 1
13 6 28 17 61190 1
4 24 8 17 25028 1
3 24 20 17 60249 1
22 21 28 13 30941 1
11 0 5 7 35843 1
26 27 15 7 74393 1
14 2 7 17 44632 1
18 2 17 13 36773 1
2 27 0 12 56034 1
13 29 1 16 51453 1
9 5 18 18 50251 1
12 1 9 12 46919 1
8 6 18 25 68259 1
25 2 28 29 73012 1
3 18 9 26 41100 1
2 14 21 23 63041 1
22 14 25 22 26233 1
15 5 27 29 83120 1
13 2 17 28 56567 1
9 7 24 12 56861 1
12 5 26 28 67480 1
15 25 9 6 51671 1
20 5 3 27 77690 1
2 1 12 17 49623 1
5 13 23 15 66217 1
22 15 13 19 37666 1
18 12 17 21 51179 1
18 0 17 14 40940 1
24 3 12 18 49747 1
10 14 28 8 54680 1
20 21 13 5 50544 1
29 15 16 21 47188 1
4 17 4 7 20880 1
7 22 4 7 38593 1
28 18 18 23 37823 1
22 20 10 26 47444 1
14 28 3 5 65112 1
7 18 0 1 59244 1
19 23 2 9 71561 1
22 5 15 8 27827 1
6 15 3 27 35005 1
10 29 16 24 26948 1
15 24 19 15 52743 1
18 14 16 28 50587 1
11 16 21 17 36819 1
5 23 4 10 31733 1
6 8 25 14 65370 1
23 0 29 9 29681 1
0 8 9 9 37130 1
15 15 26 14 34342 1
6 28 23 21 56682 1
14 22 4 7 52469 1
29 1 1 12 81976 1
2 6 15 12 51380 1
17 15 9 19 35296 1
19 0 6 9 52234 1
9 26 23 4 80541 1
9 20 25 12 53647 1
5 11 21 23 71793 1
18 5 16 19 45304 1
18 16 17 26 58875 1
3 4 18 28 79709 1
5 13 21 11 66444 1
8 27 17 23 32610 1
15 12 14 0 44998 1
19 18 12 4 42281 1
15 1 11 24 46464 1
2 15 14 11 55074 1
25 11 17 7 32072 1
2 14 13 28 50613 1
27 4 24 26 58730 1
2 20 28 24 73254 1
13 18 16 5 35497 1
16 23 27 29 45869 1
21 13 10 23 46690 1
0 9 7 15 41972 1
14 11 11 21 35212 1
3 2 19 7 46133 1
10 12 16 5 36812 1
29 11 10 24 64611 1
8 2 17 12 46409 1
6 9 13 21 44927 1
24 9 14 6 46090 1
9 24 0 16 40104 1
14 13 26 25 65786 1
20 4 28 0 29086 1
15 17 5 7 47735 1
0 10 11 11 59917 1
22 21 4 2 76604 1
13 10 29 17 59518 1
2 22 7 7 46309 1
19 27 2 2 80992 1
21 7 8 10 45726 1
23 7 0 1 66869 1
2 29 20 23 66510 1
23 5 17 19 52993 1
29 23 22 17 36260 1
15 11 7 17 40926 1
14 3 25 5 34597 1
20 28 25 7 54142 1
6 3 16 24 62442 1
25 0 15 24 75959 1
20 15 29 28 58125 1
14 2 21 11 58180 1
23 8 8 8 53265 1
18 16 6 12 52197 1
4 11 18 8 52841 1
29 16 13 24 52510 1
19 17 1 24 61289 1
0 4 28 20 92157 1
22 8 21 22 52051 1
15 8 25 9 36193 1
6 1 27 6 57549 1
2 2 29 12 68323 1
10 11 1 13 54671 1
18 16 0 3 78382 1
13 17 7 3 42357 1
0 0 13 8 50770 1
6 20 15 4 47211 1
10 19 28 20 40589 1
5 19 14 0 54234 1
7 8 29 3 59259 1
3 22 8 16 25122 1
12 14 2 23 39675 1
5 4 18 21 67778 1
3 2 21 20 71233 1
24 16 6 7 72413 1
22 25 0 13 89237 1
0 5 26 27 102718 1
12 16 25 6 51612 1
26 28 8 25 44906 1
22 21 17 6 63441 1
29 21 1 14 80787 1
11 11 8 26 44937 1
6 23 15 2 54329 1
3 6 16 2 35193 1
28 16 19 11 37905 1
22 8 3 25 87114 1
11 26 23 4 70052 1
19 5 8 25 64720 1
2 0 12 8 39116 1
29 5 11 26 75835 1
0 5 10 0 43731 1
1 15 23 12 79819 1
26 25 28 2 56169 1
18 18 2 5 68147 1
3 26 5 6 53390 1
14 10 21 4 41553 1
0 19 18 25 61551 1
28 10 22 25 49472 1
18 1 13 7 26195 1
9 8 11 25 40445 1
14 18 18 11 42082 1
19 18 5 16 42520 1
13 21 0 1 66083 1
28 0 18 13 44162 1
9 1 22 15 69864 1
6 17 9 28 33207 1
28 4 22 11 42509 1
5 25 10 0 78271 1
0 4 20 7 62163 1
28 25 8 27 57500 1
27 6 4 16 87170 1
21 28 0 7 88677 1
22 16 3 20 58198 1
29 8 29 19 21622 1
2 13 23 3 72183 1
18 8 24 28 69316 1
3 15 2 1 39630 1
11 13 19 4 39988 1
17 2 0 11 62046 1
7 2 29 17 67949 1
29 1 29 11 18516 1
20 0 4 5 52290 1
2 19 5 28 29394 1
21 11 1 5 86392 1
20 9 6 15 65232 1
9 17 21 6 61298 1
0 0 5 20 62076 1
11 11 27 16 60729 1
7 22 28 10 67275 1
12 2 13 16 30989 1
17 16 27 6 57081 1
27 16 27 26 42666 1
14 10 7 13 38438 1
4 20 7 11 29364 1
1 2 20 23 83245 1
7 23 24 6 77126 1
12 8 3 18 43179 1
11 0 19 26 77926 1
25 28 19 22 28977 1
21 1 5 8 53432 1
17 2 14 26 59303 1
16 17 8 15 34156 1
19 16 10 9 49734 1
17 9 2 20 61689 1
29 29 23 8 63063 1
29 13 18 22 44027 1
5 18 29 22 67476 1
9 7 24 23 65690 1
18 22 26 2 67116 1
7 27 7 5 57874 1
21 10 12 18 54677 1
13 13 7 22 34958 1
6 22 17 24 33787 1
15 23 1 18 47133 1
17 0 9 4 31913 1
23 2 21 12 46468 1
18 27 23 8 68579 1
11 24 29 12 58822 1
16 6 2 23 63480 1
3 27 17 14 54932 1
3 13 28 5 84471 1
25 29 16 6 71539 1
16 28 15 2 57168 1
14 2 13 28 48871 1
27 15 8 9 72896 1
1 16 4 7 27634 1
17 18 0 23 55352 1
24 27 26 18 30500 1
2 21 18 22 41266 1
20 29 2 10 79159 1
5 10 11 19 39858 1
6 7 22 27 79725 1
15 28 10 15 40895 1
22 18 9 11 58666 1
16 10 10 23 40932 1
29 24 13 23 53107 1
21 17 21 27 31959 1
26 19 4 23 57352 1
13 14 19 1 40685 1
3 24 23 2 78949 1
4 9 27 3 69792 1
11 21 24 25 48954 1
28 15 7 27 65340 1
0 23 9 13 48425 1
25 7 4 17 74311 1
4 23 13 12 45175 1
8 26 29 28 49298 1
22 11 16 26 78078 1
14 19 29 22 43113 1
11 11 29 13 52861 1
24 13 14 24 54784 1
26 7 6 12 69726 1
17 9 7 4 40938 1
29 0 11 13 58017 1
26 15 27 5 30839 1
20 21 5 26 51963 1
5 22 9 14 28412 1
22 21 23 6 52206 1
26 14 4 16 64422 1
21 24 2 27 54475 1
15 10 26 3 46990 1
2 7 10 21 50954 1
22 13 16 29 61986 1
18 1 18 13 41703 1
5 7 15 13 41634 1
21 0 15 15 58762 1
29 12 20 11 33595 1
11 0 24 13 65016 1
14 11 4 2 50792 1
15 3 5 4 28295 1
29 8 1 26 96855 1
15 14 1 25 57866 1
17 2 3 19 55533 1
8 11 17 17 43377 1
23 9 23 24 47724 1
24 9 8 24 73739 1
13 28 5 7 56513 1
27 28 15 0 87731 1
13 16 2 9 50772 1
19 11 28 6 47096 1
28 1 12 26 69925 1
13 0 7 18 46611 1
7 10 5 24 42881 1
11 24 5 11 50622 1
16 20 26 22 37362 1
14 3 22 21 60250 1
18 10 3 8 66927 1
29 1 6 8 58022 1
1 11 15 15 62117 1
20 28 7 26 32835 1
9 14 20 21 43312 1
8 23 27 14 61189 1
15 25 18 0 66060 1
0 20 9 22 28446 1
15 22 26 17 40835 1
2 20 22 27 67820 1
4 21 13 11 42652 1
3 25 9 13 46140 1
2 1 1 23 53869 1
28 17 5 11 79062 1
3 18 18 24 54234 1
7 12 28 11 63682 1
4 4 19 11 73628 1
11 6 29 13 58380 1
22 17 24 3 47548 1
24 28 0 14 83921 1
25 10 13 29 67230 1
14 0 16 11 36025 1
13 23 22 29 39099 1
4 14 2 27 33333 1
14 5 15 18 37424 1
19 4 4 16 61696 1
10 24 22 7 62645 1
6 6 24 4 48996 1
19 14 3 4 62052 1
23 10 1 12 98377 1
24 2 9 3 31407 1
10 19 3 6 46482 1
17 11 28 2 50179 1
9 23 25 23 46975 1
18 20 1 8 74413 1
16 3 29 21 61620 1
7 20 12 7 32460 1
9 1 18 20 62156 1
5 26 24 28 45802 1
17 18 22 4 56013 1
12 7 28 8 48991 1
28 15 15 22 45852 1
6 1 24 12 71190 1
5 1 27 8 61571 1
11 21 2 26 38999 1
24 2 15 9 35350 1
27 21 10 4 68312 1
28 9 5 1 59229 1
8 6 18 20 53407 1
16 13 17 3 26940 1
2 12 3 0 33840 1
25 11 9 22 56824 1
11 16 19 3 47354 1
4 28 3 2 66755 1
11 8 8 21 35252 1
5 4 23 28 83484 1
1 27 28 23 70944 1
20 25 21 9 71659 1
16 4 23 27 80318 1
2 19 20 1 70055 1
13 13 18 28 47024 1
22 7 16 29 77586 1
25 23 27 12 32238 1
18 15 9 24 51661 1
9 23 27 12 66199 1
0 8 16 25 83635 1
14 3 19 22 54034 1
1 27 12 9 52357 1
7 21 9 11 33581 1
10 10 26 29 73420 1
17 1 13 28 60695 1
28 14 26 26 35868 1
9 25 20 10 77507 1
2 6 28 11 75762 1
12 18 20 2 38885 1
8 6 27 19 65059 1
28 25 1 3 106807 1
4 0 3 15 53481 1
17 0 18 9 37893 1
4 11 3 26 37641 1
4 0 3 12 47352 1
23 8 9 22 68447 1
2 2 14 18 57322 1
16 22 10 0 61251 1
13 13 3 10 48228 1
7 24 14 9 47445 1
14 19 8 9 37656 1
22 11 13 21 56630 1
2 19 16 1 59249 1
25 11 4 19 61949 1
27 8 5 15 78799 1
24 29 28 16 35986 1
8 1 8 14 34699 1
19 26 20 4 79916 1
2 1 10 20 60730 1
8 18 6 26 23617 1
15 29 29 29 41748 1
15 16 28 20 39148 1
25 22 6 14 60412 1
19 16 29 18 36186 1
21 20 10 29 44924 1
14 22 1 4 63817 1
10 26 18 2 58990 1
14 23 24 11 63945 1
16 24 26 1 77809 1
28 28 6 11 83718 1
19 24 0 4 87806 1
7 15 20 26 59825 1
23 27 12 24 37610 1
13 3 20 23 57812 1
2 3 22 23 86342 1
11 27 7 14 39607 1
12 20 2 21 28604 1
5 6 15 10 38832 1
0 5 21 29 91706 1
18 29 8 7 65208 1
20 21 17 29 40035 1
29 2 4 15 75481 1
6 29 15 5 61663 1
0 29 7 7 67356 1
10 6 23 19 54491 1
9 0 14 16 49152 1
27 9 7 29 84803 1
12 20 25 8 52908 1
7 8 17 7 32520 1
8 1 7 14 37809 1
18 14 3 4 59364 1
6 1 25 8 54209 1
19 21 26 14 33659 1
1 5 17 7 50702 1
21 12 27 0 48786 1
4 7 26 24 84128 1
19 11 2 7 73456 1
28 8 28 20 21348 1
21 27 26 16 42721 1
27 1 11 1 42002 1
29 5 8 13 69744 1
23 9 5 27 86146 1
4 24 26 8 83643 1
16 26 25 10 68608 1
24 11 29 3 33602 1
23 22 2 12 70363 1
14 10 3 22 54797 1
29 8 0 11 94145 1
22 28 6 22 48014 1
22 13 21 22 36328 1
20 20 13 11 43005 1
27 14 25 24 26513 1
24 25 20 14 45572 1
27 10 0 27 98770 1
9 25 14 5 49918 1
28 17 22 11 30705 1
22 13 2 13 65425 1
16 24 27 14 55827 1
12 27 27 22 52785 1
29 14 20 1 46730 1
18 13 5 18 49053 1
21 3 20 26 87006 1
0 11 21 5 75897 1
26 5 16 22 66771 1
27 15 15 15 43417 1
13 21 23 25 42288 1
29 28 9 1 93717 1
17 16 3 28 64827 1
13 7 0 17 53706 1
21 7 4 1 58217 1
20 28 26 16 41540 1
2 27 10 1 74652 1
1 19 28 6 81579 1
2 3 20 16 82194 1
26 29 23 10 60370 1
14 21 11 8 30573 1
28 10 15 23 58571 1
24 26 4 18 69289 1
2 10 16 15 58685 1
11 25 23 0 70810 1
1 1 8 5 28671 1
7 21 3 5 49093 1
15 10 19 24 58195 1
11 12 8 5 28551 1
21 6 12 12 41644 1
3 10 16 17 58256 1
12 24 24 16 48095 1
29 18 12 14 46241 1
27 4 24 22 50349 1
3 25 20 13 67916 1
0 11 16 20 68617 1
20 8 15 21 54503 1
0 27 20 17 68038 1
5 29 21 19 53169 1
6 19 18 6 58002 1
23 11 15 16 42345 1
9 23 9 8 42454 1
26 27 5 2 95290 1
25 21 4 27 60633 1
12 5 19 10 42911 1
23 22 28 14 30728 1
20 2 26 19 49998 1
24 11 16 23 59807 1
13 9 18 29 56185 1
3 15 26 11 77908 1
2 27 19 4 77086 1
1 16 22 18 57542 1
23 22 10 6 63687 1
12 8 15 15 20192 1
27 16 7 27 68939 1
11 27 13 0 48194 1
3 26 13 1 67496 1
8 23 15 20 27429 1
6 13 1 0 44657 1
4 18 15 22 32205 1
28 15 20 7 35734 1
7 20 27 23 56423 1
18 28 5 26 33088 1
28 19 14 20 35831 1
0 8 16 0 54032 1
26 8 17 6 35204 1
0 7 13 4 38507 1
20 18 10 7 47281 1
11 19 14 26 24967 1
16 22 27 14 47129 1
25 13 5 2 64882 1
7 10 27 21 75168 1
7 8 16 10 36209 1
23 19 1 28 64572 1
6 6 18 26 71575 1
19 15 4 18 55702 1
17 5 7 23 56177 1
26 8 19 18 44491 1
5 5 18 21 64104 1
11 6 24 25 72941 1
24 4 10 26 76036 1
21 11 6 6 68251 1
4 15 1 24 28609 1
8 22 22 7 63428 1
11 5 23 29 69852 1
19 12 28 27 61340 1
12 24 28 23 47442 1
0 22 6 9 44452 1
16 18 23 10 51024 1
14 12 22 20 50102 1
14 7 29 10 49277 1
11 9 0 1 49742 1
23 14 11 6 51298 1
12 6 2 12 41169 1
16 2 7 13 44743 1
8 23 17 28 30824 1
12 15 3 22 33652 1
3 1 23 6 61794 1
12 0 17 5 24458 1
3 5 21 11 77046 1
19 8 1 12 71573 1
10 16 20 19 32849 1
23 12 26 25 41130 1
29 21 20 27 43415 1
26 10 13 10 59942 1
8 21 14 29 31016 1
9 2 4 23 59940 1
13 6 0 5 39179 1
20 1 29 22 67148 1
5 5 19 6 47357 1
22 27 3 1 98621 1
20 3 2 3 42487 1
15 10 4 19 48495 1
8 2 4 8 25076 1
14 17 21 25 42359 1
6 0 5 27 67551 1
20 10 10 21 66686 1
28 2 8 13 61918 1
13 1 2 7 35293 1
14 28 25 19 42758 1
4 2 17 16 61438 1
2 12 13 29 57588 1
10 25 2 15 43589 1
17 0 2 24 80102 1
20 10 29 28 72341 1
21 26 15 7 67309 1
13 1 25 1 28374 1
11 18 6 28 35766 1
0 13 29 7 99550 1
21 6 17 28 79844 1
21 26 26 15 44374 1
10 22 1 3 65108 1
19 28 8 23 34643 1
1 8 14 22 63869 1
0 18 26 16 69242 1
19 2 1 24 76553 1
8 12 1 7 33702 1
4 25 6 12 35445 1
13 7 4 23 48445 1
13 3 5 5 24325 1
23 9 14 1 52453 1
3 17 12 15 31757 1
25 22 28 1 46515 1
4 28 5 10 45573 1
15 4 15 22 43823 1
15 9 2 1 48820 1
25 9 5 25 80527 1
9 21 22 0 73241 1
27 15 0 28 89270 1
19 20 8 22 33819 1
28 10 3 14 72893 1
27 18 1 28 79623 1
2 20 23 2 70914 1
25 10 4 0 71471 1
10 2 15 7 23214 1
2 26 5 15 38370 1
20 13 28 7 26022 1
23 23 20 14 40234 1
10 10 20 8 41655 1
1 5 22 10 84359 1
29 27 22 18 47972 1
1 29 27 21 80565 1
9 27 5 1 69306 1
1 23 6 12 38386 1
28 2 24 15 37469 1
3 6 16 5 35074 1
18 12 0 0 78944 1
23 19 22 10 42762 1
25 19 2 28 68391 1
20 3 23 29 82536 1
2 27 28 2 90153 1
18 24 0 1 86860 1
4 0 29 26 119080 1
21 15 7 17 49843 1
24 14 1 14 79946 1
12 24 10 15 26109 1
7 14 13 26 41764 1
1 14 26 14 80690 1
11 7 18 1 26085 1
12 6 27 1 42531 1
25 5 26 16 32335 1
18 7 12 20 38555 1
24 22 20 5 57058 1
8 24 3 3 64939 1
19 14 14 20 34675 1
7 18 19 21 36662 1
16 27 0 29 38076 1
29 6 6 28 87838 1
5 28 16 25 38068 1
10 8 22 7 39243 1
17 29 29 21 51144 1
17 23 2 21 43796 1
4 1 24 5 53283 1
15 14 1 29 60690 1
26 8 6 7 61321 1
7 10 28 21 73530 1
29 4 2 25 100644 1
28 24 13 8 69139 1
27 1 2 22 90803 1
