3800 3868 3859 3738 3905 3837 3898 3906 3817 3803 3777 3693 3765 3842 3818 3851 3883 3768 3768 3759 3867 3909 3913 3905 3910 3734 3676 3674 3911
7810 7648 7587 7659 7605 7829 7804 7668 7668 7683 7743 7815 7692 7802 7699 7624 7778 7650 7728 7756 7629 7775 7817 7648 7714 7818 7728 7790 7690
8809 8816 8895 8742 8798 8671 8789 8878 8876 8782 8898 8854 8685 8668 8764 8666 8713 8760 8668 8833 8835 8739 8826 8845 8732 8727 8665 8849 8808
6342 6154 6282 6307 6179 6249 6220 6249 6192 6293 6232 6328 6172 6100 6304 6139 6114 6343 6254 6124 6212 6229 6137 6111 6211 6222 6314 6213 6264
2109 1986 2010 2007 2138 2106 2025 2024 2094 2126 2134 1993 2113 2110 2220 2147 2002 2104 2104 2049 1975 2143 2155 2215 1977 2151 2073 2128 2162
3661 3705 3821 3760 3649 3832 3654 3658 3739 3662 3590 3679 3737 3652 3692 3613 3834 3660 3645 3753 3740 3714 3667 3759 3729 3773 3788 3700 3823
8321 8237 8420 8235 8236 8403 8423 8438 8443 8439 8409 8372 8404 8223 8435 8248 8285 8418 8419 8409 8433 8249 8368 8352 8345 8252 8257 8221 8251
5908 5736 5829 5933 5928 5789 5844 5921 5757 5861 5849 5758 5863 5752 5954 5725 5897 5803 5924 5744 5831 5810 5789 5872 5735 5931 5950 5948 5796
3177 3165 3125 3193 3152 3336 3263 3319 3161 3172 3155 3132 3178 3271 3338 3290 3233 3367 3240 3284 3342 3128 3164 3241 3300 3227 3269 3202 3197
8654 8583 8651 8649 8660 8575 8639 8654 8569 8501 8547 8635 8536 8568 8670 8650 8693 8523 8485 8530 8546 8633 8711 8565 8504 8529 8720 8660 8502
5769 5820 5845 5680 5733 5826 5711 5628 5798 5782 5821 5844 5804 5853 5666 5780 5658 5618 5760 5851 5800 5608 5744 5814 5814 5768 5853 5837 5801
3541 3407 3498 3418 3459 3582 3517 3635 3582 3454 3466 3556 3623 3536 3557 3412 3642 3408 3527 3490 3507 3436 3524 3426 3636 3529 3620 3402 3606
4525 4439 4437 4508 4484 4441 4525 4667 4668 4499 4609 4602 4587 4587 4600 4516 4631 4621 4676 4574 4541 4581 4438 4667 4446 4480 4640 4564 4504
2940 3046 3035 2823 2876 2856 2876 2989 2923 2957 3014 3013 2874 2864 2804 3032 2836 2836 2843 2884 2848 2864 2877 2917 2920 2893 2905 2810 2978
6760 6770 6761 6675 6683 6622 6725 6654 6647 6781 6855 6798 6823 6727 6680 6672 6672 6660 6815 6828 6740 6721 6735 6734 6819 6695 6772 6636 6781
6480 6423 6397 6439 6433 6504 6505 6476 6452 6534 6451 6521 6525 6448 6575 6414 6563 6507 6413 6445 6372 6433 6390 6460 6523 6578 6414 6463 6522
2394 2342 2248 2366 2390 2452 2232 2464 2321 2269 2267 2474 2331 2331 2478 2279 2300 2470 2388 2450 2328 2330 2476 2467 2408 2284 2325 2414 2469
7568 7443 7500 7613 7563 7653 7560 7658 7636 7492 7656 7523 7522 7678 7485 7443 7611 7679 7490 7520 7447 7504 7509 7522 7504 7574 7508 7568 7466
3707 3716 3568 3752 3671 3776 3638 3670 3682 3675 3753 3622 3618 3654 3621 3725 3592 3678 3719 3778 3722 3757 3637 3615 3671 3662 3563 3782 3779
5338 5234 5269 5113 5285 5137 5264 5119 5162 5207 5303 5241 5157 5315 5239 5248 5197 5259 5257 5155 5161 5157 5186 5170 5142 5301 5340 5122 5298
3430 3505 3558 3403 3392 3372 3573 3580 3371 3369 3561 3425 3493 3568 3593 3353 3387 3567 3391 3568 3477 3441 3383 3597 3359 3539 3588 3507 3535
8368 8349 8350 8228 8390 8326 8227 8334 8367 8402 8294 8314 8249 8278 8299 8382 8447 8315 8342 8415 8402 8451 8372 8315 8391 8261 8350 8298 8458
2609 2670 2677 2682 2702 2776 2704 2770 2778 2642 2646 2797 2782 2758 2736 2704 2686 2713 2685 2751 2731 2691 2622 2667 2730 2803 2746 2688 2729
6149 6087 6225 6113 6164 6090 6168 6189 6244 6172 6218 6216 6039 6244 6269 6089 6096 6086 6058 6239 6049 6086 6062 6267 6093 6252 6035 6057 6214
3500 3739 3723 3508 3637 3530 3539 3551 3718 3546 3563 3678 3516 3617 3609 3636 3663 3584 3567 3543 3714 3656 3500 3652 3618 3572 3720 3683 3671
8599 8500 8647 8548 8558 8563 8483 8649 8513 8459 8451 8590 8612 8589 8634 8457 8434 8525 8448 8530 8662 8665 8593 8461 8461 8479 8484 8432 8546
5777 5736 5775 5785 5731 5895 5757 5735 5795 5749 5759 5771 5905 5804 5840 5753 5901 5708 5817 5793 5685 5763 5678 5787 5814 5729 5769 5755 5726
7616 7427 7547 7427 7538 7567 7477 7588 7565 7538 7639 7507 7445 7601 7576 7589 7561 7428 7552 7566 7428 7622 7606 7462 7470 7496 7432 7453 7568
1449 1472 1554 1449 1501 1539 1469 1439 1419 1390 1497 1345 1536 1340 1474 1456 1497 1377 1453 1384 1475 1525 1455 1371 1577 1417 1452 1514 1521
3938 3980 3953 3846 3935 3919 3893 3784 3867 3923 3942 3970 3898 3930 3935 3787 3939 3916 3805 3937 3824 3877 3803 3896 3985 3855 3809 3975 3859
1446 4821 1454 2568 8272 8384 7725 6743 3498 6331 2894 5485 7115 7727 3420 8797 2824 1671 4688 6343 7786 6863 6896 6031 4496 8611 3818 1877 6828 4556
1353 4857 1372 2687 8088 8510 7603 6763 3349 6141 2883 5574 7285 7803 3184 8939 2824 1528 4758 6436 7732 6935 7046 6034 4733 8612 3922 1990 6808 4585
1423 5022 1478 2495 8205 8517 7622 6794 3503 6135 2921 5434 7190 7749 3220 8943 2652 1556 4821 6464 7851 7032 6957 5813 4722 8653 3944 2035 6840 4437
1313 4884 1432 2525 8263 8458 7758 6771 3358 6254 2833 5522 7306 7823 3394 8861 2742 1502 4720 6354 7765 6871 6935 6059 4646 8640 3863 1975 6830 4446
1363 4948 1404 2605 8287 8528 7843 6913 3478 6319 2901 5604 7187 7783 3424 8838 2789 1617 4739 6568 7640 6910 7055 5957 4700 8513 3976 1844 6782 4573
1343 4981 1464 2655 8122 8426 7598 6758 3497 6182 2846 5410 7289 7769 3343 8820 2632 1623 4642 6375 7769 6927 7063 5855 4575 8501 4034 2015 6938 4564
1436 4809 1464 2629 8094 8580 7640 6836 3487 6265 2800 5552 7292 7823 3322 8826 2581 1618 4640 6450 7656 6810 6943 6008 4536 8655 3924 2035 6768 4562
1464 4944 1457 2687 8092 8392 7768 6852 3438 6226 2762 5508 7092 7751 3230 8939 2781 1628 4764 6352 7695 6844 6835 5907 4558 8504 3825 1904 6771 4595
1544 4780 1573 2550 8237 8566 7676 6760 3400 6154 2768 5469 7207 7769 3251 8783 2708 1458 4708 6332 7708 6951 6845 6014 4546 8634 3969 1870 6761 4498
1317 4935 1561 2574 8107 8349 7648 6820 3461 6183 2729 5480 7136 7650 3338 8704 2615 1521 4800 6519 7697 6812 7029 5879 4502 8658 3816 1972 6776 4521
1395 4810 1439 2536 8268 8398 7774 6798 3394 6303 2889 5517 7122 7601 3204 8858 2610 1653 4846 6498 7742 7022 7059 5845 4645 8496 3904 2015 6760 4581
1368 4847 1515 2513 8174 8397 7763 6816 3303 6191 2935 5554 7223 7607 3365 8790 2816 1541 4813 6429 7768 6861 6910 5961 4537 8590 3981 1846 6988 4451
1421 4897 1390 2506 8140 8558 7785 6754 3433 6267 2973 5601 7288 7655 3196 8797 2665 1579 4831 6355 7621 6984 7010 5857 4661 8488 3982 1989 6916 4457
1473 4871 1505 2637 8221 8429 7689 6985 3523 6196 2835 5632 7307 7700 3401 8767 2724 1638 4677 6325 7842 6926 6822 5864 4653 8675 4008 2044 6856 4405
1513 4992 1390 2639 8115 8583 7806 6836 3481 6330 2806 5521 7280 7651 3292 8831 2610 1506 4841 6396 7748 6912 7029 5986 4675 8512 3922 1817 6985 4408
1404 4840 1395 2693 8169 8435 7714 6929 3345 6263 2886 5599 7142 7602 3304 8702 2686 1658 4783 6572 7843 7007 6861 6001 4599 8608 3859 1868 6906 4582
1528 4808 1408 2710 8073 8375 7752 6905 3400 6174 2818 5587 7124 7733 3351 8745 2708 1628 4800 6501 7725 6803 7030 6035 4718 8533 4037 1862 6874 4583
1546 4921 1381 2525 8129 8483 7798 6832 3345 6308 2861 5571 7263 7687 3178 8904 2790 1470 4841 6554 7668 6872 6928 5860 4572 8543 4038 1955 6870 4504
1375 4907 1467 2565 8176 8351 7759 6843 3395 6357 2732 5521 7071 7726 3412 8744 2671 1477 4881 6383 7771 6852 6900 5896 4596 8490 3833 1993 6903 4486
1461 4849 1554 2679 8172 8464 7817 6895 3344 6172 2730 5401 7128 7669 3334 8929 2692 1575 4790 6486 7775 6910 6874 6015 4516 8693 3831 2021 6808 4533
1520 4938 1515 2669 8174 8514 7655 6951 3371 6289 2731 5445 7255 7776 3228 8770 2794 1611 4818 6458 7849 6814 6871 5847 4502 8654 3903 1903 6756 4597
1456 4941 1517 2573 8160 8584 7672 6934 3381 6231 2927 5471 7202 7676 3378 8926 2632 1528 4745 6357 7750 6853 6906 6058 4721 8488 3816 1933 6853 4412
1360 4919 1392 2568 8090 8518 7621 6906 3523 6292 2733 5499 7280 7664 3265 8735 2715 1480 4696 6559 7794 6960 7021 5845 4667 8636 4033 1935 6798 4599
1378 4968 1462 2596 8176 8411 7838 6946 3352 6338 2738 5460 7186 7680 3384 8702 2766 1478 4842 6505 7661 6897 7019 5936 4514 8642 3988 1989 6899 4537
1415 4934 1391 2569 8156 8484 7834 6746 3300 6209 2916 5514 7298 7651 3226 8875 2735 1431 4720 6570 7620 6965 7061 6034 4663 8658 3926 1895 6945 4445
1408 4903 1389 2688 8267 8360 7782 6877 3368 6119 2809 5537 7175 7752 3270 8911 2672 1655 4685 6373 7719 6874 6852 6020 4575 8692 4025 1903 6776 4596
1375 4898 1344 2552 8226 8405 7603 6884 3341 6214 2973 5555 7254 7705 3392 8788 2613 1580 4809 6425 7814 6813 6875 5908 4635 8663 3887 1915 6794 4599
1420 4868 1488 2658 8220 8366 7832 6953 3432 6315 2895 5606 7074 7664 3333 8766 2604 1584 4744 6409 7655 6861 6986 5959 4501 8634 4030 1924 6796 4494
1341 4842 1335 2498 8209 8457 7732 6774 3424 6250 2873 5552 7169 7679 3334 8916 2787 1608 4849 6348 7643 6851 7049 5926 4505 8550 3843 1988 6744 4574
28 4 10 7 51778 1
18 22 28 18 35430 1
24 13 23 27 44887 1
14 3 0 26 82687 1
6 16 21 2 59550 1
12 22 18 18 32863 1
3 17 26 19 47400 1
5 5 7 27 60401 1
7 24 21 22 61916 1
27 22 13 14 46171 1
14 2 19 8 27077 1
8 19 11 11 32565 1
15 12 8 19 38022 1
4 19 25 8 64840 1
14 17 4 17 15876 1
24 17 27 1 34495 1
28 3 18 25 61473 1
10 10 15 3 34373 1
27 6 21 17 34430 1
17 5 15 24 58081 1
16 5 17 14 24492 1
15 10 21 27 53006 1
15 13 9 6 58086 1
13 7 1 13 60422 1
22 24 1 12 78850 1
17 19 14 26 31025 1
6 18 3 4 45414 1
20 17 1 14 41357 1
15 14 25 27 49086 1
25 9 5 8 70655 1
11 27 27 21 48450 1
13 16 0 28 49571 1
3 1 26 20 83323 1
2 8 16 7 48416 1
18 6 27 10 39954 1
16 21 26 2 52870 1
23 1 10 17 61098 1
10 23 1 4 82460 1
19 28 21 0 71664 1
20 12 10 3 50098 1
22 26 27 3 51802 1
19 22 28 14 41092 1
19 29 26 26 28902 1
13 21 12 0 61962 1
24 24 0 8 89017 1
18 0 7 2 21035 1
18 24 18 1 67906 1
6 24 0 4 67272 1
0 22 26 8 82592 1
4 4 23 15 67051 1
23 6 6 8 64142 1
28 17 27 1 28245 1
11 13 15 21 38712 1
6 28 26 3 90856 1
4 0 27 24 73650 1
11 5 7 24 74518 1
1 11 14 13 58584 1
5 5 19 13 70237 1
19 29 19 9 69868 1
22 21 24 12 31879 1
20 20 17 29 40463 1
23 0 18 21 62118 1
23 10 19 18 31815 1
15 4 24 15 58303 1
24 1 7 8 50029 1
17 1 29 12 44927 1
5 18 8 11 27971 1
27 13 25 1 36523 1
2 6 23 16 72098 1
25 7 29 21 44284 1
14 0 9 16 59101 1
1 10 24 10 65037 1
18 16 16 0 43136 1
8 3 24 5 37457 1
7 10 25 6 69601 1
27 22 5 18 53780 1
19 4 9 29 95467 1
20 24 29 17 38379 1
11 17 22 11 33674 1
23 19 1 7 77103 1
15 24 29 1 67225 1
22 8 3 19 63420 1
20 2 10 4 24719 1
26 21 4 14 63269 1
16 13 25 14 32087 1
16 27 18 7 55391 1
6 14 17 6 59147 1
21 23 1 6 95201 1
16 6 9 23 63839 1
25 24 13 5 75988 1
22 8 17 20 48851 1
25 24 5 8 83450 1
25 23 1 27 65406 1
3 22 23 25 65423 1
11 28 9 2 76614 1
27 24 19 4 59294 1
5 10 20 25 70593 1
13 18 7 13 29431 1
15 17 3 27 40303 1
9 29 17 17 51228 1
20 0 25 15 50360 1
10 1 14 21 72273 1
3 15 10 9 40636 1
14 19 28 1 58513 1
16 20 26 6 57024 1
18 0 21 11 40939 1
9 7 25 18 72114 1
22 5 15 18 49321 1
22 10 12 3 40404 1
8 15 2 23 37411 1
18 1 3 6 40081 1
14 10 29 2 43077 1
6 13 11 7 44096 1
9 17 15 21 27739 1
14 21 23 2 68575 1
14 17 28 26 34695 1
16 1 18 22 59296 1
3 2 20 8 45677 1
8 4 5 13 38817 1
13 26 1 29 38153 1
28 26 23 8 42781 1
17 4 13 15 44405 1
25 20 17 6 64059 1
3 19 26 27 65700 1
29 2 21 9 35121 1
6 19 3 7 43031 1
10 9 28 14 62490 1
11 14 3 28 50863 1
24 9 2 1 65029 1
16 12 10 28 53061 1
27 21 19 29 42630 1
3 15 12 16 28173 1
12 1 26 4 36155 1
15 12 6 21 58009 1
23 28 1 19 78870 1
5 27 0 2 59775 1
21 1 15 15 52277 1
19 23 16 4 61873 1
18 17 8 3 53193 1
19 22 0 3 87206 1
26 15 13 25 54778 1
5 5 12 16 50851 1
18 5 26 24 66591 1
26 10 3 19 64112 1
22 13 20 28 45366 1
18 6 2 25 86988 1
22 10 13 20 41763 1
25 17 14 24 39861 1
20 11 27 22 47366 1
16 12 7 3 41063 1
1 20 26 14 74027 1
1 16 16 19 34118 1
20 2 24 14 42197 1
19 29 0 25 54370 1
23 22 27 14 37560 1
20 2 8 16 56799 1
22 11 9 15 51191 1
28 20 4 15 45900 1
21 27 16 21 24024 1
12 5 16 25 67250 1
3 5 15 25 80517 1
20 11 29 0 42305 1
0 10 22 19 59977 1
5 15 20 17 31020 1
1 20 12 26 58178 1
10 24 7 5 79054 1
28 7 9 5 54624 1
12 14 6 1 56932 1
26 24 24 9 44460 1
28 7 8 22 61805 1
0 13 11 14 40172 1
0 12 8 8 36643 1
21 23 12 18 42542 1
18 9 1 22 76167 1
18 27 11 0 74860 1
6 24 0 14 41829 1
9 11 24 8 57694 1
24 0 9 28 90369 1
4 22 18 3 65538 1
19 2 2 22 77329 1
7 10 25 0 58026 1
18 23 3 13 60292 1
21 3 27 29 57636 1
19 8 10 3 37521 1
19 25 25 11 67412 1
17 2 7 21 69241 1
29 19 5 18 48758 1
15 17 5 4 52901 1
27 11 18 26 51714 1
0 28 15 13 68346 1
15 2 6 10 38439 1
4 3 3 24 48630 1
20 28 0 12 79720 1
8 1 3 26 62939 1
1 25 5 3 68404 1
3 1 21 26 94657 1
2 22 0 4 67519 1
24 16 13 24 40781 1
5 9 0 0 29157 1
15 26 3 9 67599 1
14 4 2 18 68508 1
23 16 4 4 60962 1
22 12 25 29 54084 1
5 24 18 29 44043 1
9 20 25 15 57255 1
0 20 11 12 46440 1
8 6 10 18 44109 1
6 10 10 24 58766 1
14 22 16 9 44585 1
14 24 3 23 45336 1
4 11 9 23 44610 1
23 17 23 1 42794 1
6 1 8 23 67350 1
22 16 1 24 59861 1
6 23 4 13 32821 1
8 24 24 1 85073 1
28 21 27 6 29383 1
9 19 3 14 29188 1
18 17 5 9 43420 1
26 8 9 11 64362 1
8 2 18 8 32665 1
1 5 5 15 51326 1
7 17 25 27 52907 1
0 14 13 8 53051 1
7 8 0 23 58642 1
28 23 4 0 67778 1
29 12 6 6 77892 1
2 23 23 25 68205 1
29 12 10 23 67628 1
26 22 16 7 63086 1
18 17 18 4 45039 1
7 17 11 11 27586 1
22 29 25 20 42393 1
4 25 14 24 35085 1
11 27 14 1 78247 1
25 15 14 11 52415 1
15 22 8 7 63630 1
23 12 23 24 44473 1
15 8 25 27 63120 1
25 8 0 25 96865 1
18 9 21 0 36745 1
29 18 2 0 67369 1
20 6 3 9 57750 1
10 22 29 18 56370 1
7 10 4 24 38011 1
0 9 9 16 41542 1
6 25 24 16 66625 1
28 12 17 9 41009 1
12 0 8 29 81717 1
25 20 2 15 65663 1
15 27 2 4 85298 1
7 26 4 0 66151 1
27 2 28 17 23393 1
25 27 20 11 53394 1
11 29 16 18 38028 1
3 10 23 10 56495 1
18 22 8 4 75040 1
26 15 15 16 31973 1
16 0 4 4 25153 1
12 28 8 17 43092 1
17 12 12 2 36287 1
22 11 24 23 40985 1
11 9 19 6 41190 1
20 6 9 11 53634 1
0 22 27 27 71538 1
10 20 25 27 59470 1
3 25 7 17 30220 1
12 17 17 12 25224 1
16 20 28 23 34474 1
20 20 7 18 36661 1
6 22 10 7 69343 1
7 6 5 16 41953 1
18 1 16 16 39407 1
24 29 0 3 95842 1
6 1 9 16 52828 1
28 12 6 16 46949 1
12 8 6 14 38013 1
21 19 16 24 36475 1
19 10 28 5 32708 1
3 13 23 25 73812 1
10 6 27 28 90935 1
22 1 6 25 91993 1
21 29 2 8 88236 1
18 17 2 20 44011 1
18 3 15 11 29595 1
29 6 10 25 84164 1
5 15 17 13 41991 1
8 19 13 13 25895 1
26 20 18 14 40491 1
13 17 1 26 44840 1
29 2 6 28 88535 1
1 4 29 9 68483 1
12 22 25 10 62872 1
11 0 26 7 48691 1
21 16 14 21 35470 1
15 0 12 16 49727 1
14 3 4 5 25094 1
9 7 28 6 57948 1
4 26 23 28 44951 1
0 14 26 15 63836 1
8 29 27 29 52577 1
16 15 11 26 41689 1
2 2 23 23 84526 1
14 13 10 26 56549 1
20 18 6 0 63990 1
24 24 16 3 69875 1
20 21 7 15 44446 1
13 1 0 20 65114 1
10 28 3 10 55975 1
15 23 24 14 43598 1
9 21 18 20 47011 1
7 12 28 1 69648 1
0 27 19 16 57224 1
21 29 10 26 36558 1
15 7 1 25 86043 1
16 28 23 9 63643 1
24 15 15 8 43941 1
0 27 2 9 58057 1
22 14 3 24 55846 1
29 27 23 11 47168 1
6 1 9 19 60764 1
18 8 15 24 49303 1
27 6 7 6 63525 1
15 15 18 4 44763 1
16 16 27 13 34228 1
29 22 22 2 44634 1
21 18 5 11 51764 1
2 24 27 28 67545 1
8 6 14 24 67986 1
6 20 18 18 43026 1
20 3 25 19 56932 1
22 10 19 22 46566 1
15 9 3 15 54915 1
7 21 18 21 50626 1
16 16 29 6 44391 1
3 3 26 1 42304 1
23 7 9 19 68987 1
9 6 24 17 67989 1
26 25 6 21 79291 1
19 2 16 22 51424 1
10 6 23 16 67026 1
17 19 1 22 61712 1
15 5 13 15 42377 1
25 1 4 29 94411 1
25 10 7 13 65223 1
6 10 22 26 73188 1
14 16 26 19 34454 1
1 26 12 29 38297 1
26 26 6 5 95973 1
26 21 3 17 58402 1
5 26 6 1 64188 1
8 0 17 13 49718 1
12 5 3 7 42363 1
11 29 21 8 77697 1
18 0 18 16 46210 1
29 0 1 26 94306 1
24 27 4 13 67036 1
29 21 6 3 71962 1
12 11 14 28 60491 1
27 8 22 18 28307 1
23 29 15 9 70601 1
10 12 6 5 50385 1
24 27 12 3 71167 1
22 29 1 24 60605 1
6 7 20 6 61049 1
21 27 1 5 103279 1
2 7 12 4 44673 1
19 11 12 20 50253 1
16 27 11 5 72263 1
6 4 5 14 39789 1
14 7 28 17 53027 1
13 2 27 9 38283 1
19 10 2 20 65784 1
5 0 5 28 63197 1
2 28 25 9 96469 1
7 17 20 29 52981 1
28 25 13 18 37752 1
8 6 1 13 50174 1
6 25 4 12 42267 1
23 15 19 7 41152 1
22 19 1 13 57696 1
8 2 4 11 24453 1
21 8 24 1 26285 1
11 24 12 7 61855 1
4 27 0 20 34791 1
3 14 28 28 63300 1
13 11 16 18 24695 1
14 22 16 9 44585 1
4 5 28 16 61428 1
2 8 8 20 42177 1
11 17 5 21 24299 1
19 23 16 2 66487 1
3 3 10 24 70064 1
1 14 21 19 54773 1
25 26 23 15 43744 1
2 25 21 0 92660 1
20 10 19 25 58462 1
24 2 19 19 51955 1
26 29 17 11 64891 1
16 29 12 0 74558 1
2 26 8 2 63718 1
14 14 1 12 57972 1
2 14 6 27 37788 1
7 4 24 8 55541 1
26 20 13 5 71920 1
9 8 24 17 56705 1
23 11 9 26 76081 1
26 24 28 2 41081 1
19 19 2 9 63365 1
1 24 21 8 85085 1
28 28 3 26 53897 1
25 19 27 3 42980 1
17 29 13 11 55617 1
9 15 18 6 59816 1
5 12 4 21 25414 1
26 23 10 27 52491 1
6 9 21 0 54275 1
6 25 21 28 52723 1
11 3 6 11 42291 1
26 15 2 11 69568 1
2 17 22 15 36777 1
6 9 18 18 53280 1
8 22 2 26 33879 1
28 3 10 27 69644 1
29 7 0 7 74124 1
6 4 14 23 79988 1
11 26 13 9 57239 1
29 24 26 9 36307 1
1 29 26 25 71864 1
18 21 28 4 49198 1
22 25 25 7 62542 1
28 10 13 21 44855 1
4 23 0 29 23878 1
13 17 24 10 38671 1
6 2 17 19 61250 1
9 9 8 25 57989 1
3 13 17 2 49558 1
18 21 9 25 55155 1
29 0 17 0 17055 1
0 20 13 27 52281 1
1 22 3 14 41076 1
2 0 27 8 52323 1
0 7 8 21 56272 1
14 29 2 17 51687 1
11 11 3 16 37188 1
0 13 7 1 49364 1
8 29 21 23 49581 1
29 0 22 26 54960 1
6 23 22 17 52671 1
5 21 23 16 46911 1
26 25 6 26 57326 1
4 27 8 12 43742 1
15 29 4 5 77525 1
19 9 27 27 57214 1
26 22 19 15 44749 1
14 9 3 7 47771 1
16 10 1 11 50510 1
6 17 26 0 61918 1
2 10 29 20 69867 1
22 19 18 11 33421 1
1 17 14 13 37624 1
1 26 22 13 69815 1
6 1 7 24 69895 1
0 27 29 18 71884 1
15 22 23 18 35525 1
7 29 14 26 27599 1
9 15 19 17 30014 1
24 15 20 22 30840 1
7 9 15 17 42116 1
3 24 14 15 45861 1
19 9 13 26 60762 1
1 20 5 8 47755 1
12 3 27 15 54857 1
9 10 15 17 35107 1
25 9 0 17 68921 1
18 15 14 22 36271 1
29 23 2 6 90500 1
2 17 27 24 55136 1
16 22 12 15 26785 1
13 2 20 14 45710 1
12 23 0 2 74232 1
24 28 20 7 68767 1
10 18 8 28 41905 1
17 22 16 3 51950 1
9 5 15 16 62046 1
16 11 7 25 59806 1
14 3 25 17 51612 1
12 19 3 8 44253 1
15 5 21 15 54378 1
17 24 13 9 49571 1
14 9 6 16 45530 1
13 17 23 9 42105 1
4 9 14 0 32623 1
24 10 14 1 45599 1
9 23 1 29 44607 1
1 13 28 14 65933 1
7 15 23 8 61634 1
22 9 15 18 38293 1
3 16 21 21 50751 1
22 11 2 3 57806 1
11 27 16 3 66444 1
21 14 6 7 70423 1
26 13 3 12 72391 1
13 28 3 0 77903 1
3 14 17 2 47239 1
8 9 26 21 76183 1
4 13 27 15 57706 1
27 2 25 10 21925 1
0 28 16 1 83645 1
1 17 14 9 48414 1
2 4 12 26 84088 1
16 11 25 27 52918 1
4 11 13 25 49812 1
11 19 20 13 34908 1
7 26 27 25 57246 1
12 20 5 12 43441 1
17 28 29 7 63582 1
10 20 20 14 42572 1
29 29 9 22 69304 1
8 2 19 11 44224 1
3 25 25 10 81187 1
12 27 28 29 33981 1
17 25 11 15 42826 1
9 25 21 6 94218 1
4 0 20 17 60534 1
13 5 1 4 39377 1
2 3 23 23 84626 1
29 23 22 14 31929 1
27 26 25 3 45313 1
12 3 0 14 54412 1
18 14 2 29 66745 1
12 13 2 4 64710 1
21 29 1 22 74198 1
17 28 10 4 87325 1
27 21 8 3 66656 1
13 9 13 20 31957 1
14 28 14 9 63180 1
22 0 23 12 39733 1
1 4 18 14 69607 1
17 21 4 28 46440 1
28 7 17 25 60740 1
3 26 16 19 46634 1
24 28 29 14 33567 1
1 18 7 26 43002 1
13 14 12 28 44012 1
8 2 22 18 58972 1
0 4 3 27 66173 1
8 18 22 7 52509 1
11 6 25 1 41521 1
0 3 27 6 58335 1
23 17 3 24 49200 1
29 1 14 23 72146 1
11 13 19 21 46916 1
0 20 19 23 67877 1
26 21 26 2 44100 1
3 27 20 22 50491 1
26 8 14 4 47287 1
9 9 15 3 41807 1
28 13 7 27 60806 1
16 19 8 6 52924 1
27 29 14 10 62664 1
9 26 13 7 70320 1
11 12 21 11 41604 1
27 9 9 1 52771 1
16 6 10 25 68445 1
2 14 27 7 71866 1
1 8 3 26 51885 1
3 23 28 9 67661 1
9 20 1 27 44177 1
13 26 9 6 76822 1
4 5 13 15 45200 1
8 8 9 23 54469 1
22 13 6 14 49140 1
27 6 16 20 49499 1
21 12 8 1 58151 1
6 14 1 27 40082 1
10 4 13 21 65383 1
26 24 26 9 40938 1
28 19 1 6 84988 1
6 9 23 12 66344 1
26 28 5 27 46519 1
17 28 28 6 59282 1
7 18 3 11 28768 1
29 6 3 16 65875 1
23 4 22 21 54451 1
6 17 9 28 41947 1
19 7 3 16 60093 1
18 20 7 1 68436 1
19 7 20 28 71573 1
11 26 13 1 79648 1
19 11 27 5 46377 1
7 25 26 19 72471 1
18 26 27 19 41039 1
14 3 25 25 79005 1
0 12 22 20 61894 1
25 20 10 20 56650 1
22 20 8 23 49517 1
8 29 24 29 44765 1
11 4 0 2 23014 1
21 12 7 17 44339 1
4 14 18 8 53204 1
5 2 20 1 25468 1
0 9 7 22 59735 1
6 26 12 3 74446 1
3 0 8 5 20667 1
24 16 3 24 54341 1
27 20 29 29 25536 1
10 16 18 7 45276 1
13 19 29 23 43573 1
0 18 15 7 59508 1
8 10 22 17 44440 1
28 29 16 27 26263 1
26 7 5 10 72726 1
24 6 16 0 30830 1
4 10 7 19 31304 1
0 8 13 11 46545 1
24 1 25 12 45456 1
19 12 26 18 39030 1
15 15 3 26 51558 1
28 16 29 4 25198 1
16 22 24 25 34843 1
11 14 23 6 61275 1
26 17 16 21 24969 1
4 16 20 29 59841 1
11 0 9 26 81188 1
1 26 8 23 34563 1
17 12 22 1 42119 1
7 10 15 24 59421 1
27 25 19 28 34043 1
21 11 11 2 45885 1
6 1 8 15 51627 1
21 13 10 13 50234 1
8 24 4 12 39844 1
21 22 5 0 85382 1
5 6 11 21 54779 1
1 6 8 0 38501 1
10 19 24 27 59821 1
19 1 13 12 42786 1
1 10 21 21 69363 1
4 19 7 11 33323 1
9 0 16 24 66738 1
16 13 27 0 46372 1
3 5 17 5 47549 1
29 29 27 4 49217 1
13 5 26 25 77227 1
20 17 6 2 56041 1
14 20 4 10 45362 1
14 6 23 23 72582 1
6 21 24 4 89802 1
18 25 24 4 75448 1
0 25 18 4 95148 1
6 4 16 3 30692 1
19 18 1 2 64405 1
29 17 16 12 31824 1
8 7 24 0 44197 1
5 12 19 24 66746 1
13 5 4 9 36405 1
5 12 15 24 57459 1
15 28 3 17 50262 1
23 11 24 28 56500 1
23 20 5 2 76587 1
15 12 28 4 50936 1
25 22 9 0 79886 1
14 6 11 23 63883 1
1 20 8 15 38347 1
4 11 29 26 66999 1
22 18 3 25 56404 1
2 1 8 13 49030 1
7 10 15 25 65838 1
27 29 6 23 71130 1
9 14 16 29 53884 1
5 19 29 3 66074 1
22 26 21 0 63431 1
15 29 17 9 58294 1
10 15 15 21 36597 1
23 21 9 11 64594 1
24 16 2 18 46595 1
26 12 24 0 37469 1
13 23 5 10 49010 1
25 11 2 4 78450 1
7 27 29 25 49703 1
24 0 22 26 59237 1
22 0 22 13 35235 1
11 13 26 29 67180 1
3 23 11 7 63674 1
18 12 21 28 61081 1
13 11 19 24 53020 1
23 12 14 24 56418 1
26 21 7 8 82782 1
6 6 15 11 54709 1
11 2 9 27 72225 1
3 16 26 24 61457 1
17 18 6 22 49963 1
29 3 0 27 89209 1
1 18 29 29 71868 1
23 28 21 10 57167 1
4 25 1 6 61343 1
2 21 20 16 50712 1
1 27 12 26 26141 1
29 22 27 9 32113 1
29 27 10 11 69736 1
11 4 19 1 23601 1
22 11 6 20 62002 1
13 21 11 8 44464 1
16 0 14 27 67549 1
3 0 22 6 42644 1
17 6 1 29 91242 1
25 21 14 13 54000 1
9 28 26 0 87546 1
19 22 14 7 63182 1
19 9 6 2 44143 1
10 21 0 23 61313 1
9 21 21 25 65284 1
16 12 15 25 39644 1
18 3 7 29 88530 1
14 0 15 18 50108 1
11 21 2 3 59309 1
22 15 0 27 62542 1
1 10 22 1 54236 1
10 15 21 20 44479 1
12 12 21 22 55610 1
17 13 26 10 40996 1
6 14 12 18 27207 1
6 10 3 22 37776 1
22 2 15 14 40291 1
22 23 12 2 66364 1
28 28 14 29 38615 1
0 0 4 14 34510 1
19 28 11 4 84171 1
28 28 11 10 65392 1
18 27 3 1 84902 1
1 18 13 3 59787 1
2 28 27 21 74964 1
19 3 3 2 27911 1
20 2 6 26 81499 1
9 14 2 8 36001 1
10 21 12 1 73675 1
21 3 12 15 56838 1
7 12 18 15 46371 1
27 5 17 23 64741 1
3 9 14 23 60353 1
12 8 6 22 67641 1
9 10 19 29 76303 1
11 27 22 21 37490 1
3 29 9 2 68293 1
4 16 24 19 40440 1
12 16 27 7 50146 1
22 7 2 9 66733 1
23 25 14 4 83870 1
24 4 13 21 69036 1
2 12 11 1 48922 1
25 17 10 7 60303 1
1 3 3 19 47508 1
9 28 25 27 39697 1
0 28 5 5 66058 1
10 27 23 18 52203 1
6 12 7 28 57259 1
6 21 25 2 83771 1
9 1 12 29 90498 1
16 0 26 13 50170 1
15 11 2 9 52210 1
9 17 0 25 44177 1
14 14 27 27 48560 1
25 14 4 12 56013 1
17 21 28 11 43584 1
3 22 8 29 31703 1
11 10 2 28 68219 1
9 5 26 9 68631 1
15 26 8 1 75595 1
2 22 22 12 66262 1
0 12 24 16 60366 1
5 13 12 1 46753 1
27 2 7 22 77640 1
24 28 12 17 49581 1
20 4 3 17 63079 1
9 28 9 14 55637 1
16 23 1 13 57451 1
7 21 13 2 71079 1
25 14 16 13 32087 1
21 22 0 24 74557 1
21 18 0 25 69808 1
27 16 3 25 67000 1
2 24 14 28 41739 1
26 2 12 26 74809 1
12 7 28 15 60417 1
21 5 21 25 71441 1
27 26 21 20 42171 1
29 11 25 1 31296 1
27 23 25 7 46372 1
10 23 28 24 57294 1
14 28 28 24 37995 1
22 27 5 11 72822 1
23 24 0 20 69408 1
15 0 27 1 24842 1
19 9 8 8 42642 1
7 0 5 18 44763 1
17 27 22 13 45961 1
17 29 4 28 34813 1
29 27 11 9 69320 1
28 11 22 2 21723 1
7 15 17 29 57685 1
19 3 1 21 86010 1
23 23 7 2 79754 1
28 13 1 5 75984 1
29 28 4 10 72705 1
20 28 26 16 40104 1
9 16 27 21 47836 1
26 17 22 0 36346 1
23 9 8 10 48525 1
20 10 25 2 31634 1
10 25 2 27 27271 1
27 8 16 0 32546 1
16 7 10 27 59019 1
29 20 2 25 82239 1
19 16 13 23 31315 1
26 16 18 7 49458 1
28 0 4 25 79085 1
22 25 27 16 34899 1
17 26 13 3 66561 1
13 17 5 19 19926 1
11 25 12 16 34126 1
4 2 12 6 29747 1
16 18 28 24 31007 1
8 3 29 7 46487 1
8 27 16 19 34489 1
5 7 14 12 47095 1
0 20 18 21 54587 1
25 25 4 15 72795 1
0 13 29 4 82059 1
15 15 20 22 34994 1
8 29 13 6 77060 1
3 17 0 27 30325 1
24 5 6 16 72462 1
13 23 0 22 56140 1
26 12 10 28 76761 1
22 6 26 13 39525 1
28 9 17 7 45728 1
22 1 7 18 66699 1
29 9 13 27 60384 1
24 29 21 17 39945 1
20 29 21 8 65927 1
15 18 28 13 31517 1
18 25 7 5 89664 1
18 24 16 0 66137 1
22 11 9 10 39498 1
4 4 15 4 32034 1
29 3 20 13 45905 1
4 9 13 4 33529 1
22 4 2 18 74652 1
17 13 6 1 56473 1
29 17 15 7 50548 1
5 28 15 26 29621 1
27 1 17 21 63181 1
20 5 21 24 65387 1
26 12 20 26 55102 1
12 23 25 8 69403 1
9 15 1 13 42840 1
28 3 14 14 52501 1
23 26 27 18 33198 1
15 4 26 26 71544 1
9 14 17 27 50863 1
29 23 29 3 37444 1
7 1 24 29 87651 1
3 28 17 4 86835 1
2 16 27 10 57973 1
11 4 19 13 56965 1
14 16 7 10 37381 1
11 22 12 1 70089 1
7 4 14 7 39715 1
4 20 13 10 40932 1
29 20 2 17 52452 1
25 17 13 12 32890 1
13 6 23 2 26114 1
8 23 11 10 48949 1
26 19 7 18 46843 1
26 10 17 3 38240 1
20 26 5 23 47843 1
23 19 4 20 46543 1
5 28 26 26 50233 1
24 14 26 2 33531 1
28 27 27 18 17853 1
13 8 27 16 53465 1
29 9 25 22 44868 1
4 24 22 16 45760 1
25 19 6 26 71891 1
23 17 7 18 30754 1
5 1 10 14 49897 1
3 18 13 14 29734 1
17 21 24 25 43976 1
27 2 7 17 56072 1
26 2 3 26 85010 1
9 25 21 13 75081 1
12 5 0 26 89054 1
0 24 12 17 45805 1
6 14 25 28 76124 1
15 18 23 5 57839 1
9 14 15 0 57175 1
18 9 1 10 52121 1
3 9 1 29 61803 1
6 27 8 19 29894 1
9 6 24 24 93072 1
0 17 26 2 68531 1
12 16 20 11 37272 1
24 19 2 2 72597 1
7 20 13 8 51655 1
16 2 2 7 41408 1
19 24 3 3 81599 1
17 26 22 5 67706 1
26 15 2 3 71938 1
8 3 27 20 65975 1
7 19 20 4 72349 1
11 22 20 25 42257 1
23 9 6 6 73036 1
6 16 19 19 36240 1
29 12 3 24 71400 1
5 1 17 0 20867 1
2 19 20 28 64113 1
14 28 10 19 47181 1
25 6 13 21 71830 1
6 23 12 19 46298 1
24 26 25 17 30662 1
29 8 2 10 69524 1
16 17 1 22 50353 1
8 13 26 6 75402 1
21 17 1 10 50157 1
19 7 15 20 51460 1
17 14 5 25 52622 1
11 6 11 17 38980 1
16 12 20 18 21436 1
6 5 16 17 61027 1
28 10 12 6 52332 1
1 2 3 19 46093 1
20 21 6 17 35953 1
23 12 9 6 72934 1
17 21 15 0 57781 1
26 28 10 15 62531 1
0 24 25 4 107480 1
29 14 10 21 55134 1
27 3 8 11 62164 1
0 9 12 1 46151 1
16 16 25 12 39886 1
27 11 8 10 61428 1
12 1 20 10 40002 1
24 10 1 19 72873 1
27 6 6 18 66409 1
17 24 3 22 52460 1
28 6 5 17 51782 1
11 7 23 5 50090 1
20 16 28 8 28688 1
10 27 14 7 70035 1
10 17 26 9 49834 1
19 27 26 17 35068 1
9 7 27 13 75707 1
12 10 13 23 40562 1
6 9 21 23 78044 1
27 26 5 5 83660 1
17 11 4 3 46163 1
20 5 1 13 76200 1
16 20 7 16 25876 1
22 6 29 23 52698 1
14 20 23 19 42453 1
16 25 20 7 57238 1
28 25 19 7 59461 1
3 11 26 4 67779 1
6 16 12 9 40546 1
29 15 20 19 27376 1
23 19 7 2 69673 1
20 9 0 20 67562 1
2 12 28 0 72939 1
12 29 17 0 81366 1
23 28 19 0 67788 1
7 7 13 25 69030 1
2 7 24 15 73114 1
29 21 11 11 60285 1
7 19 17 20 40546 1
9 28 28 28 46953 1
29 11 27 2 20063 1
19 3 9 15 65467 1
22 15 13 23 36633 1
1 6 21 3 58394 1
12 23 9 10 54972 1
18 12 28 15 36562 1
26 28 14 26 35250 1
0 29 27 14 81705 1
26 22 20 12 50816 1
14 18 28 22 35535 1
6 22 23 22 72574 1
28 6 16 20 41667 1
28 25 5 3 70804 1
10 20 4 25 43416 1
8 1 24 1 29736 1
17 24 5 0 77243 1
25 5 6 2 45737 1
24 24 17 2 66219 1
6 13 28 15 58640 1
18 7 3 28 79639 1
12 25 22 4 78748 1
12 28 23 5 86794 1
22 1 24 17 39291 1
29 5 7 17 58537 1
