2610 3223 3672 3780 3334 3198 2813 2692 3766 3365 2588 3120 3306 3708 3453 2732 2522 3164 3641 2988 3168 2674 2658 2649 3387 3757 3179 3151 3424
7640 8285 8166 7540 7786 8440 8164 8411 7416 8465 7320 7951 7227 8474 7772 8399 7930 7317 8183 8213 7997 8279 8130 7387 8208 7422 7760 7357 7855
7283 7800 8304 8040 8103 7943 7680 7444 7728 8394 8359 8263 7391 7483 7675 7839 8182 7499 7231 7436 8021 7653 7764 7896 7736 7970 7679 7368 7180
3843 3589 3863 2999 2995 2888 3335 3556 3019 3226 3334 3443 3750 3525 3070 3445 4045 2937 3641 2934 3372 3872 3683 4063 2985 2975 4076 3115 3410
7702 7268 6786 7005 6798 7489 7149 7682 7291 7318 7255 7878 7627 6931 6879 7656 7444 7700 7604 7326 7763 6796 7131 7100 7021 7006 7692 7251 7509
6812 7546 8084 7225 7296 7826 7954 7700 7961 7444 7581 6855 8017 6896 6824 7258 7255 8113 7741 7645 6825 7624 7044 7891 7469 7826 7494 7433 7802
7276 7201 7698 7759 7792 7342 7301 7181 7465 7642 6520 7819 7247 7777 7120 6970 7163 7542 7471 7061 7741 7772 7617 7638 7738 7588 7208 6516 7826
7038 5803 6653 6227 5884 6120 7057 6049 6068 6558 6011 7025 5840 6365 6768 6972 6269 5834 6743 6386 5971 6366 6285 6248 6662 6000 6424 5823 5980
8272 7618 7741 7902 7282 8290 7393 8007 8275 8422 8338 7914 8088 7299 8482 7676 7471 7715 8511 8359 8078 7649 8264 8361 7556 7688 8436 8349 7835
5198 4518 4328 4051 4780 4663 4606 4728 4308 4852 4033 4246 5279 4567 5015 4564 4044 4609 4610 4356 5255 4416 4347 5099 4726 5283 5137 4324 5309
3368 3563 2957 3208 4118 3591 3021 2926 3238 3944 3514 3217 3454 3867 3976 3724 4109 3250 3438 3106 4025 3646 3945 4044 2980 3346 3974 3702 3780
3801 2944 3385 3488 3092 2688 3313 3431 3515 3137 2584 2602 3476 2986 3034 3345 3803 3121 3182 3235 3092 2971 3768 2742 3725 2696 3167 3726 3698
7371 6596 7102 6636 7380 6488 7303 6168 6242 6225 7428 6379 6790 6288 6241 6446 6884 7460 7186 7005 7057 7182 7279 7041 6684 6642 7245 7204 7408
5349 4869 4694 4892 5269 4778 5130 5147 5442 4347 5239 4626 4216 5098 4892 5355 4865 4881 4962 5013 4224 4888 4706 4787 4464 4294 4475 5405 5132
7069 7137 7470 7596 8191 8185 7491 7380 7175 6985 6976 7118 7763 7650 7653 7141 8191 7496 8203 7386 7918 7371 7377 7297 7339 7541 7547 8157 7484
6997 6545 7006 6414 7077 6748 6386 6448 7210 6665 6387 6643 6772 7039 6797 6728 7314 6962 7227 6355 7428 6953 7091 6986 7134 7225 6728 7104 7514
6819 6780 6437 7560 6970 7175 7096 6605 7300 6470 7192 7560 7629 7733 6914 7154 7406 7267 7433 6653 6927 6868 7574 7398 7170 6746 7144 7219 7368
7290 6274 7191 6699 6462 7030 6447 6800 6917 7140 6707 6283 7073 6579 6339 7379 7062 6264 7125 7209 6608 6728 6431 6548 6864 6261 7311 6805 7012
8162 7426 7724 7884 7813 7313 7746 8050 8299 7325 7928 7605 7735 8222 7642 8369 7765 7839 8045 7730 7426 7748 8359 7329 8108 8261 8404 8134 7384
6586 6453 6592 7173 6685 6657 7322 6387 6476 6241 7176 6483 6453 7142 6253 7312 7002 7519 7029 7086 6790 6762 6494 7066 6573 7282 6605 6389 6708
5040 5072 5340 5720 5461 5391 5198 5232 5549 4722 5925 5196 4803 5122 5681 5142 4680 5275 5523 5062 5292 5234 5796 4710 4707 5885 5522 5200 5128
2829 2409 2676 3136 2783 2930 3286 2683 2462 2776 2131 2481 2408 2382 2455 2003 2776 3278 2698 2739 3049 3156 3116 3060 2938 2720 2645 2685 2024
6984 6261 6490 6328 6721 5900 6009 5889 6351 6516 6398 6286 5913 6962 6411 7025 6651 6245 6321 6189 6212 6940 6107 6107 5917 5859 6798 6122 6614
4351 5411 4591 4527 5225 5068 4652 4840 4954 4764 5202 5284 4850 5405 4919 4354 4653 5371 5388 4538 4560 5041 5254 4698 5551 4329 5259 5219 4756
3292 3729 4008 3780 3350 3503 4571 4179 4347 3702 3698 4399 3435 3533 4430 4266 3585 3710 4002 4409 4389 3757 3359 4205 4194 3342 3785 3243 4344
4139 3373 3614 4410 3535 3264 3903 3685 3839 3371 3827 3931 3267 3313 4126 3777 3369 4039 3436 4310 3425 4001 4232 3948 4064 4033 4296 3289 4011
2726 2663 3098 2774 2638 2980 3067 3530 3811 3639 2880 2727 2714 3317 2773 3730 3064 2641 3013 2644 3086 2972 3700 2959 2980 2801 2830 2907 3145
5525 5021 4965 5520 5760 6016 5809 5637 5737 6135 6150 5180 5011 5963 5992 6094 5710 5364 5807 5298 6155 5612 5824 5449 6075 5638 6141 5017 5238
6194 5994 5979 5687 5074 4950 5325 4983 5088 6157 6241 5523 5910 6201 6183 5386 6118 6032 5551 4954 5441 5363 5889 5791 5741 4985 6062 5375 4971
4968 4226 4793 3959 4599 4158 4143 3797 4952 4120 4096 3793 4817 4402 4878 3985 4618 4993 3946 4404 4924 4656 4206 4694 4460 4427 4251 4342 4138
6350 6089 2919 3839 7871 5719 3083 6508 4741 5430 3747 4756 2994 2703 5499 6850 3855 1895 8479 7465 7154 4609 3074 4408 5391 4636 3291 5952 4938 6020
5946 6298 2360 4548 7076 5350 2391 6612 4912 5578 3796 5401 3860 3225 5225 5773 4025 2104 7672 7778 6891 5002 3874 5217 5031 3546 3237 5785 4653 5940
5611 6646 3173 4770 6711 5877 3351 5351 3950 4741 4826 5211 3506 3883 5355 6918 4305 2501 8195 7936 6951 3833 3491 4873 4743 4103 3092 6987 4378 5558
6150 5961 2550 4820 6790 4908 3538 5362 4590 5963 4030 5285 3989 3385 4862 5863 3526 1462 8181 8108 7165 4901 3879 5231 5807 3688 2211 6227 4141 5971
5778 6931 3579 4459 7499 5007 3202 6439 4187 5628 3635 5436 3030 2959 5055 6329 3489 1242 8636 8529 6349 4777 3907 4544 4910 3590 3282 6239 4767 4988
6061 6997 2394 4865 6946 5730 3510 5898 4086 5259 3935 4660 3186 4011 5366 6496 4134 1656 7934 8011 7058 4812 3246 4714 4940 3734 2872 6468 4750 5814
5593 7079 3020 3854 6753 4999 3363 5626 5159 5153 4742 4992 3316 3419 5576 5916 3724 1919 8922 8022 6484 4742 3794 4380 5786 3483 3307 5977 4578 5399
6602 6120 3268 4849 7424 5866 3047 6157 5112 4819 3691 4741 3666 3597 5543 6783 4124 1219 7969 8594 6416 4293 3245 4435 5368 4279 2919 7100 5053 5041
6610 6380 3132 4892 7251 4908 2941 6260 4445 5040 4676 4891 3776 3149 5172 5737 4777 1448 7990 8386 7136 4548 3281 5086 4888 3676 3355 6813 4169 6073
6430 6383 2417 4460 7947 4542 2807 6402 4875 5415 3697 5511 3245 2878 5717 6521 4160 1231 8009 7376 6907 4263 3284 4931 5788 3424 2897 5931 3948 5928
6401 6234 2346 3792 7090 4610 3024 5892 4344 5012 4227 5559 3630 3773 5935 6674 4561 2018 7823 8628 6400 5017 3319 4249 5706 4450 2259 5895 4981 5158
6427 5923 2486 4308 7412 5117 2711 5979 4042 4956 4063 5603 3701 3466 5773 6824 3853 1732 8884 8167 7157 4872 2918 5139 5088 4726 2803 7094 5015 5847
6173 7051 2633 4749 7487 5021 3594 6106 4627 5338 3581 4634 2805 3054 5432 5823 3973 2121 8483 8484 6847 3960 3688 4498 5572 4004 2948 6637 5075 4886
6094 6439 3442 5070 7800 4628 2945 6203 4720 5560 4545 5354 3184 3893 5303 6492 3671 1951 8695 7648 7022 3769 3151 5174 5794 3818 2674 6089 4169 5981
5663 6270 2988 3901 8011 5383 3235 5790 4293 5525 3793 4457 3241 3315 5973 6645 4082 1794 8554 8427 6749 3898 2603 5132 5264 4322 2715 7097 3885 4873
6230 7182 2608 4278 6857 5062 3337 6322 4702 5027 3733 5220 3222 3147 5983 6861 4062 1980 8890 7931 7112 3898 3831 4179 4805 4019 2450 6869 4436 5164
6336 6223 3514 3960 7843 5516 2836 5644 4617 5287 3741 5613 3764 3446 5560 5719 4780 1847 8141 8029 7221 4375 3745 4395 5155 4513 3324 7083 3986 5801
5682 7000 2948 4555 7211 4966 3224 5509 4588 5426 4526 4571 3929 3235 5657 6332 4456 1959 8497 7466 6457 4012 3185 4816 5086 4194 2265 5844 5032 5963
6742 6827 2734 3897 7771 4732 2980 6538 4770 5930 4366 4514 3939 3765 5420 5709 3725 2391 7653 8170 6798 4507 2593 4781 5598 3479 2780 6934 4400 5581
6436 6454 2959 4155 7072 4944 2932 5530 4606 5283 3835 4514 3896 3463 5315 6060 4735 1219 8148 7927 6523 4166 2690 5033 5882 4092 2305 6665 4579 5760
6656 6187 3039 4715 8000 4802 3668 5764 4110 5994 4252 4686 3072 3425 5298 6584 4476 2347 8033 8043 7352 4888 2572 4234 5628 3551 2749 5780 3897 6043
6707 6961 3506 4450 7929 4787 2574 6383 4748 5791 4675 4450 3205 2764 5876 5782 3840 1380 7742 8268 7139 4858 2618 5414 5968 3631 2392 6106 4887 5036
5486 7199 3104 4556 7987 4945 3139 5474 3997 5666 4819 5566 2759 3856 5518 6477 3604 2353 8408 7695 6913 4208 2899 5422 5595 3763 2926 6202 4842 5662
5876 6501 2939 4903 7697 5736 2877 5559 4841 5748 4871 4586 3468 3624 5793 6641 3579 1655 8726 8108 6582 4673 2953 5129 5042 3467 2572 6887 4370 5140
5603 6157 3365 4082 6954 4839 3415 6354 4260 5017 4442 5666 3297 2897 6032 6328 3683 2269 8278 8414 7240 4768 2580 4664 5055 3614 2594 7054 3834 4842
5693 5881 3609 4918 7596 4709 3190 5556 4104 5106 4314 5238 4015 3963 5646 6861 4816 1317 8643 7393 7069 3707 3766 4397 5906 3829 2680 6207 4165 4980
6134 6117 2684 4302 7522 4960 2852 5848 4393 5981 3595 4971 3353 3900 5326 6790 4242 2235 8651 8235 6764 4272 3039 4257 4826 3711 2158 6286 4533 5398
6439 5985 3218 4499 7877 5036 2818 5846 4825 4861 4370 5561 3325 3363 5572 6132 4215 2429 7685 7462 6675 4984 3118 4378 4920 4494 2849 5812 3866 5998
5491 6208 3491 4962 7659 5640 2963 5313 5071 5024 4383 5517 3045 3597 5357 6866 3568 2355 8887 8282 6189 3993 3684 5289 4897 3401 3402 6181 4349 5740
19 5 3 19 78633 1
14 18 29 27 69463 1
21 16 25 5 40336 1
27 22 22 16 30893 1
16 6 2 21 79960 1
0 16 7 11 44000 1
0 27 24 0 125239 1
29 24 17 19 63376 1
10 17 20 21 38011 1
1 17 8 6 59013 1
20 27 28 10 73169 1
20 18 16 7 58201 1
9 5 23 28 106874 1
20 1 2 2 57263 1
12 27 16 18 55425 1
4 1 18 24 125840 1
11 14 7 7 43125 1
11 29 13 12 62273 1
18 19 2 10 70901 1
27 0 0 4 96007 1
19 25 8 3 108656 1
21 5 24 12 28181 1
27 21 15 17 36373 1
13 27 25 25 40254 1
23 26 20 10 52960 1
24 1 3 26 114644 1
23 8 5 19 75305 1
6 3 23 7 72911 1
4 14 12 18 36809 1
2 23 1 2 78886 1
9 19 4 7 57940 1
12 19 13 29 51159 1
8 18 16 22 44204 1
28 13 3 0 113554 1
16 9 10 5 43043 1
4 9 28 11 102110 1
15 26 20 6 74138 1
3 6 25 5 72163 1
17 3 19 17 57580 1
10 5 17 28 101403 1
18 26 28 8 81435 1
29 22 5 14 83340 1
22 18 8 26 64009 1
15 9 0 20 72965 1
13 28 24 8 93356 1
11 24 22 5 77012 1
23 4 7 9 74951 1
22 3 12 2 33991 1
18 21 11 25 40911 1
24 21 2 8 88241 1
19 9 4 0 92826 1
2 13 16 29 94016 1
26 13 16 12 38058 1
8 18 29 2 95674 1
15 1 4 25 109343 1
24 4 26 25 72705 1
1 20 21 27 84289 1
19 20 10 14 51236 1
13 13 10 28 58155 1
6 4 28 20 115058 1
24 26 16 2 89206 1
23 26 16 20 45732 1
15 28 15 7 104829 1
5 6 18 6 40574 1
9 14 15 20 45014 1
5 27 24 1 125622 1
28 5 8 17 77696 1
25 29 8 22 71908 1
19 10 10 16 50191 1
21 16 28 27 49615 1
21 3 6 28 112248 1
13 29 24 22 56578 1
13 11 0 23 64764 1
25 3 1 2 74118 1
12 5 3 23 75665 1
14 24 4 26 41194 1
28 5 17 9 56775 1
6 21 25 19 68156 1
7 18 9 3 64099 1
10 4 28 16 85056 1
29 14 24 3 54868 1
18 26 9 16 55004 1
29 8 7 9 90713 1
6 7 26 3 77532 1
5 19 28 5 98344 1
12 3 9 25 82115 1
6 9 27 21 93589 1
26 16 26 5 35168 1
20 26 0 18 70703 1
25 5 22 13 36260 1
14 20 23 28 63401 1
16 16 6 19 39832 1
24 12 15 15 46157 1
7 15 20 4 79534 1
14 18 8 12 40595 1
8 3 22 6 56448 1
6 8 13 17 56270 1
27 27 4 18 81843 1
10 28 27 22 65591 1
17 7 6 19 83179 1
18 12 6 13 43973 1
17 24 1 23 73254 1
4 1 21 8 74269 1
19 24 9 5 97667 1
6 18 1 13 33095 1
4 2 26 11 93154 1
19 1 23 14 54228 1
22 22 8 16 48949 1
5 5 23 28 122898 1
1 19 18 4 104190 1
18 6 25 16 48449 1
7 18 3 12 29948 1
2 16 25 16 50912 1
13 11 4 8 51681 1
13 6 2 17 56227 1
14 21 22 29 52814 1
4 2 13 0 35493 1
11 9 3 14 42330 1
12 29 4 18 63403 1
23 27 16 4 94959 1
14 21 23 23 39361 1
0 16 10 16 23308 1
13 10 7 25 70742 1
20 27 13 4 98072 1
14 21 17 29 59199 1
0 29 5 13 64769 1
9 16 25 21 49501 1
13 24 1 22 51419 1
21 7 5 0 75097 1
13 10 20 0 67417 1
27 11 3 25 91293 1
14 16 29 15 46324 1
29 13 28 22 44257 1
29 7 28 20 62350 1
14 3 19 16 72588 1
7 29 18 25 56454 1
2 29 17 2 124366 1
18 16 7 17 27065 1
26 17 15 2 66144 1
3 1 2 24 83327 1
24 19 7 0 104324 1
21 0 23 18 53710 1
17 1 7 9 64081 1
9 4 3 21 74301 1
11 11 22 28 75558 1
13 29 7 11 86692 1
13 2 6 23 92393 1
26 18 11 19 37259 1
10 29 10 1 96035 1
27 10 15 21 71384 1
0 26 15 19 68568 1
24 25 24 15 39876 1
15 25 15 2 102134 1
11 18 20 11 41653 1
4 23 14 21 46470 1
21 19 10 5 67158 1
9 16 16 21 40320 1
26 21 17 12 47218 1
15 19 25 11 54616 1
15 1 1 15 96494 1
19 11 17 2 45743 1
6 23 26 20 75644 1
6 0 4 29 120527 1
17 8 23 14 42357 1
28 8 15 2 60337 1
26 9 28 25 57044 1
28 8 6 8 91034 1
20 25 27 12 55510 1
21 12 0 12 65781 1
17 26 3 19 63900 1
4 15 23 27 82220 1
22 21 16 9 60448 1
28 27 17 15 69196 1
27 25 21 15 41459 1
4 13 18 23 76449 1
21 3 6 29 119049 1
11 29 9 16 46416 1
14 21 26 1 95528 1
15 29 3 20 75251 1
14 10 13 24 65719 1
3 18 9 1 72292 1
17 2 13 26 99064 1
9 8 21 6 45308 1
0 21 29 5 106826 1
6 17 10 6 44807 1
28 19 10 11 68053 1
7 24 20 20 64592 1
20 4 16 27 88357 1
12 29 20 15 71786 1
18 7 26 29 87041 1
28 24 8 21 77764 1
22 26 13 14 59746 1
5 27 14 29 51847 1
26 14 2 15 64485 1
5 29 4 1 112065 1
22 29 3 0 128605 1
12 11 0 29 81384 1
12 12 16 22 52137 1
29 1 26 25 84356 1
23 22 8 27 61311 1
19 10 19 23 51399 1
17 14 28 25 69870 1
26 24 13 15 55697 1
27 5 12 5 58091 1
7 6 15 19 68832 1
21 29 19 13 50612 1
5 20 17 6 86874 1
21 1 23 16 46445 1
3 27 2 13 52506 1
12 0 8 14 64108 1
26 22 1 15 73470 1
15 21 20 15 47190 1
20 19 28 5 66803 1
28 23 6 4 120259 1
2 11 1 21 46568 1
13 16 16 27 57984 1
26 4 18 2 31127 1
6 16 17 15 40864 1
4 16 14 26 55134 1
11 9 5 25 71927 1
10 16 10 2 48755 1
24 20 13 18 37878 1
17 16 20 25 42563 1
26 25 11 21 58402 1
0 22 17 2 99880 1
24 22 1 26 76748 1
29 3 12 9 82758 1
12 26 11 4 72341 1
8 4 18 2 41012 1
21 2 0 16 79926 1
4 26 13 20 49540 1
17 1 11 16 68021 1
0 16 29 15 65154 1
26 6 15 12 52836 1
5 27 8 1 116371 1
18 2 16 22 77805 1
29 29 22 16 61434 1
15 28 0 1 122184 1
16 6 11 0 35220 1
5 25 0 18 40728 1
7 13 27 12 70111 1
8 17 18 12 45187 1
18 11 12 18 53288 1
18 10 14 29 96917 1
5 23 15 9 86886 1
19 1 2 8 76098 1
13 24 6 10 74563 1
10 9 21 3 52520 1
2 3 19 29 128847 1
21 1 26 25 74746 1
13 6 20 15 54805 1
14 14 22 28 72874 1
19 9 27 19 53069 1
23 10 29 18 46844 1
24 27 5 18 75374 1
23 27 10 4 102631 1
0 11 29 20 86213 1
14 24 3 14 60249 1
5 9 16 12 53751 1
1 21 13 22 47268 1
10 2 1 4 41009 1
17 14 22 0 62164 1
9 22 28 28 73847 1
29 8 19 25 82933 1
22 8 14 21 64959 1
2 12 9 18 34896 1
14 2 27 3 44713 1
0 20 16 20 59419 1
19 12 27 23 50279 1
22 18 22 2 50499 1
5 9 21 16 73741 1
5 7 15 4 52956 1
26 25 29 17 31014 1
23 27 15 12 71177 1
18 14 15 22 56803 1
4 7 20 28 107292 1
2 21 14 19 50256 1
0 26 22 21 79583 1
17 9 20 24 67479 1
8 17 21 29 58146 1
26 6 11 24 84490 1
3 20 19 25 72725 1
1 9 23 28 110073 1
1 2 27 28 133602 1
13 2 3 11 57040 1
15 18 2 27 67988 1
25 15 4 26 79012 1
13 1 28 21 98083 1
7 11 18 29 108230 1
24 2 28 28 94648 1
18 18 12 11 46072 1
24 9 24 25 63073 1
20 14 15 28 68991 1
6 13 11 27 61683 1
20 26 21 9 48915 1
24 22 12 13 59365 1
0 10 28 19 84686 1
22 14 27 25 49790 1
13 12 1 9 54666 1
7 24 12 7 79155 1
8 4 3 12 52145 1
10 4 23 23 90991 1
27 7 13 19 72338 1
27 19 3 6 91664 1
22 9 6 15 66512 1
5 12 24 27 94819 1
17 7 10 19 69037 1
11 4 28 9 73340 1
11 4 0 18 62865 1
13 0 27 29 123868 1
28 7 15 14 71937 1
16 3 6 6 46756 1
8 29 7 0 125680 1
12 1 3 12 64231 1
9 14 16 20 47803 1
15 18 15 2 73988 1
12 1 4 10 61484 1
17 6 3 16 70124 1
19 20 24 13 42450 1
15 11 12 26 67553 1
23 29 22 14 57916 1
6 26 2 9 71406 1
12 7 24 20 74742 1
24 6 27 28 78923 1
27 8 23 15 40972 1
25 28 23 8 75442 1
1 12 18 8 78631 1
13 24 29 0 121898 1
7 8 25 28 111422 1
10 4 28 7 68385 1
11 0 27 29 124015 1
8 29 28 3 133369 1
22 28 20 11 56162 1
2 18 4 4 60421 1
15 22 0 27 61192 1
15 8 21 16 46491 1
8 5 25 28 114792 1
28 2 9 22 101975 1
5 5 18 9 70766 1
29 25 17 22 47101 1
20 22 15 6 64312 1
24 28 6 26 56668 1
0 12 16 19 58694 1
1 8 2 29 83101 1
13 24 28 15 73925 1
26 20 6 11 78709 1
23 17 13 24 52516 1
19 3 17 14 56413 1
23 4 24 15 49464 1
14 29 26 26 54238 1
22 11 15 2 47115 1
22 2 5 3 57518 1
3 27 9 17 43484 1
17 9 3 16 68666 1
29 16 15 5 74179 1
29 13 0 8 99314 1
0 28 22 9 97655 1
8 13 16 24 69597 1
25 28 18 10 73912 1
11 21 2 22 34417 1
29 1 1 22 123804 1
11 27 15 16 46611 1
15 14 23 7 53363 1
12 2 1 5 46276 1
22 26 21 0 73752 1
25 2 26 20 58649 1
4 18 2 5 55675 1
8 3 28 27 123818 1
2 29 17 24 69300 1
4 25 24 15 75950 1
10 11 0 2 59329 1
13 2 0 9 58666 1
3 15 20 3 80433 1
2 8 19 20 84411 1
16 19 28 12 55713 1
26 27 28 17 34290 1
2 10 19 27 98729 1
11 25 19 13 61681 1
4 14 26 28 88465 1
29 7 9 9 77057 1
10 14 15 8 40471 1
27 17 6 21 64233 1
15 8 21 19 55243 1
22 3 26 27 79742 1
3 3 9 8 37817 1
16 18 25 16 28056 1
28 11 7 1 100496 1
27 5 9 21 90419 1
19 15 16 28 71401 1
25 3 13 1 45629 1
13 2 13 17 56851 1
17 28 0 20 82045 1
8 24 15 13 63434 1
2 4 10 29 103755 1
1 25 5 15 52353 1
22 17 1 17 37521 1
8 6 28 1 78815 1
15 13 24 20 47606 1
21 28 1 28 71667 1
16 27 25 7 90726 1
8 4 4 16 69461 1
12 9 21 11 44607 1
27 3 0 18 96932 1
13 13 7 29 77305 1
4 4 11 26 91148 1
3 21 7 29 47477 1
21 5 28 18 50443 1
10 5 20 29 101333 1
29 29 14 13 90322 1
16 18 4 23 54710 1
7 26 3 15 49624 1
5 25 27 27 72677 1
25 4 6 22 98512 1
20 15 9 29 74540 1
26 23 13 27 47641 1
15 15 4 25 65010 1
7 2 28 4 74605 1
22 3 4 20 89355 1
1 1 0 20 67154 1
0 6 23 24 102490 1
8 28 27 18 82498 1
28 24 2 16 79621 1
19 9 6 10 59622 1
23 15 12 18 37809 1
6 11 19 22 81619 1
9 19 16 7 69939 1
25 18 19 9 42385 1
16 9 0 1 83462 1
12 15 23 6 64328 1
29 4 5 12 103448 1
9 3 26 15 87855 1
5 27 4 3 94899 1
23 0 1 27 130993 1
23 14 7 21 65941 1
23 25 21 17 31428 1
16 8 21 15 39786 1
24 14 0 8 84265 1
7 10 18 18 59344 1
17 5 27 21 72307 1
25 0 25 25 85648 1
29 9 26 22 51686 1
28 6 5 26 114190 1
21 1 5 18 78722 1
18 23 2 17 61480 1
14 1 25 9 62884 1
22 20 8 4 92946 1
11 14 3 29 63440 1
13 18 11 3 53228 1
2 3 14 21 88826 1
20 14 16 2 52626 1
6 0 26 16 107918 1
18 0 28 29 118565 1
21 19 18 26 28612 1
26 15 21 22 30688 1
10 9 26 26 85090 1
27 8 21 13 36602 1
9 1 29 25 121076 1
10 27 10 12 54884 1
11 29 29 5 114293 1
22 10 10 27 75417 1
17 19 27 10 55079 1
13 25 11 7 66479 1
3 0 24 19 102561 1
17 18 12 12 38034 1
5 16 11 23 36115 1
5 2 25 6 69458 1
1 25 22 17 68052 1
28 4 13 17 74220 1
5 7 3 24 70716 1
18 11 7 26 87377 1
5 23 21 28 68518 1
17 8 10 27 90248 1
10 29 23 14 79247 1
21 26 0 2 112839 1
7 2 4 17 63498 1
24 14 1 12 74406 1
17 6 0 20 82372 1
24 3 24 15 46927 1
3 28 23 3 114887 1
1 13 28 22 82216 1
23 22 8 7 88192 1
14 14 28 14 62014 1
15 25 27 9 87681 1
9 26 6 19 51863 1
28 12 23 17 27517 1
27 13 6 23 84494 1
2 2 12 21 83363 1
7 20 26 20 61492 1
19 2 26 23 72396 1
10 26 10 0 87947 1
29 17 21 10 32629 1
13 4 24 29 109063 1
10 17 18 24 55620 1
8 8 24 25 96382 1
22 21 2 23 73470 1
3 15 19 14 56027 1
29 26 19 25 31936 1
17 25 7 17 57154 1
0 4 28 11 114905 1
21 26 20 5 62329 1
27 28 14 22 56487 1
18 11 29 20 57555 1
4 2 6 14 57090 1
29 20 24 8 57351 1
13 3 24 21 89837 1
2 23 24 7 96487 1
9 15 0 11 42895 1
27 28 25 14 49655 1
12 12 8 24 56883 1
14 8 26 26 89330 1
7 8 18 10 53410 1
19 4 20 17 49551 1
10 14 23 7 67692 1
7 0 18 3 52347 1
11 4 23 15 72413 1
5 1 29 10 105839 1
15 7 6 29 115628 1
10 10 24 28 87070 1
1 20 25 26 92128 1
8 2 14 17 61578 1
28 28 2 24 88118 1
11 15 18 28 71397 1
24 29 17 17 53932 1
15 5 23 24 83957 1
26 4 2 6 81058 1
10 12 16 26 62396 1
26 29 0 11 101529 1
17 10 29 18 54601 1
12 10 25 24 79384 1
19 21 9 25 50188 1
19 10 12 20 60759 1
19 14 14 6 53434 1
3 17 28 10 69680 1
23 1 2 23 108237 1
13 28 10 21 35527 1
19 18 24 7 50724 1
27 14 22 6 43632 1
2 21 18 15 58430 1
28 29 24 19 50448 1
25 28 24 10 66659 1
10 24 16 2 88945 1
24 8 7 23 89816 1
18 6 16 14 52874 1
21 1 12 19 74032 1
6 16 28 29 89216 1
8 4 27 12 89903 1
27 0 24 15 60204 1
19 0 18 16 67858 1
17 15 21 1 58967 1
5 9 10 3 45788 1
8 6 0 12 43829 1
29 5 17 24 94768 1
12 6 24 16 64841 1
3 27 7 21 38974 1
11 8 3 6 32176 1
17 14 29 22 61867 1
2 16 28 17 53524 1
22 18 26 12 29437 1
11 9 8 1 38425 1
12 1 8 20 80706 1
15 6 23 3 36832 1
9 28 1 11 83678 1
3 25 13 24 40586 1
3 7 10 28 84046 1
17 28 5 20 78579 1
12 0 28 22 109478 1
17 15 7 1 84916 1
23 17 26 4 46111 1
22 21 8 8 78109 1
12 6 16 27 87203 1
7 5 27 20 96542 1
11 10 26 2 71543 1
24 11 1 16 69766 1
23 24 27 17 35543 1
15 20 22 2 75161 1
8 7 26 28 109262 1
3 20 15 6 69418 1
8 14 22 8 67605 1
0 10 17 14 72329 1
28 26 1 19 92418 1
24 27 7 23 65769 1
0 3 5 21 73439 1
20 15 8 26 63859 1
16 1 19 14 64721 1
29 1 13 11 88996 1
19 23 4 10 86854 1
3 8 16 24 89681 1
2 8 18 5 65468 1
1 11 16 12 58046 1
5 12 23 6 76576 1
6 16 0 24 38965 1
16 20 16 3 89090 1
5 18 19 16 40381 1
26 27 18 17 44557 1
7 26 0 7 79886 1
8 2 5 11 54747 1
6 8 5 19 62278 1
2 24 8 4 97913 1
4 4 21 4 69110 1
15 1 6 16 80971 1
1 17 12 12 37145 1
18 4 24 24 83503 1
4 1 20 26 121082 1
21 8 13 5 35904 1
26 14 23 3 47826 1
16 0 10 11 60076 1
17 7 9 12 50562 1
12 22 25 25 51352 1
28 22 24 12 42747 1
15 10 4 8 54842 1
4 7 11 24 74081 1
13 24 8 3 89338 1
3 1 24 2 65195 1
5 26 27 15 87856 1
10 16 16 20 37058 1
12 10 20 25 72819 1
22 5 10 27 89666 1
0 10 21 22 74385 1
8 21 26 14 62530 1
3 14 19 1 92445 1
3 20 20 16 43381 1
15 6 22 21 63442 1
6 8 28 27 118597 1
1 2 4 28 97820 1
16 4 24 28 99300 1
6 5 16 18 74595 1
10 16 28 17 39106 1
28 15 25 23 38522 1
4 14 18 13 54273 1
27 25 15 8 85947 1
22 29 22 6 69561 1
2 23 24 5 96784 1
27 22 22 9 51572 1
28 23 10 13 71658 1
28 14 16 16 46608 1
29 22 6 21 79870 1
6 24 0 9 71453 1
14 6 3 29 97734 1
1 13 8 28 78943 1
8 6 12 29 88968 1
15 25 28 11 84655 1
6 28 14 16 68604 1
9 21 6 0 96639 1
17 7 7 15 73528 1
24 17 16 23 42174 1
6 20 29 22 82421 1
21 21 15 10 52853 1
9 5 8 19 65296 1
22 19 4 17 44020 1
21 23 3 10 74184 1
1 2 15 24 110259 1
28 14 2 13 78943 1
12 18 20 0 76331 1
21 16 9 8 59818 1
3 12 11 2 55364 1
26 15 15 19 41700 1
26 18 8 12 58251 1
28 28 6 22 84167 1
28 13 7 17 54378 1
6 19 13 2 75846 1
13 26 10 3 82569 1
8 21 27 7 90996 1
20 19 2 25 71577 1
6 21 25 23 70495 1
8 29 26 22 77882 1
23 1 0 1 75753 1
9 20 18 16 37973 1
21 23 7 20 59558 1
29 19 26 10 37163 1
20 24 15 29 45062 1
23 20 17 12 45890 1
15 24 27 2 104825 1
23 29 0 25 81544 1
26 14 6 22 70406 1
23 4 26 25 76818 1
17 3 3 24 107457 1
21 16 0 22 56447 1
24 11 10 1 74725 1
23 18 11 20 37983 1
0 24 14 4 98765 1
4 10 17 28 100399 1
10 13 25 24 70432 1
21 23 11 19 43390 1
29 22 21 29 42799 1
3 11 8 21 53602 1
14 20 24 29 67604 1
8 23 1 27 47416 1
10 27 6 1 104028 1
20 21 25 9 52534 1
26 25 14 19 62205 1
5 11 4 28 73503 1
25 22 17 12 52830 1
28 25 15 6 87994 1
1 13 24 9 85984 1
28 18 16 0 87831 1
21 12 8 21 56013 1
26 28 26 17 32533 1
20 23 6 25 60033 1
24 25 20 4 75931 1
0 10 4 2 36756 1
10 4 20 16 67633 1
16 5 13 27 96981 1
28 24 16 20 59801 1
24 21 15 27 46662 1
25 26 25 3 78038 1
16 25 0 2 113469 1
16 4 5 28 123949 1
25 18 5 21 65794 1
23 24 3 6 99673 1
20 26 6 3 115185 1
23 27 20 11 56522 1
25 27 11 13 74043 1
3 11 16 23 72704 1
25 20 7 29 86408 1
24 3 6 8 79247 1
5 23 22 17 63130 1
17 25 1 27 60366 1
18 16 4 15 46697 1
6 22 18 3 101324 1
25 26 22 13 49618 1
9 20 21 4 69721 1
28 24 1 29 100905 1
23 22 5 25 68565 1
25 10 15 26 75138 1
20 20 29 4 76495 1
12 15 17 5 60590 1
16 8 20 24 71289 1
28 9 11 9 77819 1
15 11 6 2 62601 1
15 3 9 25 95835 1
24 8 1 26 103787 1
15 7 26 18 64821 1
6 18 2 29 58523 1
21 12 1 5 86828 1
23 24 29 10 66518 1
18 26 29 8 85844 1
14 22 15 7 77970 1
20 0 12 10 66536 1
11 9 1 9 49315 1
23 4 11 12 66050 1
16 22 0 17 50487 1
21 26 26 12 51326 1
13 17 27 13 41246 1
18 2 18 27 91092 1
1 5 10 28 99115 1
2 17 13 1 72563 1
3 26 14 29 49846 1
0 27 28 12 100551 1
19 14 7 14 54225 1
23 0 15 28 112199 1
19 14 7 17 42258 1
28 23 22 11 54331 1
6 12 8 22 57163 1
2 23 19 16 60284 1
5 11 20 18 66173 1
19 24 6 24 64019 1
29 27 11 4 108777 1
4 7 2 15 39203 1
9 21 17 7 80431 1
8 28 20 5 101500 1
12 24 8 9 66845 1
0 9 8 29 96257 1
28 4 17 4 57185 1
2 19 22 2 88924 1
10 19 27 21 52677 1
22 12 26 0 50072 1
14 15 3 23 52164 1
29 11 10 12 68643 1
3 27 27 14 89941 1
29 14 5 10 93287 1
9 8 2 19 62609 1
4 9 20 17 62990 1
7 23 12 29 43519 1
11 3 25 4 53674 1
9 9 25 8 68679 1
2 11 19 7 79297 1
17 28 7 15 78719 1
12 24 2 24 45314 1
29 27 1 6 123456 1
2 5 28 8 96669 1
4 4 22 29 121101 1
14 6 20 14 48119 1
29 6 7 24 112275 1
3 16 18 10 64670 1
26 0 0 19 104758 1
23 26 15 21 42703 1
17 13 0 15 57438 1
8 13 29 21 75916 1
9 18 2 24 42800 1
20 23 11 24 40710 1
13 26 4 27 34334 1
13 21 5 3 89566 1
12 28 12 16 48096 1
16 11 23 14 40593 1
1 10 29 13 95930 1
19 15 23 24 47812 1
16 17 27 10 43537 1
10 2 16 9 51427 1
4 26 18 15 74386 1
15 0 26 3 50965 1
14 15 23 0 84609 1
3 9 25 11 88058 1
0 21 1 2 63929 1
26 9 25 25 52668 1
27 10 0 2 104871 1
11 14 6 8 42235 1
2 14 7 29 76276 1
26 13 17 9 48189 1
1 9 0 21 43185 1
24 27 17 1 95751 1
27 12 1 28 105315 1
0 18 21 13 50816 1
9 0 15 4 39448 1
7 17 2 5 52792 1
0 22 19 11 77376 1
21 19 28 23 35806 1
27 13 16 10 48690 1
18 12 21 19 28907 1
2 2 22 19 99148 1
13 25 27 6 98200 1
8 18 14 6 56888 1
7 26 0 9 73428 1
16 24 4 12 80648 1
4 18 10 25 44849 1
9 18 25 11 55883 1
24 21 8 5 91867 1
13 14 6 4 63992 1
13 5 13 17 50162 1
24 7 19 0 43016 1
21 7 16 28 78535 1
22 4 4 20 89698 1
15 0 3 11 77012 1
9 24 5 11 72081 1
22 26 6 19 71335 1
15 2 25 29 106004 1
3 2 12 29 107658 1
1 19 18 14 69460 1
19 8 26 28 72097 1
19 21 18 9 57232 1
23 6 19 0 35568 1
4 14 25 19 62090 1
24 19 0 9 75930 1
16 27 6 20 65615 1
11 18 19 25 54139 1
0 17 11 23 38064 1
12 5 13 21 64493 1
18 20 3 14 59753 1
22 21 7 4 95012 1
20 2 15 18 61112 1
28 16 8 13 62065 1
12 23 3 12 54538 1
25 2 24 29 93793 1
7 17 28 8 72104 1
17 19 4 25 68184 1
24 6 17 10 36776 1
29 21 25 12 43802 1
3 10 25 28 100971 1
8 8 12 0 44116 1
1 29 25 9 117778 1
2 25 9 10 71325 1
1 16 17 11 67414 1
17 10 20 18 41237 1
24 18 2 25 72224 1
28 10 5 22 93255 1
0 8 18 12 74883 1
20 10 27 17 32097 1
26 20 6 29 93159 1
20 19 7 2 86834 1
1 11 22 29 100777 1
2 26 15 28 49879 1
28 28 21 9 69318 1
6 28 22 1 124294 1
28 24 11 20 68260 1
7 5 26 8 71193 1
14 10 2 10 49648 1
12 25 16 10 72107 1
13 3 2 26 99300 1
8 22 26 13 66684 1
8 18 15 24 54450 1
28 21 22 1 78352 1
0 15 18 0 106978 1
25 27 20 0 92796 1
28 18 23 29 58920 1
1 20 20 22 72382 1
7 9 25 28 108629 1
10 7 0 20 62439 1
13 26 24 7 87655 1
20 11 7 4 73309 1
8 24 28 11 92652 1
27 24 15 22 44917 1
21 14 12 4 62945 1
22 9 0 4 86473 1
7 6 17 26 92491 1
25 29 22 10 70145 1
27 15 3 6 91658 1
4 14 8 1 67224 1
2 1 21 5 70887 1
10 0 3 16 73396 1
1 0 12 20 95622 1
13 19 16 28 54578 1
10 1 1 15 79617 1
8 15 0 22 44780 1
25 1 20 22 73147 1
12 18 5 2 73648 1
23 26 23 8 62691 1
3 28 14 1 113425 1
24 21 8 14 63283 1
27 3 1 9 105012 1
12 5 13 25 77597 1
4 13 13 9 44274 1
4 26 10 0 102024 1
16 26 13 4 93700 1
14 6 8 20 68436 1
20 21 8 26 55080 1
28 22 4 20 77700 1
22 29 13 14 69744 1
16 17 5 24 56992 1
26 1 17 7 48599 1
21 28 0 9 94914 1
21 17 7 28 70978 1
21 13 2 7 80916 1
25 0 14 28 120138 1
21 12 14 18 33057 1
0 17 18 6 75459 1
22 19 4 23 71152 1
17 27 3 23 57350 1
21 18 26 11 30577 1
27 18 14 18 37606 1
7 5 14 22 78523 1
8 23 9 5 76642 1
15 17 4 23 45463 1
26 28 9 3 113594 1
27 3 2 24 116513 1
26 7 7 10 77941 1
6 28 7 3 115939 1
6 24 29 7 121427 1
0 24 27 20 83014 1
27 4 25 20 61494 1
16 13 3 15 49728 1
10 23 18 27 40212 1
13 20 19 26 43571 1
3 18 23 14 52132 1
9 11 20 9 52862 1
21 27 10 14 62567 1
28 3 3 18 94704 1
0 7 2 19 49981 1
13 17 29 3 79875 1
22 9 15 2 43549 1
12 17 19 29 63520 1
9 2 16 16 68480 1
1 12 11 10 40390 1
5 16 28 11 72860 1
5 2 17 27 117213 1
23 1 16 5 45576 1
9 2 18 25 107139 1
4 20 12 26 54020 1
6 19 4 10 48015 1
22 1 12 25 98641 1
2 2 12 24 93060 1
4 2 24 16 93552 1
22 3 2 12 93612 1
4 24 12 12 62849 1
23 3 1 8 90502 1
11 5 29 1 69458 1
7 28 19 12 89970 1
5 0 8 7 54328 1
1 27 17 4 123288 1
3 14 12 28 63195 1
27 27 17 24 44687 1
8 18 0 22 37348 1
7 10 28 10 86546 1
11 22 5 11 59505 1
27 12 20 9 33479 1
5 28 11 2 106635 1
1 21 23 6 86811 1
22 18 19 4 54829 1
0 6 10 5 34824 1
23 5 0 23 94953 1
18 0 7 9 76343 1
1 23 15 2 100824 1
0 2 9 13 65380 1
14 15 0 12 53946 1
0 7 19 4 75274 1
28 20 12 18 55244 1
7 13 13 6 41595 1
21 13 21 3 27076 1
27 11 4 13 81276 1
12 11 1 27 80761 1
13 3 28 14 88837 1
12 16 28 26 65103 1
17 28 28 6 98700 1
29 1 22 11 58092 1
11 19 27 2 82856 1
13 3 28 2 51351 1
17 0 13 26 112628 1
10 24 16 0 102544 1
29 26 2 8 110522 1
2 27 10 29 43070 1
18 1 18 19 77367 1
2 24 23 14 78440 1
