4930 4501 4903 4957 4535 4767 4185 4136 3962 3856 4766 5000 4636 4204 4578 3887 5006 4145 4682 3969 4256 4504 4056 4501 4392 4044 4223 4647 3964
6013 5603 5559 6523 6493 5330 6315 6210 5538 6362 5452 5640 5598 6186 5500 5874 6490 6223 5764 6102 5738 5757 6187 5736 5955 5653 5827 4825 5843
5307 5504 4751 4974 5458 5699 5216 4943 5733 4793 5047 5456 5674 5011 4859 4685 4888 4785 4486 4942 5185 4574 4294 5388 5030 4349 4199 4661 4553
4989 5403 4603 5056 5582 5022 4900 4669 5676 5734 4989 5310 5535 5788 5500 5736 4710 4579 4017 3873 3959 4506 3709 3790 3416 3504 3580 4640 4058
1880 1708 1850 1322 1864 2044 1445 1585 2311 1556 2452 1928 2339 2101 1507 2535 2109 2541 1774 1587 4616 5131 5072 4839 4932 5084 4905 4379 4972
5501 5536 5499 5848 6131 5812 5798 5087 6001 5817 5031 5473 5630 6117 6053 6270 5310 5422 6090 5865 5044 5623 6155 6258 6648 6907 7383 7763 6667
7334 7685 7359 7771 8015 7213 7173 7909 8093 7099 7902 7033 7780 7365 7220 7741 7280 7672 7750 8120 8099 8236 7862 8013 2444 2642 2084 2154 2901
6573 7093 6702 7105 6835 6122 6086 6054 6759 5993 6847 6275 6487 6947 6187 6678 6878 6265 6672 5895 6044 6997 6046 6816 6667 6183 6262 2190 2348
3593 3700 4921 4331 4073 3678 4482 4750 4045 3734 3871 4027 3854 4329 4399 4887 3825 4654 4195 3896 3966 3693 4624 3763 4198 3679 4872 3973 3801
7755 8232 8967 7864 8693 8818 8323 8622 8156 8851 8795 8409 8267 8034 8635 8328 8336 8757 8500 8128 8297 8680 8255 8401 8307 7984 3993 3447 3601
6751 7049 6437 6706 6998 6049 6716 6120 6923 6663 5983 6337 6044 6415 6633 7155 6907 6200 6510 6597 6417 6121 6710 6200 6955 6327 6692 6982 6480
2003 3103 2824 1932 2116 2021 2774 2561 1860 1984 2871 2067 1896 2983 2689 2530 2794 2593 2580 2488 2794 2021 2573 6244 6415 5803 6048 5827 6150
2410 2435 2706 2328 3121 2024 2275 1455 2063 1706 2237 2314 1771 1929 2400 2265 1709 1935 2495 1824 2106 2185 1943 1888 2333 1785 2472 2249 1729
3733 3788 4193 5391 6092 6543 6364 5338 5796 5761 5671 5441 5451 6121 5934 6342 6475 5646 6231 6100 5468 6002 5964 6119 5814 5441 5833 6169 5693
6672 7234 6819 6693 6528 7268 6739 7424 7167 6484 6660 6680 6880 7059 6555 6480 7155 6367 6878 7143 6679 7099 6795 6486 6164 6993 6605 6318 6437
7004 7126 7031 7381 7073 7047 7175 7170 7514 7571 7937 7042 1763 1973 1165 1746 1810 1391 2095 1738 1491 2155 1358 1143 1175 2342 2346 1266 2330
7078 6951 3594 2930 3746 4024 3791 4008 4190 3946 3275 3158 3504 2919 4167 3669 3534 3111 3091 3971 3740 2995 3201 3297 3176 3017 3296 3867 3498
1379 1672 1188 1054 1733 7097 7547 6437 6573 7482 7595 6417 7280 7021 7167 6739 7331 6977 7242 7681 7657 6666 6744 6560 7398 6955 7115 6773 6959
7295 7265 7385 7725 7076 7383 7606 7987 7041 8002 7721 6940 7112 7214 6847 8001 7445 6842 7348 6830 6789 6778 7836 7749 7473 7290 6655 6713 7107
3296 2812 3242 3305 3488 2926 2660 3578 3257 2839 3738 3289 2887 3526 2555 3316 2953 2598 3556 2600 2963 7907 7575 6970 7001 8122 6981 7618 7224
6392 6951 6390 6618 7033 6614 7210 6247 6791 6506 7370 4008 3356 3556 3195 2794 2959 3218 2797 3908 3436 2787 3969 2918 4029 3020 3657 3975 3694
7090 6333 6212 6265 4269 4499 3687 3556 3418 3913 4252 4340 3588 3274 3977 3294 3319 3727 4205 4277 4214 3714 3503 4125 4241 3473 4332 4184 4295
6902 6098 6852 6216 5650 5767 6881 6070 5940 5776 6392 6584 6263 5842 5843 7452 6456 7047 6565 7481 6509 7335 7394 7319 6887 7258 7019 6753 7181
5913 5981 5214 2357 2821 2868 3451 3400 3350 2481 3157 3009 2485 3525 2729 3393 2448 3417 3189 2626 2768 2794 3201 2367 2507 2839 3241 2733 3094
1313 2159 1403 1371 1556 2361 1979 2264 1518 1798 1660 1310 1897 2271 1259 2311 2415 2109 2401 1386 2367 1276 1259 5308 5959 5497 6300 5556 5248
3894 2828 1503 1668 1527 2460 1779 2427 2229 2568 1644 1708 2457 2034 1752 1529 1687 1609 2506 2122 1778 1913 1789 1633 2366 2463 1333 2115 1457
2503 1638 1680 1998 2215 1909 2213 2549 1796 1824 2285 2486 2113 1912 1980 2745 2836 2068 2550 2355 2288 2474 2314 2181 1917 1997 1626 7270 7091
6295 5720 6275 6381 5628 5533 5660 5975 5846 5774 6772 5658 6491 6609 6052 6207 6454 6228 6067 6116 6094 6234 6073 6750 6906 5965 6356 7198 6471
8229 7989 8435 7962 8438 8669 8438 8066 8608 8798 7765 7907 8628 7910 8209 8462 7680 8622 7684 8809 8309 6354 5900 6435 6373 6428 6192 6838 6197
6407 5961 6039 5750 5650 6142 5956 6445 5906 4898 4659 5121 4588 5314 4679 4868 4884 5335 4420 5481 4736 4738 5346 4510 4551 5551 4479 4576 5534
2303 7164 3010 4332 6601 8199 4398 4049 1160 2238 6052 4330 6283 7438 3475 8017 3641 4980 2115 7315 7375 1311 5795 5847 4475 3930 2750 4170 2642 1851
2666 7194 2182 3736 6305 7964 4034 4531 2180 3109 5746 4528 6342 6889 4995 7129 3083 4663 2036 7743 7871 1709 5665 4656 5319 4234 3025 4241 2324 1919
2425 7225 1853 3542 6717 8422 5202 5072 1735 2213 5397 4290 6057 7455 5499 6896 3529 5339 2458 7185 8484 2547 5900 5578 4511 3468 2360 4041 2728 1664
3156 6672 2023 3843 6614 7738 4318 4176 1563 2444 5170 3750 5353 6567 4963 7816 2936 5448 2406 7322 7409 3988 6593 5751 5570 3822 3217 3897 2946 1305
3137 7250 1963 3431 7238 8032 6439 4893 2384 3003 5862 4206 6242 6422 4874 8114 3233 4663 2083 7457 7822 3640 6137 5331 5133 3498 2431 3927 2381 1848
3139 6606 2748 3267 7429 8511 7166 4178 1462 2452 5451 4329 6135 6816 5815 7899 3047 4566 1376 7215 7419 3180 5985 4908 5326 3531 2953 3532 2569 1284
2363 6949 1836 3782 6851 8535 6096 5251 1649 2859 4721 4412 5746 7464 5339 6923 3650 5105 1928 7645 8392 3780 6072 4960 5049 3814 3221 3549 2180 2415
2734 7474 2441 4281 6928 7625 6912 4017 1965 2828 5816 4413 5371 7219 6138 7998 3060 4988 1316 6944 7499 2891 6183 4657 8378 4103 2256 3374 3205 1681
3375 6626 2625 3802 6501 8699 7143 4455 2209 3169 4596 4618 5599 6956 5581 6338 2974 4555 2217 7483 7286 2954 6559 4922 8164 3208 2149 3550 2486 2216
2572 6864 2216 3983 7257 7917 6050 4188 1674 2659 4605 3774 6255 7063 6106 6456 3772 5109 1976 8128 3773 3370 5829 4717 8546 5065 2854 3954 2218 1590
2570 6690 2143 4283 7184 8668 6443 5140 1795 2948 5276 4324 5714 6365 5944 6798 3343 5161 1833 7106 3444 2824 6374 5710 7851 4755 2950 4639 2592 2246
3223 6430 2750 3351 6979 8227 7187 4274 1567 2127 5537 3659 6287 6256 5254 6666 3007 5129 2023 8115 4418 3360 5315 4977 7784 5035 2657 3721 2978 2004
3130 7179 2347 3331 7074 7979 6961 5184 1323 2480 4984 4130 5482 6462 5472 6242 3849 4406 1943 7166 4130 3289 5541 5465 7513 5079 2608 4470 3015 2079
2711 7030 2509 3874 7018 7956 6159 4477 1711 2948 4734 4067 6349 6776 5774 6235 3016 4408 1665 7344 3291 3281 5709 5493 8597 5074 2836 3990 3223 1338
3474 7675 2600 3896 6191 7432 7054 4202 1173 2533 5813 4571 6398 7234 4988 6418 1444 4603 2049 7674 3156 3839 6400 5462 8303 5662 2922 4214 2869 2182
2990 7267 1987 3612 7247 8066 6896 4256 1367 2056 5733 4262 6228 6656 5535 6016 2128 4719 2023 6947 4320 3500 6216 4907 8494 4711 2307 4030 3408 7848
3019 7034 2732 4345 6505 7983 6781 4369 1632 3204 5473 4278 5722 6576 5748 6172 1387 5490 2211 7359 3287 3759 5550 4689 8567 4847 3004 4125 2456 7520
2982 6408 2754 4475 6738 8677 6910 5244 1749 3119 5240 4829 5414 6611 4887 5684 1360 4252 1597 7216 3536 3714 5461 6385 7893 5247 2530 4135 2954 7743
3078 6809 2761 3230 6222 7885 6211 4679 1943 2713 4887 4411 5793 6481 5100 6542 1799 4375 1573 7210 4003 2862 5911 6308 8377 5782 2710 4197 2305 7765
3063 6931 2521 3261 6352 7761 6106 5175 1335 3022 4765 4192 5249 7121 5450 5793 2543 7002 2085 7577 4211 2858 5940 6486 7808 4761 3179 4324 2969 6609
5461 1279 2254 4477 4141 8095 7306 4970 1134 2088 5248 4804 6508 7085 5024 5602 1829 7176 4830 3050 4386 3300 6199 6993 7855 5717 2003 5044 2502 6585
6165 1337 2297 3344 4141 8122 6900 4529 2211 2711 4973 4145 5740 6365 5259 6765 1504 7521 4411 3622 3572 2825 6344 7332 8504 5699 2950 4843 2710 6650
5376 1919 2939 3444 3737 8044 7156 4514 1800 2834 5527 3907 5770 6560 5976 6120 2439 6715 4894 3780 3620 4020 6294 6719 8158 4545 2260 4513 1889 7790
5275 1681 2171 4406 3760 7523 6980 4134 1817 2749 4868 3928 6427 6511 5728 6498 2410 7316 4209 2894 3826 3756 5486 6873 7415 5671 2115 4507 2103 6951
5089 1892 2562 4491 3560 8084 6928 4521 1643 3172 4826 6630 5309 6506 4963 5544 1740 6805 4768 3518 3758 2802 6116 6468 8003 5475 2378 4384 1914 7776
5596 2310 3689 3708 3219 7467 6734 7297 1884 5354 5410 5837 7230 6876 5160 5530 2263 6538 4228 2940 4117 3321 5563 6787 7987 5568 2905 4042 1920 7117
6194 2093 3263 3364 3775 7466 6612 8004 1088 5883 5054 5687 8160 6541 4973 6161 1605 6430 4803 3258 4076 4047 5625 6197 7542 4955 1777 4587 1989 6911
4947 1734 3724 3658 4222 4864 7087 7576 1509 5436 4692 6704 8393 7192 5485 5708 2417 6477 3927 2992 3729 3441 5868 6588 8355 4948 2477 4178 2093 7849
5274 1932 3868 6353 3615 4363 7088 8056 1591 5799 5173 5510 7416 3132 5865 6512 1788 7111 4149 3765 3895 3171 5941 6715 8437 5624 2675 4625 1988 6582
5 1 12 13 42405 1
15 17 22 21 26897 1
26 10 23 29 46209 1
18 5 0 19 76725 1
1 2 17 0 40006 1
2 2 10 12 41620 1
23 13 25 5 22707 1
13 0 27 21 73913 1
2 7 6 18 33079 1
9 26 3 9 61284 1
1 29 14 26 32066 1
7 7 23 18 56758 1
6 26 18 20 45260 1
16 21 12 2 48719 1
15 0 24 3 28160 1
5 12 23 21 67915 1
12 22 19 1 61848 1
17 21 28 18 44257 1
11 8 24 16 34786 1
1 26 18 4 96733 1
28 22 29 3 67339 1
12 10 27 2 42318 1
2 25 10 0 83251 1
27 5 14 6 47988 1
26 0 5 19 78081 1
4 0 25 24 78399 1
22 7 26 17 30550 1
6 20 3 8 41544 1
19 20 0 9 63041 1
23 18 2 14 63187 1
1 28 28 28 64271 1
8 20 28 5 78192 1
4 27 13 1 82562 1
16 0 24 16 48725 1
29 14 0 7 76940 1
28 24 0 2 104731 1
13 7 10 15 31354 1
13 19 1 9 49760 1
20 5 23 24 61699 1
12 3 2 22 65370 1
17 1 4 29 86378 1
23 20 16 23 32302 1
4 1 9 25 71443 1
0 18 19 23 60550 1
29 29 29 13 59772 1
26 28 26 13 34134 1
25 9 10 10 33754 1
29 9 27 22 47431 1
11 6 10 26 49397 1
11 1 23 13 50758 1
15 16 3 7 45460 1
27 26 9 1 87893 1
19 12 22 5 35456 1
25 16 18 3 43248 1
1 9 20 4 54684 1
5 11 13 24 53972 1
21 14 16 5 42401 1
0 16 25 3 75322 1
10 19 26 1 67185 1
0 3 23 13 70278 1
0 5 20 9 51608 1
24 16 2 15 56809 1
9 6 13 14 36887 1
3 10 24 3 52468 1
12 24 15 13 26183 1
3 21 28 3 87674 1
12 9 24 14 31712 1
7 14 3 2 40848 1
18 21 6 14 56087 1
8 8 26 21 55227 1
1 21 27 11 78156 1
10 28 28 20 66913 1
20 9 9 16 43984 1
12 23 26 25 44710 1
16 20 11 15 22991 1
12 5 19 16 37422 1
5 26 23 23 56062 1
21 8 6 3 43030 1
21 1 24 27 59377 1
22 4 8 5 53674 1
15 19 24 15 25006 1
19 5 15 28 61555 1
29 25 5 5 98021 1
28 22 19 20 39687 1
0 22 15 29 57449 1
16 19 7 7 46364 1
17 14 10 24 49341 1
20 21 16 1 75670 1
15 23 3 25 41218 1
27 27 1 9 88725 1
4 27 15 25 36338 1
26 16 8 16 42807 1
15 5 27 3 48858 1
24 27 26 16 27846 1
1 20 26 12 72528 1
12 1 23 3 35350 1
9 4 11 29 70822 1
22 4 19 15 43722 1
7 9 19 11 34850 1
27 17 17 27 55292 1
7 9 2 27 64831 1
20 9 10 25 62070 1
0 16 17 10 63806 1
28 29 21 20 41998 1
5 20 13 27 44479 1
16 15 9 27 43315 1
8 1 24 24 78219 1
7 12 17 8 35499 1
7 23 17 9 63394 1
16 25 16 6 54310 1
24 0 7 25 88881 1
2 21 9 13 50265 1
0 1 19 28 92602 1
8 25 20 13 58115 1
4 8 17 26 59499 1
20 16 28 22 36787 1
24 27 10 12 70308 1
1 27 21 9 89161 1
11 27 1 29 27871 1
5 15 22 27 72967 1
11 16 2 19 27466 1
13 28 11 3 57595 1
9 5 4 29 84130 1
25 13 13 25 49546 1
26 3 5 9 51928 1
21 25 2 12 77654 1
21 8 12 9 15430 1
0 12 10 25 74460 1
15 13 1 28 58253 1
25 13 18 22 42090 1
1 14 1 0 50089 1
10 13 8 28 52772 1
6 5 20 0 61505 1
11 5 1 11 39381 1
6 0 25 19 75276 1
18 19 23 29 48552 1
22 27 13 2 80647 1
27 0 12 28 86487 1
26 27 17 26 24656 1
21 6 6 2 47666 1
25 20 14 12 40108 1
2 26 11 20 43336 1
19 0 22 8 29987 1
28 7 14 20 55803 1
9 2 0 7 32497 1
11 26 0 29 30440 1
20 1 29 18 53365 1
0 18 7 27 51617 1
3 28 22 7 85437 1
0 9 13 3 39839 1
8 0 0 21 63982 1
12 17 8 27 33976 1
9 19 6 11 41015 1
25 12 4 0 57390 1
23 14 16 6 37602 1
0 20 16 5 70144 1
18 9 0 4 54962 1
27 3 22 21 50253 1
19 14 11 5 39357 1
6 13 11 25 58592 1
17 27 3 19 50057 1
27 26 23 14 34820 1
5 5 2 14 36255 1
20 14 3 23 58996 1
28 3 17 20 65428 1
18 22 1 25 67242 1
23 17 23 3 32819 1
9 26 13 8 46672 1
27 8 2 15 66394 1
29 27 23 2 63048 1
17 17 5 13 48248 1
4 15 10 8 25537 1
21 20 7 24 63993 1
0 17 18 9 62518 1
22 8 28 24 55270 1
21 10 5 9 39020 1
2 17 29 29 85901 1
29 27 13 1 89182 1
3 17 20 18 36883 1
27 14 4 15 61895 1
25 18 26 7 23650 1
21 8 15 1 38999 1
12 15 29 28 61017 1
23 6 2 2 52920 1
29 8 28 20 38943 1
27 11 22 3 32500 1
25 9 11 5 31990 1
2 21 22 28 71334 1
20 25 20 9 56403 1
12 10 20 0 42027 1
10 14 28 22 68483 1
4 24 10 9 59057 1
29 5 16 22 72701 1
16 18 25 7 39751 1
1 2 22 10 56145 1
27 7 7 4 60941 1
29 16 7 19 52107 1
6 9 22 24 80807 1
13 7 1 12 45871 1
18 15 13 24 41688 1
18 15 12 6 41600 1
24 3 14 1 33653 1
2 27 14 8 71169 1
26 7 4 20 63713 1
10 28 12 1 63523 1
6 7 4 22 45143 1
18 3 8 17 63117 1
21 9 13 15 37447 1
10 20 16 24 31647 1
25 5 2 3 57854 1
17 8 5 25 66354 1
7 12 26 21 76275 1
12 6 29 6 43041 1
18 27 13 12 49955 1
3 19 4 3 36062 1
11 7 10 17 29396 1
17 24 17 8 57270 1
16 15 7 27 48311 1
3 28 13 26 29705 1
21 8 13 13 29920 1
9 6 13 17 42195 1
3 1 6 14 40912 1
3 14 20 5 60178 1
6 29 16 26 26000 1
29 9 17 8 25610 1
22 21 2 24 74396 1
23 5 15 11 37196 1
5 28 22 3 93877 1
26 14 7 21 56809 1
6 20 26 10 70944 1
20 25 29 20 42199 1
11 10 22 17 44524 1
4 28 10 9 65175 1
3 24 14 15 55504 1
8 25 27 26 52773 1
27 28 10 9 68557 1
28 13 3 22 81853 1
24 25 24 8 38504 1
16 26 26 2 66519 1
22 24 25 5 52944 1
27 29 12 6 72383 1
17 18 27 3 51245 1
12 25 4 23 37314 1
2 14 17 22 56932 1
20 7 21 29 65198 1
7 19 5 2 45511 1
21 21 9 22 47986 1
22 27 29 15 45054 1
0 4 15 16 63960 1
27 20 18 10 50217 1
0 0 6 29 90388 1
6 25 26 7 80888 1
5 27 16 25 35393 1
12 24 18 0 64887 1
5 9 25 18 56577 1
11 13 12 28 36133 1
13 1 15 20 49863 1
8 14 28 3 71733 1
0 25 29 23 95115 1
16 19 1 15 45595 1
20 28 3 22 63544 1
3 29 13 6 70618 1
1 10 23 4 61062 1
0 3 4 12 31960 1
19 26 11 15 38886 1
2 17 21 10 63485 1
24 27 4 15 69782 1
25 3 3 19 72203 1
2 22 29 19 80592 1
3 7 12 28 62075 1
24 0 6 2 47355 1
12 26 14 14 32963 1
3 8 18 8 25223 1
25 10 5 28 75336 1
5 15 0 20 31819 1
16 11 21 3 40430 1
2 21 19 17 44923 1
7 7 16 25 57116 1
24 19 18 27 40265 1
7 17 27 2 74508 1
11 28 6 22 37880 1
14 17 7 3 56528 1
25 18 16 25 41502 1
4 4 21 19 62965 1
21 10 29 2 40105 1
20 21 0 22 61826 1
0 8 17 9 34311 1
9 3 20 27 78107 1
17 8 22 14 34147 1
3 21 22 6 74556 1
5 1 11 18 51717 1
18 25 12 9 49883 1
24 11 18 6 25722 1
10 1 16 13 48634 1
27 15 10 18 41928 1
25 9 1 7 49460 1
13 12 18 18 28426 1
26 11 1 15 75483 1
7 29 4 22 33280 1
22 29 23 10 53717 1
9 9 18 24 64224 1
22 17 8 11 54369 1
28 12 3 12 75971 1
23 15 4 16 46642 1
7 24 24 6 82490 1
3 8 14 10 29755 1
2 20 28 1 89690 1
17 12 28 14 53402 1
12 19 6 6 48765 1
5 29 28 3 94531 1
29 14 9 9 60495 1
15 3 15 19 50385 1
7 24 25 4 88083 1
8 23 15 27 32962 1
29 23 8 3 93764 1
7 20 26 8 64983 1
7 0 3 28 82826 1
27 17 4 0 73684 1
12 5 23 15 43160 1
16 25 29 26 35980 1
10 24 17 28 36372 1
3 27 12 25 30053 1
29 0 4 1 68829 1
26 7 29 24 57040 1
0 10 25 9 52228 1
11 19 12 3 36135 1
12 4 28 18 59731 1
28 2 3 8 58541 1
1 21 29 21 82652 1
13 26 6 7 58264 1
12 11 4 2 30821 1
18 16 25 11 23744 1
25 2 10 7 41470 1
10 8 17 13 33585 1
28 9 5 1 66241 1
4 6 17 11 38998 1
4 18 10 3 50204 1
23 12 4 7 45665 1
4 22 0 28 36926 1
16 3 18 15 52456 1
27 6 15 9 34768 1
13 1 18 6 31598 1
23 11 5 1 58680 1
12 20 19 12 32135 1
12 29 13 16 30502 1
25 16 21 7 25148 1
19 16 4 21 38261 1
26 4 11 18 53960 1
21 26 18 15 45307 1
0 15 10 1 64793 1
29 17 15 27 51140 1
16 11 21 5 30946 1
23 13 6 10 55936 1
22 22 11 11 56378 1
10 27 13 8 49043 1
10 21 10 2 50876 1
16 16 1 28 55497 1
21 9 27 26 47088 1
11 25 4 29 28554 1
28 9 14 0 55897 1
0 16 27 25 87038 1
28 23 19 19 46018 1
13 24 24 12 53949 1
7 17 20 26 48514 1
21 17 17 28 40539 1
10 22 21 17 41403 1
20 7 18 26 64202 1
9 7 15 25 50597 1
22 10 26 0 32073 1
14 19 1 13 55573 1
8 21 18 8 48217 1
22 4 10 16 56554 1
16 26 18 8 49830 1
22 28 6 9 76926 1
2 1 22 1 57880 1
3 15 18 19 46910 1
19 20 15 28 28422 1
15 19 21 27 31467 1
6 19 26 19 55782 1
21 19 7 14 52945 1
6 2 24 25 84755 1
5 21 27 1 85281 1
12 25 23 29 38050 1
14 7 23 0 43266 1
4 23 10 19 35586 1
16 20 19 8 43401 1
4 29 26 0 94744 1
6 18 6 1 47344 1
14 26 26 20 44131 1
4 11 7 3 25059 1
15 19 21 24 34564 1
24 13 4 1 53901 1
20 11 21 29 63056 1
13 13 26 13 46933 1
8 5 19 18 53545 1
6 24 17 10 71018 1
1 20 10 10 57194 1
1 9 16 24 64284 1
21 29 28 0 80288 1
24 24 10 28 51993 1
24 17 7 21 50496 1
1 23 6 0 69389 1
13 14 2 15 44333 1
8 14 18 29 64505 1
28 21 3 18 65666 1
13 9 29 29 76270 1
15 25 0 2 71024 1
14 8 6 19 42406 1
19 5 0 24 85736 1
5 26 6 1 79351 1
8 21 3 4 53691 1
25 29 13 4 75679 1
24 10 5 14 54777 1
0 7 4 20 35514 1
12 26 5 14 44877 1
29 8 1 16 67892 1
16 28 5 7 63911 1
0 20 13 6 63438 1
7 13 26 16 63641 1
12 11 3 10 29748 1
14 2 21 16 54805 1
27 13 6 11 67487 1
16 26 1 28 38978 1
27 29 4 20 76469 1
2 27 14 27 39905 1
9 10 21 0 59011 1
22 28 27 18 33711 1
9 24 15 17 40255 1
2 13 17 23 63007 1
27 27 6 11 91663 1
13 11 26 23 59277 1
11 1 17 9 31866 1
10 8 19 27 60377 1
25 26 16 25 26146 1
24 9 12 13 30804 1
12 16 15 5 42148 1
29 3 14 7 51371 1
28 11 18 8 32063 1
18 2 5 26 84766 1
8 16 14 26 38531 1
20 2 25 29 61130 1
14 29 8 25 24156 1
2 20 26 20 68138 1
0 10 14 16 52711 1
20 0 13 11 48394 1
9 29 16 15 39876 1
29 14 12 0 70215 1
7 28 27 2 91101 1
2 1 18 3 45940 1
29 14 25 27 38819 1
21 11 9 3 46187 1
3 21 17 14 49769 1
2 9 28 24 92521 1
29 17 16 4 57911 1
5 27 18 1 92755 1
26 13 12 12 41546 1
29 29 3 14 89907 1
12 13 15 5 35554 1
1 2 19 13 57781 1
1 27 27 22 83481 1
2 22 16 15 48493 1
2 2 20 29 89572 1
6 0 5 14 37535 1
6 9 12 25 49630 1
28 9 2 19 78358 1
7 28 8 11 65457 1
9 18 3 23 29100 1
4 13 2 5 28835 1
29 28 20 25 26164 1
24 25 1 27 70051 1
27 7 1 9 54567 1
19 22 2 3 80766 1
6 5 12 28 74763 1
1 12 15 19 53388 1
12 3 21 13 44081 1
16 2 4 10 41924 1
8 20 27 14 56098 1
15 24 29 10 63023 1
28 9 4 21 76985 1
5 17 5 2 35574 1
26 23 1 27 75542 1
13 6 24 19 50523 1
3 14 22 0 75145 1
27 1 1 11 72175 1
6 28 17 4 84326 1
4 29 9 2 78776 1
19 12 28 23 55345 1
23 20 2 0 79340 1
20 28 29 12 61954 1
15 17 22 25 39793 1
7 29 13 0 74959 1
7 9 17 1 41874 1
13 22 24 0 67476 1
13 25 28 20 60213 1
27 24 8 20 71671 1
23 5 7 6 48447 1
16 3 1 21 75375 1
8 20 29 7 69824 1
19 21 21 29 34010 1
10 3 21 22 69635 1
20 9 16 0 37063 1
1 12 1 28 75046 1
28 0 17 27 87200 1
8 29 22 24 51389 1
1 8 13 18 42455 1
17 0 3 15 65850 1
13 24 3 6 62336 1
0 28 16 13 65591 1
24 1 15 17 46326 1
3 22 4 8 37850 1
18 7 1 19 64687 1
16 10 27 12 41835 1
4 27 1 16 52138 1
11 18 1 25 47817 1
18 4 4 11 50796 1
11 14 14 6 32078 1
1 11 17 6 53746 1
11 16 3 19 24539 1
11 26 27 17 57182 1
0 6 22 13 68084 1
18 14 28 19 38428 1
5 15 23 14 58543 1
10 18 23 29 50909 1
2 7 14 28 68910 1
7 1 19 26 82347 1
21 8 4 20 51809 1
0 8 19 6 38479 1
26 4 29 16 31837 1
20 9 26 25 46537 1
29 20 11 13 61454 1
27 27 0 29 65906 1
16 25 6 20 48229 1
18 13 11 0 54290 1
9 18 17 21 24072 1
24 14 6 25 64762 1
6 24 17 1 85817 1
27 14 4 5 59890 1
18 15 10 12 40004 1
16 4 23 11 36361 1
9 29 15 17 32269 1
4 11 10 26 51978 1
26 17 21 0 45983 1
18 15 1 3 71956 1
9 26 18 9 59626 1
25 18 15 6 47376 1
1 4 14 13 63938 1
11 3 18 23 63775 1
17 29 11 4 66957 1
7 6 23 13 53210 1
15 1 28 18 72137 1
1 4 29 0 85261 1
26 23 22 0 57170 1
6 1 18 16 64610 1
9 21 26 7 61579 1
14 25 5 23 44695 1
16 14 4 6 44301 1
25 20 12 17 37081 1
15 21 10 12 33444 1
5 10 14 13 46125 1
5 29 2 9 69770 1
22 22 17 16 34045 1
20 7 2 15 61064 1
27 19 4 18 54749 1
26 14 25 4 22493 1
27 21 14 17 42622 1
3 17 6 0 44260 1
26 19 5 29 67027 1
10 11 16 25 43829 1
4 7 12 25 51393 1
11 28 20 0 82845 1
12 27 28 18 62572 1
8 3 1 13 53146 1
22 23 25 14 31826 1
19 17 26 25 37327 1
10 14 1 27 69861 1
9 4 0 6 45903 1
20 17 26 5 35363 1
16 12 2 18 41349 1
13 10 0 20 53962 1
6 18 10 8 34984 1
12 8 16 23 39730 1
21 28 24 10 44378 1
1 2 15 21 62183 1
28 22 19 0 71393 1
1 11 12 22 50990 1
8 11 4 23 50600 1
22 27 4 3 87356 1
11 5 23 28 71213 1
7 1 11 13 41424 1
25 2 12 3 35140 1
7 13 29 18 79670 1
14 2 1 3 35195 1
27 23 3 27 77071 1
18 22 23 0 68740 1
7 18 20 26 42249 1
8 25 29 17 71449 1
22 3 4 23 88980 1
0 27 24 4 98456 1
13 23 15 6 54899 1
4 3 11 21 50230 1
8 20 18 7 53411 1
15 1 25 20 64164 1
16 8 29 22 57805 1
2 15 6 29 60561 1
7 25 25 1 89460 1
14 20 12 3 43272 1
26 1 3 4 64741 1
9 14 10 1 49131 1
13 14 2 20 42825 1
25 14 12 29 50659 1
7 22 0 10 58502 1
29 8 18 14 40648 1
22 14 3 14 60841 1
15 19 23 15 23678 1
11 15 18 28 40765 1
18 3 7 0 36945 1
8 2 14 10 36266 1
10 29 14 19 34867 1
8 14 27 0 75983 1
0 27 19 7 88410 1
23 17 14 25 37455 1
10 11 2 28 68121 1
11 18 23 22 38606 1
20 20 27 7 45678 1
26 12 3 14 63468 1
1 1 3 19 49573 1
17 11 23 3 40451 1
0 26 2 2 74390 1
7 5 6 18 48595 1
28 12 5 25 94029 1
10 13 24 13 45988 1
8 25 5 8 58801 1
24 27 1 11 90225 1
6 29 12 4 64365 1
28 11 5 16 75685 1
24 4 13 5 41088 1
12 10 9 25 46189 1
13 25 26 21 50120 1
11 25 6 17 38774 1
13 16 24 5 42487 1
22 26 15 9 60691 1
7 26 21 7 66677 1
22 26 6 25 45778 1
13 0 6 12 55923 1
4 9 27 10 48412 1
0 27 0 3 88340 1
6 19 26 16 49303 1
24 27 1 25 72688 1
13 2 17 23 60675 1
20 10 12 8 21759 1
2 18 23 20 50637 1
6 20 5 3 51672 1
13 25 17 6 60336 1
26 13 29 24 43987 1
21 19 2 2 70013 1
18 4 14 28 74134 1
23 17 12 27 44973 1
7 20 25 10 61053 1
21 21 0 10 76018 1
29 26 13 10 73412 1
16 5 7 10 37508 1
21 8 21 28 53522 1
29 12 26 20 35068 1
27 5 12 21 63613 1
6 18 11 10 29693 1
6 20 5 11 37868 1
13 13 2 13 55617 1
17 25 8 29 29768 1
20 17 5 7 54578 1
23 20 9 11 57101 1
4 14 17 25 49814 1
9 28 29 9 82213 1
7 12 6 26 68810 1
26 7 11 24 65825 1
27 6 2 7 57042 1
16 28 13 8 47826 1
9 1 13 19 56889 1
10 16 9 2 40810 1
21 10 7 8 29908 1
1 17 29 0 96106 1
11 9 5 2 27071 1
2 20 20 20 50895 1
24 11 7 18 44670 1
29 8 4 6 44645 1
28 0 3 24 107597 1
24 19 16 8 34570 1
11 14 7 26 41295 1
3 24 9 20 40735 1
18 25 28 5 81557 1
28 8 10 9 31694 1
9 18 28 28 59810 1
11 24 15 13 33967 1
10 3 23 0 47467 1
4 26 25 21 65437 1
29 13 17 23 63707 1
21 1 17 24 77647 1
15 25 3 10 54246 1
23 26 12 13 50335 1
17 28 14 20 22296 1
21 21 1 17 56213 1
28 4 24 26 56932 1
25 0 9 17 70830 1
6 27 4 13 50499 1
5 3 16 24 69423 1
20 25 9 13 64185 1
3 20 12 7 46832 1
29 7 4 8 48060 1
20 24 15 9 57566 1
17 15 0 23 59956 1
6 28 3 1 80775 1
11 22 12 10 28366 1
18 29 14 2 77785 1
11 10 19 6 22547 1
12 8 19 18 33390 1
9 21 29 19 62733 1
8 18 25 0 66452 1
6 12 19 29 81374 1
27 6 18 1 40210 1
6 24 16 6 71434 1
7 17 11 4 46998 1
20 25 22 8 53973 1
3 16 14 16 32640 1
29 5 7 1 75354 1
25 22 20 1 46688 1
22 29 29 5 76937 1
17 4 29 14 63139 1
1 11 23 16 66227 1
3 29 27 0 101934 1
13 8 20 24 56364 1
1 15 20 9 64033 1
25 28 3 19 69151 1
7 25 9 10 65685 1
28 15 3 22 73967 1
28 2 20 19 54258 1
19 10 0 27 84858 1
7 7 23 29 80648 1
5 3 8 17 44427 1
20 0 17 20 69696 1
2 3 4 29 81497 1
0 14 17 28 69686 1
18 28 22 5 75050 1
7 10 19 2 50208 1
17 27 23 1 72623 1
20 20 11 27 42861 1
19 7 29 22 56059 1
4 2 1 12 34637 1
14 5 7 19 58055 1
23 11 20 2 29499 1
8 18 10 5 45969 1
16 15 20 22 28530 1
23 23 22 2 50154 1
5 2 27 1 55085 1
26 27 5 23 71090 1
26 0 6 17 78287 1
3 18 12 29 40167 1
6 3 0 17 49497 1
15 6 12 26 55440 1
16 1 16 13 47117 1
25 13 4 26 70989 1
0 0 12 13 49044 1
17 24 1 11 73030 1
3 2 15 17 53642 1
5 27 20 6 81833 1
27 0 9 25 94836 1
28 12 11 7 51794 1
14 28 0 16 58226 1
29 5 19 5 43719 1
18 12 8 9 41104 1
27 18 11 21 49752 1
24 21 6 18 46335 1
15 14 7 10 45566 1
16 21 26 0 63246 1
22 8 0 23 76751 1
0 2 21 24 93892 1
24 3 12 14 40746 1
25 23 16 0 63869 1
25 11 0 25 87214 1
12 20 28 28 55065 1
16 21 24 4 51608 1
8 18 23 24 50200 1
5 5 25 26 82636 1
18 1 22 17 58066 1
5 11 27 29 92374 1
20 27 9 20 49258 1
11 10 6 27 55583 1
13 4 24 22 61122 1
23 2 26 20 39966 1
26 23 27 11 33808 1
15 17 26 25 42858 1
29 2 21 10 40105 1
7 26 0 29 20231 1
8 23 18 2 76417 1
9 21 21 22 43670 1
18 7 9 6 36337 1
0 23 2 1 66961 1
22 1 21 25 65499 1
10 10 18 14 46221 1
3 18 6 29 46514 1
22 16 25 0 37752 1
4 21 12 4 51933 1
12 25 23 8 52481 1
18 11 22 0 46137 1
7 2 7 15 49994 1
8 5 3 11 30439 1
27 6 16 18 50582 1
23 2 19 24 69111 1
2 21 17 12 56719 1
26 8 7 0 54874 1
10 11 1 12 43960 1
2 22 29 4 97387 1
6 19 17 12 46498 1
1 17 19 11 58980 1
13 1 12 29 63382 1
18 19 27 12 46110 1
13 2 10 17 43903 1
16 12 25 16 31270 1
15 12 19 5 35285 1
11 9 1 27 72440 1
26 24 14 15 47055 1
23 18 2 0 75478 1
16 5 12 14 29417 1
10 20 26 14 45520 1
7 24 29 29 75301 1
22 29 14 24 41917 1
25 26 3 10 78567 1
2 6 21 15 66589 1
5 25 15 1 87639 1
13 7 1 7 33032 1
24 8 1 11 52787 1
26 28 21 9 47774 1
27 23 17 16 39632 1
14 11 26 22 52896 1
9 0 3 26 80715 1
10 0 25 11 50750 1
29 29 19 12 61587 1
16 15 3 8 47001 1
12 2 17 17 49749 1
6 19 11 29 44056 1
19 13 7 8 36118 1
29 12 29 1 44733 1
8 2 3 24 64447 1
13 8 18 18 33140 1
9 23 2 18 36863 1
7 29 7 10 70736 1
15 2 1 4 44318 1
22 6 7 15 67029 1
11 21 6 13 44622 1
20 23 19 2 68396 1
0 3 2 28 86930 1
18 20 14 1 66961 1
14 8 3 22 54586 1
15 3 28 4 43791 1
11 25 1 3 74224 1
13 6 19 20 50237 1
18 23 16 14 36465 1
16 24 26 7 57741 1
6 12 9 20 47589 1
1 13 20 13 72707 1
0 27 20 29 56349 1
27 24 27 4 56410 1
14 15 9 1 55283 1
29 6 13 5 53044 1
0 8 26 1 57833 1
22 3 21 13 41863 1
29 7 6 1 68096 1
8 2 26 9 47297 1
6 3 29 3 72390 1
12 17 3 6 40447 1
24 12 8 20 50135 1
14 1 14 25 68802 1
4 2 28 24 95663 1
20 3 9 5 50400 1
4 28 26 2 94968 1
26 21 19 17 28441 1
29 6 3 9 58771 1
15 27 19 17 25845 1
17 6 4 16 51588 1
8 2 10 12 35708 1
24 13 12 14 36214 1
25 2 20 26 58857 1
3 0 24 25 89258 1
23 29 21 15 41812 1
2 21 17 13 56063 1
14 1 2 29 87590 1
6 22 6 10 51858 1
15 10 21 20 44440 1
23 25 13 14 53979 1
21 27 12 3 70751 1
15 16 5 0 56534 1
18 11 13 22 46787 1
17 6 12 15 34574 1
12 11 0 15 50801 1
7 29 25 8 71042 1
3 16 21 12 56375 1
18 22 24 5 55663 1
14 11 24 19 42584 1
26 23 14 7 57160 1
29 3 27 26 66157 1
7 26 6 5 82908 1
24 12 18 6 27032 1
29 21 4 27 83576 1
3 13 29 19 78866 1
6 4 29 9 69126 1
10 9 15 24 38978 1
4 13 24 15 54113 1
8 24 18 17 49343 1
28 3 4 1 65097 1
29 23 5 17 79854 1
7 24 25 9 80412 1
19 6 2 12 51498 1
17 23 2 7 67365 1
8 12 16 2 46274 1
4 20 5 4 38916 1
17 21 3 6 60622 1
11 28 1 19 51674 1
15 25 22 22 35882 1
7 24 29 4 102272 1
6 15 25 6 69276 1
14 18 0 21 35892 1
28 9 10 2 51865 1
16 23 4 8 54435 1
28 20 2 10 80327 1
20 9 21 26 54197 1
4 6 15 6 36287 1
22 28 8 3 87438 1
4 20 19 0 73637 1
26 16 0 21 62544 1
1 6 18 19 70454 1
27 28 8 26 51707 1
4 21 15 13 36471 1
9 17 21 22 46641 1
8 15 20 10 56427 1
2 9 28 9 55600 1
4 2 13 3 24759 1
21 7 9 29 66101 1
27 10 2 11 60460 1
21 23 11 12 52304 1
29 1 27 14 37350 1
27 14 21 18 27100 1
21 17 9 25 52852 1
29 2 10 17 73788 1
3 12 17 19 50370 1
21 16 28 11 33983 1
23 21 22 10 35537 1
20 28 14 4 80154 1
12 24 3 26 28806 1
1 20 21 13 63967 1
11 9 22 15 45060 1
19 11 23 2 31236 1
1 20 16 26 54979 1
22 0 29 3 31397 1
2 3 23 15 67756 1
12 27 13 12 36522 1
24 12 9 6 44876 1
9 4 26 6 52964 1
7 27 29 24 70798 1
28 10 5 9 54410 1
23 3 6 19 71647 1
15 29 1 13 70183 1
14 3 25 10 44043 1
26 21 15 16 32162 1
24 24 12 3 62943 1
12 18 22 4 53848 1
27 11 13 27 65573 1
9 20 24 12 48303 1
6 2 0 9 25421 1
0 15 20 8 60743 1
10 5 20 20 59771 1
3 17 7 24 45421 1
27 22 0 15 85597 1
28 23 24 6 50603 1
3 15 14 3 55123 1
10 26 20 5 70318 1
16 4 5 11 46373 1
7 28 18 24 46230 1
7 14 24 3 65969 1
13 15 25 15 31470 1
2 19 29 5 89884 1
6 23 19 28 50654 1
16 3 23 29 78309 1
28 5 3 27 106879 1
9 0 2 26 83075 1
17 5 25 15 48641 1
19 24 17 2 84637 1
4 19 14 12 38429 1
5 7 17 9 30376 1
12 16 10 24 29933 1
11 7 24 16 37347 1
2 23 23 7 79239 1
23 7 6 24 78839 1
23 25 9 25 48593 1
10 22 7 9 50177 1
3 15 21 0 80434 1
13 18 9 28 31011 1
24 6 2 2 52129 1
25 3 29 21 49464 1
8 3 28 11 66057 1
1 25 27 11 97023 1
4 9 11 28 58078 1
26 26 14 3 76138 1
