3694 4429 3874 4185 3593 6637 5359 6148 5044 3448 4560 6575 6753 3550 5589 3754 5263 5516 6502 5590 3793 3186 4928 3353 4300 6412 6728 3252 3534
6600 3586 5265 6971 7172 7120 5986 4024 4412 5079 3445 6014 4841 4617 5250 3773 6948 4380 6364 6418 4604 3359 7248 6606 6708 5207 3755 6916 6780
6890 4932 6263 5615 5336 5546 6311 3844 4364 3515 5195 5778 4010 4743 3713 5528 5568 3948 3961 6269 6984 5490 4369 3491 3808 5037 7216 5510 4341
7401 6154 5819 4201 5163 7438 5996 4280 5471 3837 3604 7575 7020 4865 5814 4631 7076 4475 7337 5580 4126 7318 5210 7577 3837 7440 5191 6975 4345
5312 6543 7360 5880 4232 7111 3986 4666 4452 3886 5367 6059 4817 6687 7240 7561 7596 4078 6166 6847 6616 6981 6032 5673 6425 5134 4458 5300 4637
1639 1606 4331 4031 2836 4187 4228 4343 3883 3474 3009 4845 5078 1834 3308 2048 2183 2089 5236 3826 1966 3023 4289 3346 3386 3923 4609 3140 3696
6596 3814 3597 4365 6896 5405 4763 7502 6029 5834 5189 7029 7199 4892 5606 4259 6827 6199 4688 6267 6654 4443 7041 7341 5803 7373 5662 6805 7394
8015 5212 4902 8320 7505 8140 5751 8363 5239 8671 5755 8085 8395 6729 6313 7212 6529 5934 5558 5577 5968 5061 8262 5552 8637 6904 7439 8262 6697
5298 1912 2528 4932 1696 2923 1740 3603 3350 5249 1547 1765 2372 1831 2846 2170 2188 3210 1973 5100 1548 1777 2104 3833 2873 3958 1772 2236 3778
4024 2068 3957 1240 3306 2633 4082 3571 2080 1208 4803 3088 2522 4837 1473 4949 4224 4925 3153 2787 4650 4883 2954 3012 3561 4349 5088 4450 2315
6613 7601 3940 4402 5393 6233 4057 6331 7559 4490 4058 4337 4805 5742 5383 5849 6997 5757 5992 4922 7657 4184 6744 5976 6794 4217 4296 6266 7581
5502 6146 6763 7620 6381 6254 5379 8302 8195 6160 5547 7017 7158 6482 7882 8124 6935 8540 5776 7911 6905 8441 7519 8621 5481 6301 8221 8399 7872
5058 3585 4758 5379 3709 5002 3507 3410 3524 2234 2777 2517 3324 2384 3334 3779 3336 4463 2355 3047 3295 2401 2038 2473 3454 2667 4541 1683 3819
6420 6826 6547 7937 7260 5585 5176 7158 6981 5584 8275 8353 4963 8677 5251 5667 5096 8529 5880 6853 6787 6726 8425 8521 5707 6669 5639 6484 6864
6815 2969 5796 6534 6835 3455 3352 5879 5119 3343 4924 2982 6509 5975 6482 5687 4571 5916 6593 3118 5193 5123 5425 3167 3898 4997 4000 5686 3714
3535 3437 4127 4193 2279 5188 2467 4996 5648 2166 2385 5796 4717 3041 3162 5266 4349 4674 5009 4063 4712 4055 5713 3453 3015 3504 4649 5248 5608
5272 6691 6671 5090 4891 7059 7401 5087 6259 6201 6072 5525 5421 5482 6818 7290 5599 5268 4320 7650 5115 4612 5354 7430 6558 6735 5026 7300 6297
4167 5231 4109 3016 5144 5504 4442 6118 6812 6760 3722 6790 3323 4119 6124 6403 4886 3637 5730 5474 3366 6761 4545 4277 6005 3212 3098 5514 3625
6585 3393 4227 3202 5528 6639 3635 4059 4882 5927 6302 2879 4843 6341 4131 6689 5686 5264 5831 3051 3944 4912 5851 4074 4460 6494 3995 4682 6634
5125 5344 7347 5807 6607 5521 5507 4598 4195 6398 7141 3946 5247 3567 3643 4203 4861 6105 4295 4673 4334 3571 6036 5255 6787 4709 6684 6688 7015
3964 3811 3149 4347 2908 6299 3866 4548 4888 2767 5723 3675 4105 4266 5603 5054 3521 2750 2653 2980 5218 3208 6249 3109 3927 3197 5982 2571 6177
3674 3819 2864 5721 4037 3755 3988 4307 5966 4465 5958 4234 2627 2902 5542 4107 2946 4620 3633 3987 3013 4504 4596 3958 5743 3442 6533 5884 3626
3248 5645 2993 4617 3699 2352 3312 4845 5579 3447 4064 2630 2353 2541 3112 3082 4623 3986 3487 2936 5773 5244 3202 3774 2593 5906 4990 3406 5500
6976 7591 5066 5167 7270 5782 5742 4942 4654 4789 7340 7277 5292 6174 6714 4326 5325 3823 3961 7439 5969 5364 6584 5328 6285 6248 6150 5214 4927
4666 7873 6041 5196 5364 6776 7500 4665 6522 4887 7739 7234 8316 8428 6882 6820 6018 7747 8310 5135 6289 6390 7461 4849 6679 6980 7347 7589 5679
7032 7201 4979 5821 5935 6803 5637 4652 4904 7736 6762 4539 4368 6404 6901 7885 4391 6916 7754 7139 7896 5491 5918 5691 4814 7346 4987 6390 4896
3858 2423 4546 2413 3756 2696 4554 2796 4998 1266 1554 3324 3270 3861 4219 4918 1235 3613 3087 4488 4265 4909 1333 3548 3447 1910 3134 2273 3660
2975 4188 4510 2612 3283 4343 2227 1339 3047 3748 4705 2064 4114 2508 1700 3182 2145 2834 4724 2107 4055 3415 3852 2735 3398 4428 4564 4935 1130
4640 4501 7170 5028 7392 7472 5989 3945 7269 5207 5630 4674 4566 4560 3763 7312 4120 4546 5194 7305 3979 4475 5184 5601 4647 3554 5299 4902 3657
4540 5993 4257 6859 5079 4187 4955 6139 7826 7613 4873 5410 4761 6440 5154 7144 5805 7950 4636 7721 4770 5451 4857 4550 6026 6556 4020 4362 4216
6447 7502 7313 3722 3781 5390 6641 6587 5637 3744 5858 6524 3594 2588 3090 5635 1220 6408 8200 4090 2299 2146 1207 4691 4401 6987 2052 1182 3183 6991
7469 5609 5411 4190 3069 4979 5392 5663 4042 5932 6253 4906 3782 3247 1974 5664 5012 6979 6325 5712 1323 2068 3946 3445 6371 4663 2467 5093 4668 4816
7350 5533 4970 2404 3841 6064 4582 6985 2292 2447 5074 4903 4251 5758 4196 6718 4325 7027 5115 4664 2246 2342 1258 2621 3920 4506 4731 1220 1807 3948
7895 4545 5924 3645 4499 4605 4907 5613 4438 5755 4586 6967 3535 4508 4407 5232 2815 5186 5419 5617 1683 2927 1278 2407 3479 6490 4122 2761 3957 4188
5585 7750 4481 4441 3828 3626 7748 5433 6097 3833 7125 6407 5271 4011 3660 3117 2686 4807 6948 4278 1842 3489 3528 2128 5045 6702 5467 2758 4153 5124
6445 8283 5581 2369 5154 6542 4990 7677 3562 4206 7112 6822 6288 3213 5015 5516 5079 7733 5501 6306 4242 5195 2986 3626 5759 7629 4405 2342 1748 3361
5364 5823 6652 2788 2281 3187 5723 7366 4170 5088 5771 4179 4180 5472 5294 4322 3756 5569 8506 3287 4624 4486 2339 4955 5545 5474 1651 3121 4110 4443
5226 6235 4271 2010 3033 4142 6082 8004 3662 3730 6623 7287 6145 3844 2144 4101 3203 6319 8459 5251 3352 2142 2849 1830 5831 5148 1760 2039 5225 6054
5510 6478 6826 4114 5305 2871 6472 5257 2680 4901 5094 3548 6590 3023 4298 3765 2078 5939 6742 3639 2289 2678 4753 2519 5801 5949 2020 3623 3547 4408
6591 7506 3954 3302 5101 4726 5542 7212 4598 4710 4002 4312 7196 6040 2306 4255 1176 7666 6670 3754 4177 4753 1092 3740 3555 6988 4541 4520 4199 6678
7390 5519 6465 5059 2494 3819 6810 8409 3010 4457 5892 3732 6670 3829 3363 6223 3503 4467 4834 2892 1499 2486 1630 2830 5902 4120 2234 4958 2902 6690
5575 4753 5221 3247 3005 3649 7735 7491 4227 5674 7000 6913 4702 2709 5352 4807 3426 7862 8278 5342 1542 2493 4291 4463 6726 7024 4752 4401 2416 7074
5104 5854 6422 2525 2796 4815 4090 6153 3526 5505 6071 5722 5364 2513 2827 6188 3806 5405 5813 4727 4660 4671 1317 3219 3972 4365 4066 1790 3598 6124
6935 5480 6141 3031 2481 5122 6511 7698 3492 4334 5978 4188 6161 4983 5457 4113 2077 4655 6710 5362 3581 5093 2482 1393 5554 7737 4664 4371 4538 6109
6914 5028 4207 2879 3438 3343 7757 4971 2151 6334 5295 3970 5605 5672 5073 5358 4066 8296 5536 4610 5008 1434 2445 4458 4860 7920 2990 4081 1682 4286
7617 6885 4749 4490 4542 3244 5193 5192 2337 2698 6563 7231 6887 5258 4811 5856 2273 6182 8651 5112 4676 3782 1890 2434 5119 5554 4318 4399 3613 4159
6928 6346 4274 2632 3503 4355 5537 6425 2597 5581 4711 3448 3718 5354 3802 3413 5033 6443 5483 5244 3547 1978 3451 4933 5569 7319 3967 3642 1535 3366
5986 6809 5547 1881 4912 5715 7552 7693 5369 3764 5499 4843 4196 4795 5717 6910 1442 6486 8679 3462 2795 4675 5022 1789 6419 4546 4823 2548 3254 6225
6487 6075 7599 4238 4600 4443 6371 7408 5858 4975 3469 4767 5161 6050 1970 6747 3559 7441 6707 5302 2187 1943 3496 2249 4694 7053 3167 2043 4121 4231
4652 6575 5570 4333 2662 6359 4532 7658 3394 2723 5197 5888 6368 4635 4884 5160 1720 5239 6941 3845 2739 3935 5028 4768 6855 8022 5074 3302 3987 4078
5442 8273 4850 2181 2141 6249 5299 7299 3174 2601 3378 4883 3792 4944 2702 6608 1882 7403 6158 5223 3677 4210 2599 5076 5352 7985 4204 4850 3201 4980
8061 5529 5055 2794 1913 5580 6840 7198 2641 3170 4083 6515 4333 5928 3689 3282 5059 6552 6294 5831 1865 3672 4581 2171 5707 4878 5515 3289 2758 3994
8258 5244 4892 3371 4461 6249 5852 7275 4695 6165 6846 3454 3762 4934 4437 3248 3633 5635 8738 6685 3824 2348 3229 2151 4309 7495 1632 4335 3747 4555
6015 7087 7685 2879 2384 5293 5203 6064 4409 4149 7264 4897 7084 3382 2752 6676 2340 7094 7929 4561 3916 3351 3759 4217 4155 7857 2298 3021 3972 7026
6886 8233 4418 3317 1824 5458 4982 8354 2428 3129 6066 4993 6108 3027 5620 6447 1250 5728 8427 3630 2135 2762 2304 3397 5909 4877 4148 4823 3348 3964
5589 6828 5590 2616 4650 4048 5374 6857 2811 4739 6281 5213 5563 2655 4663 4645 3279 7014 6146 6226 2064 2797 2780 4866 4245 7442 3568 4785 4389 4100
8097 6092 7281 2717 5496 4945 4804 8183 5332 6212 3523 4599 5511 5693 5012 3387 5016 5199 7461 5295 4970 3968 2506 2269 7302 6454 4818 1526 4519 6551
5472 8080 7679 4851 4227 5139 5474 7105 2345 4563 4663 3622 4570 5106 3731 6787 4960 4813 7643 6269 5005 3659 3734 2174 5697 7423 4607 1744 1959 4791
8191 5482 7204 4334 3570 3166 5037 5582 2709 3026 6448 4927 5811 3797 2378 6727 3112 5341 6784 4502 4745 5275 2984 3774 6005 7968 3152 1455 3848 5401
16 22 14 14 42253 1
26 20 5 22 63232 1
21 2 29 8 39416 1
19 24 0 13 89919 1
21 14 1 14 77321 1
18 5 7 16 69756 1
25 28 0 13 124449 1
26 6 22 20 59122 1
19 14 24 9 36624 1
18 11 17 2 46164 1
20 0 22 21 81146 1
28 13 11 23 79069 1
13 21 2 11 70601 1
24 15 1 1 120025 1
24 1 7 4 72334 1
28 21 5 13 93881 1
1 24 14 13 71441 1
0 17 25 3 121263 1
13 3 25 11 69583 1
3 27 20 8 104829 1
16 1 20 22 99008 1
2 1 16 17 92829 1
29 0 12 25 130847 1
25 23 22 12 49386 1
9 7 3 24 64023 1
13 22 4 19 34350 1
20 28 26 7 86806 1
0 26 21 29 73596 1
26 27 10 14 91609 1
2 14 23 13 83674 1
1 15 12 28 73730 1
13 4 22 18 79341 1
24 20 4 2 111297 1
17 26 14 3 98698 1
9 13 24 0 95955 1
19 8 0 12 85905 1
1 19 17 13 79493 1
10 15 21 9 63096 1
16 13 2 11 68948 1
2 17 25 12 92226 1
6 10 0 27 75730 1
24 9 8 15 74061 1
12 29 25 4 114264 1
2 26 18 29 61573 1
14 19 28 21 52825 1
21 17 1 7 92404 1
7 27 26 9 102771 1
29 1 7 4 86505 1
5 18 7 4 50435 1
0 24 24 24 82838 1
10 8 11 25 63411 1
17 12 18 29 84150 1
8 8 18 29 89513 1
10 19 2 28 46446 1
4 25 12 27 36505 1
27 8 26 22 46854 1
4 21 3 1 84125 1
8 5 15 8 31950 1
1 9 29 6 115481 1
4 28 15 27 40225 1
27 29 25 16 45839 1
26 2 4 22 122564 1
9 16 23 19 55764 1
11 9 26 6 65430 1
21 6 12 1 46178 1
24 29 16 11 97653 1
2 10 3 26 77633 1
6 27 17 10 88556 1
26 2 7 6 75743 1
1 13 13 12 53130 1
26 5 9 8 70763 1
24 10 22 18 38417 1
5 6 24 14 94527 1
24 27 5 11 110635 1
11 25 26 4 109840 1
9 19 27 7 93110 1
25 18 3 20 84066 1
10 29 20 28 39227 1
16 1 0 13 96031 1
11 10 19 16 47371 1
17 26 4 14 76644 1
4 10 23 13 92540 1
21 10 2 7 80777 1
13 22 0 10 81895 1
24 21 17 3 83919 1
25 25 12 23 52760 1
7 14 13 23 39128 1
12 28 3 14 68542 1
6 9 29 14 94207 1
16 7 19 22 76180 1
10 17 20 29 74512 1
13 23 29 28 65028 1
5 10 26 19 91574 1
26 3 10 14 88245 1
12 29 23 1 124094 1
6 16 19 19 53887 1
0 10 24 2 110433 1
7 23 7 6 52285 1
0 9 10 29 97627 1
19 10 29 23 72089 1
24 12 12 8 58810 1
28 21 3 4 124540 1
5 14 23 13 71411 1
5 17 13 12 41377 1
15 18 10 7 56413 1
3 0 27 13 121311 1
19 27 11 22 41345 1
12 15 2 29 68390 1
1 17 4 28 56091 1
17 2 9 10 49394 1
22 10 4 13 81369 1
23 1 21 25 98226 1
21 12 7 29 91524 1
5 3 22 1 62511 1
1 5 7 27 94916 1
28 25 7 6 119673 1
17 18 3 1 97333 1
12 28 15 17 45613 1
21 4 14 29 111567 1
14 3 20 15 70858 1
27 3 18 9 51036 1
13 4 8 23 65801 1
17 12 1 22 78595 1
12 20 26 12 69369 1
15 14 2 26 75299 1
1 5 27 24 139972 1
5 17 6 3 51656 1
19 25 9 5 90120 1
29 24 6 29 98080 1
2 23 29 5 131370 1
11 7 24 13 69534 1
23 18 20 2 65347 1
19 15 21 25 43149 1
10 20 17 24 29144 1
7 5 3 16 51077 1
17 29 20 21 42578 1
9 25 6 6 65270 1
21 11 20 20 33198 1
25 1 7 28 137881 1
17 17 25 26 58627 1
27 9 1 24 121971 1
14 4 22 7 37074 1
8 19 7 1 54070 1
25 3 9 23 108323 1
2 17 8 25 41922 1
29 0 20 26 116236 1
8 6 21 26 92557 1
0 21 25 25 86796 1
20 15 3 2 96258 1
16 1 10 12 65009 1
14 9 4 22 67869 1
24 19 27 4 59067 1
26 8 19 24 77173 1
1 28 28 2 160013 1
22 1 13 14 78812 1
6 12 29 22 99862 1
8 26 26 13 89546 1
8 9 1 15 44704 1
25 29 8 16 91560 1
25 7 18 13 52344 1
17 4 17 21 83723 1
28 28 10 10 113188 1
19 14 9 16 38207 1
29 3 17 13 80678 1
3 17 15 5 78782 1
26 5 13 19 91411 1
2 11 24 16 88693 1
11 21 7 12 39300 1
2 2 18 1 64700 1
22 17 6 5 82264 1
28 24 17 25 51010 1
1 15 13 23 62131 1
3 14 21 13 74053 1
12 26 18 22 27239 1
14 26 24 18 64969 1
22 26 8 6 97640 1
12 5 26 8 60801 1
16 26 9 14 58822 1
1 5 29 29 160310 1
5 10 14 8 40284 1
15 19 18 3 74085 1
14 13 2 1 80082 1
9 26 14 21 29811 1
7 22 19 2 95021 1
27 22 1 29 100478 1
21 18 3 27 74810 1
20 13 0 29 104621 1
16 21 20 27 37093 1
13 3 0 0 55813 1
13 24 0 0 108733 1
6 15 18 28 72380 1
29 7 26 14 33520 1
21 13 19 5 41128 1
1 26 9 3 84951 1
12 4 28 3 54954 1
12 6 3 28 88753 1
12 25 14 1 86063 1
29 19 2 26 103529 1
19 9 13 28 90138 1
22 3 12 8 50587 1
1 2 29 19 138688 1
15 15 29 3 88731 1
17 3 25 0 44026 1
8 29 8 11 47334 1
1 13 27 16 92866 1
4 22 1 11 55451 1
5 29 14 12 77991 1
8 2 11 11 35182 1
28 5 8 29 128846 1
16 3 28 0 50104 1
11 22 16 14 46376 1
0 12 0 22 49496 1
0 28 25 3 142008 1
21 10 14 23 66593 1
23 1 6 12 93325 1
7 24 21 18 56976 1
13 7 5 5 43204 1
13 11 16 21 52536 1
17 4 22 20 72276 1
23 21 20 14 35271 1
12 4 10 18 59184 1
5 26 29 17 98806 1
17 3 7 9 49928 1
4 23 8 0 76149 1
20 5 4 3 58140 1
14 29 0 11 104724 1
6 13 12 23 44912 1
0 20 9 24 30191 1
26 21 4 13 90922 1
11 20 21 13 53152 1
8 29 26 0 137697 1
1 19 18 6 98115 1
15 12 17 21 44753 1
23 7 18 28 95455 1
25 28 24 13 60311 1
5 29 14 21 47941 1
28 18 11 3 99507 1
23 14 20 28 62185 1
11 0 21 20 103035 1
24 1 10 20 110866 1
28 24 4 24 86458 1
21 29 27 3 97322 1
15 3 26 19 82974 1
27 10 4 29 122421 1
29 20 4 3 124270 1
14 26 4 1 102250 1
18 26 11 22 37238 1
28 22 9 7 101818 1
4 12 15 14 51791 1
17 13 11 8 42383 1
25 6 2 12 109559 1
22 22 15 26 36594 1
7 23 27 21 62701 1
0 27 2 17 50392 1
24 25 3 1 138162 1
10 0 17 12 78300 1
13 10 6 7 41678 1
18 2 0 24 112486 1
13 1 16 19 85547 1
6 17 27 11 83972 1
29 4 3 26 144406 1
10 9 13 1 47427 1
14 17 0 29 74599 1
4 9 9 3 34793 1
13 15 1 23 57504 1
26 16 2 23 85211 1
11 19 10 1 66932 1
17 17 24 25 56172 1
22 1 2 9 94225 1
6 16 10 9 30502 1
27 24 3 0 141627 1
14 29 15 2 103895 1
7 23 27 4 110611 1
21 10 6 15 72004 1
4 10 20 17 76203 1
5 24 15 4 85425 1
5 19 23 26 74843 1
5 24 12 1 87301 1
8 10 19 21 60417 1
6 23 29 6 118451 1
12 19 28 5 94566 1
16 7 6 1 52004 1
26 5 9 15 88182 1
17 21 28 13 57844 1
24 22 6 12 85554 1
21 18 0 14 78328 1
24 20 7 14 66505 1
19 1 9 25 105478 1
1 22 1 3 90117 1
18 13 27 24 62647 1
12 18 9 4 52487 1
19 21 1 28 70442 1
15 15 6 24 56225 1
21 10 9 28 91340 1
16 6 27 23 95735 1
0 21 18 11 89565 1
11 5 28 2 69482 1
14 7 25 3 48484 1
24 22 24 1 88306 1
14 2 3 24 98244 1
24 13 10 8 65870 1
24 9 29 14 30082 1
0 2 17 3 60722 1
19 21 19 10 48444 1
11 21 6 9 50534 1
28 13 8 5 95280 1
21 8 10 4 51873 1
29 11 25 0 52986 1
24 16 19 29 68276 1
28 28 15 16 74004 1
25 15 20 21 39171 1
16 5 6 20 78259 1
24 6 15 5 43658 1
20 11 11 3 62148 1
13 18 8 5 53191 1
19 13 0 10 97880 1
16 1 29 10 77111 1
11 2 4 29 99220 1
6 21 20 11 76914 1
25 3 1 5 89581 1
21 16 3 10 78811 1
15 7 20 23 77783 1
1 6 21 25 125254 1
0 16 20 16 62255 1
8 7 26 29 115132 1
5 20 0 1 87143 1
7 17 28 2 113765 1
11 11 29 7 80855 1
4 1 20 7 77551 1
7 28 15 24 39642 1
1 13 18 20 81530 1
28 17 19 22 47573 1
27 12 4 17 87150 1
6 24 25 28 77013 1
20 14 9 15 47035 1
9 27 0 5 98130 1
13 22 12 6 51004 1
27 13 17 19 50823 1
0 18 25 7 122215 1
8 11 13 28 58149 1
6 9 21 10 64880 1
15 9 24 10 40713 1
11 21 12 1 72212 1
0 13 3 23 53380 1
15 5 5 19 76114 1
22 4 4 21 107424 1
2 18 21 10 92791 1
17 16 8 21 41457 1
8 29 15 10 78136 1
11 1 1 27 104465 1
19 26 9 28 39193 1
20 13 10 7 61890 1
20 20 17 0 89015 1
10 7 28 12 81501 1
0 14 8 23 51284 1
13 24 11 7 62154 1
17 7 11 20 58837 1
14 20 6 27 40773 1
1 10 13 18 72878 1
0 27 3 5 96964 1
12 7 3 12 52358 1
8 0 17 29 107920 1
0 16 15 5 82664 1
21 17 17 28 58101 1
10 0 24 26 127482 1
0 24 25 0 150404 1
15 24 0 1 111117 1
4 28 16 6 99704 1
4 12 17 12 64061 1
27 14 0 25 108692 1
22 23 17 10 63860 1
14 16 27 2 83795 1
1 10 17 22 86893 1
25 27 15 23 48758 1
25 0 10 15 110044 1
13 8 22 28 95182 1
13 15 18 9 42781 1
25 29 19 5 105048 1
19 0 19 11 56810 1
1 24 17 17 72846 1
13 18 14 9 43800 1
3 29 22 6 126647 1
8 22 25 3 103700 1
29 6 27 25 68410 1
16 7 2 9 58420 1
29 19 22 1 82884 1
24 9 8 9 65902 1
27 1 6 5 80936 1
7 2 14 12 57635 1
19 26 21 14 53417 1
24 25 9 7 101274 1
1 3 15 17 82301 1
28 9 29 23 55664 1
1 13 27 0 128116 1
17 14 11 23 52388 1
23 20 15 25 41114 1
8 11 18 27 72706 1
4 9 1 0 55192 1
16 5 23 10 52933 1
21 29 26 20 45838 1
10 26 3 11 72954 1
22 18 29 8 54249 1
3 1 24 8 96389 1
29 6 22 15 52194 1
18 18 5 15 53916 1
28 6 6 12 97108 1
12 7 18 20 64751 1
22 11 22 0 43801 1
25 16 0 27 97076 1
28 27 22 1 100838 1
2 27 29 24 97405 1
20 5 7 10 70277 1
22 11 9 28 83995 1
3 19 29 12 109113 1
23 2 25 23 83452 1
11 2 1 10 66470 1
6 20 15 23 34175 1
22 6 16 21 66123 1
18 21 3 28 62832 1
25 25 17 20 45461 1
10 2 8 28 75559 1
12 7 19 19 64028 1
6 14 15 15 37852 1
22 21 12 0 104523 1
5 2 12 13 55232 1
12 26 28 4 111154 1
8 4 10 16 34346 1
21 20 10 10 68792 1
13 1 25 7 67348 1
8 3 27 17 94060 1
20 19 11 16 36326 1
3 8 13 18 66854 1
13 23 6 13 48131 1
2 14 17 8 66551 1
11 15 9 5 40775 1
5 25 14 22 33428 1
1 9 20 27 115838 1
23 14 16 29 78539 1
15 11 10 6 36993 1
7 15 2 2 61824 1
10 19 20 22 38790 1
0 21 17 21 49067 1
25 19 1 24 87773 1
17 15 29 21 58893 1
8 18 0 27 45454 1
27 6 16 15 66270 1
26 25 29 7 66375 1
15 11 11 24 59352 1
16 29 0 14 97387 1
16 20 2 24 51405 1
23 6 7 27 111441 1
21 8 12 24 77864 1
28 13 18 2 69177 1
8 15 4 25 43863 1
15 13 22 20 42942 1
0 29 26 14 116278 1
9 14 3 9 39674 1
21 25 29 19 49373 1
4 21 14 17 46292 1
10 10 3 25 65003 1
16 26 20 12 69111 1
1 10 15 29 107590 1
23 8 5 11 75509 1
2 17 28 10 106847 1
23 21 26 2 73769 1
19 1 29 18 90570 1
17 4 6 9 53971 1
1 6 9 14 58685 1
23 3 19 25 95819 1
24 27 21 8 81776 1
5 14 0 27 53852 1
5 21 18 28 58039 1
10 27 19 10 89096 1
17 23 28 14 61726 1
13 10 7 1 51913 1
23 12 14 20 53895 1
16 6 22 16 60034 1
22 6 18 26 86207 1
25 25 16 0 123800 1
29 4 3 22 128838 1
7 28 27 16 92214 1
6 24 25 28 77013 1
18 21 24 0 97426 1
24 12 0 28 114287 1
16 29 2 1 127977 1
21 2 8 4 49207 1
25 7 14 8 43705 1
0 19 15 20 49957 1
21 11 7 6 70095 1
18 4 13 14 56643 1
11 7 29 7 76308 1
10 17 24 21 64099 1
8 1 27 14 100036 1
15 6 12 23 61440 1
23 19 14 7 74655 1
4 21 26 2 124397 1
14 12 2 16 55181 1
7 10 24 13 76553 1
20 13 3 28 96071 1
5 26 19 18 62765 1
5 3 24 8 78157 1
10 18 17 28 51473 1
10 21 24 4 98978 1
27 14 11 10 76432 1
1 28 21 15 92804 1
1 20 1 1 91063 1
24 2 14 10 64322 1
29 26 14 8 106055 1
22 21 12 29 53834 1
15 0 4 10 69821 1
10 11 25 12 77248 1
22 13 2 28 97071 1
29 15 2 18 103214 1
20 23 3 17 70782 1
22 20 7 24 51221 1
12 13 9 21 34566 1
7 21 29 10 99769 1
2 19 23 25 82916 1
21 20 11 27 49062 1
11 21 23 27 57132 1
6 11 25 17 75164 1
17 2 6 25 102247 1
1 10 25 11 110273 1
23 1 23 14 57758 1
19 0 16 28 127445 1
28 26 18 7 94508 1
6 24 15 18 48841 1
23 10 1 16 91736 1
5 5 29 7 98982 1
23 9 11 12 57327 1
13 28 22 8 91166 1
5 13 23 11 76748 1
28 20 2 26 95656 1
2 14 27 7 108001 1
7 22 23 8 90022 1
14 14 10 21 36872 1
20 13 6 13 64177 1
29 15 14 21 67758 1
1 24 24 26 88301 1
23 2 18 19 77778 1
25 14 12 25 70872 1
1 23 21 0 123748 1
27 21 5 9 101798 1
7 11 7 25 48025 1
15 7 8 0 44341 1
25 4 2 5 84676 1
5 15 27 11 84272 1
18 28 2 8 107138 1
19 26 3 28 61933 1
22 6 10 0 63235 1
8 7 0 0 48806 1
9 12 0 14 37156 1
20 27 2 26 64616 1
8 12 21 8 55427 1
4 11 0 20 44804 1
28 22 13 28 65209 1
16 29 13 5 95803 1
11 5 12 24 62849 1
18 28 24 17 67610 1
4 16 1 5 61977 1
0 0 13 29 127049 1
10 17 1 0 83522 1
22 20 17 3 72447 1
16 29 3 4 113039 1
5 26 27 11 104365 1
5 13 18 27 80464 1
23 10 7 15 71131 1
1 17 12 5 77217 1
22 21 6 29 74351 1
1 1 28 21 141324 1
14 19 19 7 70986 1
5 26 16 6 90953 1
4 17 14 16 35094 1
21 11 9 24 71988 1
10 5 2 29 90353 1
5 11 26 11 92975 1
8 23 0 10 70916 1
15 7 5 13 52595 1
19 25 2 15 85827 1
18 23 21 0 95806 1
3 4 3 26 94256 1
21 18 2 4 97335 1
19 26 8 22 47880 1
15 24 24 5 95685 1
18 13 2 28 96128 1
11 21 18 0 94108 1
17 15 8 19 40479 1
4 23 22 10 86711 1
0 13 3 1 69726 1
20 15 2 27 81691 1
22 1 2 22 117009 1
29 5 25 26 76874 1
7 25 13 29 35679 1
7 3 17 5 36557 1
24 19 19 10 51743 1
8 7 1 18 62438 1
26 5 6 24 116508 1
7 19 18 7 68901 1
21 10 12 6 45114 1
25 25 17 11 80408 1
6 6 0 17 62361 1
12 24 12 5 59200 1
11 13 14 24 40920 1
0 25 26 14 108033 1
18 6 8 7 45284 1
8 12 11 29 60311 1
12 1 25 2 53873 1
19 9 14 22 67832 1
17 10 26 1 64544 1
17 7 5 3 51660 1
29 26 4 11 126645 1
26 21 12 16 57500 1
10 19 29 0 127531 1
4 13 1 2 63870 1
4 18 27 21 87584 1
0 14 6 20 40259 1
0 22 21 22 58887 1
15 5 23 7 43190 1
18 7 7 15 58210 1
29 22 18 8 79607 1
11 10 13 26 58710 1
2 28 23 28 70098 1
1 15 24 28 113479 1
28 1 11 3 65653 1
27 15 18 0 77628 1
4 8 29 11 101854 1
22 15 6 10 68355 1
4 2 22 24 114620 1
20 11 23 21 46032 1
29 13 18 29 88032 1
18 11 20 24 55287 1
9 14 14 23 40074 1
25 29 23 4 93836 1
15 1 16 10 41064 1
15 17 23 26 61065 1
28 10 7 23 97208 1
10 23 23 4 98712 1
16 18 14 2 72778 1
25 16 8 29 82574 1
26 16 26 26 31835 1
29 5 17 1 53867 1
10 6 20 10 52444 1
8 0 7 18 59619 1
25 16 20 7 43659 1
18 23 17 6 85352 1
24 6 1 4 91125 1
10 20 20 10 68049 1
3 23 15 22 33676 1
1 20 21 16 67824 1
14 16 27 24 62863 1
3 27 7 7 76094 1
6 15 29 10 94201 1
1 8 25 26 128638 1
12 0 5 24 92359 1
21 26 10 23 46973 1
8 15 27 13 66178 1
5 4 8 28 74132 1
15 24 3 12 72377 1
7 5 2 28 83625 1
21 20 19 5 66441 1
21 1 4 7 78477 1
27 29 14 24 60290 1
2 20 28 26 93853 1
28 18 22 0 77162 1
3 24 5 9 57488 1
28 19 7 13 81792 1
22 23 28 29 38499 1
27 19 14 7 81645 1
22 23 4 23 57208 1
29 2 13 9 81364 1
24 29 2 17 107162 1
12 14 23 7 60936 1
6 18 25 11 87395 1
28 28 15 18 73089 1
1 28 0 7 106987 1
16 19 3 9 77984 1
0 16 24 27 109580 1
10 24 25 22 56910 1
11 26 2 22 35801 1
15 6 24 18 77084 1
16 6 26 7 52660 1
18 3 8 15 62621 1
25 5 25 23 68064 1
29 21 11 10 94860 1
6 11 19 5 71478 1
13 19 2 22 34844 1
3 10 22 8 76636 1
5 2 1 17 73221 1
0 14 14 28 85938 1
10 26 22 1 115793 1
0 19 27 22 86801 1
27 11 18 23 64892 1
16 24 17 5 91869 1
17 14 20 28 62618 1
23 6 7 0 74545 1
10 21 17 14 48465 1
28 1 29 19 75868 1
3 3 22 2 64952 1
22 7 6 6 71047 1
14 8 21 0 51132 1
13 16 2 3 67619 1
14 24 2 27 45207 1
29 8 20 28 88147 1
29 20 0 22 89169 1
28 29 29 16 55059 1
14 5 10 27 84388 1
14 0 10 15 71842 1
19 19 18 8 55479 1
13 4 1 2 45862 1
19 24 12 13 53817 1
10 9 4 19 49367 1
27 28 25 19 38210 1
4 17 9 10 36653 1
6 0 29 8 99269 1
20 9 29 24 73199 1
19 25 23 16 51200 1
3 26 10 7 77665 1
23 12 3 3 96337 1
9 16 10 6 36186 1
24 21 22 3 72137 1
19 23 27 14 53957 1
12 12 9 5 33173 1
20 14 26 18 27935 1
27 20 1 14 98570 1
14 14 18 23 52038 1
4 7 10 14 43888 1
20 24 13 11 68002 1
26 18 12 17 49603 1
18 6 26 29 98678 1
23 6 21 29 97121 1
18 0 11 26 109400 1
22 25 17 13 57435 1
22 19 6 13 69175 1
12 25 17 12 61294 1
5 4 12 11 43480 1
23 3 3 28 130796 1
17 20 5 23 40987 1
5 24 22 16 70899 1
20 28 15 15 64658 1
19 28 1 5 128449 1
24 17 0 18 91966 1
19 22 28 6 78976 1
4 29 8 1 90232 1
5 26 5 11 50380 1
27 17 6 22 74881 1
20 10 1 13 90773 1
7 28 14 22 35941 1
25 5 24 14 42616 1
28 23 21 3 81872 1
17 17 10 21 40144 1
9 19 21 10 71635 1
6 29 8 16 46847 1
15 18 27 7 71777 1
3 4 28 12 111205 1
14 3 29 0 64303 1
3 27 8 5 72753 1
1 3 11 4 34796 1
8 24 23 8 91726 1
3 23 17 28 55044 1
18 8 21 16 43715 1
26 28 9 27 61710 1
23 7 18 29 102089 1
10 26 17 10 79392 1
16 20 28 25 53821 1
28 19 12 5 96710 1
19 18 14 9 56140 1
13 22 21 8 72036 1
5 17 24 3 98808 1
12 13 15 2 46795 1
27 22 20 3 78027 1
13 11 22 1 68413 1
6 18 17 11 70065 1
4 23 28 3 128475 1
29 8 2 29 138930 1
1 15 10 22 50953 1
21 2 3 1 72175 1
8 21 27 26 72089 1
7 20 18 12 64634 1
13 14 29 25 89647 1
29 1 21 22 96408 1
7 18 0 10 60594 1
25 2 7 2 68051 1
19 21 10 4 85072 1
22 20 25 7 58024 1
14 4 4 0 41559 1
19 11 17 28 77054 1
8 13 27 13 70855 1
27 0 1 15 131834 1
12 14 23 14 45369 1
26 26 6 4 117738 1
15 15 5 6 66493 1
16 19 25 3 86436 1
23 27 14 16 67844 1
20 21 11 28 44549 1
25 24 11 11 88787 1
16 15 15 27 56759 1
12 27 16 6 79768 1
8 11 27 24 88415 1
0 18 18 3 103666 1
22 8 3 28 114145 1
0 10 1 25 80021 1
17 15 7 2 75931 1
23 20 17 4 76100 1
21 6 23 25 80759 1
13 26 3 14 66384 1
22 21 29 6 70236 1
0 0 19 15 110181 1
24 27 9 23 64846 1
18 12 6 12 59597 1
20 1 24 23 91996 1
28 29 20 19 54710 1
9 26 23 24 60090 1
10 4 3 23 72400 1
22 0 14 26 113854 1
8 17 28 3 100276 1
15 19 18 6 64210 1
20 6 9 10 52261 1
6 19 22 13 64992 1
7 25 15 22 30584 1
4 9 29 21 114565 1
19 24 24 4 87889 1
25 20 9 6 90046 1
20 27 11 16 62679 1
7 2 18 22 86141 1
18 22 8 15 45488 1
4 27 14 17 57557 1
24 4 10 15 86075 1
7 23 0 13 56664 1
14 15 3 11 60919 1
6 23 17 21 33995 1
1 9 4 23 66303 1
19 28 19 18 48568 1
28 14 8 15 67401 1
6 8 1 21 56073 1
29 27 14 18 73208 1
11 14 11 24 42599 1
22 8 5 7 64791 1
0 13 4 20 41409 1
22 4 12 3 31956 1
14 29 27 13 87321 1
8 27 29 5 125998 1
15 2 4 19 85739 1
18 14 28 2 74075 1
0 15 21 12 83069 1
12 23 5 15 42349 1
15 17 26 10 55446 1
29 17 15 1 96184 1
11 15 28 22 76546 1
14 19 1 1 97097 1
10 23 20 13 61969 1
20 15 10 16 35959 1
8 20 3 14 37932 1
9 4 3 18 63030 1
13 13 5 15 35095 1
4 8 19 1 75915 1
18 20 5 3 88422 1
7 2 19 14 82625 1
22 4 2 27 122670 1
27 14 9 16 59422 1
6 13 1 18 36070 1
25 25 26 7 64507 1
24 9 9 26 96336 1
26 4 1 15 118336 1
27 0 1 12 128292 1
3 13 17 5 76368 1
5 5 3 22 63366 1
26 12 27 24 42220 1
1 19 23 29 96001 1
24 26 11 12 84806 1
0 14 8 2 63316 1
26 29 2 7 139594 1
17 22 10 9 60962 1
19 6 24 17 56014 1
22 1 12 11 67760 1
0 18 10 8 64386 1
3 23 28 21 79476 1
14 10 2 14 62815 1
15 18 11 3 67099 1
8 29 4 8 74971 1
1 18 17 13 78997 1
9 8 27 26 106170 1
20 29 22 19 46129 1
22 21 10 16 53171 1
24 27 13 12 91129 1
0 26 9 2 90960 1
16 24 26 12 74557 1
29 27 23 16 46563 1
9 2 16 28 96700 1
17 0 22 16 70922 1
26 17 27 7 32658 1
23 15 23 1 59681 1
9 0 18 27 107516 1
23 5 15 11 51731 1
18 24 4 15 65421 1
19 0 11 23 105132 1
24 17 5 18 69401 1
8 24 12 13 41413 1
5 1 26 21 116760 1
6 3 22 11 79490 1
11 15 19 3 66180 1
10 24 16 18 43813 1
19 22 18 13 40425 1
28 2 23 22 81522 1
19 21 0 15 79417 1
5 7 23 25 109525 1
10 13 6 25 50684 1
29 25 2 26 102074 1
27 6 20 15 50565 1
29 24 7 16 88397 1
19 2 15 10 47271 1
17 29 12 4 93845 1
24 9 6 0 94189 1
18 19 10 12 55810 1
8 5 15 23 67215 1
0 24 26 5 130533 1
4 23 15 13 61988 1
25 24 11 1 124512 1
8 28 10 15 41675 1
15 26 4 15 64508 1
0 2 9 6 40736 1
17 22 3 20 40039 1
3 25 19 26 66387 1
13 19 27 1 107921 1
29 10 25 22 51556 1
24 8 15 17 60477 1
29 14 20 13 39180 1
29 2 28 13 49946 1
29 0 21 8 59273 1
11 21 23 16 53016 1
4 16 26 23 86665 1
10 2 11 11 37154 1
24 19 13 0 109043 1
24 12 3 10 100907 1
1 3 28 27 145556 1
25 16 1 18 86028 1
13 29 24 24 59333 1
8 14 1 19 43217 1
4 5 1 26 87422 1
23 13 7 18 67874 1
8 12 13 26 50628 1
10 2 3 15 62081 1
7 28 1 3 95617 1
22 22 14 28 46775 1
24 0 11 26 129751 1
10 11 6 28 60751 1
23 18 20 10 38024 1
8 12 20 27 76286 1
7 4 14 14 52554 1
14 13 29 19 72612 1
5 11 22 5 81323 1
2 17 20 17 65112 1
14 6 22 0 47451 1
5 6 11 11 37725 1
21 25 9 21 51036 1
8 1 24 28 123780 1
27 22 1 11 118752 1
14 16 18 10 41926 1
21 4 13 2 34065 1
2 5 26 25 136984 1
8 12 17 11 44829 1
2 1 23 16 109558 1
24 24 1 13 105873 1
1 26 22 19 79145 1
9 24 22 0 113654 1
10 14 5 8 34112 1
27 22 18 25 40578 1
12 25 19 8 76065 1
5 15 17 3 73655 1
18 2 5 9 64233 1
12 20 4 17 37683 1
16 2 3 15 83758 1
4 20 29 19 87911 1
24 6 29 26 84841 1
16 13 11 20 41419 1
28 2 28 29 97880 1
6 12 2 5 48332 1
27 29 24 14 60791 1
4 19 25 16 74147 1
18 29 7 22 56287 1
0 8 15 0 80725 1
29 16 8 12 73909 1
24 18 13 8 75264 1
18 4 14 29 108532 1
21 21 9 4 87258 1
6 15 24 2 96881 1
12 14 21 8 48658 1
19 16 8 27 62775 1
14 18 2 12 62395 1
11 5 27 16 85876 1
27 26 28 17 36361 1
26 7 8 4 73218 1
7 2 13 16 56812 1
23 25 10 14 80672 1
28 21 15 5 96087 1
24 1 5 16 110539 1
4 19 18 8 78044 1
25 29 13 15 87675 1
21 24 5 20 58326 1
22 9 7 8 56000 1
8 25 18 16 53486 1
