4514 2977 4693 3534 2585 3805 1884 2225 4926 3498 3037 3750 3017 2606 4419 5837 6735 6218 7040 6368 4135 6019 4202 5116 5310 5337 6000 6032 6315
3530 5244 3033 7673 5233 5812 6836 6315 7851 7569 7871 8006 7392 6872 5142 6055 6708 5348 5480 7812 5455 6850 7267 6346 6035 6399 6220 8104 7477
6387 5320 6090 5015 5425 3991 6330 5786 4193 6807 6317 6076 6307 5804 1825 1310 3906 2404 4004 1469 4047 1387 4049 2621 1640 2463 2924 3609 2833
4924 6705 6107 6370 6012 5492 7102 6096 5665 6207 7437 6847 7227 7367 6652 7230 5651 7207 6626 8605 5535 8306 5824 8298 8421 8424 7360 6089 5390
3073 4651 3470 3006 3490 3818 2610 4463 3518 2834 4605 4336 2580 6861 7210 6072 4721 4398 7259 6020 4768 6449 6708 5495 7174 4675 6383 6820 7128
5917 2837 3897 4313 4405 4030 3132 5763 5480 4525 3458 3486 4527 3989 4443 2053 3956 2563 3439 5042 3336 2378 5059 2728 3281 4925 3953 2206 2055
6481 8311 6622 6123 7247 8497 6910 8208 8134 7953 5578 6657 6283 6522 6692 5808 7759 6102 6404 6191 6684 7982 6492 5158 5797 7681 4966 8038 5091
1851 3141 4180 4529 4663 3736 2470 3494 4805 3571 2725 2258 2800 4898 1879 4060 4973 3690 3793 1894 3415 1923 4246 2655 1968 3550 4577 3059 5572
8144 7461 7436 8734 6043 8024 7018 7972 5938 7049 6683 8052 8133 7944 7301 5996 8393 7139 8820 7962 7688 8553 3813 4950 6215 4957 6447 4109 4956
5543 2425 2537 4700 5437 3258 4703 3411 3756 4312 4113 4368 4285 2673 2996 4606 3052 4978 5103 4365 3664 5073 5407 4033 4644 3185 4583 3227 3959
5856 7411 6933 7750 7158 5973 7106 8025 7850 7087 6456 3684 5667 5300 6450 4741 4819 5185 6044 4425 6277 5741 6022 4828 4629 4865 5907 4083 5745
5654 6287 5059 5209 5977 4192 5869 6104 4222 3922 5848 5805 4871 4002 6978 5097 7537 6729 7790 7302 6020 6151 7523 7833 5548 5725 5621 8195 6105
2882 1961 2890 4259 3548 2868 3007 3099 3872 3995 2054 4286 3665 3546 4139 3185 1724 3657 4274 2104 2482 2115 4034 2179 3797 1979 2786 3387 2317
7056 7167 5891 5720 6788 6507 5089 4745 4874 7880 6169 7866 6955 4801 5945 6884 6694 5769 6180 6657 5593 5998 3786 4129 3302 2343 5020 4626 3950
6607 8538 6562 8945 6750 8396 7469 7929 6836 6173 6311 6017 7240 7872 5851 7786 8806 8257 5356 2187 4883 4279 4159 2751 3472 5300 2953 4880 2809
4676 5284 6396 5306 6245 5858 6824 6291 7204 5974 6063 7411 6987 6477 6260 7049 5432 7538 6285 6336 5132 6298 6790 7370 6962 5140 7033 6105 6381
4396 3955 3841 5689 5225 3868 6136 3629 6286 6075 5598 5016 5506 4771 6318 5626 5839 5297 4667 4391 4262 3649 6432 4579 5331 6211 4966 4496 4053
6823 6298 8298 6465 8295 7302 7887 7424 8014 6309 6171 7067 6559 7467 6004 7624 7721 6451 7202 7291 5850 6531 7653 8479 8398 6282 6812 6357 5160
5787 5065 5988 6991 7867 6387 5947 5589 6800 5061 7268 7567 4975 6764 8036 7406 5459 5427 5197 5345 7350 6798 7524 5185 6619 5435 4861 8046 7853
7514 7996 7746 5332 5637 7270 6645 5430 5363 7079 7272 6719 8181 7754 7189 6856 7375 5078 7582 5568 6425 5466 6169 6849 7610 6242 5945 5909 1259
5751 8366 8935 7802 6158 7031 8623 7505 6667 7944 6176 4150 5144 3899 5502 3077 5361 5638 4189 5011 5484 3474 5629 4578 3918 5935 3382 3795 5380
2355 4230 4832 2928 3752 3964 2631 3203 5012 3087 3142 3094 4384 4882 3847 3136 3397 5327 2612 4472 4768 4451 4503 4018 6922 7107 5751 7376 5478
6901 7568 6473 7521 5543 4803 5427 6106 6366 7813 5300 4361 7025 4569 7476 5620 6248 6270 5467 6343 6700 4667 7418 6735 5531 5720 5496 6242 5232
3672 3260 3110 4112 1928 2541 4144 4110 1812 3222 3507 2979 2469 4517 1855 2541 2044 4476 2591 4259 3001 3908 4221 4319 2870 4492 3936 2158 2323
4984 4601 5964 5456 5153 3530 4922 3669 5897 4217 5594 3752 4301 5287 4710 5498 3447 5848 4342 3668 4847 3587 5647 4863 5943 5636 4022 3127 4140
5503 2726 4846 2934 2747 4103 2883 4142 3267 3427 3132 2558 4815 2683 3457 2700 2129 3340 4125 1791 4751 4656 4631 3522 2570 4666 3979 3927 3254
6554 7386 7055 4334 4539 4405 7409 5282 6971 5597 6749 4266 5137 6322 6697 5717 7171 6084 4111 5770 4646 6693 5595 6253 6886 5170 4768 4453 6709
8480 6569 7644 7002 5956 4474 3018 1536 1818 1861 3380 1565 3979 1482 2898 1566 1718 3646 1870 4091 2676 1653 2937 3463 4562 3144 2433 2462 2315
5362 2995 3994 5111 5241 3527 4133 4216 5660 3657 4788 5449 5204 4686 4391 4364 4290 4990 3605 6167 5126 6323 5738 5474 5902 5615 3915 6298 4360
7214 6033 6837 6489 6540 7170 6382 5132 5961 4232 3785 3652 3504 5313 3906 2633 5140 4060 4947 4934 4974 3782 2646 5392 5179 2773 3145 4168 4530
5102 6169 6261 7251 5225 5450 4539 4733 7692 3788 1914 7314 1539 7644 6262 6337 3589 7524 4156 7674 3466 3750 4727 1914 6114 6876 4844 5972 2000 6338
3968 5645 5167 5725 6036 4792 5394 5532 5495 4281 1391 7767 2507 7099 7524 6893 1500 7971 4058 5110 2475 4178 2823 4456 6150 7410 4248 7792 3632 5750
5826 7545 4460 4404 3434 5828 5427 4386 5450 6074 2213 8101 3009 5548 7282 6920 3130 5652 5152 5173 3054 3038 2922 1594 6507 6594 2298 6173 3529 7189
4228 5431 5945 5399 4607 6329 4526 4895 7567 5143 4043 5969 2069 6015 4945 6721 4103 5995 5112 7669 5400 4283 3306 2286 5062 6389 4852 8232 2526 5809
5938 6020 4153 5012 4181 4570 6463 3899 5468 4894 2802 6591 2589 7572 3084 8016 2260 6416 5572 7320 2949 4162 4849 3255 5270 4708 3111 7497 1549 5674
3191 5433 4019 6198 4627 5534 4356 5960 6978 3920 1836 7512 2006 3462 4233 6802 1384 7608 5165 5323 2621 4584 4707 1548 5746 7205 2106 7876 2787 7037
3247 5586 4316 6367 4679 4908 4495 3245 6120 6415 4416 6378 1872 3870 3991 6030 2043 6118 6738 7198 5248 4051 3456 8935 4566 6003 4269 6587 2079 8723
5536 4968 3633 5735 5938 4536 3729 6202 5879 3475 4599 6907 1905 2431 3295 7763 2014 7898 7057 5578 3921 4968 5596 7526 4888 7671 2222 5448 3311 5797
4928 7097 4431 5760 5385 5654 3659 7188 5294 3532 4025 7273 3599 1913 5742 6094 4004 5527 6348 7520 3014 4955 4845 6311 3391 5974 2746 7277 3370 6149
4107 5005 3927 6785 4771 6466 3551 4892 6335 3911 4037 5931 2245 2243 3034 5909 3547 8538 7651 7802 3237 5167 5642 6930 5245 6307 4382 6060 3996 5771
6030 6953 1951 6523 3106 6368 4939 5935 5549 6497 4274 5553 3575 3765 5790 5101 3817 5734 6952 6504 5370 3516 5310 5898 6086 4819 4790 7594 1610 8450
5859 7240 3636 5264 4848 4479 4719 6807 7181 6095 3936 6122 1280 2145 5425 7892 1432 4539 6577 5855 4493 3218 3385 8300 4370 6191 4673 5288 4507 5788
5058 6868 3888 5782 5139 6219 5754 4566 5483 3644 4581 6356 2249 3224 3183 5366 3643 6088 4726 7154 4442 3103 3851 7291 6437 6789 3586 5329 6938 7278
5731 5036 1444 7446 5432 5881 5204 5200 4652 5037 5640 7228 2483 4767 3422 5225 4328 6258 6650 7507 2878 3590 3763 6513 6429 6230 4195 7633 5574 6523
5439 7375 4458 4487 5823 4449 4443 5590 6571 5020 5207 7919 2872 4745 5496 6125 1645 6840 6693 6145 3080 3751 4144 6144 6349 7900 3389 7829 5925 6834
3519 7947 4013 7364 5402 5866 6224 7437 4647 3952 3904 6935 1238 3606 4205 5472 3562 6376 5447 5419 5202 4630 3117 5980 3694 7603 5007 7070 4801 7327
5924 6758 3143 5780 4402 5966 3793 5242 5103 5601 5128 8606 2314 4472 5685 5909 1659 7350 7133 5601 2488 5174 4635 8459 3649 3108 2236 6985 5553 5918
6269 7005 4310 6236 4575 6327 5834 5184 5115 6538 6498 8370 3854 4314 5572 4790 2255 6179 4550 8180 4928 5731 4025 6098 4325 4965 4486 7430 3975 6091
4905 7399 1287 5524 4092 5386 5901 5868 6791 4538 4238 8138 3170 4439 2810 3764 3737 5221 6218 5071 2975 4997 4512 8577 5623 4575 4768 6902 5423 6887
5050 7224 4165 5432 4020 5309 6454 7279 4706 5705 4479 5725 2159 4276 5365 6578 4397 7072 5483 2841 4448 7423 4861 6238 5079 5682 4877 8295 6098 7928
5065 7826 2800 4950 4100 4169 4379 4917 7036 5157 6405 8406 1802 3363 5411 4055 3291 4696 5031 5817 5056 4980 5494 6414 4324 2808 3403 8329 5543 7862
6028 7037 3840 6339 3847 4296 5957 6486 4608 4752 4127 5969 3297 4100 4309 5483 2032 6225 6714 4875 3376 6704 3242 6203 3171 3037 3871 7930 6264 7128
5053 5783 1483 6863 3675 3886 7114 4961 5007 5806 6322 5744 3941 2249 4935 4520 3971 6461 5091 4255 2988 5246 5015 6331 3003 3678 3455 8232 4095 8715
4939 8013 2813 6816 3835 5996 7069 6667 6644 4386 4634 5560 8407 3303 5348 4990 2046 5275 6615 4608 2918 6704 5272 7259 5692 3133 2630 8358 6294 7523
4514 5870 1630 5738 6047 4883 6558 6693 3667 4224 5213 7840 5655 4880 4888 6073 1478 4653 4971 4881 4608 5743 4097 6423 5365 4813 3053 8156 6760 7421
3563 6831 4152 5653 6751 4654 4076 7232 2949 3203 3987 7407 6113 3282 5592 5658 1641 6393 4538 5058 5732 4943 6171 8138 2585 5758 2679 5883 6474 6135
5480 5406 2549 6318 8041 6784 6382 5737 1905 5887 5643 6682 7156 4598 4450 6616 4012 6998 4896 5120 2821 4856 5091 6242 2940 5784 3525 6457 3964 8719
3648 4809 3330 5016 6919 4578 6128 5161 1805 4201 4325 5653 6874 4705 4724 4301 6819 5601 4795 5764 5435 5377 6172 5839 5379 4818 4204 7670 6308 8461
6492 5584 1270 4560 6951 5175 4080 6139 4419 5232 4758 7671 7470 4161 3804 6230 5509 4752 6317 4089 3098 6311 4881 8375 3979 4317 3081 8039 4048 4581
8 27 5 8 75240 1
18 0 12 18 85902 1
21 8 24 0 38504 1
11 24 16 18 39840 1
11 19 0 0 98696 1
27 20 3 11 89250 1
2 3 3 20 76115 1
29 0 17 15 96287 1
29 15 25 0 61257 1
5 23 8 16 31214 1
22 25 11 28 55004 1
4 10 16 16 52969 1
10 2 4 6 38263 1
29 13 12 20 70268 1
24 3 14 7 65231 1
10 9 6 19 51817 1
4 5 21 24 115409 1
22 5 26 15 48465 1
25 0 26 19 65641 1
24 10 13 23 79027 1
1 22 23 11 91559 1
27 29 16 16 67489 1
9 27 4 12 61762 1
25 10 8 24 99050 1
10 5 29 12 94309 1
13 8 17 24 77960 1
21 9 6 6 67886 1
26 3 9 14 86149 1
8 23 16 2 101567 1
12 6 19 1 44104 1
5 6 12 27 85472 1
11 23 0 26 54496 1
27 8 9 22 92939 1
19 21 2 1 126902 1
7 17 16 14 43417 1
3 6 7 21 62977 1
28 5 21 24 76325 1
6 12 26 26 97621 1
1 5 16 24 111256 1
22 17 4 26 93204 1
22 27 0 15 112319 1
2 14 13 11 46375 1
21 25 28 10 64005 1
2 4 22 20 112121 1
13 2 3 28 112554 1
2 7 25 18 96078 1
11 6 20 0 59109 1
14 20 12 29 32396 1
19 4 22 21 72884 1
0 3 21 8 93915 1
21 29 1 1 163928 1
21 21 8 29 77963 1
5 29 17 0 134724 1
15 6 9 14 49772 1
21 13 25 29 66127 1
6 6 25 24 109652 1
0 8 13 29 101082 1
22 21 28 17 38113 1
20 1 14 17 92296 1
7 8 22 15 66700 1
14 20 9 2 77006 1
26 20 23 9 41731 1
2 3 9 17 67637 1
7 26 18 28 53980 1
10 19 27 8 83543 1
0 6 27 22 113107 1
12 9 25 17 56749 1
17 18 14 6 74815 1
29 15 11 7 85940 1
1 0 12 13 77418 1
1 14 26 18 86444 1
2 9 24 16 82098 1
26 27 23 5 80849 1
24 24 22 7 66484 1
15 23 29 13 81436 1
26 1 10 12 79699 1
12 6 24 0 60267 1
7 16 10 23 41686 1
10 25 20 18 64138 1
21 26 5 26 61135 1
5 14 19 0 95889 1
21 0 8 16 90035 1
13 25 15 12 53563 1
18 12 6 4 60015 1
13 0 24 10 73681 1
6 0 26 23 132045 1
10 29 1 8 104620 1
6 2 27 20 114614 1
16 21 28 20 52035 1
1 3 28 5 112322 1
0 1 26 28 153666 1
1 2 5 10 45102 1
5 8 4 26 71779 1
14 24 3 3 99809 1
0 9 16 24 92966 1
22 14 7 21 72388 1
17 22 8 26 48090 1
16 27 28 13 83211 1
28 8 2 17 95691 1
12 24 28 27 69055 1
25 27 0 9 122925 1
18 15 28 6 60593 1
21 17 8 8 70730 1
8 8 5 29 78268 1
5 5 25 4 85582 1
14 20 22 22 40638 1
27 28 15 21 70645 1
10 13 11 26 49798 1
26 9 2 6 100506 1
2 0 18 12 86225 1
15 28 28 12 97712 1
29 6 4 17 101702 1
20 6 23 13 33817 1
2 11 14 7 57297 1
13 17 20 21 48567 1
22 7 2 7 92489 1
28 27 25 4 75157 1
5 20 23 20 69765 1
4 1 28 24 135459 1
27 16 5 10 73364 1
11 20 6 4 74820 1
24 18 13 19 55004 1
22 27 21 15 54271 1
8 27 1 3 106499 1
3 13 19 2 84087 1
27 23 18 11 61086 1
23 7 23 24 55831 1
17 4 0 4 83035 1
9 29 22 25 64569 1
15 17 23 25 62025 1
13 27 3 11 78010 1
18 15 0 11 66730 1
21 12 3 23 83123 1
14 10 17 25 80458 1
19 17 23 6 52222 1
14 24 22 4 99288 1
0 8 28 8 101029 1
19 14 14 20 50172 1
25 11 22 24 51559 1
15 8 3 9 61638 1
17 11 21 1 57927 1
8 15 27 5 87994 1
20 18 3 4 100528 1
0 20 25 28 114459 1
14 29 13 20 38364 1
29 1 12 26 125501 1
3 4 23 16 92329 1
24 1 10 11 76797 1
27 19 25 2 52292 1
9 27 26 27 74831 1
27 20 5 14 79759 1
17 2 20 18 78187 1
28 17 24 27 45773 1
1 23 3 7 70697 1
0 0 27 2 100045 1
10 20 20 20 40304 1
11 27 4 18 59440 1
9 24 25 10 95659 1
23 22 5 28 86481 1
7 4 16 19 82870 1
22 14 16 10 36966 1
5 20 0 29 43112 1
25 18 2 24 95134 1
1 20 17 13 71134 1
10 3 15 26 96483 1
27 6 3 21 111822 1
24 13 28 19 31704 1
28 19 25 2 58056 1
1 15 29 14 91978 1
18 25 19 2 106604 1
21 21 26 29 49486 1
21 20 1 17 80267 1
21 26 25 16 47031 1
22 10 18 29 92521 1
10 2 24 29 130326 1
3 21 17 19 65066 1
19 7 14 28 108537 1
3 18 23 12 75538 1
10 26 16 19 46042 1
20 23 25 12 55764 1
27 29 16 22 64681 1
15 19 27 19 55564 1
9 2 22 1 50289 1
18 1 24 7 41142 1
2 12 1 1 47129 1
16 21 5 20 45443 1
13 27 10 7 81043 1
5 12 20 27 94316 1
23 23 10 0 115871 1
23 8 7 22 86828 1
18 23 17 5 107500 1
28 29 25 22 36947 1
15 10 3 5 68796 1
19 20 19 4 77566 1
24 27 17 5 105903 1
6 13 8 25 50935 1
10 8 1 25 85146 1
6 3 14 11 61877 1
13 29 28 10 107005 1
20 5 15 20 85170 1
24 1 6 22 117643 1
10 11 28 7 70378 1
9 16 20 25 72185 1
0 25 8 2 104683 1
2 21 16 18 67383 1
23 25 2 14 97078 1
21 18 6 29 89304 1
2 14 29 26 111611 1
27 9 13 8 71219 1
17 16 27 12 38785 1
10 10 26 22 85233 1
12 14 20 24 66795 1
22 22 16 13 60323 1
27 21 25 2 59059 1
17 1 1 15 101696 1
11 2 28 16 94271 1
14 3 8 11 60831 1
23 24 17 12 58424 1
13 0 24 5 59214 1
16 12 14 21 44311 1
23 10 19 18 43085 1
25 13 5 13 61040 1
18 2 9 25 112583 1
7 21 2 26 27278 1
20 2 8 3 44519 1
26 2 14 4 50378 1
0 9 28 13 91096 1
24 25 5 1 135790 1
10 16 12 26 33594 1
12 13 25 2 68952 1
29 18 14 4 100869 1
16 3 4 14 79604 1
4 14 0 26 52444 1
24 2 15 23 103107 1
14 20 19 10 65785 1
28 4 11 20 97345 1
12 6 18 27 90953 1
12 11 6 22 53671 1
4 26 2 18 28830 1
28 24 27 1 81738 1
1 18 15 13 59358 1
16 4 28 24 100946 1
9 20 4 0 83474 1
13 16 1 8 66185 1
19 15 24 20 35237 1
15 1 17 24 108059 1
13 3 21 5 43023 1
0 20 8 14 39878 1
18 12 28 24 62361 1
28 5 19 9 51757 1
4 11 12 7 40713 1
15 19 1 13 71183 1
9 8 15 2 43350 1
14 27 11 19 35279 1
10 4 2 23 88000 1
2 3 9 28 105688 1
14 14 0 8 56250 1
6 3 1 9 47613 1
26 26 4 8 115725 1
12 15 3 6 54557 1
24 29 21 4 93247 1
15 5 5 10 60513 1
1 13 19 10 66219 1
11 12 26 19 59683 1
24 0 20 16 64012 1
16 22 8 26 43455 1
19 25 9 23 58419 1
12 22 13 1 73598 1
9 28 29 0 149001 1
28 17 7 5 92920 1
18 1 2 19 109674 1
9 29 5 18 50844 1
22 8 1 12 67740 1
0 27 24 5 139933 1
11 24 27 9 87367 1
4 6 25 27 124098 1
28 2 12 27 120984 1
17 13 13 27 68144 1
19 27 24 9 83208 1
17 8 6 9 58967 1
22 28 23 9 67460 1
4 18 20 22 78884 1
5 9 23 9 67038 1
5 2 12 23 91323 1
23 8 3 18 87058 1
10 17 29 22 80472 1
29 15 20 13 39691 1
3 5 17 16 78071 1
3 28 27 26 87068 1
12 25 13 14 36873 1
27 29 6 10 108911 1
21 23 5 2 125290 1
15 1 2 8 76601 1
23 3 27 25 75530 1
10 15 18 24 58887 1
14 16 5 13 36697 1
25 9 20 25 67508 1
20 12 8 0 76627 1
4 24 10 7 78455 1
15 24 26 28 57813 1
26 12 1 5 105220 1
18 14 20 2 57315 1
22 24 10 28 62145 1
7 17 26 8 83938 1
28 5 3 19 117210 1
14 8 24 1 68048 1
17 15 19 23 52342 1
8 26 24 12 95973 1
3 14 8 2 60487 1
21 5 10 26 98617 1
28 16 21 6 54347 1
7 29 15 9 95455 1
6 15 27 17 68080 1
9 2 15 21 82612 1
13 21 29 26 78215 1
27 11 13 17 58238 1
9 23 13 29 39380 1
22 13 25 24 43631 1
22 16 3 7 82360 1
23 17 25 29 50980 1
17 0 7 6 60912 1
5 10 1 25 62794 1
23 25 11 11 79535 1
20 22 9 1 109616 1
0 21 19 28 94074 1
24 29 9 25 74222 1
8 24 2 3 92280 1
11 14 25 6 67801 1
12 7 1 20 70725 1
21 24 6 18 83963 1
11 9 27 23 82727 1
25 15 5 6 86949 1
5 17 13 9 47603 1
12 26 10 8 66849 1
5 12 21 12 38623 1
19 7 10 24 97603 1
16 28 25 3 117268 1
27 3 0 28 152121 1
27 25 21 21 40290 1
3 18 27 18 83793 1
13 13 6 24 57713 1
26 8 11 17 70414 1
19 18 14 29 65037 1
29 28 16 0 123238 1
9 6 27 13 79674 1
11 23 3 6 85006 1
15 29 7 24 49588 1
11 6 15 29 93169 1
6 23 22 28 85583 1
12 28 3 6 92260 1
7 25 22 9 91014 1
12 23 7 9 55111 1
18 17 29 14 45056 1
26 23 16 0 103713 1
7 2 19 23 113170 1
16 19 5 29 66467 1
10 12 23 6 54008 1
15 5 26 9 65169 1
15 7 7 18 67566 1
10 25 2 6 95381 1
28 8 12 21 78292 1
21 1 15 28 126435 1
15 12 3 12 28744 1
29 19 6 9 94598 1
3 1 6 10 41929 1
22 13 6 28 97769 1
1 4 22 18 111502 1
21 12 13 10 33062 1
24 3 12 16 77448 1
13 9 24 13 49130 1
13 10 4 1 66366 1
1 13 26 17 86855 1
0 2 4 25 91044 1
18 13 2 0 91200 1
25 0 24 18 66363 1
5 25 10 2 95416 1
16 22 15 11 58975 1
1 24 12 14 65095 1
11 1 13 27 94074 1
11 26 1 28 37878 1
10 3 14 11 51731 1
7 17 17 24 62208 1
25 1 10 6 65223 1
5 20 16 16 46419 1
8 7 18 8 59492 1
1 10 24 8 81418 1
9 25 8 5 80744 1
15 20 28 29 81538 1
15 25 24 9 92621 1
4 15 12 1 71131 1
0 6 17 26 107836 1
24 6 16 25 97679 1
27 23 11 12 69809 1
8 17 23 19 61006 1
1 3 27 22 130282 1
13 16 12 4 44907 1
6 18 26 8 94076 1
7 24 18 17 63954 1
12 5 2 26 90332 1
28 18 21 1 69213 1
13 25 9 18 42216 1
16 16 21 28 73976 1
16 17 24 5 66874 1
21 27 28 7 78145 1
0 15 19 5 93989 1
24 27 4 25 82899 1
21 25 21 12 56719 1
19 16 6 8 66475 1
0 20 19 26 85264 1
3 5 3 19 68195 1
29 11 23 18 37665 1
5 14 10 3 59285 1
24 17 6 24 85982 1
2 2 20 24 136876 1
17 18 19 10 55997 1
25 10 0 9 84192 1
21 15 13 1 77961 1
0 17 6 8 57684 1
25 13 2 12 64180 1
2 3 0 28 101433 1
20 14 26 20 38514 1
8 8 22 15 69680 1
27 20 9 2 104655 1
6 1 29 28 152058 1
17 11 11 15 35013 1
6 11 16 28 88680 1
16 25 23 12 70924 1
9 3 28 3 65350 1
10 5 23 11 66386 1
1 7 13 23 87920 1
29 15 4 2 115264 1
16 26 2 4 113087 1
25 29 27 7 66060 1
5 29 11 10 82219 1
13 26 29 24 66811 1
29 23 6 3 130419 1
28 25 19 9 79416 1
10 28 3 11 77901 1
4 6 0 26 79772 1
20 27 4 2 131271 1
3 29 13 13 79737 1
8 19 12 8 56520 1
5 10 15 9 44819 1
1 14 10 0 82194 1
2 2 18 0 72579 1
1 19 12 23 54500 1
29 18 1 23 113284 1
1 25 0 6 71549 1
7 7 4 18 45296 1
15 29 25 8 111641 1
18 23 26 12 70636 1
25 25 2 23 95795 1
10 23 24 1 113866 1
19 17 14 10 53253 1
1 15 10 16 30040 1
2 18 12 29 59794 1
15 2 16 15 69105 1
8 3 13 21 81497 1
22 27 27 12 59374 1
13 25 23 10 81824 1
6 10 28 15 77808 1
2 0 14 21 105712 1
8 25 9 12 55369 1
1 26 7 18 40628 1
8 29 23 9 106579 1
25 14 22 29 61283 1
27 28 27 12 44580 1
13 19 21 3 83776 1
9 19 17 13 52375 1
5 2 10 7 41926 1
21 28 1 7 137536 1
22 11 29 5 47985 1
13 28 7 14 61839 1
5 1 1 26 95702 1
10 9 17 17 57788 1
13 29 28 9 108742 1
25 17 5 20 73414 1
10 1 10 14 58017 1
2 7 28 24 123695 1
2 27 23 14 97564 1
13 27 8 20 40798 1
16 6 11 25 88604 1
23 17 18 2 58466 1
15 3 5 7 60388 1
21 10 0 20 85262 1
7 17 1 9 47450 1
20 9 0 13 67833 1
24 16 12 1 78646 1
0 21 20 25 94016 1
22 5 20 22 70539 1
24 24 21 0 89266 1
11 20 15 28 42618 1
10 12 9 3 40303 1
5 9 14 14 40795 1
29 22 19 28 59166 1
19 7 6 14 74336 1
24 14 15 15 41697 1
21 19 28 13 37167 1
27 14 21 28 61415 1
13 10 25 24 84151 1
4 1 13 10 66366 1
10 19 21 14 56797 1
16 24 3 18 75655 1
6 12 11 28 66000 1
17 20 24 26 49212 1
19 1 26 16 68296 1
20 5 7 7 71338 1
15 16 12 7 41457 1
5 4 14 21 83710 1
14 1 18 7 50869 1
8 5 16 21 83077 1
10 26 2 22 36759 1
8 19 24 14 73713 1
7 26 19 29 59593 1
17 1 8 28 119658 1
25 16 20 1 62860 1
22 20 10 23 58187 1
18 16 15 0 85255 1
19 1 16 21 106534 1
6 0 16 4 49150 1
29 27 10 5 124156 1
6 29 19 5 128769 1
2 3 22 11 89569 1
15 3 7 19 87126 1
2 7 20 7 90920 1
22 13 11 21 61837 1
28 18 9 26 96046 1
27 7 20 25 67703 1
0 3 1 21 68249 1
27 15 18 29 74214 1
0 7 25 18 95385 1
10 7 27 17 81704 1
25 15 0 5 97491 1
24 22 0 14 99301 1
24 14 16 11 36612 1
13 20 4 1 87852 1
29 6 6 5 107116 1
17 13 0 3 75154 1
12 8 8 17 44446 1
27 19 11 14 63680 1
24 20 11 10 67325 1
23 2 4 18 101891 1
26 24 8 20 84162 1
18 3 28 26 103028 1
2 9 23 7 84300 1
8 18 8 1 73897 1
12 16 14 7 41607 1
22 25 3 14 102000 1
5 21 21 16 65094 1
22 13 2 1 99787 1
21 9 11 0 66532 1
28 9 6 9 88561 1
13 27 13 4 82863 1
9 29 3 16 58634 1
28 6 4 12 85043 1
1 13 7 7 38297 1
22 10 4 11 55911 1
4 12 29 25 104760 1
16 26 18 4 116559 1
9 29 17 6 108500 1
1 6 22 12 77492 1
2 8 3 21 57507 1
21 6 9 29 105435 1
9 2 13 21 75271 1
3 19 18 15 65856 1
12 28 22 28 56094 1
13 8 18 23 80803 1
13 27 19 8 95608 1
11 5 19 27 104152 1
25 23 6 22 88893 1
21 16 0 16 61340 1
12 17 18 1 76458 1
12 2 29 29 132704 1
27 21 7 7 93396 1
3 11 6 19 41798 1
29 7 1 6 119228 1
27 20 13 15 58263 1
18 25 28 15 63742 1
16 9 8 11 44272 1
27 5 14 9 72828 1
5 26 16 7 100169 1
16 29 23 24 47973 1
16 25 5 4 109030 1
11 11 7 19 43079 1
14 5 3 24 103782 1
18 9 28 22 74346 1
16 6 20 17 67220 1
3 14 11 22 52507 1
11 18 8 11 45234 1
25 5 11 6 68085 1
12 14 16 8 39028 1
0 24 10 20 45627 1
10 21 29 15 76769 1
25 22 18 17 47203 1
7 22 23 29 82922 1
14 21 7 12 47101 1
8 22 12 13 46408 1
5 3 0 22 82783 1
7 0 28 16 110784 1
10 7 13 0 39215 1
27 12 22 28 60612 1
17 8 14 16 55506 1
29 24 22 2 82396 1
13 14 20 18 45313 1
16 0 17 25 119929 1
14 25 25 1 115199 1
25 0 2 2 87974 1
23 28 2 26 84816 1
0 19 20 12 81064 1
4 24 11 28 36788 1
18 4 23 13 46446 1
1 19 1 7 56885 1
9 12 18 3 68222 1
27 7 6 10 79357 1
4 13 4 24 50212 1
5 1 0 24 96216 1
29 17 11 8 80429 1
6 18 13 15 38476 1
16 22 24 3 92456 1
16 20 12 9 52231 1
26 22 28 8 41099 1
7 27 19 21 68470 1
21 4 8 13 63324 1
0 22 4 14 40129 1
27 21 1 8 112918 1
5 22 4 4 66205 1
8 8 24 7 80155 1
7 6 15 16 55106 1
10 25 6 7 78477 1
9 1 21 11 71052 1
0 28 28 20 118950 1
3 21 19 28 89184 1
13 7 6 11 43005 1
3 17 12 11 45968 1
19 2 10 6 45766 1
19 26 29 20 53312 1
15 8 22 26 99177 1
2 20 12 6 71257 1
0 13 26 17 84019 1
5 27 10 6 86334 1
16 4 3 22 107062 1
18 26 2 4 119809 1
10 23 13 9 59587 1
10 14 27 27 92330 1
15 19 17 28 55289 1
14 15 7 11 33557 1
11 7 23 22 85153 1
15 17 19 25 57632 1
11 5 8 26 87131 1
6 1 21 14 89169 1
19 18 11 28 66409 1
7 15 27 7 79535 1
14 13 15 27 65409 1
20 21 22 5 67065 1
12 4 8 13 40027 1
5 3 26 14 101832 1
5 6 10 26 83268 1
12 0 29 5 73669 1
19 19 29 11 57142 1
18 23 29 7 88935 1
2 23 23 13 92275 1
16 19 4 7 79587 1
6 22 28 17 88974 1
26 7 8 14 78995 1
12 3 25 23 100696 1
24 27 12 8 97801 1
14 9 29 6 78034 1
13 27 27 1 129552 1
22 5 4 17 87219 1
23 26 25 3 80710 1
0 14 26 29 129084 1
19 23 16 7 95202 1
27 5 16 12 56004 1
25 6 5 18 94176 1
9 5 18 16 66648 1
6 23 19 14 79324 1
29 3 25 15 55141 1
8 0 23 23 121549 1
7 25 14 17 56623 1
16 14 6 4 64124 1
13 23 25 1 106541 1
8 22 15 19 39431 1
13 26 5 6 86272 1
3 29 15 16 75259 1
15 25 29 1 127355 1
18 14 23 25 57737 1
9 15 6 4 45214 1
26 4 0 24 142168 1
28 10 6 15 85557 1
24 29 23 11 64461 1
13 15 24 15 45292 1
20 14 28 8 44082 1
24 19 13 10 65401 1
27 2 12 4 53124 1
7 8 11 2 35162 1
7 15 18 3 83303 1
13 10 1 4 68215 1
11 25 0 23 47749 1
20 21 26 4 77088 1
27 14 17 17 41045 1
4 2 4 12 36150 1
29 11 0 6 111448 1
27 1 17 24 114904 1
26 23 29 9 50997 1
1 11 10 23 77376 1
13 13 2 4 60919 1
26 20 0 5 112722 1
27 8 18 11 48375 1
7 25 23 18 82953 1
23 14 14 12 31633 1
7 10 22 2 79213 1
20 27 4 23 74784 1
15 12 3 28 82392 1
17 21 7 19 44642 1
26 10 3 4 101267 1
13 16 29 18 56185 1
11 3 9 24 89057 1
22 27 6 14 98403 1
5 13 16 1 72645 1
4 3 5 14 42001 1
27 4 27 14 29069 1
25 3 10 27 124607 1
12 20 22 0 96693 1
29 7 13 18 82422 1
11 27 0 22 53693 1
6 23 4 15 35653 1
6 23 14 3 100093 1
0 27 6 9 81384 1
0 21 28 6 121993 1
8 0 9 14 56776 1
4 1 26 8 98595 1
2 22 18 22 67553 1
0 21 28 7 117860 1
14 4 2 9 72356 1
8 13 10 4 44327 1
2 20 1 3 67570 1
24 16 26 29 52459 1
0 27 5 19 44766 1
9 2 4 15 65331 1
2 27 28 21 113520 1
27 22 12 8 79799 1
23 24 12 8 83787 1
21 12 3 9 56346 1
24 9 11 10 53749 1
22 22 14 25 44412 1
22 0 27 14 57022 1
1 20 23 23 94773 1
25 24 29 15 39676 1
16 19 20 0 94570 1
21 16 27 23 33771 1
8 24 3 29 32373 1
12 16 8 4 59374 1
14 26 9 12 57761 1
12 4 3 24 95230 1
17 23 21 5 90463 1
17 9 28 17 65648 1
16 3 15 21 90742 1
1 9 18 25 109334 1
3 16 21 20 68929 1
24 1 6 13 87532 1
17 0 9 10 67863 1
19 7 11 22 84319 1
17 19 22 4 78548 1
8 4 11 24 86313 1
5 0 24 16 103272 1
2 23 19 23 77625 1
26 17 11 11 59892 1
2 5 23 2 84839 1
9 25 29 18 102742 1
3 0 2 27 99340 1
0 14 27 24 105810 1
15 16 21 25 59371 1
15 28 17 16 64721 1
22 3 11 7 63200 1
5 13 11 20 43804 1
5 19 13 15 36750 1
20 8 17 25 94408 1
2 26 7 16 40910 1
17 15 28 1 84765 1
7 0 28 4 80980 1
27 21 5 22 94152 1
1 24 15 0 122826 1
24 29 24 18 47658 1
23 18 13 5 76681 1
19 11 0 23 91696 1
7 7 6 17 40292 1
12 28 24 3 111966 1
11 14 19 21 56926 1
4 7 0 13 30180 1
8 15 3 4 56304 1
21 25 3 25 80650 1
24 27 5 24 83319 1
16 10 29 23 81063 1
14 26 4 16 56627 1
13 1 3 0 48003 1
3 15 24 7 90891 1
22 8 11 16 57051 1
29 27 12 25 67569 1
12 27 4 5 88165 1
12 25 7 9 61087 1
5 9 4 19 43759 1
27 10 4 10 81570 1
26 15 6 27 101558 1
14 15 7 21 46355 1
0 27 26 19 119923 1
18 9 15 26 88956 1
28 3 6 10 101315 1
16 13 22 24 67948 1
15 1 26 24 104820 1
19 23 9 2 108499 1
12 21 24 8 76319 1
10 4 20 23 104111 1
18 17 14 24 45467 1
1 21 3 10 49565 1
1 19 27 19 94089 1
29 15 16 16 42616 1
29 20 4 12 88867 1
8 13 20 18 57161 1
14 25 2 8 91399 1
14 25 19 2 105308 1
2 11 9 15 30434 1
10 2 7 16 60207 1
24 14 24 29 59844 1
0 10 6 23 56028 1
13 20 29 12 78214 1
3 26 12 25 35130 1
29 21 3 7 116708 1
3 24 20 19 84331 1
16 12 16 23 56758 1
3 4 25 26 132034 1
12 9 13 25 56294 1
2 13 27 0 113015 1
6 2 3 18 74302 1
14 10 3 5 63589 1
7 17 14 11 41963 1
4 20 14 13 52701 1
1 24 16 0 125230 1
12 0 17 23 96775 1
11 7 25 5 73180 1
11 6 21 13 51557 1
19 7 20 21 71539 1
6 14 18 17 47295 1
21 20 9 0 105558 1
27 10 1 29 129407 1
3 3 21 26 133221 1
3 20 29 1 135638 1
3 1 18 27 133187 1
4 25 0 12 57107 1
12 14 26 29 96349 1
14 8 26 25 102163 1
4 7 6 27 79352 1
19 13 19 28 79246 1
27 5 19 23 80740 1
6 3 13 29 108804 1
8 11 21 20 72939 1
6 23 28 21 101314 1
24 10 3 1 104018 1
15 14 8 21 50522 1
13 10 13 20 41657 1
19 17 19 4 67201 1
29 25 3 26 98369 1
29 7 24 21 56398 1
9 15 27 22 72753 1
27 27 19 6 90554 1
18 28 9 10 93628 1
16 28 21 21 52978 1
12 15 8 28 51186 1
16 27 25 3 112772 1
25 9 12 22 77172 1
26 10 16 20 66485 1
1 20 10 5 77050 1
0 3 1 15 45623 1
15 3 22 26 113920 1
3 18 25 14 78933 1
12 8 19 23 79314 1
12 11 25 2 68866 1
20 8 22 25 74920 1
1 19 22 21 91459 1
0 14 6 25 56249 1
18 20 9 21 37401 1
2 21 14 25 59768 1
21 16 22 25 41370 1
3 15 28 13 86182 1
26 11 10 5 86744 1
24 19 13 24 59695 1
4 21 12 15 43924 1
28 0 20 17 78131 1
2 27 14 17 72718 1
28 9 23 26 61430 1
19 3 4 15 98628 1
9 27 15 15 63438 1
24 17 18 29 71562 1
23 20 7 2 103166 1
12 27 16 2 93347 1
27 7 19 29 85846 1
26 21 2 1 134526 1
9 12 0 28 72216 1
16 25 8 18 63394 1
6 14 20 24 84215 1
25 21 24 11 37909 1
25 24 12 26 56192 1
22 0 1 15 114973 1
13 22 3 25 55203 1
3 7 26 7 101133 1
20 13 26 0 59881 1
21 0 13 4 43816 1
24 2 28 29 92011 1
4 22 23 21 83247 1
23 7 21 15 33073 1
29 12 14 22 82294 1
2 24 10 4 90621 1
3 29 15 1 129130 1
10 29 16 10 80371 1
13 1 27 6 67641 1
4 5 3 29 89950 1
7 21 16 4 92531 1
2 12 26 18 78441 1
23 10 6 5 76436 1
10 12 28 7 66694 1
1 12 8 4 47690 1
1 13 0 23 43674 1
13 24 11 3 78909 1
16 23 23 7 80984 1
0 11 4 18 39394 1
14 9 2 20 69960 1
23 1 27 23 71352 1
22 1 13 11 74670 1
7 21 27 16 76276 1
9 15 4 20 32000 1
28 0 9 0 75144 1
26 11 12 8 66923 1
10 29 28 29 88758 1
19 22 1 15 79692 1
5 19 14 24 52050 1
17 13 24 29 81754 1
29 27 18 25 46589 1
8 13 20 17 51523 1
6 7 11 28 84226 1
5 9 12 27 72645 1
23 14 2 18 72960 1
17 19 12 9 59452 1
14 5 5 1 51547 1
12 7 7 2 34150 1
2 10 25 7 87590 1
8 19 11 7 65226 1
24 7 14 17 68570 1
27 12 18 2 53151 1
6 17 24 15 66667 1
4 18 6 10 35171 1
13 14 2 10 41906 1
14 21 26 10 79128 1
9 24 0 2 98033 1
28 28 7 0 144928 1
23 12 22 2 32948 1
9 3 5 21 75506 1
0 8 24 24 118678 1
10 7 14 26 80709 1
25 20 15 28 71696 1
0 3 9 12 50339 1
7 19 2 5 67086 1
3 18 29 28 122787 1
2 5 25 15 99768 1
19 5 5 24 113921 1
28 26 20 20 50138 1
4 7 29 10 101468 1
5 0 18 10 87404 1
19 24 22 6 81796 1
28 22 6 4 116769 1
11 9 13 20 44934 1
19 12 8 19 60493 1
22 6 24 28 83360 1
8 20 28 14 80758 1
5 17 29 11 87862 1
3 13 24 5 85356 1
1 29 24 15 112891 1
26 12 21 2 49918 1
20 15 8 6 70306 1
15 2 28 27 112421 1
27 21 26 4 52430 1
7 27 14 14 65427 1
1 7 0 19 58041 1
7 4 18 6 60248 1
9 6 17 20 76147 1
10 13 22 9 45791 1
14 14 2 12 36993 1
10 2 1 15 78540 1
29 8 3 23 118025 1
1 7 23 29 135723 1
11 26 22 0 117952 1
8 13 28 8 70921 1
28 19 17 0 93195 1
4 25 12 3 97146 1
21 27 14 13 88904 1
26 18 3 29 113694 1
8 10 2 27 67053 1
29 10 1 22 115424 1
24 24 22 6 71911 1
24 19 10 14 64679 1
20 6 4 18 87736 1
1 22 2 8 58679 1
