7518 7530 7383 7486 7287 7387 7540 7984 7974 7983 7419 7946 7510 8127 7716 7792 7793 7924 7823 7226 7985 7944 7495 6933 7347 7838 7667 7713 7450
5250 4723 4863 5851 5719 5558 5589 5303 6541 7504 7091 6922 7222 7021 7493 6918 7381 7229 7226 6498 7035 6497 6475 6449 7326 6881 6961 6908 7449
5701 4921 4986 5642 4592 5702 5560 4640 4941 5062 4849 6124 5194 5508 5892 5457 6188 5282 5410 5215 5744 5489 6180 5502 5782 6294 5224 5051 5895
5419 5670 5779 5153 5490 6155 5915 5444 5839 5149 5407 6169 5742 6079 5925 5454 5335 5467 5479 5782 5800 5525 5650 5512 5403 5465 2527 2240 1638
6208 6053 7671 6769 6634 7084 7559 7261 7466 6639 6595 7515 6740 7659 7304 6517 7417 6907 6845 6539 7228 7465 6698 7563 6600 7506 7525 6980 6681
3998 2830 2954 3006 3827 3906 2875 3641 3781 4014 3553 3930 3349 3969 3861 3662 3097 3118 2916 2540 2706 2262 2854 2701 2794 2282 2322 2001 2884
2013 2194 2467 2457 2927 2173 2903 2296 2666 2180 2429 2120 2171 2761 2830 2992 2426 2231 2801 3031 3122 2035 2859 2116 2465 2759 2878 6026 6905
7806 7317 7530 7438 7815 2723 2815 3482 3389 2760 3197 2456 3203 2786 2707 2484 2783 2706 2916 2949 2466 3048 2700 2699 2300 2853 2587 3367 2302
7867 6755 7588 7195 7244 7782 6813 7831 7408 7703 7845 5103 5897 4973 5662 5901 4680 5464 5291 4701 5829 4726 5470 4659 5729 5523 4846 4996 5218
5337 4759 4554 5094 4548 5606 5251 4800 5268 5684 5371 5068 5633 5480 5632 4645 4707 3858 3994 4920 4254 4781 3806 3831 4199 4199 4681 4696 4057
2700 2990 2420 2282 5361 6020 6203 5729 5565 5156 5572 5208 5702 5880 5629 6384 5978 6260 5915 5571 5707 5626 5432 6264 5672 5778 5788 6222 5887
4227 4739 4341 4406 4148 4583 4650 4478 4877 4750 4499 4456 4022 4705 4882 4195 3834 4163 4584 4652 4438 4649 4366 4689 6611 6922 6311 6715 7173
4417 4770 5504 4580 4588 4585 5041 4615 4623 5286 6390 6430 6668 6697 6122 6270 6201 6331 6299 6805 6962 6753 5778 6613 6542 6051 5782 6813 6180
7046 6902 7379 6869 5348 6165 5453 5306 6421 5511 5969 5578 5501 5855 6260 5836 6150 5412 5889 6416 6445 6388 6255 5561 6168 5462 6094 5458 5675
4101 4349 4833 4962 5051 4716 4446 4785 4461 3873 3877 5654 5660 5208 5462 5023 4990 5119 4971 5234 5121 5335 6010 5967 6047 5854 5633 4917 5110
7710 8072 8680 7966 7487 7544 8131 8343 8065 7670 8580 8412 7511 8287 7474 8464 7935 8817 7713 8432 8056 8049 7891 7973 8510 7683 8120 8131 8046
5963 5906 4883 5872 6016 5381 5553 5906 5999 5487 5461 5279 4695 5106 4672 4822 5438 4547 4959 5621 4526 5650 5379 5132 5643 4768 4923 4663 5018
5332 5005 5824 5142 5662 5938 5890 5117 5753 4791 5735 5225 5558 6010 5668 5958 5574 8281 8302 7454 7947 7961 8340 7267 7616 8000 7284 7694 7894
5517 5327 5922 5904 6489 5450 5527 6206 6236 6460 5804 5538 6014 5377 6504 8089 8282 7801 7538 7629 8535 7514 7614 8421 8083 8631 8098 8415 8189
8016 8063 7849 7482 7296 8239 7405 7806 8221 8299 8137 7485 7642 7948 8189 8280 8418 7936 7927 8288 7533 8358 7638 7325 7284 7336 8275 7924 7930
8326 7616 8217 8527 8518 7419 7797 7502 8419 7460 7489 7821 8294 7405 8247 7524 8504 7621 7506 8461 7321 8121 8279 8422 7404 8546 4435 5394 5316
3952 6031 6097 6102 6134 5821 5686 6459 6264 6626 6238 5840 6097 6789 6360 6585 6384 6084 6713 6413 5664 6767 6474 6581 6181 6471 5863 6833 6010
4248 4036 4672 4276 3985 4148 3938 4129 3894 3851 4446 3802 3604 4510 4411 4354 4046 4291 4081 4540 4445 3642 4515 3900 4533 1520 1648 1892 1673
4141 4025 3405 3628 3151 4114 3525 3408 2733 3072 3677 3106 3363 2855 3185 2833 2778 3664 3624 2712 3636 3378 3375 3426 3421 3255 2782 3300 3106
3871 3820 3306 3743 3155 2932 3459 3937 3893 3792 3274 3659 2913 3588 4033 3016 3542 3320 3952 3333 2889 3181 3250 3555 3864 6983 6365 6676 6866
2025 2115 2017 2476 3115 2971 2472 2463 3034 2904 2985 2427 2115 2795 3074 2751 3892 3744 4662 4528 3689 4381 4448 4134 4216 4187 4380 4271 3784
6686 6951 6393 6403 7193 7385 7520 7475 7545 7270 7708 7851 6850 6731 7268 7454 6882 7462 7417 7421 7435 7410 7035 7367 7060 7912 6876 7215 6888
2648 2703 2717 3251 2456 3426 3157 3478 1586 1081 1869 1756 1641 1689 1800 1633 1881 1036 2215 2170 1516 1417 1016 1370 2182 1527 1299 1392 2103
2085 2059 2305 2819 3116 2868 2781 2299 2170 2115 2089 2194 2123 2205 2905 2077 2178 2122 2570 2465 2363 6739 7149 7919 7296 7190 7395 7680 6715
4840 4131 4701 4926 4659 4337 4410 4706 3901 4140 4200 5019 3990 4247 3956 4386 5096 4856 4646 5116 4863 4656 3923 5003 4838 4944 3986 8038 8534
8166 5351 4965 6726 3878 4081 6941 8057 5263 3037 8307 7599 5388 8738 4664 4752 1857 4033 3389 6831 4503 5545 8647 7605 5422 4179 5983 3177 7917 8026
8254 5473 5445 6479 4111 4602 3090 7618 4617 3344 8184 8134 4607 8073 4522 4304 2663 4184 3482 6419 3372 6742 8111 8746 4718 4285 5351 3519 8137 8167
7825 4436 4358 6754 4995 4271 3401 7959 4462 2805 8463 7794 5484 8265 4075 4198 1667 4239 2554 6587 4240 6296 7733 2498 4434 5350 6008 3236 8723 7380
8417 4728 4386 5998 4525 4281 3785 7554 4139 2896 8265 8005 4664 8823 5125 4809 1815 4668 3643 6501 3757 6693 8556 1886 4635 4539 6106 3523 8468 8426
8090 5348 5455 6863 8197 4549 3250 7518 4986 3219 7471 7271 4406 8155 4972 5049 1725 2408 3380 6651 4115 6500 8468 2122 5242 4799 5914 3346 8359 7958
7974 4384 4416 6969 7472 4290 3666 7447 4096 2294 8599 7438 5295 8653 4971 7073 1683 2280 3235 6607 4457 5985 7995 2166 5371 4916 5302 3423 1253 7607
8476 4877 4428 6035 8096 3777 3346 7121 4969 2880 7414 7149 4957 8189 4420 7376 1861 2246 3614 6488 4321 5779 8011 1535 5171 4902 5958 3456 1194 7631
7927 5264 4894 6471 8301 3971 3717 7903 4334 2755 7760 7341 4818 8273 5112 7272 6963 1957 3442 6801 3862 6646 8177 1803 5405 4515 5482 3268 1070 1653
8055 5579 4317 6821 7950 3143 3427 7873 5110 2967 8064 7127 5063 8267 4658 6527 6884 1871 3380 6620 3847 5831 7751 2639 5492 4388 5630 3648 1779 2110
8460 5522 4668 6286 8040 2927 3479 5696 4848 2643 7945 7840 5214 8102 4814 7281 6547 1614 3695 6487 3348 6252 7670 2180 4345 4944 5202 3437 1584 1821
8181 4687 5293 6846 7211 2381 3937 5129 4619 2805 7889 8002 4433 8213 4090 7546 6818 2439 2714 6698 3683 6703 8837 2122 4893 5355 4597 3984 1784 1723
7557 4596 4824 6171 7467 2656 4034 5431 4424 2857 8244 8165 5082 8931 4507 7119 5943 2543 2928 7388 4052 6013 8124 2016 4837 4614 5471 2962 1972 1753
8349 4914 4652 6549 7572 2555 3569 6067 4339 3306 8172 7362 4529 7752 4811 7630 5995 2667 3447 7180 6051 6388 8550 2580 4743 4480 5196 2862 1462 2848
8348 5241 5278 5972 7765 3102 3278 5482 3629 2391 4861 7251 5430 7762 5142 6785 6327 1738 3306 6234 5539 6358 8464 1605 4415 4860 5050 2914 1973 1705
7867 5233 5147 6747 7825 2862 3898 6228 4639 3099 5003 7011 4996 8360 4026 7658 6383 2449 3067 6635 5970 2877 8267 1687 5482 4666 4468 3183 1382 2613
7566 5003 5460 3004 7246 3057 3593 5120 4428 3086 4196 8084 5006 7783 5044 7699 6343 2627 3678 7182 5503 2967 8510 2661 4864 5383 4955 3454 1997 2279
7641 4798 4904 2087 7983 2534 3760 5777 4129 3155 5010 7137 5499 8585 4971 6572 6070 2626 2497 6587 6294 3092 8158 2658 4821 5394 4495 2971 2051 2614
2385 5373 4869 2799 8182 3126 3191 5811 4758 3309 5077 7738 5498 8209 4177 6663 7148 2116 2719 6933 6144 2419 6567 2340 5089 3756 5266 3474 1913 2226
1426 5164 4927 1999 7374 2747 3631 5057 4008 4574 4886 8124 4631 8505 5040 7353 6018 2489 3166 6260 5976 3156 6043 1955 4664 3699 4496 3028 1322 1797
1999 2447 4793 3011 8193 2737 3003 5923 3783 4704 4628 7231 4591 8287 4672 6953 6665 2104 3080 7176 5396 2638 6670 2516 4919 3312 5255 3152 1374 2134
2603 2609 5263 2514 7809 3081 3762 5957 4560 4292 4494 5085 4731 7824 4674 6907 5994 2125 3551 6930 6113 2875 6238 2485 5201 3415 5299 3907 1068 2518
2206 2254 5462 2709 7878 2791 4020 5092 4084 4329 4656 4732 4911 8194 5215 6654 6252 1819 2796 7061 6362 2650 6321 2367 5136 2630 4711 3287 1301 1692
2303 1977 4676 2158 7611 2788 3529 5433 4376 4396 4788 4887 4445 8739 8109 7015 6425 1853 5440 7041 5443 2861 6499 1979 4502 3117 5070 4037 2122 2252
1975 2346 4243 2411 7923 3212 3683 5781 3735 4823 4698 4745 4439 3675 8414 7616 6107 2395 4796 6779 5821 2937 6842 2574 4767 2875 5341 3188 1885 1701
2670 1743 4315 2562 7746 2919 3344 5088 4096 4749 3936 5558 4006 3671 8145 7502 6905 2062 5210 5474 6220 2480 6087 1871 4254 3726 4748 2872 1980 1779
1677 2407 5659 2930 7327 3019 3822 6166 4561 5326 3910 4384 4058 3679 7278 7141 6456 1686 5205 4624 5728 2528 6074 1707 4756 3244 5536 3015 1057 2043
1450 1906 5500 2498 7650 2567 3213 5872 4612 5338 3951 4992 4684 4387 8185 6501 6812 1710 5461 5750 6152 2518 7193 2303 4614 3744 5093 3640 1144 1836
2440 1953 4739 2138 7990 3424 3011 5462 4462 4951 4669 4634 4134 4448 8493 7172 6158 2219 5578 4754 5566 3174 6403 2648 4870 2708 4817 3337 2102 1961
1526 1579 4671 2293 7631 3572 3477 5197 3781 4890 4606 4636 3689 4012 7801 6579 6854 2217 4733 5576 5866 2772 7271 2458 4826 3751 5056 3368 1307 1633
8 12 28 15 68145 1
11 5 9 17 51035 1
16 2 23 6 33053 1
29 29 14 19 60988 1
10 28 17 3 101222 1
12 5 5 9 31187 1
0 18 4 10 52458 1
28 7 10 8 73156 1
16 6 10 1 35047 1
0 13 8 19 51128 1
20 12 29 6 50585 1
6 2 19 8 63386 1
23 8 0 9 77876 1
5 14 27 1 92864 1
12 2 28 6 63133 1
14 29 23 9 74682 1
22 12 9 8 61917 1
3 24 27 21 59702 1
28 15 8 1 99461 1
2 29 7 13 58735 1
26 26 3 22 64209 1
14 23 6 15 37977 1
3 20 4 11 45585 1
19 29 0 20 69014 1
11 25 15 18 46737 1
9 26 8 7 70606 1
5 0 13 3 50869 1
25 3 19 9 41782 1
4 6 24 2 71820 1
10 24 4 11 59908 1
13 24 11 9 69232 1
17 24 29 0 79551 1
28 3 3 19 95878 1
20 26 19 7 94075 1
10 12 0 10 51966 1
29 17 24 1 46443 1
2 2 26 18 107074 1
25 27 17 22 40926 1
8 15 22 11 66535 1
14 3 6 11 49172 1
19 10 3 17 74640 1
5 15 10 7 43032 1
24 1 27 9 28657 1
24 0 6 23 99522 1
24 17 22 3 48667 1
15 8 26 24 81420 1
8 27 29 9 76477 1
17 26 1 22 63829 1
28 1 16 29 76581 1
10 0 24 12 80244 1
19 5 27 20 53532 1
21 20 20 7 68283 1
15 0 20 20 107780 1
15 19 22 13 46538 1
15 3 15 26 110284 1
5 7 6 20 37688 1
19 23 26 1 65202 1
14 6 1 2 61139 1
11 21 22 29 49051 1
10 15 2 26 62374 1
12 22 25 7 75008 1
9 23 22 6 88138 1
10 21 3 9 55871 1
8 7 16 4 41402 1
7 2 24 11 84858 1
27 16 13 17 31680 1
19 22 25 15 44118 1
12 5 18 26 111013 1
22 19 22 0 66925 1
19 13 18 28 75419 1
23 10 10 9 49375 1
23 25 11 15 62421 1
0 10 14 23 78046 1
20 11 23 24 56639 1
22 13 26 3 44271 1
8 19 25 29 62020 1
15 4 1 20 91146 1
15 13 17 4 58434 1
11 8 24 2 60243 1
12 2 19 27 119009 1
22 13 23 4 34835 1
13 0 16 17 94713 1
25 23 9 9 84368 1
23 20 3 15 60358 1
11 25 8 15 49367 1
15 27 13 14 78458 1
29 12 3 7 101176 1
25 6 15 4 39450 1
7 8 10 18 37146 1
12 9 6 23 52895 1
23 11 15 13 49890 1
2 28 0 6 95407 1
6 20 21 0 104252 1
9 25 16 16 54600 1
22 29 24 2 69001 1
6 14 29 15 66409 1
9 13 17 9 45098 1
28 26 1 11 107270 1
9 22 3 4 74419 1
6 15 25 11 64184 1
0 3 19 12 105182 1
28 9 7 14 69165 1
6 8 0 19 52244 1
0 12 12 18 58552 1
8 15 21 24 67151 1
26 24 25 5 45937 1
16 11 14 25 77056 1
21 26 9 27 34130 1
5 5 1 14 49654 1
5 7 3 25 62703 1
11 28 29 24 41518 1
2 5 3 15 55589 1
26 7 9 21 80374 1
28 5 12 10 70255 1
19 23 12 9 79434 1
29 4 13 0 68224 1
7 12 22 18 51438 1
16 26 5 27 29037 1
2 12 23 24 88000 1
17 10 22 24 76594 1
18 23 3 26 47487 1
0 25 13 18 63640 1
29 19 25 3 48619 1
22 14 5 13 63814 1
9 23 3 15 35159 1
0 9 16 3 69952 1
24 25 11 1 111054 1
4 26 8 11 57200 1
7 5 23 26 97033 1
29 28 3 1 120109 1
23 19 14 2 84577 1
2 0 2 21 93299 1
28 19 1 4 108060 1
23 19 8 20 54758 1
13 20 19 4 97005 1
22 19 17 8 63396 1
27 3 11 15 73742 1
2 14 9 28 53445 1
4 4 25 4 74954 1
8 2 9 29 84605 1
18 26 24 21 40158 1
15 0 1 5 77668 1
17 28 25 23 26447 1
12 20 7 0 78031 1
25 0 9 16 85668 1
21 7 14 3 41664 1
9 9 13 24 63784 1
1 28 29 24 72715 1
20 22 29 24 33674 1
23 2 16 29 83885 1
27 28 3 10 95715 1
4 11 5 21 40419 1
25 14 19 0 49670 1
22 23 21 11 50107 1
20 16 24 10 39473 1
19 18 4 17 39768 1
6 29 20 23 50476 1
23 14 18 6 43684 1
28 26 7 17 62156 1
25 5 11 10 63505 1
14 27 21 10 80861 1
1 24 6 15 40389 1
7 16 5 27 32631 1
11 17 2 19 30512 1
2 24 24 21 60307 1
18 12 29 12 48319 1
23 27 2 9 91997 1
25 23 25 7 39952 1
20 4 6 11 64740 1
22 5 5 28 91309 1
0 15 3 5 59843 1
20 6 11 26 103113 1
14 19 16 8 62021 1
6 29 11 9 72236 1
0 17 9 21 44381 1
19 17 12 13 42002 1
23 8 28 2 31199 1
9 17 18 0 96143 1
1 3 5 13 55797 1
22 21 7 25 46770 1
12 29 10 2 96610 1
8 8 12 25 70799 1
17 6 7 27 94267 1
18 23 13 8 86441 1
8 3 16 10 60164 1
27 18 16 20 39148 1
6 12 12 25 54709 1
28 8 15 27 61872 1
11 27 5 23 27479 1
10 6 18 28 92130 1
22 8 2 27 100229 1
14 24 5 19 34975 1
0 27 22 16 84361 1
2 16 16 14 46371 1
0 27 9 25 37674 1
12 9 20 25 97355 1
18 8 13 0 60244 1
8 17 25 14 47254 1
15 12 4 11 58136 1
13 5 11 24 82404 1
9 18 20 16 37774 1
28 15 23 8 34495 1
27 7 7 17 61304 1
4 29 15 9 86799 1
23 28 1 1 121935 1
5 24 22 27 37770 1
6 23 7 0 66560 1
4 5 29 4 82446 1
7 21 17 6 78080 1
17 27 3 15 65671 1
5 6 10 0 35410 1
9 11 16 2 66094 1
4 8 7 26 56436 1
15 23 5 1 78622 1
29 14 3 24 83648 1
29 17 23 4 44301 1
3 16 22 1 97160 1
0 6 20 13 102569 1
28 4 27 25 43384 1
23 6 16 9 38425 1
15 1 6 12 65707 1
8 21 2 6 61777 1
7 4 0 12 57634 1
8 16 0 1 76110 1
18 17 5 3 67935 1
29 4 22 0 26183 1
20 5 4 15 77155 1
17 3 16 16 71699 1
1 5 22 17 85926 1
7 19 28 22 62630 1
13 21 1 3 101279 1
23 27 10 17 62868 1
10 26 1 6 84453 1
15 22 4 20 40161 1
18 4 2 24 102780 1
11 22 14 7 75629 1
18 28 18 17 48636 1
10 5 5 27 72109 1
5 28 26 0 92029 1
3 17 8 27 40677 1
21 3 12 1 41498 1
13 29 15 2 113276 1
14 24 5 26 32390 1
17 25 7 7 81494 1
17 3 26 10 43508 1
1 22 13 27 50453 1
1 25 24 22 67193 1
6 16 20 29 60825 1
7 27 23 17 60580 1
5 22 13 12 57198 1
24 3 27 23 48064 1
1 15 20 27 75885 1
1 27 20 12 104386 1
25 15 17 12 45236 1
28 6 13 13 78378 1
8 27 20 6 100230 1
17 20 29 15 54999 1
11 18 2 19 34675 1
16 20 1 29 74942 1
1 24 26 27 68127 1
19 9 25 22 65340 1
18 6 10 28 98505 1
13 19 22 10 59832 1
0 27 23 20 70694 1
7 4 7 16 39817 1
22 4 12 28 84658 1
2 26 15 3 113548 1
13 6 28 3 53005 1
12 28 17 20 53792 1
6 1 15 19 72938 1
12 10 7 15 36422 1
24 19 3 14 65950 1
27 25 25 4 46620 1
6 2 22 20 86112 1
16 17 21 29 51678 1
11 23 3 8 60515 1
29 5 15 3 42327 1
24 11 5 1 89163 1
24 25 26 1 60700 1
23 6 5 20 82672 1
18 0 25 11 43759 1
10 12 14 23 59124 1
23 29 28 5 53658 1
6 16 19 22 53924 1
27 9 26 22 28897 1
10 13 2 19 50327 1
19 3 8 18 85723 1
17 26 29 11 66892 1
12 15 0 19 54810 1
27 21 0 8 97523 1
7 11 7 28 47010 1
21 9 15 25 86441 1
19 14 20 1 71804 1
6 11 1 17 29808 1
4 23 16 2 97516 1
28 12 9 1 86649 1
20 8 29 11 43830 1
20 22 15 3 94321 1
26 21 7 1 99432 1
3 6 26 15 93598 1
0 21 2 12 60006 1
8 22 15 18 42473 1
17 12 1 19 78066 1
8 21 29 8 83752 1
0 12 3 29 77592 1
4 14 23 1 96086 1
29 13 16 15 48708 1
9 16 15 3 80815 1
26 25 12 21 53115 1
28 24 4 26 56174 1
3 17 16 8 62829 1
27 26 0 20 77267 1
1 20 21 3 110377 1
15 1 28 22 88735 1
17 2 14 19 93326 1
27 22 11 7 88061 1
9 9 14 26 77696 1
18 22 26 26 37543 1
16 24 15 13 63635 1
4 12 20 1 91896 1
6 18 10 0 61749 1
2 11 24 1 97714 1
29 17 13 28 44145 1
11 7 12 18 51789 1
26 2 14 29 81767 1
21 2 19 26 94850 1
15 9 1 13 64110 1
21 26 1 8 104384 1
29 26 24 7 55982 1
22 0 17 22 88654 1
2 14 25 5 96260 1
20 5 27 15 41860 1
11 22 2 1 89612 1
28 23 11 15 55056 1
14 26 2 19 61663 1
17 27 1 7 100041 1
24 27 8 21 58447 1
1 5 18 9 65868 1
19 12 11 25 90201 1
1 19 21 1 119349 1
1 27 12 15 67104 1
5 3 2 21 69780 1
19 8 19 29 82088 1
13 22 4 27 36741 1
17 20 5 0 91918 1
9 22 1 0 95473 1
27 0 7 14 89636 1
19 22 23 5 71524 1
10 24 19 7 101651 1
18 25 8 5 94527 1
0 23 9 28 40253 1
11 28 7 2 79863 1
24 11 9 24 77269 1
4 27 29 9 80345 1
1 18 8 5 56152 1
18 20 13 2 108285 1
16 15 7 25 51949 1
5 23 15 27 34271 1
4 2 28 28 112019 1
21 18 28 4 47255 1
3 2 7 20 62844 1
20 19 23 11 38117 1
4 25 13 14 60890 1
15 26 1 29 57384 1
25 14 9 17 45383 1
2 2 0 14 71986 1
28 29 9 19 68118 1
9 12 19 1 86941 1
7 25 6 7 47484 1
11 16 5 1 58309 1
6 12 26 27 77676 1
15 28 23 26 19230 1
25 22 19 9 65340 1
6 26 21 8 96759 1
6 15 24 4 81131 1
16 26 23 0 90487 1
27 24 13 26 40521 1
16 23 25 16 41413 1
3 8 29 21 92148 1
17 19 11 2 94196 1
6 9 6 21 31094 1
28 25 9 19 62544 1
23 14 7 11 60252 1
18 23 29 29 33224 1
25 4 7 29 85360 1
18 6 8 19 81673 1
20 16 18 7 67118 1
23 8 6 10 62461 1
22 1 10 18 88162 1
0 25 11 13 72237 1
17 11 14 24 76454 1
16 13 28 1 80229 1
20 9 25 27 67256 1
0 29 24 8 113977 1
14 8 26 27 90093 1
4 3 9 13 54831 1
25 23 22 4 56867 1
4 8 7 29 64692 1
25 24 14 25 41241 1
1 18 17 29 63519 1
28 11 15 13 65778 1
24 22 27 14 22958 1
19 25 4 26 51133 1
5 6 23 28 89014 1
10 24 19 11 94772 1
2 22 11 28 33450 1
17 29 13 1 119924 1
15 23 2 16 43562 1
6 18 21 20 55052 1
22 11 1 9 76007 1
2 23 21 21 54628 1
21 9 13 24 81797 1
7 3 8 24 65442 1
23 21 23 8 41238 1
9 0 2 11 62265 1
16 7 9 22 85223 1
4 13 22 23 74984 1
16 11 1 23 85655 1
20 25 18 15 63159 1
15 7 29 23 85678 1
13 9 2 22 71053 1
11 20 16 15 35683 1
2 18 21 23 57803 1
13 23 19 9 85232 1
7 11 27 7 77723 1
9 29 27 5 75565 1
26 23 12 15 56610 1
2 27 15 29 33081 1
15 14 22 22 54254 1
4 19 14 7 66724 1
24 16 12 24 57487 1
11 25 6 3 72989 1
16 26 29 18 52311 1
0 3 2 24 97658 1
0 14 11 4 70375 1
19 12 5 2 79991 1
8 28 6 15 37908 1
27 7 21 18 35207 1
11 24 18 27 41664 1
7 17 9 27 34140 1
7 19 11 12 35141 1
15 27 23 23 32170 1
2 17 12 1 76753 1
13 6 21 20 91327 1
9 11 18 5 54983 1
3 11 18 3 75571 1
22 18 9 2 91130 1
23 27 23 9 58142 1
17 9 18 21 69279 1
3 15 26 27 77599 1
5 3 29 17 90614 1
7 3 28 14 95853 1
4 15 16 15 44734 1
9 12 26 14 78658 1
27 29 20 4 73135 1
6 13 3 22 38912 1
13 27 28 21 41404 1
8 29 6 21 24190 1
13 25 0 29 63077 1
3 24 21 16 67755 1
26 23 28 2 46820 1
25 15 19 1 50339 1
26 25 20 18 37010 1
10 9 5 4 29400 1
29 5 11 4 56897 1
25 16 21 0 50893 1
11 27 17 12 91698 1
24 2 16 27 81020 1
23 28 5 18 53979 1
3 7 4 29 80788 1
17 2 13 24 107758 1
26 4 21 10 41198 1
23 25 15 0 99345 1
22 10 14 16 51783 1
7 12 2 18 30442 1
24 19 7 3 88288 1
16 20 5 22 41403 1
14 15 2 11 64551 1
19 3 5 22 94336 1
21 28 1 17 69173 1
7 17 28 18 47231 1
18 11 3 27 98291 1
3 11 8 20 48365 1
9 0 13 6 37103 1
14 11 0 7 63907 1
3 12 10 15 43930 1
8 8 0 24 70905 1
21 17 29 23 26001 1
20 12 12 29 84305 1
8 16 15 12 48891 1
22 24 22 13 45442 1
2 22 21 6 110293 1
21 4 10 28 93354 1
20 1 28 14 48338 1
2 12 29 25 95856 1
14 29 5 5 81572 1
20 16 7 13 48504 1
8 24 13 3 87650 1
26 16 7 20 56633 1
15 20 1 19 64052 1
11 26 15 19 52758 1
18 27 11 18 60149 1
19 8 17 25 91570 1
17 21 5 3 85938 1
16 15 18 7 49606 1
16 26 9 17 55449 1
5 6 8 22 55920 1
21 11 1 18 83346 1
6 20 27 24 54969 1
28 19 20 21 26851 1
20 17 15 27 56124 1
15 5 7 25 79934 1
6 4 21 0 71270 1
29 9 6 16 70725 1
12 7 8 1 38817 1
11 4 13 15 60746 1
20 26 3 2 114967 1
19 18 25 14 29745 1
17 13 25 7 56623 1
19 6 12 29 97298 1
28 21 17 22 36044 1
5 11 20 21 75486 1
4 23 29 29 54586 1
6 6 26 19 81883 1
16 18 29 18 36606 1
26 4 23 16 45388 1
26 5 0 5 85459 1
24 10 1 20 88793 1
5 5 11 19 53083 1
1 11 19 13 94481 1
9 27 29 1 89992 1
5 12 17 15 54756 1
0 0 22 0 108903 1
22 29 22 12 54313 1
20 2 26 21 66158 1
3 9 14 29 75653 1
3 1 28 6 92749 1
7 7 17 15 63310 1
6 20 3 12 35608 1
14 20 29 3 78520 1
14 6 10 14 48768 1
17 4 15 12 50923 1
21 16 6 18 42226 1
15 10 27 9 55311 1
23 28 3 15 69188 1
21 5 22 17 46081 1
27 4 0 29 113225 1
6 28 27 9 63904 1
20 7 28 1 44039 1
6 1 21 19 86372 1
26 20 20 9 56426 1
8 22 3 13 49587 1
19 5 29 14 53436 1
4 22 27 3 96643 1
27 28 29 13 32603 1
7 21 0 2 80078 1
19 16 2 10 73957 1
15 15 23 25 60327 1
9 11 15 5 46266 1
27 23 7 6 84322 1
4 2 15 21 88038 1
17 10 8 4 56547 1
29 17 6 19 54604 1
15 9 1 26 92813 1
0 3 28 28 131755 1
8 29 24 22 48198 1
13 14 7 18 32816 1
22 22 15 29 34334 1
0 25 4 10 75542 1
20 21 8 24 44483 1
22 28 14 3 93461 1
29 29 20 4 76729 1
26 0 3 17 94714 1
12 13 16 28 77590 1
28 9 18 11 51783 1
6 25 17 14 62632 1
22 11 10 27 82009 1
20 22 6 11 69955 1
3 16 12 27 52582 1
4 3 13 20 80875 1
11 23 4 3 74291 1
6 6 19 24 78959 1
18 9 5 2 57558 1
9 8 3 13 40706 1
21 22 19 10 66277 1
3 23 11 4 72547 1
12 10 8 3 48502 1
28 18 3 21 74003 1
13 28 2 13 65755 1
2 13 8 0 69863 1
13 0 12 21 110853 1
24 7 20 17 41071 1
3 0 0 9 57220 1
5 24 15 12 69355 1
20 19 2 13 71811 1
6 11 28 0 88328 1
3 2 0 10 54785 1
12 15 11 24 46555 1
11 25 21 8 94600 1
3 8 9 0 51695 1
28 8 13 5 51914 1
8 20 2 0 79240 1
13 14 6 20 40419 1
28 7 8 23 73312 1
20 8 17 28 77266 1
26 16 4 24 73654 1
2 5 26 7 85366 1
2 17 2 0 75241 1
28 11 3 19 78008 1
3 1 14 2 55008 1
17 1 13 8 47662 1
13 21 19 7 95795 1
10 29 3 12 65837 1
27 25 24 16 21922 1
19 17 23 2 56734 1
23 6 3 6 67223 1
2 4 28 22 111795 1
9 5 13 18 60318 1
10 3 8 29 86783 1
13 16 17 3 78749 1
7 5 16 1 49331 1
5 4 14 22 76633 1
28 29 0 26 65200 1
2 27 9 5 79287 1
6 12 1 21 46553 1
21 1 14 15 86604 1
2 21 25 2 111941 1
0 5 4 27 86295 1
13 25 4 12 65564 1
2 18 17 6 82431 1
1 0 24 4 96266 1
21 13 11 28 77664 1
17 3 2 11 74932 1
15 14 20 2 81989 1
25 16 23 6 34047 1
21 5 5 11 64555 1
13 11 24 27 90254 1
28 29 19 26 29705 1
27 6 9 19 68485 1
14 17 7 24 34313 1
29 14 9 4 85931 1
15 8 27 5 52789 1
26 14 23 6 35500 1
12 0 4 13 73779 1
20 27 7 25 35864 1
3 29 15 23 41179 1
27 7 9 4 62192 1
0 16 23 25 73890 1
23 5 6 15 74764 1
27 1 3 6 83276 1
11 13 6 20 35806 1
27 10 2 11 94868 1
11 3 23 5 42590 1
10 19 28 9 66102 1
24 29 21 12 57124 1
15 25 2 3 106811 1
0 11 23 3 100049 1
12 15 21 29 73630 1
2 7 12 23 69078 1
13 11 25 20 74517 1
17 8 10 28 92217 1
7 11 11 23 41948 1
4 5 27 2 78941 1
26 13 9 13 70916 1
28 7 12 14 72756 1
20 18 15 7 73994 1
17 16 28 5 53279 1
11 21 21 5 89221 1
10 12 16 18 42642 1
15 16 7 27 52437 1
24 21 26 2 53384 1
13 23 4 3 78887 1
0 6 20 14 105150 1
29 6 3 4 90331 1
26 24 0 26 72150 1
15 8 13 20 68302 1
8 7 25 22 94937 1
21 8 29 17 44836 1
28 2 21 29 63840 1
1 26 11 2 106242 1
15 18 26 15 41225 1
16 19 28 11 47463 1
14 6 14 27 102924 1
9 14 17 1 87402 1
12 23 25 6 71264 1
4 3 15 3 59258 1
22 27 29 12 43687 1
23 9 13 5 42605 1
23 1 24 28 65674 1
4 19 13 0 93026 1
11 15 22 14 46143 1
6 8 12 0 47943 1
21 8 27 2 37933 1
18 8 23 3 38106 1
26 22 29 9 38738 1
2 17 24 26 79835 1
8 10 13 19 51684 1
5 23 21 9 86977 1
4 15 17 12 64706 1
3 4 24 26 117207 1
13 23 2 14 51619 1
1 22 2 3 96614 1
1 13 16 10 72683 1
21 2 12 13 84116 1
2 16 28 25 70054 1
24 1 28 14 39152 1
26 28 21 3 64256 1
27 19 16 12 50969 1
15 15 22 2 85349 1
26 28 9 26 37604 1
3 23 23 2 105637 1
20 11 18 1 63666 1
7 18 15 13 45323 1
25 2 20 10 43088 1
27 5 1 18 88590 1
0 13 11 15 55599 1
22 27 27 20 21799 1
26 6 17 15 56675 1
1 24 29 27 71192 1
10 26 18 20 55460 1
21 3 21 16 60194 1
29 6 10 9 75325 1
19 11 3 17 79017 1
19 25 21 8 75772 1
21 8 7 24 90583 1
17 23 27 5 56464 1
29 8 18 3 42594 1
20 18 19 9 55081 1
26 15 17 4 62633 1
5 9 23 29 81580 1
4 27 16 0 120708 1
11 19 7 10 36244 1
6 24 10 0 77713 1
9 28 23 8 78451 1
9 1 17 26 112657 1
13 11 10 25 77737 1
16 24 21 13 68489 1
18 10 23 18 48913 1
11 12 9 27 63659 1
12 22 24 18 49790 1
27 6 9 20 73405 1
17 27 25 0 81899 1
12 19 24 13 52430 1
2 27 4 3 86382 1
21 1 21 21 71495 1
4 16 7 6 32102 1
12 3 5 26 83992 1
10 22 28 10 69166 1
11 21 4 14 44540 1
5 10 18 24 76284 1
4 22 18 16 59465 1
29 9 21 17 34716 1
15 18 28 12 43988 1
24 27 18 7 84232 1
28 19 24 29 25966 1
22 13 14 17 35676 1
9 28 11 15 49350 1
8 0 2 6 44328 1
28 21 2 6 97095 1
5 28 12 23 26561 1
5 0 23 18 89293 1
3 1 7 10 40183 1
6 25 27 11 69934 1
1 6 26 12 99045 1
11 5 0 12 62810 1
7 27 15 23 27071 1
27 3 2 20 98806 1
11 1 29 8 78540 1
22 15 8 28 66396 1
17 23 24 20 25536 1
6 20 12 14 35608 1
6 3 2 29 81802 1
16 20 23 6 64794 1
24 17 29 0 46275 1
16 8 13 19 64970 1
6 4 8 23 52291 1
23 26 23 0 74471 1
20 0 8 10 84247 1
23 9 10 6 56217 1
7 21 22 14 57032 1
28 28 13 11 84221 1
29 1 21 4 27919 1
23 20 9 12 67306 1
16 18 29 23 42008 1
8 2 25 16 91587 1
22 4 14 27 86140 1
20 13 29 17 44247 1
15 6 23 20 73024 1
19 24 29 15 47550 1
17 9 14 29 97946 1
1 13 3 1 72950 1
5 19 19 10 74822 1
27 20 21 1 54005 1
20 11 23 23 53213 1
13 24 21 2 97708 1
16 21 18 4 92609 1
10 23 23 20 39360 1
19 20 5 1 95643 1
19 19 29 5 62269 1
16 21 14 1 102079 1
20 28 18 6 81275 1
0 10 27 7 104151 1
12 18 29 14 55667 1
18 1 20 21 84590 1
3 28 6 20 29390 1
29 28 6 9 85566 1
20 12 20 26 70984 1
9 9 28 8 73145 1
2 21 22 10 92578 1
25 22 18 1 75168 1
4 21 20 7 96751 1
19 9 10 24 88726 1
18 7 11 19 77735 1
15 7 8 12 48429 1
27 24 13 22 38333 1
4 11 23 27 89536 1
14 7 14 19 59083 1
7 11 8 23 35007 1
19 1 10 13 89210 1
16 22 13 1 112970 1
1 10 3 28 79424 1
25 5 13 26 81844 1
17 5 29 27 76437 1
14 23 28 18 42108 1
27 0 13 27 83939 1
1 27 25 17 70828 1
20 20 9 4 98328 1
18 25 26 15 50860 1
2 29 27 7 90349 1
3 21 10 24 31502 1
17 9 4 26 83789 1
14 4 3 18 71931 1
3 28 29 25 56454 1
29 19 5 28 58448 1
10 8 29 15 91775 1
10 24 1 10 72203 1
13 25 22 21 40160 1
6 7 15 27 76015 1
6 13 12 5 37793 1
29 8 11 7 70139 1
4 17 16 4 71082 1
7 23 11 8 55208 1
2 22 15 7 88918 1
16 7 15 18 61090 1
18 14 28 25 56748 1
19 27 27 14 41557 1
13 15 6 11 42595 1
24 19 9 27 56130 1
5 20 10 15 30904 1
12 0 27 7 73473 1
1 1 13 20 97303 1
8 19 20 20 58935 1
4 22 15 0 109912 1
29 23 22 1 60806 1
29 26 11 14 72242 1
23 6 17 1 36912 1
21 8 2 9 65054 1
1 16 10 7 49575 1
24 15 0 16 60044 1
18 27 3 5 100598 1
24 7 27 18 32696 1
29 29 0 18 82190 1
27 16 20 10 40821 1
26 10 12 18 54878 1
22 22 20 5 67448 1
0 12 9 17 47408 1
16 21 26 7 61377 1
14 16 15 28 63416 1
4 5 18 17 65651 1
9 22 10 8 61339 1
27 17 27 4 27453 1
22 26 14 10 87955 1
12 28 22 16 54923 1
1 0 14 19 96748 1
13 9 20 21 78172 1
16 4 12 28 103705 1
26 12 18 16 39853 1
16 21 1 0 111387 1
1 28 10 20 53603 1
0 8 11 23 71836 1
28 12 0 9 95390 1
20 4 17 21 86062 1
20 9 7 5 54060 1
26 20 17 19 46834 1
1 4 13 14 80205 1
19 2 26 28 77630 1
16 20 6 12 50430 1
11 13 18 2 72606 1
17 15 4 4 81701 1
11 25 10 16 46569 1
23 14 20 0 54848 1
29 6 6 6 73894 1
18 9 9 19 66429 1
14 18 4 5 60952 1
16 26 15 17 48852 1
17 0 16 13 73260 1
29 17 4 3 97477 1
17 7 2 22 93654 1
12 2 13 24 99989 1
24 10 22 25 51855 1
6 28 20 5 95928 1
22 29 24 3 65695 1
22 21 7 27 49049 1
13 27 2 25 38849 1
29 4 22 12 48565 1
0 10 19 3 84183 1
0 18 28 15 73456 1
17 8 3 17 65738 1
7 10 0 13 47964 1
24 11 18 15 46515 1
28 6 20 13 55402 1
6 20 29 17 57635 1
16 25 16 14 56389 1
20 6 3 12 78466 1
27 14 14 19 43465 1
19 17 27 6 37325 1
17 4 13 13 56858 1
12 16 4 3 66776 1
16 12 2 6 66983 1
28 14 4 16 60321 1
0 2 26 15 121946 1
13 14 17 22 55766 1
13 25 1 10 84654 1
13 5 20 15 80305 1
29 29 11 17 57846 1
9 14 1 29 73886 1
26 13 17 17 31749 1
22 21 26 4 55018 1
6 14 20 4 71792 1
12 16 28 14 48046 1
14 14 9 23 51531 1
7 18 26 0 85818 1
24 21 24 8 42668 1
20 28 22 16 41449 1
21 13 11 25 85206 1
11 27 25 8 73967 1
16 16 7 0 78042 1
22 0 19 12 62747 1
11 6 0 19 75349 1
2 11 27 2 101265 1
24 13 3 11 86295 1
23 2 27 10 32241 1
15 5 1 4 53468 1
29 0 20 21 66603 1
0 13 29 18 91653 1
23 18 3 1 95371 1
22 26 0 2 125815 1
26 27 8 3 111909 1
4 23 17 24 35041 1
1 2 11 9 55999 1
22 0 24 20 64910 1
24 10 5 16 66536 1
11 21 24 6 83211 1
0 25 16 17 66645 1
15 29 1 18 59412 1
1 9 15 16 61898 1
24 22 2 23 51624 1
25 13 2 13 80397 1
20 18 15 10 55678 1
13 1 23 2 44124 1
4 13 9 5 44099 1
3 14 2 27 54616 1
19 4 23 26 83334 1
28 19 0 12 93381 1
27 16 7 0 97470 1
14 4 1 27 101478 1
25 23 3 5 100719 1
21 28 8 20 48613 1
5 11 13 7 41036 1
12 22 0 27 47139 1
19 0 25 6 28475 1
3 7 9 21 62353 1
15 19 24 7 66344 1
17 12 12 26 88653 1
24 11 20 25 58296 1
4 29 10 17 48870 1
3 13 1 3 60631 1
2 3 5 17 59852 1
24 18 5 15 50741 1
13 28 0 26 38567 1
4 23 24 27 49311 1
27 25 1 28 61418 1
21 1 4 28 108750 1
21 2 6 1 70234 1
1 22 24 7 109576 1
17 15 24 26 59870 1
12 28 23 29 19768 1
4 2 26 14 105532 1
15 26 14 0 130314 1
15 4 7 29 98530 1
26 0 21 14 58321 1
3 2 27 22 105517 1
0 27 22 1 116939 1
16 21 3 7 81377 1
7 17 25 19 47900 1
23 5 9 14 83039 1
7 12 17 19 49214 1
16 18 3 3 80380 1
2 4 21 20 104723 1
6 29 1 21 45175 1
