5532 5573 5126 3399 5586 3517 4274 4941 3211 5699 4422 3462 1911 3131 2308 2381 2161 2560 4447 1902 2580 4327 2937 3380 2178 4329 2237 3377 2859
6213 7615 6162 5653 5180 5663 5109 5008 4949 4406 6191 5433 4632 4386 6587 4846 6038 5966 6588 5786 5380 5015 4101 5898 6232 6046 5755 5946 4334
5354 3457 5531 3784 2903 3516 5287 5004 3320 3878 3928 3281 4211 5385 4147 4412 5693 6584 4631 6518 4710 5977 5500 6500 4123 5536 4484 6509 5826
4560 6113 3974 4426 5900 5787 4695 5229 5946 3699 4975 4966 7014 7148 6100 5914 7003 5848 4995 5544 5613 5537 5370 5016 6310 5481 7114 4700 6212
6152 6743 5065 6967 5296 5295 4339 5126 5811 4536 5812 6991 5682 6099 5689 4067 4898 3989 5693 6138 5518 6006 6724 4755 6412 6426 4642 4977 6008
5286 5334 5739 5251 5997 6088 5068 5766 5767 4371 5498 6809 5074 7025 6787 6561 4840 5933 4834 4529 5629 7248 7614 6251 5516 7159 6660 6729 6476
4428 6642 5721 6918 5510 5770 5542 6335 6924 4558 6933 4963 5500 3868 5343 3246 3506 4738 5796 4473 5871 4331 4593 2830 4341 5081 4475 4632 3919
6634 5476 6207 7147 6021 7781 8002 7659 6041 5576 5943 6208 6407 6154 7603 7704 5981 7936 5666 7404 5558 6291 6803 5945 3128 5646 4948 3323 3072
6647 5060 6777 5235 5690 5211 6014 4441 6286 6118 5244 4618 5320 6642 4430 5830 6372 5206 6124 4410 4998 5926 5887 6068 4492 4847 3881 4966 4116
5184 4681 5221 4240 6420 5189 4693 6917 6816 6242 3922 3586 5620 5715 4720 5505 3803 2907 5065 3553 4666 5542 3567 2761 5418 4493 5025 4339 2877
5654 6576 7235 7392 7017 5169 6140 6812 7310 7575 6365 5506 5822 6747 6103 7048 5218 7328 5050 7036 5873 5494 5234 6857 4639 4146 4238 6771 4365
4282 2782 3962 4587 2914 3545 3348 3217 3527 3815 3384 4588 2771 2586 4501 3347 3328 2256 3747 4449 4154 2816 4110 4904 6293 6587 6731 4507 5434
5893 7767 6098 6096 8072 6208 7254 7476 7488 7694 6022 7142 7283 5472 6969 5406 6821 5321 5620 6241 7336 6063 4956 5830 7774 6709 5623 6980 7574
1877 3039 2842 1915 4626 1625 3164 2090 2090 1771 4642 2325 3688 3851 4582 4327 3388 4481 1601 4142 1863 4136 4541 4497 1708 2189 2511 3662 2622
3558 5655 3515 4253 4618 5860 5069 4877 2967 3732 4329 3906 5596 3904 5182 5709 4754 4439 4248 5641 3882 5589 5200 4257 4753 4352 4052 3100 4075
5918 6602 4694 4939 6794 6239 6196 5037 7048 5667 4693 6133 5650 4661 5295 6052 6357 5598 5767 6539 7060 5472 7437 7092 6200 7289 4638 4516 5930
5544 5100 3242 3161 3218 4943 5398 3377 2776 3109 3103 4507 4996 4918 2950 3354 4473 4271 6356 7570 6251 7690 6467 7952 5634 6122 5438 7680 5447
2298 3306 4801 3553 2934 2459 3651 3947 4298 4103 3749 4308 3518 2187 4305 4339 4868 3651 5257 4175 2914 3945 3677 4099 3813 5289 4154 4820 3376
6212 5351 5143 5645 4391 6149 4137 4734 4684 4943 7019 7069 4993 5600 5297 6749 6276 4768 6349 6125 4997 4774 4890 4567 4754 5093 3256 1251 3473
3716 6409 6574 4599 4631 4760 5641 5186 5674 4355 6092 5808 5412 4603 6977 5942 6907 5174 4676 4558 6547 4655 6391 6986 6916 5461 4245 4052 4844
3770 4197 2591 2555 2972 3431 2620 2999 3922 2019 2028 4864 4750 2265 2748 6890 7283 4613 6477 6895 5366 6806 4757 6520 5754 4452 5000 5729 5792
2485 3510 4593 3735 3831 2968 3891 3797 2348 4396 2064 4221 7342 5421 6188 5884 7507 6967 7025 5641 6265 7567 7315 6442 5574 7824 7171 7620 6199
7638 7106 7774 8376 7257 7920 6619 7566 8036 8391 6326 6060 5994 8123 7015 7317 3877 3650 5446 6424 4227 4631 4959 3742 4575 5824 4148 5037 5731
5297 4666 3436 3037 3938 3664 2942 5590 3126 4271 3259 5406 3048 3091 5121 3855 4119 5070 4249 4029 4938 2905 3943 5398 5407 3181 3999 4957 5511
4718 6862 7337 5187 5500 4378 6677 5704 4969 4243 5117 4304 6077 5631 5742 4240 4168 4440 6199 5263 5488 5359 6419 4954 6785 6618 6883 4713 6807
4299 3497 6166 3993 5679 4010 4107 5317 3629 6417 5829 5977 3547 5354 4979 5945 5530 5240 5099 6227 3520 5446 4569 3820 6361 4571 6205 4630 5424
3790 4607 2158 2225 4113 3305 2414 2701 2488 4572 4739 3361 4763 4811 4389 4560 2688 5080 3137 4248 4581 4255 4519 2513 4533 5154 5428 3385 2718
6763 6957 7139 6933 7821 5644 7977 7491 7348 6290 6852 5812 6220 7023 6035 8040 6924 6807 6013 7192 8034 7181 6792 6727 8122 7665 5828 6049 7296
6701 6351 7069 6568 7121 6885 6396 5343 6732 5772 7285 6115 5275 5478 7027 5561 5278 7129 4472 6063 6735 5542 5179 5529 5053 4562 7082 6411 5745
4187 5755 3836 5384 5152 4482 6168 4698 5071 3719 8313 7284 7227 7420 8036 7751 6859 6117 7813 5912 6203 7664 7672 8151 7611 8316 6139 7913 8023
6799 7484 5215 3413 6226 8418 5721 7286 4489 6085 3458 2645 5020 3148 2444 6253 5960 4420 2153 5902 4533 5229 5091 3865 3928 6443 7948 6609 3156 4511
6607 7590 3562 4677 5698 7492 7475 6660 6723 7396 2269 1888 3909 4625 1870 5055 6868 4998 2911 6326 1619 5265 4289 1367 5410 7296 6798 7238 2712 2867
7967 6612 4465 3714 5087 6218 5645 6591 5290 7413 3208 4068 3031 2660 2583 7234 7787 5248 4185 4421 2016 6794 6407 3655 6550 5551 7528 7464 3192 2854
7497 7237 5233 2780 4833 5888 5834 6881 5196 6953 2298 2611 3835 4559 4355 5746 6684 4657 4672 3918 1705 5272 5109 3559 6442 4592 6748 5304 2410 3122
5597 5998 3549 5615 4487 5948 5606 6079 5664 6368 1374 3394 3504 2718 5464 7177 5852 4089 2730 4835 2430 4437 4348 1212 5669 4932 8093 8073 4304 4820
5525 6588 4402 5037 5666 4385 7682 6382 5203 4601 2051 3352 4527 2820 2735 6003 4582 5389 2506 3997 3385 4203 3918 2650 6313 3810 6774 8147 3642 5201
6532 7639 3827 3913 6246 4696 7730 7015 5606 6901 1818 3416 4709 3145 3060 7096 6255 5910 2934 4027 4287 4606 3903 3363 6341 5603 5383 5277 2286 7518
7039 5024 4504 5776 3960 3107 7620 6780 6441 5109 3301 3291 3730 4710 3163 7472 4718 6375 3826 3582 2368 6277 5829 2446 5280 6192 7073 6506 2952 7217
3109 6422 4583 4547 4482 3828 6483 7245 5591 5310 3141 4833 2860 2981 5421 7352 4570 4618 2244 5498 4482 5860 4125 3545 7400 4043 6718 8037 2389 5945
3084 5186 4782 4341 4343 3724 6372 4488 4249 4561 1642 3516 4365 3432 3973 5651 6081 5118 4423 3553 2811 6396 4429 2547 4539 6525 6031 6294 4226 7504
3900 4957 2614 3059 4007 5566 5216 7208 3258 5969 1474 3832 3819 2237 3679 7102 4438 4881 2197 3422 4239 5475 5624 2431 6340 6016 7670 6218 2839 5636
3037 6596 3043 4981 5067 3913 4897 5147 3271 7062 3045 5789 2662 3151 5661 5729 4432 4747 4023 5613 4431 7066 4419 2268 4419 6014 7149 5906 2616 8290
3470 6134 2683 4633 6603 5187 4848 4504 2348 6354 2099 5027 5015 2885 3280 4924 4076 6409 4389 4905 2927 5883 5668 1807 5489 6715 3394 5448 3136 7664
4970 6558 2526 3581 4179 3692 5134 5334 4689 6515 1691 4525 3515 4051 5621 5064 5160 5688 3898 3474 2641 7998 6702 1751 5489 5554 4709 6910 4619 5586
2861 5324 4455 5758 6346 5847 6741 7347 2622 7274 2197 5849 4586 3880 4280 5841 4493 6269 4342 4148 4340 8264 6620 2977 6236 5549 3198 5226 3969 7438
3264 6575 3924 4910 4752 3933 6074 8177 3452 4999 2292 4625 4417 2497 3067 6864 4194 4382 4757 4867 2867 6437 4266 5030 6835 4363 3511 6109 3459 7143
3720 7059 2695 5710 5001 5674 6067 8206 2442 6779 3637 4014 1925 3073 3759 6944 5969 5667 3634 3982 2139 7674 6556 4824 5062 4627 2524 6435 4415 7247
3561 5711 3583 5457 4042 5597 7326 7259 2722 6449 2087 5632 4493 2999 5457 6604 3326 3887 2911 3735 1985 7864 3735 5529 6772 6401 2367 5738 3534 5601
5006 4867 4100 3275 3866 3763 6767 6491 3859 4644 2844 4936 4669 1948 2838 6043 4083 5539 2403 5915 3841 6789 4444 4777 4544 5400 3962 4448 4727 5514
4050 6287 5073 5517 4012 3138 4835 7594 2762 6924 2049 5468 4581 1908 3651 6807 3631 4845 2045 5191 5392 5345 3863 5512 5089 5021 5003 6332 3904 7988
2234 7032 3786 5276 4355 2889 6506 7026 1943 6754 3011 4543 4762 2593 4994 4938 6041 6477 2458 5713 6801 6313 6454 4721 7412 6116 4941 6541 3896 7565
3520 6899 4698 2435 6239 4505 6636 6279 2680 7400 1474 5156 3461 2559 4873 5612 3698 4841 4913 5076 6788 5563 5085 5461 4490 5067 4020 4439 4011 6562
3455 6213 5291 3328 4548 2964 7621 7416 2655 6752 2213 3833 1887 2825 4621 6052 3898 5890 4102 5297 7307 7706 2057 6329 6080 5596 2639 5395 5049 5541
4855 6795 2576 3715 6416 4551 5257 6163 4382 6467 3085 6085 3504 3313 2871 6643 6068 4549 4227 2358 7333 7539 2689 4338 6815 4743 3135 5063 4017 7625
2588 5345 5158 2271 5776 3078 5646 7320 2754 6308 4069 3240 3653 2690 3859 6892 4039 7170 3799 1951 6786 8156 3879 5005 6316 4492 4378 4883 4633 7820
3331 5962 4705 4416 6054 5746 5639 6647 3441 4552 3471 5007 2718 3193 2725 7384 4726 6869 2229 2870 6639 5542 3937 4881 6086 4060 2407 6123 3933 7344
4246 7085 4269 2602 5054 5289 5699 6270 1845 4484 1974 5618 3484 3063 2966 5363 5156 5765 3209 3785 6956 8077 3290 7182 4501 5631 2559 7129 4305 7192
4160 6262 3689 4020 6157 3812 4884 5779 2855 7085 6947 4605 3608 2373 5679 5344 4567 6844 3489 3082 6618 6973 3305 5426 6934 4746 3333 4609 4571 8332
4908 5490 4019 3030 4866 4236 4954 7792 2856 6131 6800 5413 3672 2258 4443 5103 5722 5077 2414 1725 7318 7352 4533 4449 7363 6024 2155 6828 6027 6546
24 11 13 4 47063 1
18 22 2 19 64180 1
18 27 13 1 98688 1
25 2 13 20 96203 1
29 16 7 12 88854 1
6 13 16 17 48620 1
10 9 4 26 90873 1
12 27 12 1 93216 1
9 24 13 11 54739 1
11 21 28 10 87296 1
17 0 15 24 98714 1
13 23 18 4 79107 1
8 2 14 20 77496 1
18 28 28 19 68919 1
9 19 23 16 61880 1
9 1 7 10 50550 1
27 28 25 6 98263 1
26 22 1 7 121632 1
21 20 12 9 69191 1
6 0 2 27 126715 1
12 2 24 6 56436 1
5 2 15 3 42113 1
16 19 7 20 37889 1
25 3 23 27 103572 1
9 20 16 6 67020 1
27 16 14 13 50933 1
2 24 28 13 115696 1
20 20 3 16 73791 1
1 4 26 23 139125 1
17 17 4 13 57279 1
13 6 14 26 69785 1
11 29 28 3 135293 1
3 17 26 7 104705 1
28 29 17 12 103987 1
22 5 0 23 107201 1
29 19 0 12 112431 1
23 23 16 5 88808 1
3 28 23 3 140586 1
7 29 0 24 36895 1
17 10 12 5 25744 1
19 13 4 9 48661 1
27 16 9 28 101354 1
0 5 10 10 46202 1
26 10 2 25 117994 1
8 23 1 11 58869 1
10 7 22 17 69048 1
25 17 15 21 53596 1
9 23 26 4 109285 1
17 20 28 20 51770 1
29 23 27 11 67714 1
4 0 11 29 139652 1
3 27 16 7 112297 1
1 26 14 24 55034 1
0 11 12 10 31813 1
4 5 18 21 99793 1
21 27 3 21 81944 1
5 0 28 21 146865 1
8 22 28 25 82387 1
10 25 16 3 95699 1
24 2 21 19 78307 1
6 1 26 25 143915 1
12 26 22 19 60679 1
23 0 7 0 60280 1
26 26 28 16 50431 1
18 20 7 13 57505 1
2 1 16 16 92139 1
7 19 23 22 71366 1
24 26 6 27 71258 1
18 24 10 29 45285 1
1 8 27 23 126706 1
26 17 1 14 95069 1
4 23 27 5 123677 1
2 20 14 5 78759 1
4 21 1 14 33594 1
3 5 15 28 115722 1
11 21 26 13 71933 1
9 20 28 19 72102 1
3 16 10 5 74727 1
6 26 6 9 79971 1
6 4 23 17 95793 1
2 4 7 14 55013 1
25 21 1 16 106812 1
8 7 1 21 71428 1
23 7 1 3 93426 1
11 2 28 0 65936 1
22 15 12 14 43050 1
0 24 22 24 82419 1
27 1 14 28 135488 1
8 24 17 5 90336 1
2 21 17 22 58637 1
14 7 6 14 46956 1
12 2 25 1 54045 1
28 14 0 10 85353 1
17 2 6 15 74737 1
14 3 3 26 110603 1
12 17 5 23 43261 1
18 7 5 5 61696 1
27 2 13 17 88581 1
12 4 14 21 65519 1
25 24 12 15 82304 1
21 0 15 15 65695 1
2 13 14 7 48156 1
2 8 15 26 93918 1
24 0 0 13 100802 1
11 5 19 17 63948 1
13 19 28 8 78178 1
2 3 21 5 82909 1
7 29 21 21 78548 1
24 12 7 24 92622 1
29 4 11 10 72646 1
20 16 24 5 53445 1
17 12 21 0 47927 1
9 26 23 1 124939 1
12 20 23 20 47028 1
0 14 0 26 35490 1
11 7 18 21 67694 1
23 21 9 28 74186 1
9 20 11 2 69951 1
11 11 3 5 45839 1
20 7 26 14 38913 1
20 5 15 25 89708 1
6 17 12 13 35619 1
1 7 11 26 100760 1
26 9 19 12 33368 1
16 11 19 24 63327 1
7 1 18 7 64608 1
2 19 20 22 72487 1
14 11 27 5 56940 1
24 26 3 9 118448 1
11 29 3 4 124220 1
18 8 16 28 88606 1
7 14 24 23 96588 1
23 12 5 28 106782 1
11 7 17 16 42761 1
2 29 7 5 111062 1
29 21 9 27 99944 1
9 1 23 2 57934 1
23 23 11 6 91430 1
18 5 14 15 51387 1
16 2 16 21 79449 1
17 7 29 29 128841 1
10 23 3 1 110268 1
23 0 29 25 121725 1
23 28 14 17 75417 1
8 17 24 29 99042 1
16 2 26 19 88387 1
27 26 17 26 35411 1
2 4 9 26 104810 1
0 3 17 20 108992 1
8 1 25 1 71630 1
13 20 25 24 59441 1
28 4 1 6 111529 1
26 4 7 24 121221 1
1 28 13 25 45066 1
21 4 13 1 38896 1
11 7 3 15 56354 1
1 11 27 17 95280 1
14 26 24 14 80404 1
0 5 9 11 48482 1
5 15 28 1 117011 1
11 23 29 2 120020 1
19 1 10 19 86598 1
9 24 18 18 46684 1
15 1 4 7 69046 1
25 15 7 9 69143 1
2 19 4 7 57049 1
28 29 8 9 137221 1
9 19 1 10 59020 1
12 7 23 28 108782 1
27 21 22 0 101036 1
5 29 17 8 106205 1
26 7 8 11 59939 1
11 4 28 12 70912 1
13 18 11 10 35173 1
3 24 20 9 96766 1
28 15 6 11 84308 1
3 3 15 23 106553 1
20 27 1 25 81648 1
29 24 27 5 95755 1
0 25 28 14 124601 1
13 3 27 24 108363 1
11 29 24 16 89379 1
23 12 1 7 73524 1
13 20 28 7 87663 1
0 10 23 26 118512 1
8 19 21 17 56815 1
11 17 26 17 61466 1
18 21 4 9 79222 1
0 26 29 28 114543 1
25 13 7 2 82400 1
22 7 25 24 81665 1
0 17 28 17 105298 1
9 5 10 19 60672 1
18 29 3 28 54269 1
17 3 23 29 119028 1
21 13 25 4 49998 1
19 14 19 0 52684 1
5 8 22 9 58382 1
16 10 17 26 65572 1
20 25 26 9 87667 1
27 0 7 5 89464 1
17 16 23 24 52813 1
15 1 26 9 63488 1
7 3 17 23 103169 1
16 18 14 10 37061 1
6 12 15 1 60695 1
16 0 4 7 71552 1
22 1 13 11 58743 1
13 11 9 27 69675 1
16 25 4 25 54109 1
8 5 6 13 50484 1
28 27 10 20 87556 1
0 21 11 9 59426 1
9 13 1 0 78960 1
6 28 21 18 76787 1
21 22 0 5 125934 1
21 22 1 9 105240 1
17 22 11 14 46433 1
20 24 24 4 101394 1
21 7 9 17 68126 1
3 29 6 9 84649 1
27 29 3 20 114012 1
16 17 16 6 42961 1
25 12 13 8 42459 1
26 25 8 3 129956 1
16 8 4 5 57117 1
14 1 28 23 119627 1
26 23 11 3 110963 1
21 6 23 19 54618 1
4 19 18 11 75566 1
20 4 27 28 110711 1
25 23 27 8 68023 1
9 10 6 27 80212 1
1 16 29 13 99209 1
25 27 0 5 153872 1
26 3 7 5 82932 1
4 7 22 9 65091 1
4 5 18 26 114723 1
11 16 24 2 80339 1
3 21 14 3 90008 1
29 29 21 7 117405 1
23 8 7 18 74611 1
29 1 24 16 73729 1
22 6 4 16 92201 1
20 17 7 26 73694 1
2 29 27 6 145164 1
10 15 9 6 48606 1
16 20 14 8 55162 1
6 23 11 16 39192 1
9 27 1 14 71406 1
12 14 2 7 51499 1
26 29 15 22 71462 1
26 29 18 10 96319 1
20 10 6 12 43864 1
11 15 2 14 38934 1
23 10 4 11 49252 1
11 27 8 3 107452 1
1 19 15 28 73298 1
8 9 18 7 39482 1
11 21 0 9 70844 1
28 28 21 21 57164 1
15 10 23 25 82302 1
28 27 1 14 130924 1
15 6 21 29 111742 1
23 25 8 26 70281 1
5 12 29 1 105472 1
11 7 22 12 42251 1
0 9 29 27 147331 1
3 24 12 10 75851 1
17 21 23 11 54982 1
25 21 22 2 86569 1
4 27 27 8 134048 1
2 21 29 10 118878 1
26 26 14 3 117130 1
1 26 9 18 60855 1
26 24 0 19 105156 1
8 4 24 9 66159 1
9 7 22 2 68243 1
22 3 1 23 116562 1
23 29 5 13 115002 1
24 20 16 15 46434 1
19 29 28 21 67255 1
0 3 19 21 120911 1
11 19 18 10 47556 1
1 14 16 18 68044 1
12 4 3 21 89435 1
1 21 25 0 130089 1
27 16 1 10 88436 1
10 27 27 3 131445 1
3 12 21 23 102099 1
29 25 14 13 97732 1
26 2 28 17 65600 1
22 19 0 2 124953 1
21 14 1 11 64614 1
28 6 12 19 94081 1
11 4 10 24 75691 1
14 1 11 21 72559 1
26 16 3 26 111449 1
9 21 8 0 91774 1
15 24 1 0 130880 1
9 7 28 25 125395 1
3 17 16 17 55186 1
28 24 19 5 98343 1
5 20 26 22 83919 1
2 8 19 28 111554 1
11 24 2 4 95156 1
28 9 17 18 69243 1
12 11 23 1 64229 1
6 29 6 3 126242 1
22 4 1 15 95460 1
9 16 25 3 90342 1
2 8 25 28 137064 1
9 6 20 3 59124 1
29 13 10 0 86401 1
0 20 18 29 77242 1
3 1 16 13 84242 1
26 21 8 29 92546 1
23 1 2 29 149865 1
11 2 6 22 91290 1
26 13 24 25 57866 1
23 4 3 19 108460 1
29 29 9 4 157102 1
16 27 6 12 86624 1
20 4 25 22 79335 1
1 13 29 17 109829 1
15 4 10 10 32014 1
22 26 3 17 95486 1
17 15 23 0 64854 1
1 2 15 0 59994 1
12 17 24 15 62248 1
15 2 0 4 64016 1
27 9 25 20 54889 1
20 7 8 26 98965 1
23 17 28 25 51524 1
6 3 24 4 80212 1
27 15 13 13 49880 1
10 3 24 28 132298 1
25 0 0 2 100935 1
15 24 29 26 60108 1
9 2 18 8 45311 1
3 16 17 5 81417 1
6 14 18 8 52900 1
11 16 24 28 83749 1
8 13 27 0 94100 1
10 29 28 23 86959 1
1 2 21 24 144816 1
26 16 18 28 72957 1
0 10 3 23 47416 1
18 29 2 26 68454 1
14 29 1 11 94242 1
26 9 29 0 40676 1
18 26 8 14 74559 1
5 23 18 4 99703 1
5 16 20 20 65810 1
4 26 14 12 83977 1
20 19 2 12 85079 1
6 4 23 21 114079 1
25 9 28 27 89429 1
3 25 25 9 121326 1
23 16 15 23 55977 1
18 5 7 16 75729 1
5 6 15 22 94047 1
4 25 12 12 70088 1
20 1 1 26 129957 1
4 10 18 16 53335 1
23 29 15 27 43022 1
7 5 24 14 75842 1
3 8 23 26 121259 1
23 11 10 7 46304 1
19 28 10 27 40085 1
5 26 26 16 105361 1
2 14 16 27 89882 1
4 28 12 4 112493 1
27 19 5 1 126145 1
18 0 3 25 127148 1
8 16 6 29 67255 1
18 20 1 4 104801 1
28 11 2 11 76930 1
10 29 3 23 44998 1
17 22 12 11 56258 1
13 3 5 14 55687 1
9 15 3 28 74627 1
8 28 26 9 116032 1
18 17 10 15 46831 1
14 23 17 14 49813 1
2 5 25 10 77105 1
29 29 10 15 123931 1
13 24 25 28 54950 1
21 17 10 17 48964 1
13 26 4 6 93119 1
22 7 24 22 69397 1
22 20 12 14 61530 1
27 6 5 19 106276 1
27 15 10 15 68284 1
0 11 27 25 130657 1
11 14 10 26 50781 1
18 18 23 13 35311 1
29 12 14 21 79874 1
11 21 0 18 44378 1
2 1 27 17 126144 1
14 6 0 1 74177 1
8 18 24 26 80618 1
23 20 7 16 74771 1
16 27 6 26 48605 1
21 6 1 19 92936 1
9 14 20 0 73998 1
17 3 12 16 58542 1
4 15 26 22 102201 1
27 15 5 22 105655 1
16 18 2 7 76405 1
27 23 4 25 97920 1
29 20 10 20 76928 1
17 21 12 9 59054 1
10 29 2 21 60130 1
10 12 3 25 74963 1
1 21 21 11 87856 1
8 16 0 13 39065 1
18 11 23 23 65215 1
22 23 28 16 46695 1
24 23 14 27 54541 1
13 10 14 29 70342 1
5 19 27 14 88863 1
4 1 11 22 105846 1
13 22 25 7 85495 1
28 3 15 21 104488 1
9 27 19 27 42851 1
11 26 1 5 111532 1
9 29 11 0 109374 1
0 7 12 5 60956 1
18 23 29 21 56090 1
21 15 12 1 65335 1
7 17 1 24 50681 1
27 29 27 15 69354 1
26 15 19 23 57226 1
27 5 0 18 106128 1
28 2 13 26 121428 1
29 17 6 13 92447 1
7 7 5 29 109127 1
2 1 2 20 75556 1
10 21 0 1 105520 1
18 17 20 8 43476 1
9 6 18 28 104410 1
23 5 1 23 114030 1
28 28 22 10 93818 1
28 12 8 8 70986 1
11 7 3 11 32633 1
23 28 1 29 82621 1
23 29 28 22 47701 1
15 23 29 20 72724 1
16 17 28 7 69026 1
19 7 15 22 78041 1
19 5 16 28 102534 1
1 1 28 28 183678 1
27 5 0 8 94390 1
3 14 5 4 57703 1
20 24 15 15 61712 1
11 10 2 21 63893 1
8 7 3 2 47030 1
29 24 5 22 104976 1
6 0 4 10 60893 1
25 16 4 12 82077 1
4 6 28 24 136609 1
1 19 3 27 46909 1
25 10 9 24 89569 1
18 26 25 14 77397 1
29 11 4 14 92827 1
15 17 27 28 85468 1
12 12 9 20 35726 1
13 12 10 19 32911 1
13 15 18 25 54731 1
20 4 10 19 73834 1
20 17 8 4 80610 1
16 23 3 19 56024 1
20 18 6 17 52764 1
8 15 16 10 41200 1
24 5 22 20 71219 1
11 10 26 5 54157 1
25 7 14 23 91787 1
14 27 25 4 120176 1
18 1 6 1 55212 1
5 25 28 26 90468 1
2 29 8 0 134685 1
27 19 12 19 57182 1
8 13 7 22 52626 1
19 18 11 15 39288 1
12 23 22 25 50260 1
16 13 13 27 58245 1
24 25 6 26 80522 1
17 4 22 25 98412 1
14 15 29 21 77741 1
7 2 20 29 133532 1
12 3 4 11 47671 1
24 18 4 12 86646 1
18 16 7 1 81198 1
28 3 19 13 58693 1
23 19 5 21 78207 1
5 26 9 2 114820 1
19 0 2 2 71456 1
14 11 10 28 70608 1
24 5 29 12 43168 1
0 23 11 8 70217 1
8 12 24 22 88250 1
24 17 11 4 76681 1
19 14 13 24 60854 1
10 20 26 4 97466 1
14 12 1 16 61189 1
5 24 29 24 105366 1
24 10 19 19 51945 1
27 26 3 26 98140 1
1 9 22 9 61799 1
23 16 16 3 65931 1
8 9 16 24 80197 1
11 21 24 12 69289 1
0 4 17 4 78989 1
9 17 27 22 81204 1
28 19 23 2 80051 1
23 25 5 8 114899 1
22 26 3 7 124714 1
26 26 16 19 64746 1
1 12 15 14 55653 1
13 0 24 21 97718 1
13 23 23 16 58114 1
9 18 1 20 28643 1
6 7 18 22 92690 1
23 20 12 26 63528 1
1 29 1 18 41217 1
3 12 23 29 127237 1
2 14 12 8 47725 1
0 0 10 23 113596 1
4 2 19 0 61758 1
11 14 4 6 47942 1
12 28 25 21 73614 1
9 1 19 4 47665 1
16 15 3 23 67181 1
13 25 21 28 35532 1
29 0 13 26 134742 1
17 11 4 5 58349 1
21 17 4 11 75187 1
24 18 21 28 54112 1
0 5 11 15 65506 1
19 29 14 24 34199 1
24 22 25 12 49616 1
29 24 0 24 116153 1
15 2 20 22 93884 1
4 9 29 24 128404 1
4 28 4 14 63826 1
25 0 15 26 124359 1
16 27 1 16 86839 1
6 9 9 21 61636 1
21 10 4 13 57149 1
28 16 24 23 47223 1
26 26 0 0 173732 1
18 17 1 3 96639 1
21 10 7 13 48466 1
8 11 18 6 42745 1
28 22 18 22 39003 1
19 28 16 14 63452 1
14 24 7 4 92871 1
20 10 9 29 94625 1
29 19 5 7 109532 1
0 12 23 23 110461 1
15 22 22 13 58327 1
25 6 7 4 81821 1
27 27 5 6 144198 1
10 26 29 11 117545 1
12 14 11 23 38369 1
7 12 26 4 75484 1
13 22 10 5 68182 1
19 17 0 13 81697 1
5 10 16 3 49162 1
8 6 16 27 104478 1
12 16 9 3 57962 1
12 17 28 26 87073 1
13 28 2 20 57305 1
8 9 25 10 48168 1
21 29 10 17 78424 1
16 5 26 14 60034 1
10 8 15 18 52262 1
4 17 10 9 58201 1
25 0 6 15 105119 1
28 25 7 7 135290 1
0 21 5 12 42619 1
24 27 22 15 62058 1
19 22 26 5 89192 1
0 29 11 16 73584 1
20 4 28 11 48452 1
14 2 0 26 100555 1
20 5 6 11 55140 1
22 16 25 2 65014 1
11 1 3 12 58737 1
2 18 21 6 89259 1
17 0 1 5 78929 1
10 20 25 14 72643 1
21 10 27 4 38959 1
23 22 4 26 83759 1
6 26 29 17 106934 1
3 4 7 14 60100 1
5 14 28 9 87219 1
25 9 15 14 47779 1
7 5 24 13 73193 1
3 25 2 7 74983 1
1 10 28 29 147422 1
18 10 4 1 72757 1
6 27 1 17 56208 1
12 3 8 10 33315 1
26 29 26 1 107445 1
10 3 28 8 71196 1
17 2 9 17 73371 1
22 27 3 5 139344 1
1 11 19 29 109664 1
1 7 11 6 50846 1
23 0 19 21 93132 1
5 4 1 11 44131 1
11 6 16 17 50526 1
8 4 10 23 81666 1
21 8 3 15 75620 1
9 1 13 28 100060 1
20 0 17 13 49573 1
25 13 10 28 94242 1
9 16 18 18 41284 1
11 19 7 26 41217 1
11 5 19 0 44960 1
6 19 16 5 77537 1
0 27 2 16 45658 1
19 5 19 15 41591 1
15 29 26 27 54893 1
5 19 25 19 75397 1
15 18 23 20 35501 1
25 0 0 1 106508 1
4 6 0 15 44591 1
15 11 5 13 41748 1
24 21 11 14 74665 1
16 11 2 9 38612 1
14 19 19 11 50508 1
27 7 5 23 117727 1
3 4 20 10 70296 1
28 10 1 8 80116 1
3 8 11 0 62723 1
25 29 19 16 82079 1
9 7 20 8 42591 1
25 9 10 11 49426 1
8 13 15 28 71174 1
2 12 15 10 36548 1
25 21 27 9 58409 1
26 24 3 4 140080 1
10 25 26 29 78638 1
24 5 12 21 91470 1
9 15 23 4 76929 1
25 3 17 21 87388 1
20 13 12 27 73457 1
4 12 14 8 41138 1
15 17 8 5 71468 1
15 28 6 24 44392 1
22 21 1 25 89451 1
24 17 7 29 95255 1
14 26 23 2 112112 1
28 20 1 20 100457 1
27 1 7 19 118996 1
24 11 18 23 69954 1
1 27 27 6 138159 1
8 7 0 19 61717 1
1 29 28 25 104459 1
20 20 8 2 96351 1
23 0 2 17 113170 1
7 29 13 10 83364 1
11 18 10 5 49779 1
16 0 1 6 79235 1
5 1 7 28 127905 1
19 2 25 23 94123 1
20 0 12 26 107228 1
20 26 3 23 59496 1
26 24 9 12 97840 1
3 4 18 13 75731 1
29 23 20 22 40324 1
21 11 29 17 54190 1
8 16 14 22 44167 1
27 3 19 22 98132 1
10 21 2 1 101573 1
4 18 12 9 58360 1
29 4 7 22 132381 1
17 11 23 23 63978 1
5 2 20 19 102980 1
20 3 11 7 45961 1
0 24 10 3 94267 1
26 10 1 6 81312 1
0 5 16 20 98440 1
19 22 0 6 112100 1
27 2 0 11 95690 1
3 2 20 18 105285 1
19 28 24 3 117541 1
25 26 23 10 74532 1
14 20 11 7 52365 1
8 17 17 15 50598 1
4 9 27 4 82661 1
20 6 13 9 30128 1
19 1 24 20 84146 1
27 16 27 5 52548 1
27 10 11 20 76195 1
6 23 0 5 76479 1
24 14 13 22 65420 1
28 8 3 16 102146 1
16 24 26 1 112262 1
14 9 28 24 98893 1
28 23 27 4 87033 1
6 13 28 28 128130 1
8 12 23 28 103981 1
26 10 20 17 47531 1
6 23 12 0 94022 1
22 11 20 2 33075 1
3 11 3 26 68402 1
13 21 28 1 110708 1
29 4 0 10 98680 1
16 18 21 6 55063 1
17 12 4 15 56886 1
11 16 7 29 60287 1
7 29 22 15 97330 1
1 4 24 29 161646 1
19 7 12 20 66228 1
24 12 8 12 53573 1
1 15 1 28 48205 1
14 12 4 9 34407 1
25 6 9 15 77421 1
19 10 0 20 72923 1
17 4 8 3 43589 1
23 20 17 3 78789 1
25 26 3 25 89935 1
3 21 27 19 93290 1
11 1 1 12 63122 1
4 12 24 15 73798 1
23 3 11 20 88107 1
14 23 20 29 43892 1
6 12 4 25 66294 1
6 11 16 18 61526 1
1 21 11 0 96819 1
4 1 9 7 53177 1
1 18 19 26 81726 1
12 20 2 9 63573 1
11 2 19 10 40597 1
4 4 24 13 87726 1
17 0 10 14 61479 1
15 15 22 0 69215 1
8 2 22 3 54363 1
28 19 5 1 129227 1
1 19 14 25 60904 1
24 1 8 22 121393 1
0 3 18 14 88110 1
12 13 23 6 52088 1
15 6 29 2 66938 1
26 25 2 0 158599 1
17 2 28 12 67211 1
22 22 25 9 64718 1
26 13 8 15 63287 1
15 27 19 13 68139 1
4 20 12 4 82117 1
20 18 3 7 83059 1
20 29 27 5 120800 1
8 20 7 7 74274 1
7 23 24 12 86677 1
8 10 23 5 53547 1
27 28 19 8 101451 1
22 24 1 18 96352 1
4 6 8 26 102697 1
24 17 13 7 60128 1
0 27 4 3 88878 1
16 0 9 4 37339 1
3 12 6 23 58852 1
16 28 2 8 104231 1
21 20 26 5 75503 1
1 27 10 25 48850 1
11 12 29 5 75466 1
28 24 1 27 111124 1
14 29 27 24 67500 1
2 22 16 27 60233 1
27 22 29 8 68518 1
15 4 5 0 55894 1
28 6 24 28 107468 1
28 0 20 4 41082 1
20 7 26 29 100101 1
27 2 0 27 141921 1
11 26 10 3 91833 1
16 10 25 8 30972 1
25 1 24 21 85278 1
25 24 3 10 108642 1
13 12 11 3 33862 1
25 3 20 18 72636 1
29 1 11 7 83240 1
6 10 25 22 94530 1
8 1 16 11 52171 1
8 9 27 2 79297 1
13 27 15 15 50289 1
7 19 16 13 50838 1
9 28 1 17 65717 1
11 24 25 1 118758 1
2 29 21 14 118748 1
27 25 22 20 38616 1
15 15 26 18 51683 1
14 17 9 4 63345 1
22 6 5 22 110442 1
28 14 6 10 70695 1
14 23 25 14 74660 1
4 0 5 15 87315 1
13 8 25 27 106950 1
22 27 7 19 81456 1
15 3 8 13 50568 1
8 6 13 14 47539 1
16 15 0 14 63249 1
9 7 1 17 65401 1
29 8 16 20 80737 1
3 10 28 28 136200 1
0 4 21 27 145681 1
9 27 2 5 106932 1
5 12 1 4 47185 1
25 2 6 11 82528 1
9 20 26 26 77393 1
24 4 15 1 48509 1
26 19 11 0 98011 1
18 10 3 10 34147 1
10 13 24 20 69732 1
20 29 11 22 51818 1
15 18 16 29 56584 1
17 28 6 12 92403 1
0 9 15 8 47889 1
23 9 29 5 35460 1
18 24 26 29 51242 1
1 13 22 24 110921 1
27 20 14 16 62302 1
13 4 8 14 45956 1
0 11 11 14 42097 1
25 7 15 15 58477 1
6 29 14 16 68242 1
14 3 15 18 60386 1
23 24 10 27 65545 1
25 8 11 21 81407 1
25 5 16 2 41556 1
24 25 24 15 52687 1
1 10 23 27 121090 1
4 23 29 4 136877 1
12 24 20 8 77942 1
14 3 11 14 39335 1
23 18 15 11 50663 1
5 19 1 26 44511 1
18 9 1 0 90939 1
0 22 20 19 75702 1
6 28 2 10 77485 1
16 13 6 9 39864 1
24 13 2 24 104377 1
15 22 29 13 78042 1
1 12 25 21 110195 1
12 18 23 0 92335 1
14 7 24 14 49912 1
26 22 6 1 132350 1
23 10 5 29 115193 1
3 22 25 29 96069 1
10 7 11 29 92870 1
12 27 1 13 82950 1
4 8 8 17 57347 1
25 16 10 16 67546 1
20 26 9 6 108868 1
7 1 17 27 121865 1
28 25 7 24 86631 1
18 19 14 29 52107 1
6 29 2 20 49609 1
29 22 19 16 60639 1
10 10 28 20 86013 1
4 15 22 14 72355 1
4 20 25 4 117282 1
12 29 12 17 50846 1
29 17 3 1 141094 1
1 12 16 27 95630 1
18 17 2 13 68385 1
8 15 25 27 106067 1
2 20 15 21 49122 1
27 24 19 15 66986 1
24 22 29 15 52175 1
21 10 10 6 41069 1
21 11 4 28 112396 1
28 28 11 22 80441 1
14 27 9 0 103252 1
23 12 14 2 54090 1
27 19 20 7 62552 1
9 13 16 16 33311 1
0 19 8 23 33863 1
4 11 19 11 46597 1
1 25 15 21 60617 1
24 2 25 13 48204 1
18 27 10 12 73918 1
8 13 24 4 76145 1
9 4 5 25 100066 1
16 13 9 28 74724 1
21 15 11 1 64670 1
23 26 10 12 91227 1
12 9 3 27 102450 1
17 17 16 7 38014 1
0 2 11 2 46736 1
13 26 27 8 98399 1
0 0 8 23 107504 1
9 28 9 5 99793 1
25 25 9 1 130686 1
18 11 12 18 51813 1
11 14 15 7 34522 1
1 18 27 0 124131 1
27 4 6 1 90345 1
25 9 0 24 108465 1
2 27 23 15 112095 1
10 14 9 1 58000 1
7 19 22 20 63676 1
6 8 15 2 54007 1
20 16 2 18 74015 1
19 11 9 0 59370 1
3 6 27 24 132894 1
22 5 12 16 66673 1
26 7 12 12 55276 1
27 29 19 3 124388 1
21 6 11 27 102195 1
3 9 12 5 41869 1
13 21 18 15 41876 1
11 19 24 7 75754 1
24 14 3 14 72828 1
9 18 27 16 73674 1
26 12 9 8 58303 1
16 27 13 1 95979 1
14 28 7 2 109085 1
29 4 18 24 118002 1
7 8 21 8 49649 1
25 16 6 13 70857 1
20 13 4 20 72333 1
25 13 13 28 85651 1
25 28 20 17 67742 1
16 28 26 24 52628 1
7 5 2 24 97056 1
10 23 28 2 119079 1
12 10 27 5 56401 1
10 24 27 4 118649 1
26 26 8 14 105044 1
15 5 8 29 101735 1
19 27 3 19 78673 1
15 13 15 29 73928 1
1 21 26 3 121335 1
17 24 27 1 113819 1
29 18 5 19 86206 1
25 27 8 15 106067 1
2 19 22 22 84026 1
22 24 12 13 78826 1
6 4 19 10 60290 1
22 14 4 8 68512 1
13 21 20 26 42345 1
15 0 0 19 89143 1
3 2 17 23 117894 1
23 7 2 5 82062 1
11 7 4 19 63873 1
2 23 23 10 96746 1
10 6 3 22 88662 1
17 16 20 2 52437 1
27 13 11 11 53987 1
9 5 26 1 82073 1
0 16 6 27 53949 1
2 5 19 26 120089 1
23 1 9 27 129964 1
8 9 29 7 70366 1
26 24 22 14 54046 1
11 18 1 28 68297 1
5 4 16 5 53875 1
14 7 23 19 69455 1
12 5 18 9 32677 1
11 17 4 21 37697 1
2 4 15 29 123412 1
24 21 18 17 38047 1
16 11 7 15 50639 1
1 27 13 8 90613 1
19 2 27 24 102626 1
7 19 26 12 81011 1
11 4 19 28 104008 1
14 2 13 27 81121 1
7 19 13 5 61001 1
5 19 24 15 83914 1
3 22 19 15 85027 1
8 15 21 24 84693 1
15 23 11 2 78144 1
25 10 25 24 66409 1
11 2 0 7 64686 1
4 0 18 20 116332 1
8 16 19 11 60737 1
9 28 20 27 44844 1
11 6 12 24 68042 1
24 27 24 17 51779 1
9 17 0 15 38170 1
19 29 0 8 120351 1
25 17 12 27 80410 1
22 18 26 29 56864 1
20 28 17 14 65837 1
21 9 28 23 76335 1
15 27 1 25 63919 1
11 26 29 15 108121 1
22 29 1 9 128573 1
4 6 10 13 47593 1
26 11 16 6 47339 1
26 14 7 25 100662 1
3 21 25 21 92646 1
4 11 8 4 48116 1
18 3 15 21 82825 1
