2584 4808 3381 2705 4366 3945 3355 4365 4639 4334 2833 4781 3772 4320 3961 2562 3535 3974 4729 3182 4074 3945 3226 3364 4426 3410 4469 4066 3649
6267 5912 7371 7557 7764 5823 7121 5596 5940 5587 7833 7291 6656 7371 5981 7688 6816 6079 6411 6217 5580 6590 6420 7662 6013 7061 6548 7846 6987
6283 4622 4940 6420 6378 6366 5062 4856 4726 5444 4574 5507 4604 5860 5190 6391 5842 6897 6180 6625 4903 5020 5173 4909 4932 5540 6083 5572 6533
5310 5197 4408 5183 4614 5549 6192 6631 5701 5694 4310 6429 5241 4458 4727 4566 4542 4587 4565 6212 5076 5499 6128 6394 4393 6441 5378 4261 5052
4219 4579 4129 5111 4225 3733 3662 4799 3876 5420 3177 4066 4116 3944 3105 5264 4481 5026 3509 3504 3751 3230 3161 3433 4284 4364 3506 5408 3417
5542 7152 5197 6727 6392 6210 6183 6327 7028 4973 4972 6756 6151 6396 5363 6415 5384 5498 7158 5037 5614 7272 5103 6846 5527 7223 5634 6169 6405
7550 8413 6927 6404 8270 7380 8442 7908 7406 8224 7463 7041 7094 7685 7250 6163 8234 7775 8025 7133 8294 6548 7099 7593 6752 7794 6818 6640 6665
4324 3119 3627 3139 3369 4746 4514 3048 4852 3269 4849 3038 4950 2839 4403 3939 3079 3642 3113 4819 2738 4219 4059 2804 4123 3023 4064 2861 4565
4364 4472 4290 5361 5535 4737 5008 5467 4106 3820 5412 4680 3311 4563 3825 3568 4375 5553 4862 4551 4159 3402 5016 4442 5040 3592 4032 3720 3654
3390 2326 3348 4265 4186 3364 3474 3054 4627 4465 3815 4177 4638 2776 4486 2754 3332 3068 3901 3877 3275 3216 2684 3133 3365 4629 3547 2786 4405
2057 2747 2180 3896 2636 3412 2879 4281 3907 3721 3473 3216 4310 2077 3451 2547 4235 3603 2340 4077 3617 4272 3066 2941 1950 2402 4326 3284 2568
5134 3484 4517 5027 5230 4851 4125 4006 3592 4569 5225 5185 4694 5125 4724 4028 4184 5488 5447 4051 4354 4763 4506 3304 4121 3937 3756 5472 3507
2393 3649 3942 2952 1846 3920 3860 3112 3322 1997 2756 3889 3292 3634 1968 3951 3344 2129 3477 2516 2416 2471 3283 2256 2973 2830 2741 2453 3944
6446 6901 6522 5911 5453 6440 5782 4680 6468 6335 5564 5129 4625 5749 6947 5108 4781 6497 4923 6444 5743 5900 6914 6665 6462 4912 5384 6625 6871
4693 4722 6668 4812 6377 5675 5671 6647 6332 6686 5398 5826 5269 6203 6721 4776 5749 5176 5807 6434 6426 6137 6444 6218 5628 5113 4617 6638 5160
5628 6517 5330 5877 7022 5918 6750 6559 6588 6834 6023 5934 5630 5321 7341 7270 6193 6908 6043 7606 6720 5677 6994 7415 6219 7631 5424 6898 5886
3222 3083 2054 2156 3534 3116 3116 3870 2167 2397 3573 3727 3828 2350 3101 3341 2194 2715 4031 3015 1692 2703 3718 2060 3284 3394 3264 3963 1959
4869 5133 6803 6649 6431 5252 6021 6037 7040 6655 6672 4993 6514 5522 6487 6414 5088 6985 6690 6246 5819 6146 5089 6422 5494 7040 6986 5371 5686
4264 4080 5436 3562 3510 4719 3631 4043 4177 4266 4988 5413 3562 4969 4688 3635 3704 3703 4224 4292 5364 4268 3989 4900 4646 5069 3404 3316 3786
2380 2854 2648 2042 3296 1839 2519 1660 3291 2476 3598 1282 3589 2869 2479 1657 3418 2665 3144 1828 1549 2421 2898 3229 1573 1536 1956 3616 3637
5083 4671 4767 4801 6874 4948 5439 5093 6528 5477 6818 6695 4601 5747 6478 6773 5204 6905 5300 6442 6944 6892 4953 4877 6950 6216 4742 5760 4811
5716 5977 5901 4867 5286 5777 5988 5858 5223 4738 4693 5636 5832 4712 5163 5410 4361 4653 4990 6189 5930 5503 4600 5933 5525 5926 5341 6062 3909
6510 5930 6975 7167 7426 5713 5964 7944 7106 7175 7643 7849 6003 5703 6495 7414 6570 7842 6947 6734 6445 7651 7849 6518 6691 6984 5858 7599 6431
6479 8230 6355 8313 8373 6606 7617 6525 7106 8467 6967 6762 7874 6141 6604 6307 7009 8485 7178 7813 6800 7491 8389 8238 7758 7470 8030 6419 8479
4028 4714 4120 4757 5474 4804 5196 4005 4405 4912 5155 3865 3721 4195 5366 4636 4569 4208 3753 5144 4031 3843 5142 3804 4353 5558 4333 3270 4870
3403 2549 2695 3110 2818 1749 3389 3787 3902 2958 3628 1696 1757 1765 3879 3061 1793 2614 2623 3897 3233 3874 2974 2627 2088 2695 1716 3755 2193
6725 7766 6787 7092 6351 6463 6871 6062 6504 7300 6458 7314 6552 5775 6661 6225 7833 7487 7796 5839 7536 6641 6154 6088 7377 6965 7632 6097 6401
4607 6317 6554 5378 4575 6232 6044 6747 6581 5718 6366 5390 4701 5592 6155 4722 6271 5105 5093 4720 5039 4757 5681 5002 4932 5819 6338 6909 5507
7530 5943 5984 7546 6506 5662 6011 6189 5337 5757 7500 5586 6759 6110 6779 7315 6374 6139 6028 6585 7632 5461 5629 5718 6194 7600 5800 7362 7559
2809 1372 2355 2197 1377 2803 1508 2960 3099 3633 1519 3613 1884 1413 3478 1707 1598 1557 3558 1739 1738 1801 2718 1529 2211 2008 1846 1860 2148
3149 5778 4803 6429 4915 2475 4442 2036 7597 1924 4316 7213 1534 6718 4691 3086 5153 4749 5953 4335 3860 5345 4661 3799 4768 1187 7693 4134 7503 6017
3725 5165 2882 6697 5515 1927 3954 1613 5924 2337 4726 8775 1169 6760 4942 3136 5612 6051 6433 4080 3231 5702 3891 4074 4374 3218 7676 5699 6500 4975
2300 6457 3992 6138 4755 3126 2593 3661 8150 1713 5907 6685 1499 6163 3645 4132 4666 6528 6062 4027 4361 5024 5076 4139 4350 1144 6387 4445 7967 6804
3605 7048 4175 7192 4103 1255 3521 3660 8056 1707 5844 7425 1670 6721 3419 3840 4878 6393 7564 3321 4162 5711 3478 4074 3994 1506 6175 5646 6316 5443
4364 6352 2506 5725 4997 3337 3886 3474 6134 2121 4847 8772 2447 6834 4445 3355 5257 6273 6443 5035 3538 4317 5196 3056 4507 2148 6392 4949 7507 5995
2573 6765 3064 5373 4168 1216 2210 1647 6982 2196 4038 8636 2730 5635 4114 3181 5112 5981 7143 3439 4557 4697 4452 5123 3598 2190 6453 4099 6842 7132
3506 7014 3190 6502 3676 2766 4204 3176 7602 3171 4229 7766 1155 6091 3370 3723 5510 6388 7834 3515 4839 4285 4260 3317 4752 2767 5963 4863 6917 6542
3907 6382 4700 7211 5104 3184 3602 2513 6844 2702 4534 7170 1274 5460 4350 4961 4637 6214 7899 3530 4372 4787 5493 4169 3253 1155 6886 5277 6752 6324
4200 5325 4358 6320 4022 3111 3129 3475 7438 2443 5222 8112 1202 7128 4043 4987 4184 5601 6869 3959 3309 6279 4671 4952 3230 2918 6598 4216 6151 5089
2440 6782 3411 7027 4815 1986 3117 3676 5933 3121 4399 7293 2354 5596 4339 3484 5723 6645 7133 3535 4061 5103 4373 4225 3212 2357 7349 5058 6487 5126
3789 6615 4318 5633 5301 3371 4225 2119 6148 2297 4400 8777 2964 6890 4769 3462 5870 6664 6058 3321 4697 5480 5061 4726 4652 2744 7544 5453 6419 5399
3574 6213 2916 6105 4609 1594 4107 2614 8234 3764 3944 6895 2690 6695 3716 2995 4252 5304 6773 3913 3400 5439 3188 3135 3136 2204 5933 6469 7729 6721
3782 5018 3913 7127 5466 1138 2168 3095 6875 2028 4882 7198 3236 6449 2832 3295 4655 4798 6359 3471 4941 5909 3339 4239 3815 2256 6800 4230 5780 5355
3626 6617 4649 6952 3652 2477 4209 3017 7590 1543 5905 7115 1779 5900 4225 3166 4871 6028 6078 2678 3075 5187 3399 4494 3327 3378 7515 6087 6322 6460
2319 7181 2987 6825 4352 1381 3826 3226 6430 2676 5371 8544 1598 7716 3676 3727 4825 6247 7528 4790 3068 6514 4503 5123 4089 2429 6078 5438 7033 5703
2902 7110 2602 6856 4423 2315 3335 1633 7250 2762 5551 8452 2719 7751 3859 3752 5184 5257 7538 3483 2977 6017 3493 3229 2911 1842 6009 4790 6872 7104
3103 7409 4520 7409 4945 1822 3949 2894 6080 3865 4775 7942 3505 5923 4895 3168 4545 6302 6521 4160 5157 4461 5355 3016 3314 2661 7806 4413 6532 6856
3347 6728 3537 7232 3592 2463 3121 3541 6714 3236 3814 8266 1795 6199 4171 3337 6419 6449 6318 4472 3928 6396 5407 4357 2959 2176 5878 4862 6970 5915
3622 5476 2859 6515 3474 3062 4015 3531 6232 3060 4487 7268 2598 6274 3556 4715 5475 5026 6390 4068 4577 5318 4342 4612 4006 2630 5954 5853 7538 5782
2622 5302 3642 6216 3728 1291 2257 1378 6490 2655 6181 7754 1664 7326 4877 3935 6373 5002 6839 4389 2918 6383 5140 5057 4482 1335 6553 6216 7626 6560
3991 7236 3503 6892 3714 2218 2491 3328 7615 1549 3814 8311 2269 7622 4919 4008 4566 6506 7573 3879 3886 4589 5423 3252 5141 2679 5690 5926 8172 4898
4602 7166 3282 5941 4142 3191 2833 1432 6810 2508 5507 8664 1234 7690 3397 3386 6016 5287 6197 4630 3288 5660 4262 3849 3074 1697 5871 4640 7253 5887
3774 5371 4632 5763 5153 2356 2426 3680 7082 1896 4044 7139 1503 7316 4897 2968 4274 6850 7617 2868 3862 4567 4771 4991 5115 2997 6041 5994 6178 7037
3419 5876 3310 5728 4846 2461 2521 1821 6856 1505 3835 8127 1428 5418 2956 5159 5439 6374 5741 5045 3908 5636 3350 4773 2969 2878 5513 4792 7052 5468
2837 5394 3177 5996 4909 1390 3884 3481 6073 2700 3800 7795 1595 7035 5058 3836 4872 7010 6500 5045 3017 6335 4259 4689 3621 1584 7133 6469 6103 7025
2620 5550 3595 6785 4821 1748 3302 2374 8305 3241 5290 7607 3360 6246 4555 3675 5821 4719 6505 3655 5040 5850 3889 3146 5130 2683 7583 5088 7383 6637
3565 5139 2780 7270 4823 2090 2877 1719 6686 3823 4999 8626 2087 7504 5064 3013 5775 5674 5629 3052 3802 4273 3992 4823 4906 2307 6609 5544 6343 5770
3060 5549 4739 5514 3379 2233 2515 3020 8314 2178 6034 8607 1408 5807 3348 4487 5944 5309 7619 3909 3507 6308 4254 4284 5069 2357 7818 4948 8025 5520
4430 6895 3967 6861 5454 2684 2872 2227 7479 3043 5097 7045 2391 7750 4409 3040 4296 5394 6568 2903 4333 4843 4876 4124 3071 1629 7657 4773 7662 6203
6 20 23 7 85462 1
8 23 12 9 58098 1
19 9 2 7 53987 1
13 5 24 12 38283 1
16 17 12 28 41147 1
19 15 28 1 61207 1
18 13 3 6 63147 1
5 11 16 2 56982 1
14 4 25 9 39542 1
19 18 11 1 63140 1
12 9 23 17 61204 1
16 13 5 3 63452 1
24 7 19 25 57265 1
18 2 27 13 47351 1
11 7 2 15 50290 1
7 25 22 21 55503 1
2 10 3 23 60415 1
2 27 23 13 97991 1
26 11 20 19 43206 1
7 21 21 18 65386 1
20 25 4 23 44907 1
5 17 0 23 44540 1
24 18 4 19 81933 1
11 0 2 12 56525 1
11 16 7 25 40495 1
5 2 23 8 64994 1
28 25 6 23 59511 1
26 28 3 26 72521 1
25 3 14 24 84525 1
11 7 26 6 43010 1
24 0 0 19 113755 1
17 14 11 26 52795 1
27 9 20 13 27976 1
24 10 2 29 112670 1
22 22 0 22 75899 1
20 22 23 29 47925 1
18 17 4 15 57932 1
5 17 26 17 85276 1
25 16 15 13 36402 1
26 25 15 25 25162 1
10 8 29 29 89572 1
18 3 28 0 44019 1
0 14 2 22 38514 1
3 1 12 21 89084 1
13 26 6 20 41328 1
17 1 26 4 40061 1
17 6 1 8 55260 1
1 27 4 7 88293 1
19 16 26 9 31810 1
1 7 26 15 81742 1
26 21 4 0 110959 1
12 17 23 19 48494 1
2 23 25 13 93115 1
6 3 29 10 76579 1
26 28 11 20 62890 1
7 5 6 28 93908 1
14 12 22 6 34622 1
17 29 8 5 96807 1
28 29 23 0 89717 1
6 27 28 18 83513 1
7 13 29 0 80848 1
17 23 21 17 34982 1
22 11 24 22 44655 1
21 25 29 8 56927 1
0 13 0 0 49868 1
2 25 8 18 40909 1
19 8 6 14 49520 1
8 21 17 18 47088 1
25 23 4 19 75103 1
1 19 23 3 113137 1
5 28 25 7 109951 1
15 10 17 2 32481 1
26 21 11 0 89844 1
1 14 14 7 56369 1
1 29 28 4 139204 1
3 7 27 19 92552 1
22 3 22 19 68987 1
6 25 5 0 103467 1
12 14 16 20 31204 1
22 14 8 8 58476 1
17 14 4 26 69501 1
18 9 4 21 78268 1
13 8 4 19 63399 1
28 2 16 8 49007 1
3 1 24 14 88559 1
3 27 18 0 116006 1
15 20 2 13 59984 1
15 27 0 25 46340 1
8 18 17 11 52235 1
5 0 26 18 97497 1
26 2 3 9 75593 1
26 6 11 28 98415 1
29 2 2 24 117578 1
6 25 28 18 74330 1
20 10 2 12 48276 1
5 12 24 8 53473 1
6 10 6 21 49923 1
4 19 20 20 62115 1
26 22 22 12 36911 1
1 11 28 1 97945 1
0 14 13 26 73684 1
23 22 1 7 106188 1
9 8 5 24 72514 1
28 4 5 20 107034 1
20 13 28 11 25071 1
18 10 13 18 49710 1
28 28 23 17 57252 1
26 8 13 15 55542 1
10 18 1 6 65433 1
28 14 10 12 49066 1
1 14 25 23 93574 1
6 18 15 11 53717 1
26 7 6 25 92874 1
9 26 21 26 39246 1
20 8 4 6 49785 1
22 14 5 18 80980 1
22 23 23 12 47345 1
29 16 18 10 36788 1
18 9 28 16 42133 1
5 23 5 2 90851 1
7 4 20 18 71454 1
29 25 22 4 68454 1
3 12 29 11 58268 1
26 14 28 22 34873 1
25 9 10 14 47246 1
23 10 11 27 80987 1
19 23 1 3 102034 1
8 25 17 23 28488 1
6 19 19 25 54671 1
10 3 6 26 89323 1
27 1 22 9 40243 1
1 7 6 16 51142 1
13 9 22 28 83969 1
8 28 1 18 58806 1
14 18 19 28 45127 1
14 28 24 20 57638 1
7 26 0 4 96572 1
25 2 28 29 77509 1
23 3 27 22 74835 1
15 25 23 6 67461 1
21 4 11 3 34356 1
19 1 21 26 70764 1
29 12 18 19 42828 1
5 12 18 12 29001 1
4 4 14 9 40854 1
17 10 0 0 73944 1
4 28 3 8 84157 1
19 5 23 12 23335 1
20 22 9 22 46139 1
23 8 9 9 44066 1
25 20 10 26 52688 1
22 16 5 5 76100 1
27 26 24 18 37519 1
27 0 3 25 121012 1
28 24 17 25 31517 1
28 17 25 9 33002 1
14 2 26 14 55115 1
20 20 22 0 65667 1
26 25 17 21 37688 1
9 0 26 23 96553 1
0 5 22 1 68349 1
1 28 17 24 61331 1
4 4 1 14 51323 1
3 12 2 26 60668 1
28 6 25 23 58772 1
26 25 5 1 116671 1
11 19 5 2 75419 1
14 15 20 19 33972 1
10 23 29 6 92620 1
5 7 1 23 75763 1
15 21 18 4 62045 1
3 5 25 10 61558 1
20 5 13 26 71303 1
11 12 5 20 45750 1
0 6 26 3 73571 1
6 14 24 11 50836 1
20 8 11 29 85919 1
24 10 11 8 41551 1
0 11 14 2 66253 1
24 9 22 18 45709 1
2 9 20 0 68023 1
23 21 24 0 72594 1
18 25 0 26 43690 1
17 25 24 28 29553 1
0 12 22 6 62325 1
1 19 7 23 36570 1
23 25 0 4 107064 1
13 8 0 14 47918 1
14 25 3 9 74179 1
18 16 23 1 62448 1
11 29 16 6 83203 1
0 1 28 22 120219 1
23 10 15 16 46101 1
5 9 24 20 78336 1
28 13 14 0 66589 1
16 18 27 24 51062 1
11 3 9 13 44046 1
26 18 16 13 42793 1
2 16 21 18 88456 1
24 26 25 4 67254 1
3 0 14 16 84342 1
2 4 20 23 96086 1
6 28 4 15 63201 1
18 14 16 24 36662 1
17 22 22 27 36002 1
14 22 4 7 73706 1
22 27 0 4 116909 1
9 23 6 3 81809 1
0 11 6 26 73038 1
17 3 25 29 89715 1
2 23 16 14 72733 1
16 10 3 27 86150 1
3 5 27 25 102999 1
22 12 7 19 58846 1
18 23 28 26 37531 1
9 27 1 13 72483 1
9 4 6 26 88726 1
4 27 16 20 49715 1
7 16 23 1 90224 1
4 12 13 4 46263 1
18 0 22 12 38674 1
21 24 6 11 77279 1
14 1 3 22 105104 1
9 24 26 16 72196 1
26 19 16 3 60542 1
6 7 20 11 57005 1
21 18 9 4 72633 1
29 22 28 11 28450 1
18 8 28 8 34629 1
7 21 13 9 54676 1
13 18 0 17 63107 1
18 3 1 10 64115 1
5 28 26 15 96597 1
8 2 26 5 50759 1
5 7 3 21 66999 1
27 7 14 11 47798 1
24 12 27 29 57357 1
20 11 16 0 44533 1
23 1 15 27 98613 1
15 26 0 10 83706 1
9 0 10 25 83331 1
12 14 5 11 28051 1
3 2 27 22 113418 1
28 3 26 13 42008 1
28 23 0 7 107124 1
29 29 20 27 39631 1
16 27 8 12 63232 1
8 24 14 7 70155 1
2 16 9 23 54211 1
21 24 14 5 69077 1
27 4 1 21 117357 1
18 0 28 19 70544 1
10 11 3 17 38491 1
3 19 25 13 78262 1
2 1 1 17 73910 1
26 19 18 29 51965 1
4 15 21 5 65385 1
7 21 9 7 56136 1
21 17 3 22 81026 1
7 17 22 0 88024 1
23 25 4 26 48927 1
2 28 24 16 99465 1
25 8 8 21 82063 1
3 20 13 23 49344 1
23 29 3 23 82731 1
15 27 25 18 53401 1
8 20 4 5 68760 1
3 12 17 26 75551 1
16 13 0 17 53998 1
23 11 22 24 55587 1
24 1 19 18 62763 1
6 1 13 9 48035 1
8 27 29 6 100628 1
6 29 28 7 115901 1
24 1 25 25 73808 1
1 22 15 11 77950 1
10 26 23 17 67674 1
2 14 22 20 79420 1
20 13 1 21 85637 1
8 22 13 0 87778 1
6 29 8 19 47347 1
18 16 29 23 53923 1
16 15 9 10 34611 1
20 17 4 6 74635 1
0 3 21 6 57664 1
3 12 22 28 95187 1
28 29 15 8 86802 1
19 13 23 19 31998 1
18 0 26 8 43323 1
27 23 28 12 33990 1
16 1 19 10 29959 1
3 12 17 11 36316 1
3 9 19 18 64742 1
14 26 21 29 39054 1
24 17 2 20 98168 1
14 22 21 18 41139 1
18 12 26 26 58124 1
29 5 12 12 55304 1
18 29 13 0 96674 1
28 28 9 4 101706 1
17 24 25 6 67764 1
25 9 2 20 93493 1
15 29 2 0 132369 1
4 12 11 3 48216 1
3 12 16 13 31646 1
28 22 11 22 62066 1
23 8 2 22 105600 1
24 11 12 4 45132 1
4 29 12 20 48577 1
29 16 1 10 79269 1
2 27 2 14 64085 1
12 3 11 29 84053 1
9 21 2 8 61373 1
22 16 23 4 57866 1
7 28 16 13 65435 1
1 27 9 17 56765 1
3 12 18 24 68839 1
23 3 6 7 62977 1
10 15 25 15 49675 1
10 27 0 0 112344 1
9 16 19 5 55484 1
8 20 9 4 63303 1
28 1 20 17 71284 1
0 18 23 16 91583 1
6 17 0 24 53633 1
9 7 4 25 75821 1
8 27 18 25 32589 1
28 25 25 6 56113 1
22 12 6 10 44997 1
26 14 18 17 36808 1
18 28 1 11 91655 1
7 0 12 21 76890 1
19 2 9 26 87276 1
26 10 14 24 69332 1
9 26 1 24 27688 1
1 3 26 22 115595 1
17 18 23 28 58735 1
6 17 2 9 47662 1
0 25 14 10 79487 1
0 28 5 22 34876 1
15 14 19 8 28582 1
2 3 20 14 80267 1
26 27 10 11 81477 1
5 9 29 8 67061 1
19 20 22 5 45014 1
3 16 19 9 60973 1
26 18 23 4 54193 1
7 4 21 27 96538 1
5 25 3 12 54626 1
27 0 29 8 24871 1
20 27 25 21 34356 1
24 29 5 8 114201 1
2 29 7 19 56245 1
18 9 2 19 78361 1
26 12 0 19 79824 1
3 1 25 14 85760 1
24 25 11 25 31162 1
3 26 7 13 58829 1
13 24 2 17 65635 1
10 17 0 4 66272 1
20 13 1 11 51940 1
29 20 1 7 96846 1
15 5 7 3 24750 1
21 5 14 28 81599 1
16 3 14 27 79689 1
4 12 18 10 41849 1
27 10 8 28 97564 1
12 12 0 20 52723 1
4 12 10 24 51698 1
25 28 6 16 87836 1
3 25 21 5 90854 1
21 5 5 3 48514 1
29 0 5 7 71030 1
4 25 14 28 38609 1
2 19 24 1 116925 1
0 6 22 20 95966 1
24 15 4 18 80912 1
21 1 4 12 71819 1
18 1 25 11 42979 1
4 0 6 24 105365 1
11 22 5 28 41666 1
2 29 9 17 64075 1
28 2 1 4 80853 1
12 26 22 12 58688 1
5 22 27 23 74302 1
23 25 15 15 48062 1
1 28 2 8 89453 1
1 18 20 4 91684 1
2 29 7 21 48688 1
0 1 27 4 80586 1
14 24 23 12 55695 1
5 6 13 18 63627 1
16 4 0 20 86177 1
10 18 25 5 72538 1
10 2 29 11 65519 1
5 7 20 10 52956 1
9 9 5 24 67887 1
8 21 23 19 64943 1
9 4 9 26 80296 1
6 20 7 0 81517 1
21 3 6 20 93664 1
21 3 2 18 99135 1
14 9 0 0 63256 1
15 24 22 28 39814 1
4 29 28 7 118646 1
25 23 26 5 54327 1
4 18 23 12 66652 1
1 1 20 15 93006 1
12 22 23 0 91302 1
14 23 7 15 51450 1
19 6 7 7 36274 1
8 13 14 8 31066 1
23 28 10 2 108946 1
24 18 6 8 80509 1
20 16 28 8 49521 1
15 29 9 17 62750 1
19 20 26 28 40389 1
19 22 25 12 35312 1
15 21 5 12 55985 1
23 2 11 19 82648 1
21 9 17 24 50271 1
8 5 9 28 85554 1
7 24 19 6 81018 1
13 10 20 1 48928 1
22 13 6 10 51000 1
11 21 22 7 67740 1
10 22 26 23 51308 1
4 0 21 20 99247 1
12 12 8 26 51525 1
20 6 5 2 48389 1
15 11 6 24 69519 1
1 29 11 23 51818 1
12 20 3 0 88522 1
23 13 0 29 106367 1
16 17 11 3 54994 1
13 3 1 16 77237 1
26 18 17 25 45797 1
24 20 12 22 50472 1
14 21 9 8 60274 1
10 21 7 8 51095 1
5 22 15 26 46770 1
1 23 2 0 98049 1
19 7 22 23 52982 1
6 9 23 25 84068 1
1 12 17 3 64173 1
16 18 23 4 59521 1
0 0 8 9 51985 1
7 27 3 14 60359 1
8 20 2 27 43693 1
21 17 29 23 48746 1
13 28 16 18 44212 1
0 18 5 1 79852 1
21 5 28 14 44994 1
17 16 6 19 49680 1
2 3 27 22 115002 1
27 10 20 21 54887 1
27 4 11 27 98573 1
22 27 7 7 98575 1
26 9 24 23 47682 1
8 17 28 21 88536 1
6 9 14 29 86304 1
22 6 22 29 83816 1
2 9 6 2 38525 1
28 27 16 6 79886 1
28 22 22 10 51598 1
22 1 16 26 85188 1
19 12 11 5 32917 1
11 28 2 6 99933 1
2 28 26 9 110235 1
4 27 3 14 54037 1
12 28 6 15 59304 1
4 6 13 4 30889 1
6 20 2 10 54294 1
27 22 24 9 47359 1
22 26 15 12 56631 1
19 8 28 27 65144 1
21 1 8 13 67524 1
17 21 4 29 61309 1
11 28 24 12 74158 1
12 22 21 6 66002 1
8 8 23 11 55035 1
19 19 0 27 64287 1
27 17 19 29 58238 1
3 10 28 27 100952 1
16 16 4 5 62462 1
21 19 11 29 57827 1
22 27 17 22 36002 1
17 17 27 5 58897 1
12 24 24 13 63786 1
18 26 14 14 49295 1
17 8 12 15 34792 1
18 25 0 17 71200 1
21 2 15 27 84030 1
21 8 29 3 33497 1
3 10 26 21 86620 1
28 5 11 11 58623 1
24 1 20 18 69602 1
22 17 14 24 51808 1
8 25 10 3 79182 1
1 21 23 10 99771 1
11 2 29 4 49353 1
0 12 1 23 45079 1
3 4 7 20 71367 1
24 6 0 21 101381 1
19 17 19 1 41517 1
23 29 12 16 77322 1
9 22 12 6 60756 1
9 14 22 17 61277 1
23 9 17 24 54675 1
3 22 16 8 80042 1
7 1 4 28 110680 1
20 2 8 15 66432 1
1 12 9 15 25046 1
25 26 3 8 102339 1
27 11 18 9 30946 1
12 6 10 27 68322 1
26 12 12 29 75712 1
2 24 4 4 87826 1
3 11 12 18 43233 1
18 6 3 19 83336 1
28 23 2 26 74055 1
28 5 7 21 96879 1
3 25 27 21 70858 1
24 7 5 26 98195 1
16 20 24 9 49942 1
27 16 23 8 38404 1
20 17 7 27 60146 1
0 14 23 20 83613 1
11 26 22 15 59224 1
18 4 16 24 64509 1
22 29 21 10 75671 1
25 7 11 12 45584 1
18 18 3 3 85681 1
12 26 22 7 71966 1
18 21 14 15 35324 1
14 5 3 28 100250 1
0 21 24 29 87488 1
18 24 9 9 68177 1
8 9 16 28 78252 1
21 16 7 13 54197 1
1 12 6 1 59254 1
17 9 0 13 47976 1
22 6 22 18 58777 1
29 7 18 11 41362 1
9 17 27 14 64985 1
29 28 15 24 41522 1
18 17 27 2 63608 1
17 13 26 16 36883 1
5 15 16 11 42639 1
12 15 1 15 41256 1
10 26 17 8 70958 1
27 8 8 21 91806 1
4 6 19 26 90476 1
25 1 5 25 107770 1
14 29 11 20 40582 1
29 13 0 10 68355 1
28 9 15 23 70948 1
19 13 9 9 38643 1
22 1 21 10 42594 1
15 5 5 29 105127 1
21 24 7 24 42412 1
18 28 10 25 31479 1
2 0 21 3 73696 1
2 14 24 0 94663 1
9 29 26 0 120112 1
27 12 6 18 73540 1
20 9 29 28 60331 1
25 11 16 22 48257 1
25 0 1 19 115253 1
20 22 24 5 58941 1
10 13 3 6 43642 1
2 3 5 10 40208 1
26 3 16 14 56361 1
8 2 15 6 32360 1
9 7 3 1 41109 1
22 8 2 12 58389 1
24 13 24 26 48605 1
11 4 23 3 46479 1
19 1 0 12 67423 1
9 20 19 24 41363 1
18 9 7 2 50062 1
23 1 27 18 70502 1
16 13 23 22 52949 1
27 11 1 6 84549 1
2 7 8 26 85120 1
19 27 11 12 56731 1
12 3 21 29 91643 1
6 26 12 14 51148 1
23 22 28 2 73907 1
22 8 10 0 51579 1
26 9 5 23 98652 1
6 15 19 27 72144 1
23 25 10 16 59407 1
3 17 24 11 70122 1
12 7 23 18 69109 1
17 28 18 19 37144 1
12 13 25 19 47707 1
27 23 6 0 112989 1
5 29 27 15 105579 1
19 5 13 0 30243 1
23 23 3 13 86623 1
24 29 3 8 116702 1
9 1 15 9 38154 1
26 29 8 29 72759 1
19 8 5 4 44296 1
20 5 24 26 68419 1
8 0 6 17 75399 1
13 17 5 12 35356 1
12 21 8 7 53687 1
22 29 25 16 55612 1
16 27 29 11 66815 1
29 1 6 16 94730 1
6 28 4 6 96573 1
29 28 13 19 62750 1
7 25 25 12 71762 1
6 27 6 10 72793 1
7 2 13 26 89394 1
12 9 5 3 42840 1
15 4 27 10 50208 1
14 21 19 8 55591 1
18 6 21 24 60210 1
7 24 27 14 86410 1
2 24 20 4 100445 1
11 2 18 15 56631 1
29 11 10 16 57680 1
18 2 7 20 86008 1
26 21 14 8 69452 1
27 8 5 5 60771 1
13 23 24 21 53592 1
13 16 3 23 59794 1
4 24 18 11 80522 1
19 14 7 26 58634 1
3 22 28 13 100761 1
25 10 12 12 32247 1
9 21 2 14 48842 1
12 10 27 14 46709 1
13 11 7 16 34980 1
22 19 2 5 88988 1
0 3 16 4 47264 1
14 2 28 15 65614 1
27 2 28 29 74766 1
11 29 7 6 88865 1
10 20 25 9 67358 1
7 25 22 3 98337 1
2 25 16 20 44495 1
1 29 25 11 109229 1
26 22 8 9 79575 1
7 13 26 9 53880 1
8 10 8 28 70061 1
10 0 2 27 108699 1
19 6 10 21 67826 1
9 12 22 18 61608 1
29 26 6 25 55671 1
6 2 11 14 57627 1
27 17 28 4 46749 1
29 9 5 2 76325 1
22 5 10 6 29735 1
29 16 13 16 60351 1
2 15 11 13 37643 1
26 7 0 22 106010 1
16 23 28 28 48333 1
6 17 24 26 81443 1
19 13 22 0 44689 1
22 18 17 29 55315 1
21 22 1 29 82232 1
25 11 25 28 46047 1
28 21 0 25 78158 1
25 9 13 12 31969 1
20 18 16 24 31893 1
2 5 26 26 111795 1
1 21 25 9 97347 1
20 17 15 2 53372 1
12 28 9 16 44620 1
29 6 28 18 34537 1
17 7 1 2 59336 1
8 28 5 5 93524 1
2 0 6 21 99721 1
15 11 24 26 67014 1
12 18 29 6 70819 1
8 13 7 4 36270 1
21 29 8 18 74691 1
23 22 0 19 91871 1
23 4 15 16 59796 1
25 23 16 21 37117 1
20 24 4 20 59769 1
2 16 25 21 92598 1
10 20 2 25 32031 1
15 16 6 2 72662 1
18 23 7 16 60155 1
26 27 5 22 71117 1
18 21 9 17 46864 1
24 21 4 15 83341 1
16 7 19 22 47892 1
29 11 25 27 43931 1
23 29 25 18 44168 1
12 21 4 9 55855 1
27 13 26 24 46266 1
29 15 20 6 42797 1
18 20 17 1 62406 1
18 0 21 20 61960 1
12 18 10 26 26742 1
14 25 26 8 72777 1
15 17 27 17 60310 1
3 4 26 2 66217 1
18 16 10 8 47361 1
22 13 10 27 73537 1
0 28 16 25 47388 1
20 6 23 16 46624 1
14 28 13 2 93345 1
20 27 8 20 52807 1
7 27 25 2 107351 1
6 23 1 2 100649 1
6 25 3 3 94931 1
26 21 6 0 104022 1
2 7 9 27 86803 1
21 2 19 26 66651 1
13 18 17 29 51782 1
7 12 10 5 29719 1
7 24 17 12 65057 1
28 7 16 7 32199 1
22 19 27 0 72319 1
24 4 4 5 52214 1
14 29 2 20 68648 1
28 17 13 29 79086 1
29 12 9 20 71657 1
24 12 12 20 49639 1
28 27 4 1 122540 1
26 12 15 0 54016 1
28 23 16 25 37477 1
14 5 29 15 53422 1
13 7 17 20 53342 1
21 4 13 17 63171 1
26 5 3 15 80371 1
5 4 0 25 92897 1
22 17 27 23 47396 1
21 23 14 1 78893 1
20 26 14 8 70157 1
24 10 0 20 87071 1
14 6 24 5 28235 1
15 2 21 14 48835 1
9 1 24 24 98148 1
1 8 10 2 45980 1
26 15 25 29 42818 1
17 5 26 9 30888 1
8 5 23 15 64619 1
24 28 7 22 64483 1
9 3 23 16 76266 1
19 1 29 6 35305 1
18 9 12 29 73075 1
25 29 21 1 94010 1
7 2 19 11 53422 1
18 9 18 28 56396 1
25 8 10 28 87528 1
19 9 4 10 46405 1
24 27 25 7 63036 1
29 24 25 7 48884 1
29 23 7 13 74794 1
6 29 22 14 89859 1
20 8 24 0 41148 1
15 13 12 24 43865 1
13 6 8 24 70071 1
27 19 21 25 34556 1
16 14 8 3 55975 1
6 2 5 26 102548 1
23 24 18 19 33805 1
1 1 5 28 124403 1
12 26 20 11 61880 1
29 18 6 12 59445 1
28 23 24 29 34224 1
26 26 26 15 42107 1
1 29 29 5 132733 1
18 25 19 5 52614 1
16 19 21 7 46471 1
16 24 8 12 53290 1
7 23 27 11 89526 1
16 18 26 16 51403 1
24 14 14 29 80761 1
26 28 6 26 66455 1
1 9 0 0 36072 1
21 20 16 9 45970 1
6 12 29 10 52940 1
12 15 12 25 28816 1
2 22 10 7 78244 1
0 4 7 14 52611 1
15 26 29 29 46878 1
20 15 27 11 33402 1
4 29 24 26 69694 1
16 26 28 26 38978 1
16 3 3 11 58815 1
4 12 13 17 37803 1
20 16 9 6 58605 1
29 15 8 17 71796 1
19 11 14 20 39800 1
26 12 10 11 39153 1
0 1 0 15 55565 1
0 12 27 9 64957 1
0 15 12 29 74523 1
20 8 29 28 66859 1
12 3 11 28 80733 1
22 5 17 15 40354 1
20 20 21 8 41350 1
20 7 3 12 49401 1
3 1 7 12 55371 1
18 9 2 12 44737 1
7 14 13 28 65260 1
17 21 16 10 38028 1
17 14 0 19 69946 1
1 28 24 22 87085 1
14 24 23 13 63569 1
2 10 10 19 46975 1
23 17 11 9 64968 1
12 29 7 19 45752 1
8 25 6 2 91523 1
27 27 8 7 103635 1
2 17 25 0 108272 1
10 25 24 24 38259 1
13 14 7 3 50647 1
24 4 21 25 70989 1
3 18 29 11 85298 1
26 20 1 15 91179 1
3 29 7 16 61839 1
12 16 15 1 59628 1
16 19 21 13 39223 1
10 1 19 10 42867 1
13 12 3 15 35057 1
21 20 1 20 79054 1
24 18 21 10 37458 1
27 27 22 14 60617 1
9 1 13 7 28568 1
19 4 9 26 82586 1
13 18 19 24 39341 1
19 16 8 3 62437 1
4 6 25 29 111858 1
24 26 3 2 117811 1
10 20 8 5 56626 1
20 16 11 6 54735 1
11 18 3 20 39077 1
17 29 24 1 101767 1
8 26 22 20 52949 1
19 29 5 15 82578 1
8 20 23 12 62697 1
21 4 4 8 56212 1
4 1 17 0 48304 1
13 16 16 1 57825 1
5 23 16 12 70056 1
8 19 12 13 32278 1
23 27 2 2 128867 1
13 4 27 28 101992 1
8 27 1 22 37439 1
13 7 29 1 50418 1
6 7 7 17 41442 1
15 0 1 14 82052 1
16 17 15 8 33861 1
9 7 13 21 56121 1
9 5 4 15 46949 1
5 5 15 22 78802 1
25 13 15 21 51632 1
13 15 5 5 50552 1
2 21 11 8 73836 1
19 8 27 28 77001 1
28 29 9 20 76001 1
1 6 0 18 50873 1
29 9 23 17 43650 1
19 14 5 24 66095 1
14 16 26 27 65557 1
20 26 29 23 30767 1
16 10 1 17 62219 1
26 15 23 8 30669 1
26 27 6 7 105256 1
11 11 7 5 34083 1
21 21 12 16 50421 1
19 27 23 18 39934 1
20 16 3 29 87091 1
20 0 11 7 40894 1
12 29 4 4 95603 1
20 12 15 3 38222 1
24 16 7 28 82463 1
25 6 8 11 60173 1
0 9 24 9 58779 1
16 15 8 5 48618 1
23 6 2 22 107363 1
13 20 29 29 60052 1
10 15 22 11 45597 1
13 20 12 6 48188 1
9 10 29 13 54053 1
17 23 22 1 78494 1
19 14 2 28 82561 1
21 16 17 23 37831 1
22 21 13 12 52180 1
20 11 23 26 57856 1
8 17 8 28 46382 1
10 3 18 26 83629 1
0 2 7 13 55858 1
7 23 11 2 84549 1
19 12 2 29 95552 1
10 22 5 29 42574 1
23 7 19 21 45323 1
25 7 11 9 43005 1
5 16 10 10 37030 1
11 19 6 29 50729 1
25 5 9 2 44653 1
11 28 21 10 80322 1
27 26 7 22 63715 1
12 9 26 16 51848 1
1 15 6 20 40448 1
4 8 13 28 84518 1
20 8 0 18 78581 1
19 15 28 1 61207 1
29 4 19 4 26335 1
17 7 17 28 72276 1
27 20 0 5 99283 1
28 13 7 23 90620 1
7 25 15 21 36808 1
4 23 13 22 38051 1
20 9 17 16 32499 1
8 2 29 9 68136 1
19 27 27 18 47155 1
1 4 20 1 65437 1
23 3 6 16 91386 1
1 4 17 2 54212 1
11 10 25 29 84056 1
13 0 25 15 64002 1
9 2 28 10 68867 1
28 28 8 16 93674 1
22 3 3 16 89885 1
16 12 25 11 19287 1
10 25 4 1 99106 1
9 25 29 17 63674 1
12 5 24 18 62385 1
10 23 17 15 48418 1
6 26 13 0 99494 1
24 23 26 9 47682 1
23 15 13 16 41270 1
17 13 11 6 40898 1
12 0 21 8 44362 1
28 16 3 23 92537 1
2 2 22 1 78054 1
13 18 9 0 66733 1
15 24 5 16 62887 1
27 14 8 5 64219 1
5 8 8 22 65158 1
23 6 6 20 88170 1
18 0 19 20 55156 1
10 24 22 23 41230 1
19 20 14 7 48781 1
0 6 9 8 31664 1
23 17 17 6 57294 1
15 25 25 1 83372 1
5 29 5 2 118202 1
18 2 12 10 39076 1
17 27 9 10 74435 1
3 13 12 24 58464 1
5 4 28 0 74480 1
3 1 8 29 120251 1
16 4 20 22 58305 1
19 15 6 5 56272 1
20 28 6 24 52359 1
5 19 17 6 74156 1
6 8 0 20 60293 1
15 7 23 12 30576 1
19 22 12 8 54813 1
22 16 28 12 31902 1
20 27 14 20 36677 1
2 2 22 16 98889 1
5 16 17 25 66806 1
26 22 16 22 41277 1
7 2 20 22 85463 1
20 4 26 26 79215 1
28 22 5 3 105958 1
29 22 16 28 46692 1
22 9 2 8 55843 1
22 5 10 11 47996 1
28 25 1 2 121721 1
24 2 13 7 46162 1
4 15 16 10 44613 1
11 8 1 4 42088 1
21 27 2 18 86027 1
5 9 16 19 57899 1
1 27 27 29 90859 1
11 26 8 3 85506 1
18 4 28 2 38130 1
26 3 27 17 56470 1
14 13 0 6 57279 1
19 6 28 20 55032 1
18 23 20 14 31548 1
15 10 28 23 67003 1
6 22 20 28 58730 1
29 25 14 15 65227 1
24 15 29 8 32347 1
11 13 18 6 41138 1
2 12 24 2 78587 1
7 26 2 10 71332 1
12 3 26 19 66961 1
0 26 23 4 113733 1
1 23 8 18 46314 1
5 7 26 19 82366 1
15 18 7 7 63872 1
19 16 1 2 84816 1
14 9 15 23 51052 1
28 0 14 23 101468 1
