8359 8422 7841 8835 7658 8145 7495 8478 8729 7571 8754 8070 8040 8575 8754 8858 7477 8428 8643 7928 7865 8818 8426 8353 8264 8662 8760 8657 7887
4396 4432 3574 3461 3684 3557 4015 3324 3582 4003 3663 3359 3287 4417 3861 3553 4503 3248 3441 3700 4340 4285 3285 3878 3979 3731 4448 4000 3873
6428 6151 6042 6198 5127 5813 6438 5125 5980 5457 6439 5694 6213 6032 6512 6147 6065 5221 6108 6297 5480 5401 6200 5281 6074 5925 5543 6107 6006
5731 6104 6150 7121 6324 6857 5744 6869 5868 6585 6918 6618 6960 6581 6366 5850 7055 6693 6933 6371 6702 5918 6290 6989 5723 6435 5707 6074 6873
5126 5852 5475 5575 6179 4972 6002 4821 5044 6001 5339 5939 4948 5247 5171 5315 5477 5833 6022 4984 6015 6112 5575 4806 5220 5424 5550 5561 6223
6624 6511 6647 5993 6316 7068 6152 5916 6655 6196 6495 6966 6193 6501 6950 6597 6356 6236 5834 6948 6957 6079 5794 6944 5887 5994 6186 6993 6805
2305 2446 2739 2974 1628 2088 2581 1761 2183 2802 2032 2483 1886 2246 1657 2433 2409 2666 2395 2609 1623 2878 2962 2550 2770 1755 2526 2060 2549
7421 7316 6635 7755 6715 7344 7759 7713 7473 6974 7569 6517 7741 7260 7021 6560 7786 7360 6507 6997 7656 6911 7053 7231 7406 6817 6422 6945 6800
3787 2890 3811 3878 2982 3224 3171 3142 3407 3255 2761 3332 3471 3019 2988 3223 3631 3590 3492 4007 3225 3195 3244 3495 2819 3444 3092 2772 2763
7400 7082 7611 7936 7562 6850 7680 7629 7973 7731 7613 7289 7710 7191 7179 7936 7807 7522 7763 7548 7603 6799 6664 7407 7982 6995 8050 7594 6768
2465 1884 2009 1757 2568 2109 2068 1902 1300 2134 1692 1684 1738 2150 2346 2499 1888 2138 2436 1700 2283 2350 1956 1238 1375 1589 1684 1946 2233
2294 2285 3265 2311 2498 2952 2185 2809 2365 2252 2654 3028 3026 2867 2630 2983 2154 3177 3207 2885 2646 2454 3400 2173 2871 3495 2611 2686 2938
1902 3154 3046 2919 3190 2028 3140 3159 2237 1893 3116 2562 3166 2850 3188 2488 2226 3190 2316 2330 2975 3210 1844 2507 2265 2315 2198 2026 2912
6542 6000 7119 6493 6742 6036 6454 7165 6344 6893 6441 6622 7092 6198 5946 6619 7207 6912 6200 6613 6113 6419 7201 7141 7182 6567 6622 6182 7168
1611 2332 1412 1501 1574 1643 2113 2405 2095 2072 2314 1056 2428 2250 1804 2166 1553 1611 1495 1947 1234 1231 2048 1361 2351 1605 1547 1995 1808
6907 6802 6313 7338 7240 7318 6154 6737 6859 6699 7114 7030 6321 6970 7074 6567 6959 6315 6498 6153 6439 7131 6351 7205 7196 6392 6951 6463 6644
6540 6664 5865 5680 6395 5943 5816 5641 5854 5873 6902 6511 6481 5986 6495 5620 6435 5721 5835 5971 6018 5750 6083 5721 6867 5653 6567 6479 6291
6685 6476 6209 6199 6551 5761 5331 5524 5377 6306 6258 5649 5462 6102 5466 6001 6715 5592 6548 6065 5567 6421 5740 6444 6440 6101 6272 5810 6257
8475 7894 7814 7949 7640 8207 7644 7176 7679 8574 7989 8409 8221 7450 8359 7173 7231 8262 7506 7232 7798 7720 8594 7907 8211 8266 7416 8358 7361
2884 1784 2357 2041 1897 2817 2277 3070 1733 3061 2509 2253 3022 2824 1889 2636 1753 3034 2726 2018 1983 2312 2720 2046 2914 2406 2696 1948 2160
1703 2232 2192 2631 1468 1552 2734 2097 2778 1788 2264 2052 1832 2455 2545 2617 2164 1740 2822 2713 2398 2268 2703 2630 2172 2012 1501 2483 2090
7322 8513 7629 7861 7659 8262 7673 8508 7990 8530 7262 8238 7999 7468 7614 7923 7118 7666 7970 7282 7602 8373 7663 8203 7972 7607 7508 7197 8367
6741 7145 7994 6857 7571 7826 7480 7298 7184 6742 6714 6753 7049 7457 7270 7961 7256 6778 7419 7868 7324 6977 7749 7322 6863 7692 7661 6996 6839
7112 6408 6584 6869 7781 6658 6916 6477 6975 7793 7626 6964 7562 6536 7532 7292 7033 6813 6481 6714 6406 6941 6634 6740 7144 7744 6700 7407 7360
4349 3724 3690 4502 4470 3440 4667 3702 3781 4240 3511 4550 4044 4552 3392 4317 4064 3853 3967 4574 3905 3638 4704 4056 3555 4601 3619 4229 4320
6057 6393 6696 6089 5496 6106 6395 6062 5769 5548 5588 6005 6090 5424 6628 5775 6736 6451 5901 6016 5716 5711 6696 5669 6433 5778 6415 5523 6828
3251 2531 2068 2261 2817 2402 2246 2959 2564 2408 2448 1957 2854 2541 2859 2429 2769 2635 2244 2294 1987 3229 2044 2290 1994 2254 2138 3236 2707
3360 2931 2335 3080 3336 3666 3167 2534 3399 2332 2990 3423 2862 2673 3442 3134 2504 3431 3065 2866 2522 2311 3195 3059 2370 3647 3563 2985 3148
3932 2926 3852 4047 3330 3648 3515 3382 3532 2887 3960 3328 4043 4214 4004 4154 3652 3192 4045 3399 3692 3397 3859 3576 3347 3246 3980 4149 4184
3530 3407 3634 4268 3901 4201 3577 4418 4008 4608 4266 3667 4597 3428 3945 3996 4233 4442 4342 4032 3966 3491 3487 3994 4657 3694 4233 3675 3315
3580 1322 3208 8876 8004 4626 3969 4150 1965 7503 3053 2710 4110 4231 8104 6295 3873 5895 7512 4264 7369 7834 2959 7422 5168 3891 4182 6068 7393 6659
2895 1846 3233 8836 7967 3942 3263 3911 2259 6999 2111 2823 4313 4414 7549 5919 4814 6007 6919 4077 7554 7455 2360 7807 5223 4318 4039 6236 6683 6085
2997 1877 3961 8229 8471 4393 3451 4061 2251 6809 3206 3518 4196 4207 7042 6175 4704 5125 7324 3995 8199 7842 3192 8564 4602 5224 3961 7261 6769 6902
2683 1809 4284 8136 8355 4693 3603 4453 2732 7726 3262 3765 3459 4453 7631 5864 3714 5207 7153 4456 7762 8409 2235 7642 4642 4693 3298 6296 7039 6729
2682 2578 3844 7740 8513 4372 4277 4193 2150 7493 3070 3845 3971 4521 8149 5653 4368 5460 7351 3857 8215 8520 3117 7596 5395 5045 4303 6092 7011 7199
2845 2517 4164 8210 8288 4777 3745 4066 1364 7692 1983 4007 4248 3939 7507 5430 4877 6013 7096 4206 8019 7399 2148 7397 5477 4193 3855 7203 7139 6335
3486 2109 3233 8848 7455 4215 2965 4661 1962 7624 2754 3341 3424 4447 7445 5390 3647 4766 7641 4545 7299 7860 2759 7971 4267 4390 4032 6862 7343 6122
2663 2612 4354 7851 8008 3968 3658 4556 1350 8021 2320 3938 3442 3805 7020 6080 4610 5447 7491 4321 7170 7394 2841 8700 4144 4436 3951 6198 7216 7362
2642 2054 2993 8255 8069 4862 3473 3972 2735 7412 2248 3865 3576 3648 7469 6029 4072 5131 7570 3609 6901 8294 2118 8589 4416 3964 4584 6046 6764 6966
3575 2597 3220 7864 7249 4816 3775 4274 2104 7872 2807 3953 3638 3724 8129 5679 4599 6121 6567 3958 7122 7762 2498 8662 4658 5155 4328 6182 7058 7101
3257 1686 3678 7760 7321 3826 3598 4066 2639 7700 2020 3964 3446 3609 7193 5851 4677 5233 7628 3639 7172 8444 2210 7921 5467 5063 3480 7119 7298 6549
2624 1425 3961 8717 7319 4863 3712 5020 1733 8246 2904 3320 4456 4346 7031 5735 3460 5352 7612 4408 7154 7645 2954 7602 5528 5043 4617 7105 7113 7312
2315 2392 4193 7616 7477 4491 3987 4800 1629 7649 1960 3749 3341 3423 7982 5523 4036 6028 7898 4010 7763 7784 2957 7621 4593 4486 3539 6188 7460 6213
3024 1895 3527 8165 8491 3915 3971 3833 1427 7158 3070 3846 3938 4575 7725 6498 4272 5877 7036 4656 6999 8521 2879 7751 4132 5029 3937 6286 6695 7326
2659 1996 3003 8364 8575 4707 3118 4501 2043 7763 1917 3721 3512 4148 6944 5852 4416 4951 6963 3780 7285 8470 2464 8585 5462 4477 3404 6814 7241 7190
3218 2143 4067 7880 8501 3826 2993 4783 1633 8085 2489 3325 3120 4547 7268 6579 3580 5931 7077 4772 7059 8273 2930 7992 4967 4861 3402 6226 6644 7000
2714 1775 3639 7521 8504 4104 3991 3942 2511 7528 2619 4032 3314 4386 8120 6081 3754 5001 7005 3616 7851 7576 2332 8242 4981 3832 3880 6938 6666 6878
2574 2464 3013 7677 7711 3564 3514 4164 2703 7211 2385 2658 4061 4250 7624 6570 4030 6019 6847 3482 7128 7748 2206 8387 5487 4208 4668 6967 6718 6838
2662 2253 4030 7652 7744 4604 2964 4748 1812 7603 3117 2936 3883 4202 7439 5829 3879 4986 7655 4079 7373 8129 2338 8714 5207 5145 3592 6180 7414 7204
3383 1748 3326 8920 7635 3708 3419 4806 2052 7227 1936 2931 4518 3626 8221 6561 3679 6076 6598 3964 6983 7724 2796 8202 4517 4137 4315 7348 6230 7274
2511 1840 3640 7632 7371 4368 3298 4423 1906 7220 2226 2970 4426 3809 7630 5485 4167 5701 6788 3798 7156 8180 3185 8323 4847 4636 3922 6494 6635 6917
2515 1364 4097 8111 7546 3604 3674 3916 2053 7059 3310 2802 3880 4583 7845 5695 4786 5634 6999 4746 8212 7771 2120 7983 4751 4966 3361 6068 7254 6767
2555 2496 3758 7764 8361 4784 3013 4553 2519 6893 3081 3588 3616 3939 7224 6447 4476 5041 7806 4758 7041 7921 3180 8739 5180 4482 3970 6501 7346 7081
2981 2476 3978 8747 7708 3888 3092 4651 2502 7506 2542 3379 4460 3745 7146 6366 3962 5350 6694 4806 6967 7701 2672 8363 4602 4993 3636 6979 7355 6936
2797 1312 4044 7519 8242 3647 3578 4212 2667 7572 2902 4037 3124 3509 7210 5986 4832 4936 6749 4599 7396 7814 3138 8058 4127 4037 3511 6213 6420 7349
2737 1581 3863 7750 7663 4338 3782 4178 1650 7934 2461 3724 3198 4418 7645 6473 3732 4951 7251 3995 7068 7737 2018 7380 4257 4137 3730 6579 6575 6707
2958 1405 3359 8397 8669 3872 3131 4643 2406 7885 3035 2667 3982 4409 7590 5793 4285 5300 7340 3428 7119 8540 2341 8517 5531 4310 4293 7204 7488 6346
2365 2526 4321 8261 7752 4284 4115 4833 1986 6994 3111 3996 4305 4155 7785 5241 4653 5031 6520 4725 8091 7968 2787 8039 4831 4750 4103 6534 7347 7370
2447 1967 3854 7536 8367 4628 3997 3967 2670 8051 1903 2882 3596 4100 7529 5825 4670 5658 6998 3650 7033 8279 3276 8693 4773 4192 3329 6057 7390 7406
12 8 1 21 60263 1
22 6 4 9 48694 1
19 7 14 13 23737 1
12 17 24 9 52234 1
11 19 22 21 44123 1
25 12 2 2 83308 1
12 27 1 19 51886 1
28 7 14 17 51563 1
13 15 20 0 47579 1
2 29 22 0 121180 1
8 9 29 29 102262 1
22 7 17 20 53083 1
14 15 20 29 41894 1
22 18 16 29 63948 1
11 19 24 26 56247 1
28 10 20 14 31271 1
19 25 22 0 64547 1
29 29 29 19 38544 1
2 24 12 22 37553 1
15 8 2 28 85129 1
23 0 17 23 69706 1
27 26 6 11 87458 1
20 4 20 20 35621 1
25 11 14 13 38968 1
20 10 9 9 33920 1
24 13 12 11 44833 1
17 19 9 23 36742 1
21 11 1 24 82217 1
15 16 14 25 19247 1
1 9 5 29 68459 1
26 29 2 29 112368 1
20 9 12 11 24397 1
0 3 21 17 92202 1
17 10 12 26 42881 1
29 13 7 14 82968 1
19 28 14 21 28231 1
0 20 18 20 74200 1
10 2 3 9 32678 1
15 0 4 22 68497 1
13 27 22 28 48967 1
8 11 15 7 25584 1
27 5 1 22 96564 1
28 9 11 9 41129 1
29 1 15 26 78351 1
29 12 15 5 57551 1
17 11 22 22 39436 1
11 7 10 24 36980 1
15 21 27 10 62348 1
3 9 28 13 74120 1
24 7 10 10 36298 1
15 26 17 0 59207 1
4 15 18 3 72407 1
18 7 12 2 33353 1
9 0 2 8 35810 1
2 24 3 6 70442 1
5 8 3 24 53954 1
27 26 28 8 52485 1
17 25 26 11 63940 1
1 5 15 17 59920 1
13 6 4 18 60053 1
11 17 1 21 43693 1
26 19 5 2 87273 1
4 24 23 21 67354 1
20 29 14 16 39728 1
9 19 26 28 66626 1
3 5 14 5 42012 1
15 1 19 22 52502 1
17 28 8 7 70798 1
11 23 18 20 36128 1
11 29 3 23 41879 1
28 25 4 0 109605 1
15 28 1 15 79486 1
26 18 24 27 29196 1
28 14 11 23 74988 1
5 7 18 22 56594 1
1 12 5 4 41709 1
26 4 22 23 64399 1
10 25 14 12 33288 1
2 10 13 14 44340 1
0 2 11 19 67580 1
7 7 27 2 60379 1
15 1 15 21 47471 1
6 1 11 28 66942 1
3 12 0 5 38638 1
0 15 16 14 79076 1
27 25 23 10 48789 1
10 29 15 18 35891 1
25 28 10 13 82700 1
9 27 27 23 61939 1
4 1 11 11 36872 1
10 7 20 27 60670 1
18 11 26 28 61742 1
6 17 29 29 96296 1
9 0 23 2 37925 1
21 13 18 0 36723 1
12 1 25 19 75021 1
25 25 2 26 88514 1
14 28 27 26 53226 1
16 19 7 26 42985 1
25 19 4 22 69365 1
22 7 4 1 55392 1
14 27 10 2 54009 1
7 23 18 26 48229 1
15 1 10 21 48392 1
11 23 28 13 75120 1
0 29 3 19 54250 1
3 22 23 8 72714 1
9 8 17 20 48609 1
22 28 29 0 95229 1
24 21 3 25 73290 1
13 28 7 24 35963 1
17 29 24 16 65224 1
18 27 10 1 75769 1
16 11 5 15 45177 1
18 7 3 7 44242 1
1 29 23 19 97209 1
15 7 4 10 32523 1
26 29 18 15 58063 1
22 1 18 19 51210 1
7 0 29 8 64592 1
21 19 7 11 60460 1
23 22 11 13 51186 1
4 9 23 14 66472 1
17 22 8 19 32626 1
10 28 27 13 79563 1
20 22 18 9 40470 1
3 21 10 1 66269 1
20 11 27 24 50514 1
29 12 0 1 88382 1
10 21 10 5 32067 1
14 17 5 21 36961 1
9 5 18 27 73714 1
24 10 28 20 39651 1
29 9 7 20 85298 1
27 9 10 15 52328 1
10 15 17 6 35092 1
13 20 18 7 45665 1
15 3 1 23 79919 1
17 7 20 26 54044 1
18 9 8 4 41355 1
20 24 29 1 69642 1
12 15 8 1 41489 1
12 12 28 28 81484 1
28 11 4 24 98047 1
29 19 9 14 86563 1
28 6 22 26 69936 1
11 5 14 13 22700 1
8 13 23 9 49555 1
11 6 16 1 23162 1
5 0 13 10 39137 1
22 17 2 0 87846 1
26 5 22 25 66802 1
18 0 27 8 37903 1
9 9 5 18 39961 1
1 5 14 9 39326 1
26 1 9 3 42603 1
19 26 28 0 78423 1
21 14 17 28 58555 1
1 20 26 7 94072 1
14 14 2 24 56430 1
10 5 1 2 32649 1
21 13 17 0 39297 1
10 23 25 22 42317 1
18 27 19 16 32788 1
2 22 24 8 78408 1
15 22 27 7 58711 1
24 28 16 5 87053 1
6 15 1 20 34194 1
21 13 29 27 66384 1
28 25 3 10 96254 1
13 25 1 9 65962 1
19 10 8 5 37300 1
10 14 22 11 39717 1
1 22 24 9 84549 1
14 2 12 28 54895 1
6 27 14 7 60950 1
14 21 26 9 52640 1
27 8 20 11 22533 1
26 7 20 3 26738 1
14 5 22 9 30058 1
24 17 12 16 53101 1
7 18 29 6 87125 1
4 25 15 2 77153 1
11 8 21 14 38342 1
4 19 25 23 72446 1
8 22 20 2 65810 1
10 2 0 4 41354 1
20 25 13 18 35514 1
17 1 21 25 65948 1
13 0 12 19 47125 1
12 9 18 5 27655 1
10 16 16 25 38893 1
22 19 24 2 60407 1
4 23 19 5 75688 1
2 11 18 25 81477 1
2 7 5 21 50445 1
2 9 1 19 40900 1
9 5 14 15 32342 1
1 25 24 0 107800 1
11 2 28 21 85969 1
2 20 27 8 92039 1
21 1 16 18 60588 1
11 25 19 3 65294 1
20 28 27 20 36988 1
18 6 23 12 31167 1
20 1 8 0 28215 1
22 5 18 25 62412 1
3 2 11 29 80425 1
10 16 23 12 52764 1
27 14 11 25 74229 1
11 21 0 29 61785 1
23 20 17 25 41661 1
25 3 17 15 65130 1
27 5 20 13 35490 1
5 3 26 27 102176 1
7 26 9 0 67696 1
19 11 5 14 51273 1
4 25 5 1 68556 1
5 24 0 15 56928 1
25 27 17 4 90624 1
14 11 4 22 45256 1
5 4 28 15 85553 1
28 21 28 8 47057 1
25 18 2 3 109490 1
11 21 26 21 45852 1
29 24 4 18 89675 1
28 10 3 3 84654 1
23 4 7 24 90939 1
11 22 7 13 33177 1
2 4 13 13 57869 1
23 27 12 19 55614 1
6 11 27 24 83178 1
3 5 29 11 78867 1
10 18 20 26 44352 1
3 10 21 22 67738 1
3 17 20 4 72995 1
24 3 15 16 61550 1
26 8 2 0 69313 1
0 15 13 2 72977 1
23 3 14 4 36316 1
20 1 14 20 48150 1
13 5 8 15 39117 1
6 26 25 1 90866 1
21 11 9 10 32458 1
26 13 22 24 45487 1
28 5 17 26 81812 1
22 4 24 29 90936 1
16 18 22 7 55551 1
23 12 5 22 73906 1
10 16 15 28 41943 1
24 13 4 26 92275 1
1 20 15 10 65899 1
6 22 3 3 64515 1
11 28 0 12 72250 1
3 7 21 22 71874 1
16 9 4 28 81357 1
18 3 25 29 93566 1
10 16 1 26 50936 1
16 0 26 0 26902 1
25 7 5 12 58975 1
12 16 5 1 49866 1
2 15 6 24 43902 1
28 14 23 24 48739 1
22 2 7 21 83299 1
28 7 22 11 28587 1
26 1 11 6 42471 1
9 29 22 5 81997 1
1 27 12 14 69197 1
11 1 18 19 55186 1
25 5 16 16 57734 1
27 25 20 17 38892 1
29 3 15 7 51463 1
15 14 9 28 47831 1
22 17 18 29 50166 1
1 2 19 29 99225 1
14 16 24 26 48543 1
5 9 25 11 59625 1
27 7 19 29 70359 1
9 24 26 12 75331 1
6 7 5 16 24360 1
12 3 24 1 31042 1
17 5 14 19 39642 1
13 12 2 1 49781 1
4 10 17 23 59691 1
1 29 6 13 61162 1
25 0 5 5 58775 1
10 7 19 29 63746 1
1 26 29 1 116233 1
26 9 15 4 44925 1
7 7 17 25 64151 1
13 15 24 22 43958 1
13 20 18 7 45665 1
2 17 17 25 74122 1
29 1 13 25 78371 1
0 7 12 26 68814 1
25 20 11 15 64610 1
24 27 17 14 64023 1
27 7 28 29 69449 1
26 27 18 0 81435 1
19 7 1 16 69550 1
13 16 22 14 48247 1
23 13 5 19 77438 1
27 25 19 17 41820 1
28 24 13 7 75436 1
29 4 25 14 45232 1
24 13 11 22 61654 1
27 1 5 17 79556 1
24 3 17 28 93855 1
28 24 5 11 91153 1
3 19 0 26 39452 1
28 19 12 2 80280 1
26 15 2 19 93806 1
9 8 23 16 54046 1
28 2 23 25 77146 1
17 28 15 15 47222 1
11 10 20 13 28545 1
7 12 16 1 42013 1
26 26 10 25 55530 1
21 6 2 21 82958 1
12 11 21 16 40541 1
11 13 22 14 53102 1
21 1 13 7 28627 1
25 0 23 14 53296 1
1 27 9 3 89195 1
1 9 11 13 34646 1
0 16 28 7 93476 1
11 9 3 17 46227 1
8 11 15 15 33474 1
1 20 28 25 89660 1
12 16 6 8 31831 1
14 25 2 3 81740 1
27 24 11 0 86216 1
7 24 23 23 56684 1
0 3 12 10 54182 1
23 29 29 3 97572 1
4 3 22 7 65751 1
22 29 13 23 54140 1
11 28 24 19 63021 1
16 22 25 25 36450 1
1 7 8 19 48138 1
10 28 19 24 37824 1
4 27 16 5 84421 1
17 9 6 10 32128 1
23 14 3 8 64160 1
22 2 22 27 76427 1
1 12 18 18 80570 1
24 20 14 17 41284 1
27 6 16 4 47495 1
11 9 29 15 65054 1
0 23 22 28 87431 1
22 6 28 2 30693 1
14 7 16 15 28855 1
26 1 10 1 30846 1
25 25 28 16 34158 1
9 21 20 10 54733 1
11 10 29 20 76263 1
13 5 11 14 30743 1
21 3 10 19 60301 1
18 12 27 11 32218 1
17 16 5 12 52614 1
4 25 6 17 29691 1
22 5 3 8 48934 1
6 12 24 25 82556 1
13 28 19 15 46334 1
28 13 24 19 32635 1
8 11 29 7 56209 1
6 11 2 27 56282 1
28 26 2 19 93197 1
23 6 26 14 30429 1
21 9 16 28 69352 1
6 27 6 16 27143 1
17 13 8 21 47183 1
1 5 9 14 48630 1
3 1 1 23 71760 1
6 16 13 2 47476 1
0 24 10 0 80699 1
26 22 9 17 59407 1
15 6 10 22 43402 1
5 2 10 17 43517 1
13 24 5 26 38020 1
5 3 20 7 49672 1
7 4 19 4 47449 1
26 14 8 20 73861 1
23 19 12 20 47768 1
20 2 1 15 77935 1
21 16 8 24 55693 1
2 6 22 27 98899 1
1 28 14 7 84760 1
10 12 23 13 46272 1
14 16 14 0 30776 1
20 15 8 15 54058 1
13 12 29 15 65170 1
5 11 16 6 37232 1
20 18 5 29 69990 1
0 21 7 13 50192 1
26 1 6 24 87922 1
20 29 29 7 72804 1
0 18 14 5 77202 1
10 22 21 9 55560 1
4 1 17 6 40429 1
25 9 11 1 48862 1
15 2 5 25 72108 1
18 9 29 4 47844 1
12 28 14 11 37766 1
9 2 14 23 50365 1
26 9 15 25 64108 1
11 5 21 4 40711 1
24 0 29 29 91274 1
13 19 0 13 66903 1
18 14 5 10 52544 1
0 9 6 21 48695 1
27 9 18 19 50423 1
1 13 3 27 63928 1
0 29 17 6 107507 1
22 5 5 18 72581 1
15 26 25 27 44578 1
25 13 20 21 39039 1
3 11 18 1 55571 1
9 24 6 10 42885 1
2 5 11 11 40924 1
2 26 23 5 103329 1
10 2 18 6 31360 1
25 23 13 3 78714 1
18 29 2 17 91556 1
15 18 27 18 57354 1
13 7 25 12 44864 1
22 19 9 12 60466 1
15 13 26 20 56034 1
25 2 18 10 40406 1
4 2 23 7 63067 1
19 17 11 28 49024 1
29 19 16 26 59750 1
17 0 17 17 56803 1
27 11 19 17 39779 1
10 12 6 20 32381 1
24 15 2 16 95114 1
15 24 22 6 58684 1
19 1 7 22 66834 1
23 9 3 10 55086 1
19 20 4 26 55976 1
7 26 16 7 64104 1
1 3 17 27 93955 1
9 25 16 7 54807 1
29 17 16 25 67173 1
19 16 1 20 68989 1
21 21 7 24 52013 1
20 4 10 22 56371 1
9 12 28 27 88503 1
16 0 22 7 33730 1
16 5 18 13 37216 1
3 22 26 9 82097 1
22 3 9 18 72543 1
28 16 5 8 71992 1
13 3 15 20 47477 1
6 16 3 3 49935 1
11 5 15 14 31894 1
14 24 14 4 36400 1
22 6 10 29 72344 1
4 24 15 1 76604 1
24 29 11 8 81685 1
4 2 7 16 43148 1
2 16 27 28 104261 1
23 17 10 28 64171 1
1 2 18 28 104479 1
22 6 4 1 51291 1
11 26 15 20 29134 1
29 15 10 14 75080 1
10 15 8 28 36228 1
23 18 2 8 80514 1
24 11 6 9 49752 1
0 16 16 6 70280 1
2 4 20 24 91026 1
7 14 17 6 48007 1
6 21 26 9 73618 1
11 3 14 13 27509 1
22 18 1 7 78435 1
19 18 5 15 64968 1
17 15 10 21 40172 1
8 12 18 5 43814 1
22 28 0 16 104114 1
18 28 17 12 54285 1
29 17 19 8 52887 1
28 15 3 13 92987 1
7 28 10 1 70785 1
10 21 1 26 40491 1
20 13 2 18 82380 1
23 9 13 2 40382 1
27 22 24 0 62085 1
23 15 16 10 38832 1
14 8 1 24 66197 1
13 14 3 0 60205 1
9 2 8 12 29657 1
19 11 22 20 37570 1
9 17 3 4 58299 1
16 11 10 2 33368 1
3 11 10 25 51687 1
1 0 22 9 68670 1
10 10 6 17 25275 1
13 15 1 23 55288 1
13 24 7 5 58569 1
5 4 16 8 35601 1
28 16 14 4 62784 1
4 19 29 1 91160 1
9 25 2 8 54710 1
24 23 26 5 52685 1
16 25 12 5 51737 1
10 9 4 1 30064 1
4 11 24 11 59100 1
9 20 2 16 44907 1
21 13 20 25 33036 1
12 13 1 21 55298 1
2 18 8 22 35332 1
17 11 22 0 36240 1
18 21 29 10 61156 1
1 5 19 20 77391 1
25 10 10 2 51222 1
1 18 11 26 48672 1
10 9 21 29 70751 1
20 10 5 8 34263 1
22 1 16 28 78611 1
1 3 7 8 30759 1
25 9 3 5 66021 1
29 28 23 18 54980 1
4 12 26 15 76461 1
5 10 0 2 41452 1
26 18 9 29 71255 1
1 1 16 20 75744 1
4 18 2 27 52192 1
22 7 27 29 74425 1
12 2 16 20 53735 1
12 4 3 5 42329 1
1 6 4 16 45062 1
27 19 14 8 57187 1
2 0 11 26 75157 1
12 28 20 5 63384 1
5 15 19 20 60224 1
0 23 26 6 100997 1
21 2 17 19 52896 1
25 8 14 5 30562 1
28 5 17 3 45224 1
11 3 20 0 25344 1
27 5 8 24 84651 1
3 27 28 25 95183 1
22 16 19 6 34683 1
26 2 24 27 69413 1
12 8 22 13 34916 1
8 12 2 21 45761 1
15 3 4 18 70423 1
18 29 1 23 73917 1
11 25 22 21 44582 1
27 1 15 14 56992 1
10 18 28 25 66536 1
11 5 20 9 28267 1
28 2 4 1 52170 1
21 22 3 18 66029 1
6 18 17 14 61665 1
3 14 23 19 94234 1
29 28 9 26 81080 1
27 12 24 26 45646 1
0 3 20 16 84337 1
22 23 14 17 35638 1
19 10 4 16 54592 1
24 19 2 26 85010 1
6 27 29 17 92357 1
11 24 3 29 52724 1
3 7 13 20 58157 1
14 23 15 14 22033 1
12 6 4 27 72970 1
23 9 16 5 35816 1
14 3 10 16 32207 1
17 29 11 16 54622 1
12 28 1 8 65564 1
26 27 17 22 34373 1
0 8 12 17 46778 1
0 18 28 21 97450 1
15 22 0 22 39691 1
12 24 26 6 66699 1
2 5 18 9 56813 1
24 7 5 25 83893 1
19 24 1 17 70318 1
4 19 25 20 77177 1
17 10 5 11 33147 1
5 22 19 2 73291 1
17 2 10 27 64965 1
29 18 19 26 51952 1
5 26 15 21 44703 1
18 29 20 11 52496 1
25 29 5 17 94149 1
11 20 19 17 38233 1
22 22 8 12 60113 1
16 11 1 21 64374 1
5 1 17 6 37851 1
9 29 5 21 37565 1
1 0 26 18 96288 1
29 13 7 8 64144 1
18 20 2 10 71163 1
0 12 27 27 113753 1
23 29 0 28 116404 1
5 27 16 4 86837 1
19 0 10 16 49466 1
23 29 15 2 90329 1
27 2 9 5 48216 1
5 19 19 12 61785 1
1 21 17 26 56604 1
2 1 5 28 79062 1
4 9 18 2 48507 1
1 11 13 1 49955 1
21 25 8 19 52107 1
17 15 17 29 58668 1
17 3 28 23 86754 1
8 6 5 16 32224 1
7 24 10 12 37027 1
8 15 22 23 63809 1
11 1 14 26 51313 1
19 5 3 1 42384 1
6 4 2 13 36564 1
22 9 9 17 54877 1
29 3 0 28 139115 1
1 14 11 14 48051 1
9 8 19 3 32336 1
25 21 12 25 47524 1
17 19 26 3 62564 1
26 23 9 13 67937 1
23 9 15 25 61700 1
20 10 2 2 62002 1
12 24 20 12 48807 1
29 25 19 17 50762 1
4 26 29 24 86675 1
21 15 23 24 42318 1
17 12 28 6 43794 1
18 10 5 11 35532 1
17 19 6 5 55021 1
4 3 20 8 55315 1
21 3 19 28 68076 1
26 19 21 10 37032 1
0 18 10 11 61726 1
7 22 4 5 50640 1
23 19 15 21 40414 1
11 14 28 20 70048 1
29 1 3 14 88785 1
24 26 21 7 63362 1
14 20 15 9 27240 1
8 13 0 18 52328 1
26 8 23 18 43235 1
20 19 15 0 55061 1
22 16 29 1 59157 1
18 1 8 11 40036 1
2 26 18 0 97192 1
20 7 13 17 38466 1
13 14 16 3 43523 1
6 17 9 24 28926 1
28 14 22 21 49404 1
21 5 13 9 31276 1
23 25 7 2 92319 1
22 22 10 3 63459 1
6 15 8 1 36227 1
3 24 25 17 90223 1
23 0 19 25 67102 1
25 22 23 13 36677 1
18 3 25 10 40308 1
17 4 15 21 57844 1
12 13 4 19 45448 1
21 23 28 29 50082 1
23 12 18 27 57234 1
25 10 15 29 69518 1
13 18 8 28 44823 1
0 15 6 28 61040 1
3 7 12 4 36828 1
3 6 6 23 51231 1
11 26 26 28 62858 1
1 1 24 25 104171 1
23 23 2 11 88524 1
19 22 0 24 58869 1
25 10 6 15 58911 1
0 10 28 4 81291 1
2 12 4 28 67449 1
4 25 27 5 101032 1
27 15 9 5 66710 1
16 26 5 1 71694 1
20 7 4 15 56802 1
17 27 24 11 65759 1
28 22 2 10 89200 1
24 7 15 16 46037 1
1 0 25 10 76154 1
11 23 29 8 70559 1
20 26 10 23 37539 1
5 7 21 21 72176 1
16 23 4 20 50085 1
7 6 17 16 50173 1
6 0 15 15 51926 1
20 23 9 5 61348 1
21 7 0 11 59567 1
2 27 21 23 78127 1
28 28 5 20 90222 1
13 6 0 6 44873 1
0 26 28 29 113993 1
24 20 8 14 72443 1
29 20 27 8 45662 1
16 13 0 19 74843 1
3 2 9 6 31817 1
27 20 19 7 52421 1
27 17 28 27 34549 1
23 24 2 25 83830 1
4 18 10 24 34605 1
16 19 27 15 55241 1
15 20 19 3 52880 1
2 13 18 0 69841 1
18 0 18 14 44630 1
24 4 0 9 75042 1
18 25 25 19 43439 1
26 26 16 0 84585 1
4 28 11 17 55129 1
18 27 27 11 68536 1
22 5 4 15 69060 1
17 5 6 10 39362 1
16 17 13 10 27523 1
22 1 26 23 62411 1
9 24 9 8 38294 1
24 26 6 20 65189 1
25 19 0 20 93146 1
5 12 27 7 60318 1
15 12 10 26 38389 1
19 23 18 10 34796 1
3 8 18 5 44187 1
12 28 25 9 74152 1
17 12 6 16 46136 1
26 4 6 25 90739 1
2 15 26 7 83000 1
22 10 28 17 37894 1
18 6 0 0 57451 1
6 7 24 24 77579 1
13 24 18 0 58553 1
4 3 12 28 81790 1
23 16 1 11 79035 1
23 18 18 10 44171 1
25 18 20 23 36021 1
29 17 10 25 74147 1
14 21 1 1 64402 1
26 9 3 27 101797 1
18 1 3 28 100614 1
18 23 26 21 33270 1
15 18 29 18 67006 1
14 2 6 16 43949 1
6 4 19 17 56019 1
28 23 9 17 68394 1
14 28 6 24 37635 1
19 18 9 14 53865 1
29 7 5 3 72352 1
7 29 24 0 104449 1
22 19 14 1 59335 1
26 28 4 14 99818 1
2 20 19 20 59354 1
11 28 18 0 75693 1
23 0 28 28 87832 1
13 20 7 2 60198 1
14 8 10 19 29433 1
3 12 24 14 77515 1
12 8 14 0 17647 1
9 9 18 20 59519 1
14 17 12 4 32311 1
20 9 15 4 31842 1
6 19 11 3 48057 1
10 28 20 26 42464 1
20 10 11 22 44342 1
4 9 2 22 49063 1
17 16 11 27 42816 1
25 10 12 10 33554 1
2 11 26 17 86092 1
17 11 2 8 41526 1
0 23 27 27 92792 1
2 20 22 3 102561 1
11 13 19 26 49991 1
8 16 18 11 46675 1
18 17 20 29 35446 1
28 27 4 29 104259 1
20 12 13 8 23063 1
1 3 28 6 78176 1
1 25 18 11 77921 1
23 2 13 28 79781 1
2 20 6 4 56061 1
7 11 11 27 47217 1
2 1 24 16 87007 1
13 20 7 15 42576 1
17 5 13 29 64095 1
12 21 6 29 35762 1
7 4 24 7 56528 1
18 28 8 21 53225 1
20 18 27 13 39933 1
29 8 3 7 61480 1
4 20 8 13 35105 1
14 7 27 20 62458 1
4 22 0 13 47366 1
20 28 14 5 59984 1
27 26 24 4 68155 1
2 3 11 6 44271 1
22 18 19 25 33818 1
4 21 2 4 73471 1
26 10 28 24 42809 1
5 28 28 20 86574 1
9 12 1 26 61169 1
28 21 23 12 44357 1
22 10 24 21 48201 1
24 19 9 9 72519 1
16 20 19 2 59047 1
0 26 10 10 67227 1
0 1 13 11 50795 1
28 20 22 2 69656 1
8 0 0 19 74718 1
4 4 23 28 112395 1
8 14 29 20 85917 1
24 18 3 18 90085 1
19 20 17 9 36472 1
25 27 27 16 36339 1
17 0 18 14 47204 1
5 2 27 5 59915 1
13 14 26 26 60727 1
0 20 19 28 77262 1
2 23 21 18 70163 1
27 20 2 3 110777 1
21 25 5 24 59412 1
22 23 20 14 32321 1
2 14 1 29 65674 1
23 9 14 19 47051 1
24 17 8 22 61776 1
24 29 15 24 56400 1
2 12 0 1 46289 1
28 17 1 8 84266 1
4 15 17 26 67363 1
8 18 19 22 40662 1
4 11 19 25 71006 1
14 15 9 2 37080 1
29 18 15 23 58023 1
5 15 12 8 33242 1
20 27 23 15 45367 1
1 15 0 28 57784 1
3 15 8 28 57273 1
4 10 20 19 60090 1
28 10 20 17 38597 1
0 25 17 26 67352 1
19 21 22 11 31964 1
7 9 8 25 52203 1
19 26 0 1 89311 1
7 0 9 11 34477 1
25 20 14 15 52025 1
29 6 1 10 75028 1
26 10 10 23 65030 1
15 12 16 23 32708 1
18 8 17 28 64279 1
5 29 24 18 87030 1
12 9 29 3 54660 1
28 0 16 25 83912 1
11 10 3 7 26393 1
14 0 22 28 82303 1
22 12 10 17 51036 1
5 25 5 1 63511 1
6 9 16 13 36422 1
22 17 23 8 38308 1
9 25 16 18 39523 1
19 24 26 11 51673 1
26 23 28 2 59695 1
8 26 11 1 59391 1
14 29 7 12 55899 1
8 19 20 19 47345 1
10 20 20 15 47421 1
18 5 9 4 43113 1
1 14 14 21 66430 1
29 2 10 29 93520 1
18 12 20 4 22998 1
11 24 0 20 47045 1
26 1 10 19 65861 1
1 25 20 23 63179 1
6 5 18 16 53974 1
6 22 26 5 79640 1
7 11 2 25 56063 1
28 6 10 9 46068 1
27 18 13 5 66407 1
5 11 28 7 60428 1
22 17 22 28 50666 1
26 13 16 19 53487 1
23 15 28 23 43392 1
25 0 17 28 94062 1
19 12 25 28 63837 1
11 13 25 0 58535 1
6 22 23 10 65385 1
17 9 6 13 38529 1
19 6 13 17 39664 1
24 3 0 11 81242 1
11 14 21 14 50205 1
24 8 10 15 42206 1
20 23 8 20 39805 1
2 18 12 8 59194 1
20 5 11 28 69074 1
11 26 0 24 45237 1
9 17 18 2 55350 1
26 18 21 8 36855 1
18 0 28 2 25220 1
15 25 1 23 47790 1
1 21 20 7 78170 1
3 20 13 8 58234 1
12 13 12 25 31389 1
11 10 20 29 59680 1
7 7 25 7 49613 1
12 16 29 26 69065 1
19 23 11 3 57790 1
2 25 3 7 72527 1
29 21 6 1 98280 1
26 21 16 10 53596 1
26 20 4 15 85907 1
24 20 21 9 52181 1
7 12 27 15 72335 1
2 0 23 2 54769 1
21 5 8 13 46853 1
16 12 10 21 37701 1
22 15 29 25 59701 1
12 14 25 14 61016 1
29 6 17 28 92448 1
7 11 15 8 24659 1
20 17 23 25 33530 1
26 20 18 5 57994 1
14 12 2 11 40620 1
9 24 25 26 61835 1
3 16 28 27 101092 1
2 13 29 19 109046 1
23 9 0 5 68064 1
5 17 28 9 75698 1
15 15 9 2 42932 1
18 13 6 20 58339 1
14 24 26 4 65140 1
28 16 20 5 48678 1
12 9 0 28 85703 1
5 6 19 19 61808 1
28 23 8 17 72348 1
1 22 9 10 47691 1
4 0 14 15 51601 1
3 19 28 12 96233 1
1 13 17 28 93799 1
2 8 18 11 44184 1
5 16 22 10 57696 1
27 25 6 4 90910 1
13 20 8 14 39484 1
23 13 10 27 67961 1
16 9 26 24 64447 1
24 5 7 17 74019 1
9 12 29 6 58984 1
18 5 10 3 34311 1
14 0 0 8 42891 1
4 22 29 20 73721 1
24 25 8 24 60893 1
17 5 29 16 65224 1
2 18 13 15 61665 1
22 29 28 3 97322 1
12 14 1 3 56301 1
6 7 21 3 48208 1
6 9 24 19 73681 1
8 26 17 20 45784 1
5 20 23 4 91073 1
7 18 21 12 68651 1
3 26 16 8 71151 1
22 26 26 18 33183 1
22 7 29 16 50304 1
25 16 13 11 55965 1
29 18 28 4 54771 1
1 5 8 9 28371 1
5 1 1 13 47384 1
14 28 11 6 45946 1
0 20 22 13 95442 1
22 19 5 10 65564 1
13 28 27 7 73849 1
8 27 17 19 45742 1
9 27 15 10 48030 1
2 1 27 14 83476 1
26 3 10 26 80660 1
9 20 14 5 44416 1
15 8 8 13 25391 1
0 24 19 1 94976 1
4 21 27 18 77077 1
2 24 16 25 58487 1
0 27 27 12 120118 1
27 3 11 16 69693 1
24 27 9 19 64382 1
17 17 2 23 61509 1
10 26 0 18 52704 1
6 5 22 16 62047 1
1 23 19 26 59909 1
1 3 11 29 83159 1
18 3 6 9 48218 1
3 25 13 4 84133 1
29 6 2 11 78839 1
29 0 22 9 43234 1
17 24 14 2 54723 1
28 21 1 2 109969 1
25 7 14 16 45833 1
9 16 25 13 66858 1
29 5 26 16 39318 1
13 28 0 12 83094 1
2 6 22 22 80624 1
1 21 22 18 76961 1
26 4 25 23 54356 1
14 13 16 28 40083 1
22 25 22 5 63898 1
