7964 7416 7342 7853 7313 7590 7031 7326 7567 7443 7343 7601 6842 7661 7527 7426 6820 7036 7763 7467 7061 7384 7641 7790 7717 7671 7966 7112 7081
2518 2980 3248 2380 2237 3653 3314 3595 2515 3629 3078 3277 3157 2823 2879 3747 2862 2773 3425 2560 2840 3626 3007 2829 2946 3352 2313 2556 2820
6100 6579 6450 6045 5933 6785 6888 5871 7177 6417 6941 6881 7184 6955 6275 5992 6908 6113 6310 6185 6159 6889 7208 6386 6166 6073 6478 6759 6253
2894 2535 3664 3105 3701 2568 3006 2448 2826 3096 3269 2582 2653 3060 3549 3343 2791 3191 2905 2437 3155 3090 2310 3685 2350 3309 3436 3096 2682
7877 8380 7144 8205 8382 8092 7258 7902 8569 7637 7497 7946 7071 8528 7735 7974 7675 7585 7891 7882 7322 7673 7546 8570 7763 8427 8333 8387 8460
3632 4098 3328 4263 4294 3341 4098 3241 4281 3915 3621 4428 4384 3659 3807 2919 4416 3048 3890 4331 4295 3855 3453 2997 3295 3550 3503 4213 3230
3437 2977 3249 3355 3889 3803 3053 3305 3658 2970 3449 4073 2982 4098 3468 3467 2984 3172 2898 3994 2880 4302 3496 2988 4029 3761 2834 3880 4322
7450 7303 8630 8330 8463 8565 7937 8169 7388 7433 8556 7801 8723 7656 8072 8678 8415 8509 8116 8776 8418 8137 7364 8669 7643 8533 8339 7952 8520
1818 2858 1613 2983 1991 1667 3062 2033 2744 2243 1880 2205 2666 3045 2009 2166 2008 1742 1860 3002 2097 2440 2268 1927 1932 2887 2056 2720 3061
7242 6636 7526 6278 6869 6255 7178 7633 7419 6392 6644 6232 7069 7419 6429 6566 6543 7160 7036 6376 7319 6567 6497 7589 7584 6828 7244 6784 6658
3099 3302 3115 4129 3146 3616 4070 4404 3644 3370 4217 3254 3755 4431 3613 3469 3904 4310 3806 4538 3927 4383 3108 3099 3644 4300 4580 4276 3990
2783 2026 2059 2703 2702 1695 2368 2098 2826 2068 2938 2581 2571 2820 2129 1727 1832 2733 3088 3062 2541 2610 2795 1691 2306 1589 1910 2836 2840
7509 7681 7160 7073 7704 7001 7212 7328 7280 7044 7897 6908 7240 6925 6818 7828 7040 7613 7673 7028 7096 7875 6809 8158 7233 6934 7680 7761 7798
6581 5801 5772 6222 5751 5856 6826 6941 5736 6988 5780 6533 6720 5647 6996 6274 7062 6892 6329 5864 6552 6113 5608 5844 6410 5675 5672 5825 6417
7238 6301 7278 7562 7120 6934 7627 6338 6371 6774 7493 6975 6310 6541 6653 6840 7088 7736 7662 6855 7380 6424 7247 7037 6546 6722 7040 6285 6945
5413 4071 4220 5068 5356 5355 4078 4766 4797 5496 4938 5463 4186 5389 5044 5130 5088 5088 4144 5450 5123 4246 4926 4850 4409 4802 4325 4097 5473
5697 4867 4525 5225 5465 5935 5958 5147 5721 5105 5408 5591 5588 5788 5972 4499 5952 4886 4965 5298 5973 5567 5678 5890 4985 5251 5360 5746 5143
3214 3404 2449 3281 3447 3105 2280 3140 3390 3647 2237 3022 3436 3025 3541 2850 3700 2402 2263 2850 2816 3417 2522 2730 3016 3335 3370 3678 3218
1500 1772 1278 1575 2252 2253 1668 1835 1815 2148 2130 1938 2031 2498 1890 2234 2265 2651 2393 1568 1789 1755 1475 1168 2610 2648 1870 1569 2317
4252 3270 4329 3596 2986 3764 3153 3401 4140 3247 3176 3381 4262 3892 3580 4418 3883 3590 4029 4351 3106 3797 3612 4044 3230 4444 3873 4483 4199
6417 5246 6311 5473 5349 5338 5677 6343 5837 6172 5505 5625 5193 6042 5851 5938 6239 5572 5726 6539 5270 5938 6378 5689 5193 6050 5287 5794 5983
6893 6742 6687 7246 7720 7168 7455 7047 6465 6832 7664 7698 7703 6490 7236 7186 7328 6849 7964 7650 6522 7453 7960 7746 7029 7216 7438 6596 7094
3250 3225 2967 2720 3419 3097 3214 3724 3425 3057 3781 3802 2646 3207 2670 3303 3540 3810 2598 3539 2808 3372 3009 3819 2693 2717 3527 2484 3210
6704 6547 6772 6731 7342 5902 7384 6921 6901 7103 6123 6100 6158 7016 6843 6270 6469 7050 6900 7007 7132 6793 6864 6468 7165 6888 6939 7319 5977
3850 4776 4598 4215 4039 4554 3980 4537 4130 4487 4165 3811 3643 4369 4098 4712 3940 4468 3485 4643 3977 3577 3739 4489 4059 3889 3659 3475 4816
4022 4084 3724 2982 3645 2862 3820 2731 3415 3901 3126 2889 3570 3564 2935 3962 3713 4084 3149 4020 3058 2969 3226 3813 3364 3349 2758 3626 3588
3304 4512 3182 4092 4096 4081 3446 3593 4514 4328 3334 4009 4222 4189 4051 3696 4183 3345 4521 3708 4159 4295 4220 3952 3798 3431 3878 4355 3308
4471 5583 5349 5144 4917 4457 4540 4351 4498 5223 4981 5021 4331 5369 4932 4371 4593 4819 5661 5213 5635 4192 4360 4430 4917 4769 5525 5436 5277
4860 5868 5238 4642 4529 4478 5787 4715 4779 5106 4559 4761 5304 5868 4535 5442 4992 4875 5586 4796 4567 5060 4792 5302 4699 4581 5742 4962 5886
7987 7423 7569 7628 6802 7285 6639 7797 7539 7906 7629 6571 6581 7925 6651 7885 7944 7311 6753 7847 7388 7379 7187 7814 6744 7918 7280 7483 6809
8031 1758 7822 3448 2621 5199 2348 8281 6294 5234 3565 5456 5942 6026 2628 5805 3169 2508 5795 4301 2986 4954 5402 8101 5579 5542 6015 3519 5007 2662
8088 1304 7388 3551 2302 4903 2591 7264 5899 6049 2862 5952 6115 5948 1621 5681 1886 2530 6378 3219 3081 5864 5724 7727 5307 4944 5801 4222 4276 3189
7424 1392 7359 2852 3171 5404 3175 8451 6602 6515 4106 5105 5886 7015 2559 5897 2222 2343 5990 3882 4060 5817 4601 7298 5190 5983 4607 2975 5462 3157
7526 2273 7331 2819 3630 5883 2293 8639 6365 5434 3006 5918 5442 7032 2610 6738 2252 3431 5075 3776 3002 5686 5537 7167 4868 4859 5677 3442 4560 2291
7973 1552 8395 3036 3814 5571 2101 8277 5886 5861 3887 4512 5777 6385 1987 5433 2201 2722 5417 2820 4468 5254 5382 7689 5405 5036 5027 3297 4828 2946
8812 2359 8456 3139 3249 5397 1740 7654 6572 5320 3108 5711 6314 5987 2204 6028 2461 3272 6386 3855 3107 5519 5815 7680 5539 5848 5847 3549 5665 2336
7680 1825 8080 4095 3781 5102 2653 7460 6045 5524 3306 5037 6114 6061 2459 6738 2991 3842 5950 3095 3858 5073 5551 7947 4641 6000 5911 3464 4486 2572
8361 2377 8493 3899 3240 5623 3217 8004 5700 5763 3677 5233 5691 5955 2452 5469 2325 3509 5628 4349 3779 5522 6013 7298 5649 5365 5427 4001 4989 3301
8181 1893 7741 4236 3687 4568 3119 7813 5100 5460 3392 5826 5484 6105 1711 6421 2075 3422 5975 3385 3836 5808 4678 6959 5653 5965 5782 3397 4875 2178
7501 1564 7570 2936 2415 4850 2172 7264 5916 5309 3541 4875 6602 5947 1534 6631 2338 2852 5206 3376 3458 5493 5162 7009 5496 6101 4795 3230 4611 2424
8090 1282 7168 3889 2694 5033 2945 7330 6265 5319 3126 5855 5909 5760 2057 5796 2888 2915 5326 3217 4446 4569 5839 7745 5626 6132 5520 3139 4476 2426
7703 1226 7244 3985 3168 5876 2896 8236 5761 5749 3734 5432 6129 5881 2515 5628 2428 3208 6020 3752 3232 4456 5821 6996 4926 4674 4622 3969 5074 2645
8331 1161 8142 3009 3637 5698 2606 7699 5274 5232 3851 4926 6227 6643 2428 6287 3020 2574 6145 3590 3689 5379 5351 6632 4786 5711 6030 2865 5488 2978
8048 2295 7640 3752 3247 5407 2869 7503 5397 6229 3983 4975 6690 6490 2399 6599 2056 2569 5219 3699 3907 4925 5350 6610 4771 4922 5638 2903 4874 2915
7425 2221 8380 4135 3548 5267 3219 8650 5864 5825 4053 5942 6102 6828 2598 5389 2566 3124 5612 2988 4379 5103 5843 7368 4896 4747 5706 3654 5140 1981
7738 1586 8503 3431 2928 5402 2846 7192 5485 6113 3755 5044 5720 5668 2184 6428 1968 2831 6369 2901 3215 4573 5266 7135 4663 5291 4834 3134 4830 3018
7625 1986 8498 3778 2796 5645 2267 7720 5072 5317 3362 5766 6364 5679 1618 6649 2446 3689 6042 2955 4075 5413 5963 7397 4854 5597 5228 3802 4851 3063
7524 1413 7097 3841 2533 4524 2390 7449 5882 6171 3413 5783 5446 5737 2473 6239 1911 2582 6103 2829 3228 5854 5221 7252 5271 5044 4868 3500 4308 1996
8109 1322 7756 3926 2563 4951 1789 7581 6142 6008 3730 4784 5406 7008 2502 6082 1932 3081 5320 3273 3211 4719 5368 6858 5682 5208 5959 3175 4509 2198
7981 1462 7439 3834 3730 5283 2266 7802 5629 6119 2841 5941 5668 6956 2512 5627 1842 3429 5789 3029 3582 4436 5992 6964 4350 5004 5618 3652 4587 2005
8322 1882 8303 3332 3306 5278 1883 8447 5909 5372 3550 5149 6467 7038 1346 5596 2829 3398 5753 4355 4395 4881 5810 7966 5246 5808 4842 3849 5001 2488
8598 2169 7776 4040 2869 5457 1847 8474 6547 5584 3491 5627 5384 5810 1866 5213 2543 3781 5383 3497 3232 4589 4784 7721 5680 5229 5790 4018 4872 3245
8117 2196 7501 3827 3745 5503 1781 7705 6603 6644 4214 5079 5458 5778 2066 5836 1978 3488 5430 3385 4432 5257 5723 7065 4897 4657 5675 3008 5283 3161
8858 1660 7676 4075 3569 5081 3011 8239 6011 6042 3605 5143 5649 6182 1309 5293 1978 2483 5614 3497 3441 5094 4633 7722 4745 4953 5582 2968 4510 2792
7491 2250 8419 4094 3182 5293 2252 7235 5211 5568 3358 5096 5236 6323 2050 6243 3192 3063 5962 4153 3509 4605 5518 7616 4996 4695 5542 3045 4590 2048
7921 2287 7387 3491 3821 4541 1740 7324 5937 6198 3485 5003 6475 6074 1535 6112 2890 3148 6289 3211 4331 5032 5989 7114 5355 5265 5920 3723 4917 2047
8187 1608 7203 3126 2893 5788 2278 8701 5237 6700 3387 5752 6076 5921 1795 5606 1927 3755 6433 3846 4009 4408 4709 7219 5638 5400 5125 3676 4558 2444
8504 1838 8316 3540 2380 5407 2722 7966 6258 6125 2982 5825 6255 6371 1509 5610 1749 3294 6298 3037 3171 5012 5877 7063 5253 4746 5080 4355 4355 2326
7635 1940 8288 3621 2604 5037 3141 7941 5507 5731 4142 5970 5534 5935 1719 6276 1832 3221 5338 3125 4203 5835 5168 7591 5696 5007 5886 3551 4448 2622
25 29 7 3 98329 1
1 21 4 2 67543 1
18 28 3 15 63030 1
26 13 2 0 79073 1
7 5 23 9 59411 1
10 0 2 17 59085 1
17 16 29 12 40750 1
13 1 3 25 80435 1
12 21 8 5 48415 1
6 13 29 12 65241 1
25 3 9 5 50115 1
25 12 8 25 65753 1
19 16 3 7 59131 1
24 12 17 15 25627 1
1 21 0 5 55326 1
20 20 3 29 63064 1
6 17 19 19 42578 1
17 21 29 2 72275 1
4 11 7 24 51266 1
14 21 22 23 44353 1
7 2 26 17 78616 1
15 19 27 22 52745 1
24 2 10 20 75892 1
21 20 16 4 50086 1
25 3 14 10 46367 1
14 18 18 26 31454 1
18 27 2 7 87842 1
14 4 21 16 43100 1
28 22 4 28 99403 1
10 12 14 28 56278 1
14 20 22 16 32920 1
2 3 4 27 78159 1
1 5 23 17 83028 1
14 1 24 28 82860 1
6 23 1 8 59853 1
20 10 24 22 54496 1
23 21 2 6 91308 1
24 0 7 21 81657 1
23 1 2 2 44015 1
5 26 16 10 77037 1
9 19 11 8 33906 1
23 9 1 17 76255 1
5 1 21 29 85274 1
12 22 28 13 66116 1
8 15 18 10 32123 1
11 18 24 18 42470 1
3 13 29 25 108433 1
21 24 3 11 75902 1
24 2 9 29 94308 1
18 24 8 9 52656 1
13 22 24 24 60886 1
20 6 0 2 52068 1
14 0 17 27 69453 1
4 0 20 7 51479 1
2 15 3 1 47347 1
16 9 28 2 50189 1
27 15 0 26 100178 1
20 0 9 8 47135 1
16 13 1 28 78816 1
21 21 27 6 63316 1
10 10 10 27 47188 1
24 22 15 16 43517 1
5 12 23 27 80605 1
22 7 27 25 78025 1
9 5 2 28 80818 1
7 10 27 14 51971 1
14 7 23 23 77423 1
27 13 20 25 54360 1
13 0 22 3 29109 1
9 17 18 14 27670 1
12 11 3 6 37970 1
19 3 15 18 46648 1
28 7 19 16 49475 1
10 11 28 7 63152 1
6 17 2 27 42268 1
9 8 25 28 93039 1
1 1 22 7 49838 1
11 1 6 16 45220 1
20 10 4 24 79438 1
3 8 25 8 66167 1
27 3 8 2 45533 1
3 29 3 11 53624 1
4 23 21 20 78486 1
13 28 15 14 52612 1
5 13 24 6 60931 1
3 18 3 3 45188 1
26 23 8 11 80302 1
26 15 23 29 56143 1
0 29 15 16 69825 1
27 6 6 6 52046 1
8 1 18 20 54821 1
0 20 0 7 51587 1
6 27 20 27 47885 1
19 2 11 20 60571 1
9 10 13 1 29599 1
14 8 23 24 79525 1
22 29 6 1 86160 1
5 13 13 21 43023 1
9 15 0 3 57506 1
15 26 25 23 51760 1
14 16 13 4 42832 1
25 3 9 25 91314 1
25 15 27 27 48864 1
21 1 22 15 40755 1
2 3 28 25 128482 1
15 25 29 3 91889 1
16 29 18 20 22260 1
22 5 21 23 66323 1
5 12 26 4 77484 1
5 17 24 13 53234 1
17 8 21 25 56260 1
3 21 21 1 82260 1
29 23 11 25 89651 1
18 25 25 15 37930 1
27 13 10 26 72188 1
22 27 10 15 59638 1
15 13 9 20 37254 1
6 2 20 23 80841 1
29 12 8 28 87346 1
12 20 15 11 42781 1
25 9 8 18 60143 1
13 11 0 13 48373 1
28 12 27 3 45432 1
2 25 10 10 65031 1
3 29 27 2 116750 1
28 3 12 8 62888 1
2 5 17 16 63496 1
18 5 9 28 75822 1
11 29 15 1 74047 1
17 1 14 8 32754 1
4 16 26 21 71992 1
3 26 29 22 110964 1
28 15 7 1 67222 1
7 21 19 6 59775 1
7 29 22 9 83712 1
14 22 8 7 58362 1
26 23 7 27 78112 1
22 23 26 9 55036 1
9 7 6 27 60488 1
22 24 23 6 61105 1
15 9 0 14 55849 1
25 5 15 16 44203 1
10 29 6 22 33017 1
0 19 13 20 49258 1
13 14 10 7 30175 1
22 29 13 22 51236 1
17 6 24 29 64544 1
1 14 19 11 48660 1
15 28 28 15 63874 1
24 15 0 3 80277 1
7 16 16 13 29714 1
8 12 20 1 44690 1
3 14 29 13 61363 1
0 1 6 25 80646 1
17 21 22 1 51073 1
20 7 4 17 65781 1
23 19 18 25 27904 1
16 3 7 7 44535 1
2 8 21 6 57327 1
10 6 28 5 48085 1
24 27 1 12 90287 1
23 17 10 23 57382 1
6 12 23 3 69180 1
11 17 0 1 56722 1
26 2 16 9 45387 1
0 16 28 12 74861 1
22 5 3 15 63723 1
17 14 25 24 50923 1
13 16 18 7 29466 1
19 15 24 10 28667 1
1 6 15 13 58279 1
19 5 15 20 45135 1
16 25 28 12 62101 1
14 15 11 6 34265 1
27 24 11 24 73811 1
22 12 23 24 43218 1
7 5 10 12 31776 1
0 10 12 25 68282 1
29 16 15 9 53064 1
16 9 24 11 37476 1
3 25 12 16 47873 1
10 21 24 11 61320 1
16 7 8 26 72304 1
4 1 19 23 74811 1
0 0 27 28 122531 1
20 2 22 16 46493 1
7 26 18 6 69345 1
12 1 25 8 41172 1
22 13 18 27 37749 1
0 20 22 15 67089 1
3 2 7 29 81387 1
6 4 27 7 61395 1
17 22 10 26 42730 1
10 1 25 29 86502 1
3 10 23 18 70755 1
5 27 22 12 75004 1
15 10 28 10 45173 1
23 2 25 20 73309 1
9 26 0 2 85366 1
17 8 6 2 40746 1
17 16 7 24 44778 1
1 9 20 7 64255 1
21 29 19 19 28733 1
7 1 29 17 79019 1
28 12 0 23 100886 1
16 5 28 2 39961 1
20 7 5 22 78993 1
14 29 7 14 51981 1
9 5 14 13 45298 1
1 21 15 21 60265 1
4 1 24 11 66932 1
1 25 11 4 77350 1
4 10 16 17 49070 1
2 25 5 2 80286 1
16 26 7 1 78739 1
22 14 3 0 63326 1
17 19 18 29 21598 1
13 8 23 28 88518 1
23 29 15 12 59149 1
6 27 2 1 78627 1
1 25 28 1 112765 1
26 1 20 25 72431 1
29 15 1 29 102344 1
9 29 27 24 67838 1
5 14 29 1 74439 1
6 15 13 22 43122 1
14 7 22 25 76870 1
6 16 10 10 26220 1
26 10 21 5 32950 1
11 29 18 25 27000 1
5 10 0 29 69834 1
11 19 24 9 59800 1
20 7 2 0 53367 1
29 7 10 4 57533 1
19 16 5 22 53134 1
17 12 18 1 25268 1
8 20 26 19 62759 1
4 8 16 17 59265 1
26 21 3 23 94123 1
25 8 22 25 61051 1
11 17 22 25 56561 1
18 0 8 18 56135 1
23 15 6 10 55028 1
19 0 25 17 54898 1
28 6 25 17 44366 1
26 18 4 3 88884 1
1 23 5 4 66868 1
14 26 25 21 60941 1
21 11 3 6 64024 1
28 0 18 20 61728 1
8 11 28 24 94041 1
15 0 3 3 33640 1
26 4 1 28 117928 1
0 21 3 12 35933 1
21 27 29 4 85678 1
17 18 24 2 52033 1
11 23 29 7 86144 1
29 23 1 0 124865 1
13 29 24 4 80408 1
4 21 14 16 43710 1
19 7 12 3 32968 1
6 24 7 13 40809 1
1 4 5 20 60282 1
10 1 1 9 40461 1
5 29 10 1 76831 1
5 8 19 10 53474 1
22 14 25 23 36541 1
24 15 0 24 87230 1
14 15 7 19 31604 1
25 5 21 20 57943 1
23 3 24 20 66384 1
7 17 21 15 43002 1
17 25 11 8 58773 1
2 7 12 15 53156 1
21 19 22 10 32854 1
25 3 26 27 84628 1
10 22 15 17 31348 1
14 10 6 17 40255 1
20 17 7 26 60061 1
8 10 14 18 36873 1
20 10 24 22 54496 1
6 1 12 21 61964 1
9 9 25 19 70206 1
6 11 0 15 30818 1
18 22 23 13 33756 1
3 3 20 26 94428 1
27 9 11 28 87959 1
3 5 23 6 51467 1
22 8 1 13 68376 1
20 18 26 0 62196 1
0 23 19 17 74574 1
3 14 17 22 52802 1
28 14 19 25 45496 1
29 29 6 9 98756 1
20 17 11 25 47828 1
6 10 8 21 31663 1
8 27 2 1 71162 1
8 19 14 23 41224 1
13 8 9 15 36859 1
6 7 29 28 112528 1
15 3 6 15 55932 1
15 10 28 6 39565 1
15 13 26 4 52473 1
0 28 10 21 57324 1
0 25 23 3 111351 1
11 12 16 21 43175 1
18 6 28 23 75945 1
29 16 15 18 41147 1
28 23 12 1 95737 1
20 28 12 6 69241 1
15 19 22 11 37373 1
20 13 8 20 45360 1
28 26 20 12 77066 1
13 21 24 16 47335 1
26 0 18 3 21582 1
1 10 12 23 63042 1
17 3 22 12 38582 1
28 5 14 14 50983 1
15 11 19 5 28487 1
29 26 13 24 77883 1
19 18 2 19 57631 1
12 7 26 15 58709 1
10 28 19 7 74545 1
1 21 10 4 64611 1
11 26 27 16 61753 1
5 13 6 29 50822 1
24 25 26 2 86166 1
29 26 1 24 105836 1
19 2 10 15 51670 1
6 26 21 3 92428 1
22 13 29 6 40574 1
3 29 16 11 81914 1
16 16 24 1 44365 1
15 6 20 23 55408 1
13 19 27 22 59432 1
23 24 4 20 84516 1
9 29 18 21 38858 1
0 7 27 11 95027 1
6 26 8 9 49715 1
14 23 28 20 69494 1
3 16 5 1 49230 1
27 29 29 10 83250 1
10 9 13 22 48300 1
8 4 12 21 50406 1
22 27 11 27 38521 1
6 15 20 5 55352 1
18 2 1 5 42326 1
12 5 19 12 40138 1
25 11 14 14 32547 1
14 29 29 24 65399 1
10 1 23 4 32662 1
13 20 23 9 63168 1
29 1 0 28 127933 1
15 10 17 24 43586 1
4 2 0 8 37634 1
9 21 27 1 84238 1
5 0 17 14 54486 1
7 28 18 25 42078 1
20 28 7 1 81178 1
22 5 16 24 56258 1
18 21 9 10 48494 1
17 27 15 0 65407 1
5 3 1 27 81508 1
6 26 17 19 57754 1
3 26 27 29 70712 1
7 10 16 2 42966 1
16 25 26 27 42597 1
22 6 14 0 31359 1
29 10 19 19 55502 1
29 20 1 13 89810 1
16 8 13 29 66689 1
21 16 2 22 64699 1
21 9 3 4 68264 1
10 29 26 11 78830 1
20 3 7 10 52308 1
19 9 5 12 52249 1
14 24 28 15 61897 1
16 2 28 12 63121 1
2 16 16 10 52753 1
8 22 22 12 52920 1
2 3 1 13 34386 1
5 21 24 21 78571 1
27 24 25 11 55945 1
22 10 10 29 72886 1
27 27 13 4 93050 1
13 21 23 4 72466 1
0 3 16 0 41683 1
14 15 20 27 44750 1
2 9 18 12 58933 1
15 14 22 9 30994 1
23 0 16 6 29522 1
17 9 14 0 34774 1
26 10 4 22 88865 1
15 0 1 24 92480 1
15 28 22 3 73933 1
24 5 0 27 111276 1
3 12 10 25 52942 1
14 17 4 20 39356 1
18 21 6 19 43493 1
6 4 22 13 63507 1
13 19 3 20 37652 1
7 16 11 2 41231 1
25 12 11 18 45421 1
12 0 24 10 56198 1
0 25 7 7 77743 1
13 25 18 12 51928 1
23 11 9 17 50630 1
25 6 24 19 48642 1
1 13 11 9 36995 1
22 5 0 17 74345 1
1 8 15 4 50733 1
23 18 8 5 69024 1
0 4 13 3 40129 1
9 25 10 16 29654 1
10 28 18 18 46174 1
24 11 3 8 74139 1
24 28 19 16 48269 1
15 25 18 14 37730 1
2 9 23 15 71136 1
26 12 6 13 54123 1
24 26 5 9 95876 1
15 15 22 0 46597 1
22 18 5 21 63843 1
0 3 23 8 69841 1
21 1 9 25 80792 1
16 24 14 6 56098 1
6 2 11 23 64980 1
19 2 4 12 66330 1
2 1 22 22 86535 1
20 18 5 28 67860 1
15 26 1 23 63872 1
14 22 14 7 72512 1
26 0 1 20 97375 1
15 25 23 0 78658 1
2 1 1 24 71738 1
7 27 16 22 51689 1
15 1 2 1 23420 1
27 5 3 4 68751 1
19 29 1 21 71063 1
28 5 8 12 67543 1
4 14 12 17 23300 1
24 20 3 8 84389 1
8 6 11 14 25180 1
11 25 3 29 29649 1
26 29 0 3 114764 1
29 23 20 11 79421 1
21 24 5 4 89701 1
22 5 10 8 40706 1
23 12 7 3 68246 1
0 6 23 17 81723 1
26 6 5 2 52985 1
24 12 13 13 36532 1
23 22 15 12 54510 1
1 17 28 10 81546 1
7 14 12 22 33297 1
2 1 4 13 43877 1
6 9 22 28 84526 1
25 10 24 21 42498 1
23 25 8 16 66687 1
25 20 0 25 103704 1
1 25 18 16 66902 1
11 14 19 1 42730 1
11 1 23 7 37968 1
29 21 6 11 93358 1
14 4 28 2 40972 1
28 10 4 14 67273 1
7 3 16 29 84946 1
7 15 18 11 35462 1
3 3 11 24 70766 1
0 1 0 18 59700 1
14 16 13 29 44960 1
8 23 18 15 41347 1
21 25 12 8 75510 1
10 25 14 14 39988 1
10 2 9 24 63978 1
27 6 20 23 66752 1
28 4 9 20 84222 1
7 25 25 22 82874 1
6 28 0 23 40906 1
3 22 12 23 51141 1
3 16 4 0 55555 1
4 7 10 26 73762 1
11 15 14 3 40245 1
2 23 18 16 63103 1
25 17 3 14 57272 1
6 13 19 8 49228 1
26 26 4 9 108724 1
8 25 22 0 80246 1
8 19 24 6 59942 1
28 28 15 22 60747 1
22 8 26 25 68901 1
11 5 16 11 35839 1
5 7 13 9 38217 1
4 8 27 9 80400 1
21 16 7 14 34608 1
29 24 12 12 98039 1
26 22 23 15 37759 1
13 16 9 10 26881 1
24 24 4 16 78957 1
19 29 0 9 90919 1
5 13 5 25 43965 1
18 19 3 27 63617 1
24 10 16 18 45004 1
25 9 13 3 49812 1
5 22 26 7 89276 1
17 12 29 14 29143 1
3 28 3 5 68155 1
16 2 24 5 34527 1
24 19 10 11 58743 1
21 22 5 7 86468 1
14 23 20 1 73159 1
21 4 25 14 41666 1
16 12 21 22 49013 1
7 25 18 13 52831 1
17 8 2 5 50335 1
22 12 15 26 53455 1
25 25 14 5 85533 1
2 2 2 23 75685 1
1 3 5 13 44738 1
5 12 2 23 46399 1
10 11 16 23 59204 1
9 25 10 14 32661 1
24 10 4 25 94785 1
25 8 6 18 71280 1
18 14 4 13 38676 1
26 27 12 10 84525 1
6 12 13 15 29232 1
19 25 11 21 42271 1
5 12 12 8 38854 1
20 7 6 22 74918 1
0 9 27 17 88060 1
27 24 15 25 63742 1
22 12 13 14 25351 1
16 2 5 14 56200 1
0 27 21 8 108322 1
20 8 16 29 59592 1
1 5 27 25 125209 1
8 25 14 8 60989 1
4 29 8 16 41155 1
24 21 9 8 79051 1
6 5 0 1 24108 1
19 12 26 23 56739 1
8 22 15 27 34227 1
1 17 24 5 78086 1
9 0 15 18 63794 1
13 24 6 18 42731 1
27 19 9 20 65926 1
6 9 2 17 36089 1
19 12 27 18 39924 1
1 15 10 6 43940 1
15 0 7 13 50955 1
3 26 14 27 40692 1
22 18 26 6 47504 1
26 5 13 26 85694 1
4 17 19 23 58744 1
13 15 23 14 28560 1
17 10 16 23 43695 1
1 25 29 22 119137 1
2 3 29 29 118835 1
26 20 2 22 92255 1
18 26 19 1 50961 1
2 18 16 21 64225 1
21 10 12 19 48487 1
15 17 24 27 49567 1
21 28 26 12 64132 1
11 24 11 3 51578 1
12 27 19 17 42866 1
7 17 23 8 65956 1
22 25 4 20 82312 1
20 4 10 26 76699 1
8 28 24 22 70126 1
11 4 22 1 25511 1
10 14 1 25 50626 1
26 4 27 22 74454 1
20 3 2 21 88121 1
13 5 28 26 103037 1
2 28 22 5 103167 1
9 10 28 3 68688 1
10 21 19 17 39566 1
7 16 26 13 47392 1
18 24 9 25 46687 1
16 23 10 0 73147 1
21 5 9 7 44494 1
1 19 28 1 94957 1
10 9 2 2 46878 1
14 24 0 14 62513 1
6 0 5 27 78037 1
16 3 3 1 33006 1
23 4 28 19 68211 1
13 9 10 1 30740 1
22 5 28 23 81739 1
5 24 24 16 69971 1
3 20 1 5 50575 1
1 2 22 3 45716 1
20 4 6 8 50355 1
27 25 5 2 114958 1
3 9 24 0 62564 1
17 19 16 29 26657 1
28 2 15 17 65226 1
24 15 7 2 67199 1
15 20 25 8 57635 1
29 11 13 2 73511 1
14 0 24 17 60803 1
8 24 4 7 58366 1
21 20 26 14 29652 1
27 23 19 5 77018 1
15 19 4 6 60429 1
27 27 4 21 97606 1
14 0 15 29 77916 1
3 29 23 4 103247 1
15 2 28 21 84279 1
10 13 26 9 57316 1
15 5 20 29 63326 1
20 9 10 5 43099 1
11 1 2 25 84031 1
2 2 26 26 117809 1
17 5 27 7 28882 1
25 19 2 28 91172 1
29 25 15 25 69463 1
13 28 2 6 83031 1
29 7 24 12 41638 1
16 11 24 13 33692 1
6 7 5 28 70333 1
11 9 15 24 56565 1
4 18 14 8 61750 1
6 19 5 0 58412 1
7 13 18 6 46580 1
5 0 17 10 46829 1
11 22 14 10 42200 1
24 9 9 5 55689 1
1 25 25 19 94142 1
8 25 19 13 51362 1
10 10 0 6 37133 1
22 5 21 22 60377 1
18 10 10 23 53481 1
18 15 16 25 30549 1
11 13 29 4 67721 1
4 14 15 8 51228 1
6 27 24 8 93582 1
18 6 28 0 32664 1
15 20 24 17 36437 1
18 20 26 14 28187 1
25 23 8 4 89602 1
14 8 27 22 85905 1
12 7 24 25 91540 1
22 24 27 29 27123 1
26 6 1 3 61636 1
16 17 22 21 29979 1
8 17 14 6 40126 1
17 17 24 3 49957 1
23 22 25 7 59984 1
26 20 11 6 73439 1
15 18 8 4 51089 1
0 28 25 15 98712 1
7 29 10 14 40721 1
29 1 17 2 25431 1
18 15 12 2 45426 1
10 11 4 19 38589 1
3 18 20 25 69794 1
27 4 16 24 73015 1
14 24 21 2 75473 1
4 14 13 6 40176 1
19 6 29 19 62435 1
5 12 28 1 74635 1
22 29 2 14 75838 1
23 7 1 21 89503 1
0 0 19 3 46407 1
13 1 13 28 76514 1
13 15 9 21 35040 1
2 28 25 5 109976 1
17 29 20 18 32793 1
6 10 15 12 41596 1
1 24 16 17 63699 1
7 26 13 6 62839 1
4 22 23 1 92804 1
4 24 16 17 60065 1
11 24 2 20 43651 1
9 4 12 16 36060 1
27 16 11 3 66026 1
27 29 23 6 78259 1
5 23 23 2 97422 1
21 23 29 5 85066 1
28 9 3 17 82473 1
28 20 9 20 70942 1
17 0 18 20 42821 1
28 10 22 3 40001 1
25 29 4 15 83840 1
19 10 0 6 58643 1
13 26 17 7 69714 1
14 28 20 19 40858 1
4 14 26 2 75552 1
7 29 18 4 79561 1
14 28 25 0 88145 1
13 27 27 15 64667 1
29 13 25 7 37679 1
29 0 19 5 38775 1
11 7 19 18 47089 1
19 6 27 24 77295 1
17 14 7 28 55147 1
18 2 7 16 51438 1
3 28 23 10 96636 1
27 8 1 0 69095 1
17 11 6 0 46512 1
8 3 4 26 74457 1
15 23 10 5 70904 1
28 26 2 4 130278 1
26 10 19 4 37142 1
24 10 8 7 59288 1
26 2 18 6 28870 1
24 28 10 26 52407 1
28 1 5 15 76306 1
17 3 16 21 50442 1
22 15 14 21 42070 1
4 17 10 11 33154 1
8 24 27 20 79208 1
24 3 12 9 56179 1
8 13 22 1 51407 1
0 27 24 21 97782 1
29 9 12 0 69882 1
29 25 11 22 84018 1
0 7 20 3 64396 1
15 2 12 14 44944 1
1 15 16 0 68686 1
15 28 16 16 41082 1
18 14 12 10 30859 1
3 5 20 26 91902 1
24 19 14 22 48334 1
27 8 25 19 47585 1
23 11 9 3 61591 1
14 22 7 10 55019 1
29 11 29 1 57611 1
18 15 6 9 43156 1
12 28 25 27 48400 1
6 6 29 21 103042 1
17 16 18 2 29456 1
0 27 15 7 97805 1
15 3 4 19 71457 1
24 10 20 16 30708 1
17 16 28 15 29060 1
15 20 21 29 34410 1
3 26 24 10 94734 1
16 2 4 0 34085 1
19 13 13 17 27578 1
21 17 14 24 42391 1
17 20 19 9 31803 1
17 2 3 9 50014 1
17 23 25 26 41602 1
4 2 24 8 63344 1
7 19 29 28 88548 1
25 4 10 18 66527 1
18 26 3 23 63384 1
3 23 24 22 92994 1
25 14 21 6 34128 1
20 16 19 3 33967 1
28 8 27 28 89924 1
26 6 20 28 69613 1
27 19 0 28 104258 1
21 21 2 17 65571 1
19 16 27 14 21942 1
28 28 10 20 74800 1
12 7 28 17 71073 1
27 6 19 25 61916 1
23 22 9 23 73155 1
13 0 24 17 62441 1
13 9 4 19 53165 1
8 9 12 21 38909 1
4 27 6 15 46482 1
14 12 29 15 48584 1
6 21 17 15 43764 1
2 25 3 15 35240 1
12 6 3 12 40363 1
19 6 0 20 74488 1
7 6 13 12 38688 1
24 6 16 13 37558 1
13 0 29 25 113507 1
21 24 21 13 46504 1
27 21 8 9 80318 1
21 19 18 12 26619 1
21 13 11 21 46177 1
5 10 2 20 40733 1
21 8 3 15 67018 1
1 6 29 10 87791 1
27 27 25 0 99586 1
11 23 22 23 57280 1
17 23 29 22 63395 1
7 25 20 18 62684 1
28 20 13 23 73799 1
14 14 29 24 79265 1
11 16 27 26 75028 1
19 3 4 16 61739 1
28 3 15 29 88817 1
6 3 7 16 40412 1
9 9 24 4 58183 1
3 22 3 8 41947 1
10 13 24 8 58909 1
18 12 5 15 36968 1
18 9 19 25 37751 1
14 25 20 7 68272 1
0 7 9 2 43144 1
25 8 5 8 63658 1
3 29 27 13 91488 1
6 16 2 27 42548 1
20 1 6 28 89233 1
22 9 12 14 38419 1
12 11 17 26 58845 1
3 19 23 11 69769 1
21 19 0 8 84184 1
19 11 14 2 37009 1
27 2 2 28 123834 1
11 28 17 18 43488 1
22 0 10 21 73174 1
23 7 10 27 82380 1
2 8 6 21 53752 1
27 23 25 12 49015 1
4 25 13 3 85345 1
11 12 1 11 35842 1
2 27 5 18 37233 1
22 14 2 16 48370 1
26 1 11 7 40669 1
7 21 3 2 64317 1
0 19 27 21 96121 1
12 25 27 16 64838 1
10 9 8 28 51213 1
21 20 1 26 81494 1
6 2 7 14 39613 1
2 0 8 26 75206 1
11 19 14 12 31702 1
14 11 28 27 89040 1
24 0 20 21 63488 1
23 10 12 1 45084 1
5 1 0 15 55091 1
15 16 5 26 56107 1
7 11 17 28 66771 1
14 14 15 27 45625 1
8 23 28 0 89836 1
3 9 20 1 50807 1
1 0 26 13 76795 1
3 8 27 0 66504 1
23 15 14 8 51595 1
6 9 24 6 55792 1
19 27 10 24 38433 1
22 19 12 5 62479 1
14 0 0 26 104397 1
8 16 29 21 75437 1
1 20 7 12 42305 1
8 25 15 1 66083 1
15 9 22 23 60569 1
25 3 5 9 67718 1
15 11 10 18 37891 1
19 23 16 14 28969 1
24 10 17 7 33567 1
6 5 2 19 52538 1
5 6 27 23 104319 1
2 3 27 24 120700 1
14 7 27 4 45988 1
17 22 27 20 42907 1
20 2 11 25 75952 1
8 4 19 14 47555 1
17 27 2 5 91099 1
21 28 21 7 71438 1
1 4 23 15 80242 1
17 2 29 17 63255 1
29 28 9 5 110915 1
20 19 28 11 49970 1
0 6 23 16 76673 1
2 24 4 10 50216 1
0 21 14 27 67480 1
10 1 8 12 28736 1
25 10 16 11 36205 1
21 3 9 1 28876 1
27 2 10 8 56223 1
6 19 2 13 32304 1
24 8 6 24 89532 1
3 10 9 18 37176 1
6 13 27 9 69421 1
20 5 9 12 55045 1
6 2 21 12 62011 1
1 13 27 26 102901 1
9 25 17 16 47026 1
19 24 8 2 69548 1
1 27 25 12 95348 1
15 3 10 12 41938 1
12 26 24 8 85146 1
9 27 0 18 55384 1
5 20 9 5 49644 1
22 4 22 14 33372 1
25 2 18 10 33621 1
26 23 17 14 53430 1
26 24 17 6 72258 1
2 0 23 23 102709 1
11 22 23 15 49655 1
2 17 7 3 51957 1
2 10 26 8 78423 1
26 9 7 9 69053 1
22 27 20 14 44617 1
14 16 1 3 62580 1
0 21 9 28 55572 1
7 25 2 3 72924 1
28 11 25 27 65172 1
22 11 7 4 59086 1
1 6 12 12 47014 1
9 8 6 26 57559 1
24 22 18 2 64737 1
23 29 11 10 70336 1
21 2 7 14 60570 1
11 11 23 12 43724 1
2 23 0 3 72552 1
12 4 3 6 27626 1
9 2 8 12 30162 1
15 27 0 22 67956 1
9 8 25 20 76696 1
9 24 1 18 44970 1
5 21 20 26 75323 1
28 15 12 16 41116 1
29 3 22 13 53960 1
23 28 20 9 69971 1
1 26 3 0 82322 1
1 3 24 20 94892 1
19 2 11 19 57509 1
26 26 1 14 94953 1
2 18 17 20 56477 1
6 1 26 29 96208 1
29 3 2 27 124798 1
10 3 19 19 59486 1
5 11 28 2 76075 1
6 11 27 20 79785 1
10 7 12 25 56420 1
16 25 15 1 62617 1
20 28 8 12 64121 1
1 15 16 23 69237 1
28 27 2 3 123042 1
11 7 21 20 58218 1
13 11 6 18 39279 1
26 27 0 3 118332 1
25 21 10 4 80689 1
17 3 11 23 64716 1
1 19 19 17 54440 1
26 28 8 13 77968 1
12 0 4 9 49677 1
18 14 22 21 29565 1
29 0 28 17 77923 1
24 25 3 2 106809 1
26 14 24 1 48098 1
1 11 4 28 60306 1
25 15 18 23 34152 1
25 5 17 2 30061 1
10 14 26 26 75816 1
27 10 25 21 44942 1
3 2 29 19 99324 1
0 15 29 6 86866 1
5 9 10 26 60717 1
13 18 26 24 67492 1
0 29 17 29 46082 1
14 16 2 5 56516 1
25 27 12 28 48400 1
17 5 23 21 56380 1
4 29 19 21 56910 1
9 3 15 7 29593 1
12 9 9 22 46031 1
7 3 26 13 69565 1
2 26 4 6 65955 1
23 13 28 19 38312 1
25 14 7 21 55574 1
26 0 26 20 74666 1
26 28 9 23 69103 1
18 19 14 8 46296 1
26 27 12 8 91446 1
1 17 14 27 62395 1
26 15 21 28 56522 1
13 12 10 2 41339 1
26 3 13 17 65056 1
7 5 23 4 51187 1
28 7 6 9 70571 1
20 28 2 2 97158 1
24 21 16 4 63636 1
2 3 9 23 70659 1
12 24 21 16 48276 1
4 14 15 17 31567 1
3 11 29 23 108881 1
13 12 26 19 58214 1
23 21 4 23 89783 1
5 26 13 1 81027 1
7 22 25 13 62069 1
11 6 5 20 49103 1
19 3 4 7 51684 1
0 12 4 21 42821 1
0 22 27 19 97819 1
27 16 0 21 80559 1
6 26 9 16 35576 1
17 1 13 11 42355 1
13 22 20 11 61273 1
13 20 22 1 63833 1
21 24 7 3 84656 1
6 17 26 22 74609 1
17 3 18 15 27874 1
2 3 8 16 48283 1
29 15 17 28 59053 1
23 23 23 8 62235 1
14 12 27 19 60145 1
22 10 17 23 45950 1
