5681 2678 2687 2643 2777 2477 3536 3185 3133 2325 2929 2392 2783 2474 3280 2365 3395 3514 2667 2546 2385 3151 3441 3390 2780 3176 3044 2468 2568
4954 4024 4735 4970 7197 8168 7744 7495 7816 7343 7468 8214 7753 7906 7445 8012 7562 7405 7161 7503 7846 8188 7577 7261 7901 7474 7411 7330 8271
3114 3961 3148 3644 4043 3114 3957 3288 3126 3567 3550 3312 3132 1776 1534 1355 1583 2139 1676 1635 1920 1168 2075 1016 1216 1754 1980 1864 2000
7437 4282 3892 4736 4135 5028 4594 4328 4251 4845 4068 4879 4786 4355 4409 4165 4301 4411 4212 4270 4901 4073 4024 4426 4395 4714 3926 4700 4864
2937 4000 4014 3530 3860 3370 3911 3520 3565 3593 2902 3881 3328 3739 3622 3425 3447 3291 3915 4015 4058 3517 3764 4373 3703 3607 3983 3801 3643
7150 6926 6053 6224 6937 6518 6856 6380 6714 6710 6761 6753 6724 7271 6916 6621 6698 6864 7012 6545 6866 7142 6516 6662 6793 6998 6971 6529 6575
7239 6218 6119 6388 6500 6506 6521 6289 4574 3919 4073 3924 4294 4125 4127 3809 3808 4231 4300 3807 3535 4446 3920 4388 4385 3718 4585 4011 4180
6069 6551 6406 6322 6479 6142 6136 6096 6646 5614 6016 5847 6550 5951 5568 5729 6449 5569 5495 6363 5827 5625 5492 5824 5896 5950 5382 6198 6331
7001 7998 7953 7059 7234 8158 7891 7829 7606 7862 7905 7212 8051 7479 7920 7641 8148 7099 8091 8093 8357 8262 8006 8320 8334 8698 7771 8661 8289
3962 4166 4502 4625 4536 4397 4740 3629 3640 4725 3596 4085 4276 4337 4177 4626 3672 4301 3858 3591 3584 7417 7761 7895 8148 7903 7852 8026 7580
7864 8328 7771 8492 8682 8126 7985 8171 8021 7747 8446 8040 7978 8099 8630 8242 7943 7381 7351 7235 6499 7455 7532 7113 7569 7317 7105 7569 7105
5461 5077 5395 5505 5083 5043 5280 5274 4973 5450 5934 5535 4980 4833 5699 5655 5469 6003 5223 5379 5103 5556 5703 4428 4953 4168 4797 4486 5355
6767 7420 7524 7938 7322 7229 7017 4857 5473 5494 4823 4924 5505 5286 5340 5058 5895 5912 5641 5036 5742 5657 4885 5742 4882 5465 5602 5330 5324
5131 5089 5903 5817 5292 5473 5160 5086 5776 5405 5989 5461 5094 6020 5372 6147 6253 6051 5477 5534 5208 5173 6203 5915 3914 4725 4455 4086 4086
5581 6159 6108 5807 6074 6063 2040 1895 2105 2239 2439 1821 2026 1864 2575 1629 2363 2491 2037 2524 1639 2535 1447 1436 1710 2451 2483 1750 2470
2560 2045 3079 2608 2611 2622 8552 7793 8662 7786 8222 7870 8363 8138 8564 8478 8836 7967 8637 8356 8317 7723 7696 8136 8393 8015 7784 8213 8406
6410 7248 7183 7401 6516 7381 6506 6645 6847 7166 7067 6859 6875 6795 6471 6623 6436 6555 7219 6870 6892 7440 1741 1291 1852 1508 1250 1420 2229
1782 2562 1839 2769 2946 2598 1879 2808 2570 2337 1956 1798 2195 2244 2302 1921 2134 1830 2484 1977 2358 2372 3069 2963 3058 3187 3043 2428 3515
3781 3219 3610 2949 3301 3117 3237 3243 3082 3071 4056 3348 3726 3976 2913 4052 3221 3745 3550 3992 3783 3021 3859 3582 3930 3754 3382 3204 5472
2213 2880 2505 2303 2315 2299 2900 3083 3301 4060 3703 3148 4118 3238 4292 3566 3769 4002 3450 3131 4205 4121 3773 4146 4294 4322 4063 3151 4101
3039 2537 3059 2097 2225 2901 2139 2361 2563 2998 2808 3198 2742 2776 2388 2076 6045 6347 6283 6478 6120 5683 6525 5732 6527 5741 5527 5756 6308
2125 2555 1571 1460 2491 2348 1855 1985 2599 2532 2511 2594 2163 2310 2513 2478 2468 1757 1967 1840 2175 1862 1638 1810 2434 1605 2176 4266 4052
7908 7939 7387 7561 7635 7751 7169 7081 7312 7746 7763 7149 7416 7439 7543 7601 7253 2578 3082 3237 3079 2787 2733 2354 3184 3463 3146 2787 3202
5936 7979 7273 7589 7067 8104 7561 7778 7242 7449 7155 7354 7458 7547 7319 7784 7505 7290 7974 7234 7979 7032 7115 7137 8101 7663 7357 8181 7153
1886 1887 2310 2048 2431 2454 2213 3331 4148 3422 3554 4151 3791 3683 3961 4459 3448 4068 3470 3840 4138 4047 3921 4226 3388 3657 4033 4036 3791
6536 6627 6608 6745 7080 6608 6634 7526 7458 6804 7384 6663 7013 6857 7508 6888 6721 6566 7018 7579 6762 6714 7503 7404 7627 7252 7050 7104 4148
2711 2873 3096 3467 3015 2758 2888 3153 2805 3599 2792 3217 2939 2890 3509 2921 2586 3437 3178 2906 3245 2591 2832 2551 2958 2601 2567 3390 2426
4214 3620 3750 4026 4250 3475 3637 3380 3871 3861 3401 3866 3689 3349 3874 3462 3912 1577 1709 1333 1654 1956 2219 2183 1419 2127 1911 2051 1014
5952 6111 6446 5678 6196 6513 5994 5357 6370 5903 7613 7624 7723 7086 7532 6665 7413 7370 7552 7437 6739 7601 7149 6771 7217 7871 7709 6759 7858
4203 3573 4083 3651 3543 3710 4218 3227 3643 3710 3336 3532 3240 3638 4094 3387 3106 3649 3877 3851 3260 3974 4112 3592 3997 4079 8316 7971 8356
8132 7829 2606 8211 6823 1933 2626 3535 3499 7013 2506 2157 3709 4579 3225 1482 3180 2061 1890 6384 7061 8150 7163 2963 5052 1997 3821 7836 7035 3214
8892 6785 1643 8152 6762 1888 2039 2413 3609 8084 1690 2402 3734 5062 3549 1276 3892 2175 1363 6121 7469 7269 6560 3409 5034 2262 3191 7588 6858 2651
8887 7063 1673 8446 7628 2524 2462 2493 3847 7958 2027 2339 3758 5680 3458 1783 3607 2183 1290 5895 7635 7581 7046 3025 4165 1598 3338 8157 7184 2730
8162 7797 2513 8528 7665 6535 2406 3061 4005 8027 1585 2405 3279 5526 3971 2043 3362 1829 1732 6403 6803 7929 7281 3652 5157 2829 3018 7805 7040 2424
8527 7148 2252 7742 7893 6736 2353 2027 4285 7365 2116 1712 2660 5035 3558 2198 3990 2427 1567 6082 6447 7837 6949 2850 4285 2731 3127 8623 7031 2135
8333 7575 2142 8400 6885 6453 2811 2163 3340 6934 2481 4019 2746 4858 2805 1769 3259 2529 4207 6819 6575 7542 6871 2197 4619 1801 2851 8157 6334 1813
8950 7058 2046 7922 6799 6770 2723 2003 4068 7147 1882 3251 2787 5957 3189 1821 4034 2293 3452 6409 6646 8124 6730 2116 4683 2343 2493 8140 6382 2762
3972 6770 1844 8469 7364 6673 3123 2618 4008 7001 1703 3215 3097 5694 3879 1102 3847 1975 4012 6028 6505 7498 6589 2749 4826 1695 2586 7748 6848 1859
4113 7633 2383 7903 7844 6142 3193 2000 3966 7808 1406 4074 3229 5945 3510 1937 4328 2232 3761 6662 7025 8184 6466 2236 4767 2009 3617 8527 6326 2496
3730 6785 2583 7577 6772 7238 2726 2902 3783 7597 1270 4156 2741 5172 2826 1712 3643 1550 4373 6737 8064 7725 6533 2947 4414 2694 3555 8163 6486 2162
3752 6769 1742 8012 7628 6547 2044 2445 6055 7999 1959 2979 3051 5533 3178 1348 3761 2207 3594 5838 7899 7056 6760 2465 5129 2048 2955 8119 6424 1922
3948 6954 1931 7903 7268 6894 2504 2286 5737 7163 2257 3957 3001 4922 3335 1755 3175 1732 4322 5905 7784 7831 8227 3141 4167 2650 2807 8039 8323 2121
3858 6968 2689 8542 7635 6459 2938 1975 5242 4929 2038 3754 2506 5144 3653 2151 3699 2062 4330 8073 7933 8106 8189 2979 4847 1872 3300 7963 8553 1950
3005 7718 2393 8350 7092 6135 2227 2343 5549 5588 1283 3574 3327 5532 3037 2053 4254 2626 3801 7989 7359 8207 7251 2845 5223 6180 2659 7753 7539 2356
4009 7757 2586 8242 6872 6556 2196 2629 5789 5240 2410 2978 3241 5526 3195 1217 3754 2362 3375 8527 7438 7222 7568 2155 4533 6527 2780 8343 8454 2437
3788 7342 1738 7438 6936 6431 2531 2006 5877 4836 1288 3631 3483 5376 3882 1058 3520 2684 3860 7811 8155 8230 7724 2062 4289 6547 3073 8476 7809 2445
3251 7985 2326 8024 7909 6967 3135 3085 5850 4866 1500 3398 3185 4826 3119 1747 3131 1755 3451 8562 8123 7441 7638 2770 4020 6884 2982 8481 8627 2546
3257 7490 2136 8311 6847 6432 2752 2018 5790 4913 2014 2973 2938 5522 2846 1094 3267 1512 3599 8161 7273 7722 8219 2495 4343 6103 3632 8044 8352 2308
3523 7068 4493 7902 7531 6468 2276 3166 6321 5191 1589 3755 3144 4828 3956 1829 3736 2036 3657 8729 7341 7461 7354 2376 4002 6446 2999 8031 8383 2555
3088 7157 4584 8146 7378 7283 2596 2390 5746 4694 2469 3394 2560 5169 3628 1979 3330 1331 4286 7846 8042 7694 8068 2525 4044 6786 3109 8484 7990 1846
3150 7695 3723 5492 7301 6944 2642 2471 5441 4745 1432 3153 3304 5463 3765 1271 3742 1239 3678 8925 7402 6714 7379 2970 4029 6071 3503 8158 7726 2239
3709 6959 3899 5259 7378 7259 2795 2333 5335 5252 2489 3187 2807 5707 2964 1488 2762 1261 3689 8775 7826 6148 7504 3042 4568 7004 3601 8196 7825 2042
3798 7809 4559 5850 7175 6281 2155 2413 5791 4866 2297 3859 3470 5067 2862 3817 2837 1789 3736 8887 7477 5571 7399 2712 4184 7121 3554 7412 7895 2145
4110 7252 4161 5050 7908 6141 5713 2126 5398 5476 1301 3586 3378 5319 3168 3070 3448 1507 4243 8467 7838 6345 7874 2365 4785 6106 3055 7519 8031 1825
3991 6774 4333 4957 7669 6462 5655 2169 6270 5527 2241 3917 2434 5204 3311 2690 3828 1509 3781 8436 7680 5898 8071 2249 3994 6136 2573 8404 7804 1803
3897 7947 3637 5925 7835 6177 6088 2812 6279 5201 5232 3274 2664 5211 3599 3211 2824 1821 3952 8695 7321 5834 7340 2734 4385 6666 3480 7860 7842 2104
3682 3645 4271 4853 2768 7016 5650 2492 5210 5732 4912 3379 2417 5854 7528 2948 2852 2101 3348 8525 7235 6696 7666 2833 4411 6418 3448 7194 7825 1588
3758 2875 4121 5652 2899 6457 5379 1963 6064 4747 5026 3688 3080 5316 6846 2985 3577 1537 4465 7760 7690 5703 7462 2890 4056 6249 2950 6930 7826 1719
3090 2577 4186 5059 3262 7034 5736 3135 6105 5398 4237 3982 3024 4912 7482 2984 2670 2038 3977 7883 7901 5806 7253 3015 3381 6034 2661 6619 8004 1868
1 22 12 2 79496 1
15 19 5 10 44051 1
29 19 16 20 41621 1
20 14 22 6 24722 1
8 10 29 3 63125 1
5 8 13 6 29932 1
15 9 20 21 45695 1
14 14 3 16 26629 1
25 0 5 22 102085 1
17 12 18 26 37726 1
17 13 1 15 31516 1
24 26 6 2 91973 1
19 16 7 26 53867 1
5 21 18 10 60615 1
12 18 23 21 42327 1
20 1 27 14 51446 1
29 24 17 17 36051 1
18 8 19 19 33717 1
5 29 1 4 70111 1
15 15 2 5 51001 1
12 3 27 0 59805 1
14 28 2 4 80322 1
19 20 25 29 41752 1
3 19 11 1 76025 1
10 13 17 7 36520 1
24 5 9 8 44884 1
3 21 10 16 37177 1
24 11 28 22 41886 1
25 22 15 4 69738 1
5 4 3 25 64009 1
5 17 21 4 59029 1
1 11 23 20 65658 1
22 12 25 4 36667 1
16 7 24 10 24391 1
5 15 27 26 56008 1
11 23 25 28 46189 1
15 10 13 23 32645 1
4 6 12 2 31697 1
15 29 22 8 61375 1
14 14 19 8 24312 1
3 0 26 4 84975 1
12 19 26 22 52404 1
21 29 20 4 61238 1
19 3 7 22 77575 1
8 12 3 3 48967 1
16 9 29 8 42959 1
10 22 1 1 88864 1
29 19 21 15 26035 1
21 10 4 23 63921 1
0 11 18 14 43388 1
25 10 14 22 45567 1
22 20 8 18 41316 1
28 23 19 20 36419 1
2 25 6 15 23576 1
4 10 19 25 64598 1
28 22 6 4 93362 1
7 2 0 22 70896 1
5 1 19 24 90732 1
11 1 26 15 69430 1
4 18 8 0 76384 1
14 1 13 15 42918 1
4 8 20 3 50728 1
22 6 27 19 42077 1
20 14 15 23 30132 1
28 24 0 21 78229 1
27 6 15 21 67024 1
8 23 0 9 49081 1
5 26 15 15 49088 1
9 26 18 25 31497 1
17 26 7 21 42329 1
3 17 12 12 38474 1
19 27 12 9 58749 1
17 3 14 15 32424 1
8 10 10 21 53234 1
19 21 28 3 73370 1
20 28 4 20 67194 1
28 8 14 7 39430 1
26 26 20 13 40994 1
13 16 29 28 62620 1
10 5 21 22 60639 1
29 6 12 29 86069 1
28 17 9 9 49977 1
17 11 13 25 38552 1
20 26 5 7 72485 1
28 13 6 8 65305 1
13 7 15 19 36354 1
6 22 22 12 60976 1
3 10 3 26 36206 1
24 21 9 1 82641 1
15 27 17 18 29407 1
15 18 15 7 29451 1
26 4 7 28 99813 1
15 14 6 10 25143 1
22 4 25 17 44291 1
10 1 25 18 76553 1
3 28 13 17 48646 1
14 3 4 25 78830 1
19 19 4 22 57377 1
1 29 29 26 67851 1
18 7 4 15 42096 1
5 6 19 25 78771 1
18 23 3 6 70705 1
22 20 6 17 39754 1
25 2 16 9 42950 1
16 17 6 9 37480 1
8 16 23 8 56251 1
29 10 2 7 72425 1
13 5 20 28 72155 1
24 26 24 12 47722 1
25 15 28 6 38564 1
5 11 23 9 46827 1
16 3 29 24 76532 1
10 3 0 16 68442 1
24 13 10 12 43735 1
4 19 14 26 47109 1
0 6 14 2 41024 1
29 1 13 6 60201 1
8 20 11 29 58891 1
16 8 12 28 63869 1
12 12 7 25 51257 1
15 23 18 14 26849 1
16 8 0 21 62874 1
27 5 0 1 83301 1
12 4 3 2 34898 1
2 9 20 21 64947 1
7 24 17 23 32173 1
10 16 1 3 65333 1
9 0 5 15 67828 1
0 25 11 29 32160 1
28 22 28 7 52658 1
0 27 5 6 60120 1
25 10 3 12 49487 1
16 3 25 10 41763 1
2 13 19 28 66924 1
27 4 13 12 50687 1
11 20 19 8 52498 1
3 2 15 6 38024 1
20 7 5 22 75367 1
20 8 28 12 31380 1
8 27 28 7 94371 1
2 7 18 20 63589 1
13 20 8 27 45241 1
16 5 3 20 66774 1
15 19 11 3 59351 1
19 29 21 15 36613 1
23 28 11 22 51269 1
29 2 24 10 41206 1
5 25 20 8 69253 1
5 8 22 3 58293 1
7 5 9 22 80410 1
29 22 22 10 49979 1
12 25 27 14 57006 1
21 29 0 0 109827 1
13 17 1 20 35938 1
22 2 9 9 46974 1
17 2 10 21 71491 1
26 26 24 0 72347 1
29 28 8 12 81599 1
11 0 28 27 98909 1
5 28 19 2 93542 1
8 4 20 0 49171 1
8 9 0 16 38083 1
12 24 21 2 67033 1
29 0 6 19 98856 1
0 6 26 12 69974 1
14 17 29 8 55799 1
14 18 5 5 56294 1
16 10 6 13 29787 1
13 5 6 11 33850 1
9 20 13 2 63018 1
20 2 5 6 50057 1
14 16 26 3 54747 1
21 4 29 29 65575 1
20 25 12 22 37284 1
12 24 25 20 56764 1
18 20 24 0 62147 1
9 0 12 8 43381 1
20 28 14 20 34951 1
9 7 1 27 65510 1
19 15 6 29 53538 1
25 6 17 10 29360 1
12 12 14 22 27516 1
17 3 14 24 50525 1
0 23 18 11 57129 1
12 9 4 23 57712 1
2 21 9 14 27138 1
14 5 24 3 41787 1
10 19 29 19 57367 1
20 13 4 12 42623 1
28 16 9 13 48630 1
0 11 28 24 76229 1
12 21 23 18 45498 1
7 0 8 13 68909 1
1 10 18 29 69708 1
27 27 7 25 57170 1
27 21 3 3 90398 1
21 15 1 27 58972 1
15 9 4 21 58201 1
19 23 28 0 78316 1
16 17 21 5 35128 1
1 22 8 2 71697 1
12 6 25 4 46510 1
0 17 26 11 63997 1
18 20 20 10 33421 1
14 13 18 21 28887 1
22 12 16 27 42782 1
11 20 3 14 43760 1
1 25 3 6 47749 1
11 0 15 12 48321 1
18 1 5 17 62816 1
8 8 18 6 31897 1
16 2 11 25 64371 1
19 19 13 9 36490 1
23 2 15 22 70106 1
21 28 26 13 43323 1
22 27 13 19 46083 1
16 27 11 8 53509 1
16 26 2 11 56959 1
0 19 20 17 45384 1
25 12 21 2 33067 1
29 26 3 28 67334 1
15 16 23 22 38326 1
25 10 10 24 65536 1
24 24 7 11 66436 1
27 17 22 25 28879 1
2 5 19 9 51920 1
18 26 24 17 31256 1
18 20 29 6 63707 1
8 4 12 16 57482 1
23 7 3 22 74077 1
24 7 29 23 53846 1
21 16 10 11 35223 1
18 19 11 9 38637 1
21 23 22 3 48805 1
17 29 2 24 42972 1
11 19 5 14 35073 1
13 23 24 25 35931 1
21 26 17 9 40093 1
12 1 27 6 59210 1
0 4 22 29 98180 1
5 22 29 1 114261 1
7 5 3 12 38680 1
10 15 24 11 37714 1
19 29 23 2 74003 1
9 26 9 13 55071 1
9 17 3 24 31262 1
26 16 29 27 34791 1
27 28 0 4 98683 1
12 19 0 12 46743 1
8 28 23 8 88539 1
24 22 2 21 65838 1
13 21 25 18 42223 1
13 3 27 14 68135 1
9 10 4 22 50108 1
7 3 12 16 65939 1
19 16 9 29 49120 1
2 10 10 19 46606 1
29 9 6 23 88676 1
13 20 19 29 34156 1
4 26 26 23 63231 1
8 25 11 18 43096 1
22 29 5 5 93630 1
21 21 7 3 76774 1
11 1 3 6 37249 1
15 6 19 26 56346 1
0 4 26 23 91825 1
12 2 25 25 85254 1
16 11 26 29 54839 1
12 15 13 3 42017 1
18 20 3 1 82545 1
29 25 21 6 59938 1
26 6 8 27 92804 1
14 4 19 28 73083 1
7 27 20 1 92592 1
14 26 0 9 61515 1
22 25 23 0 65884 1
29 11 18 22 57257 1
15 8 3 1 54226 1
19 26 7 24 41714 1
7 26 23 26 50712 1
19 12 27 5 38571 1
10 20 18 23 42398 1
3 13 13 3 60331 1
14 19 26 6 52398 1
12 23 21 28 35137 1
29 14 7 16 55269 1
7 4 24 3 64808 1
3 10 21 8 37813 1
17 27 9 19 45902 1
18 2 28 16 59452 1
19 18 29 16 23241 1
27 19 5 15 43117 1
19 17 14 10 22350 1
3 24 22 29 58127 1
13 8 28 29 67673 1
26 15 10 6 53188 1
3 12 27 1 81091 1
20 29 13 12 49479 1
4 16 6 2 54654 1
24 24 6 3 94378 1
9 20 21 25 50329 1
19 29 27 13 51342 1
1 14 29 0 96411 1
13 18 10 10 28546 1
5 3 20 9 56985 1
2 2 29 24 103188 1
23 2 25 28 81317 1
19 22 19 3 58546 1
20 25 7 6 73508 1
21 15 21 3 27361 1
2 29 26 27 58841 1
19 27 28 13 56644 1
19 5 23 21 52233 1
12 26 10 5 65064 1
27 25 8 13 61711 1
1 28 0 5 59511 1
15 1 11 21 66285 1
22 16 17 0 45998 1
27 0 23 26 82067 1
21 16 6 26 56415 1
6 19 19 28 62463 1
4 22 22 25 56222 1
14 5 28 16 56164 1
1 17 14 12 33250 1
21 19 0 22 58429 1
27 25 8 21 69771 1
25 7 17 26 61509 1
8 19 26 17 45804 1
21 0 28 25 68845 1
5 15 3 6 35728 1
8 20 10 28 60455 1
2 29 3 20 22628 1
5 10 12 15 31208 1
1 13 10 27 56188 1
8 1 27 15 82007 1
3 7 25 23 78589 1
3 20 11 26 38946 1
9 27 29 21 76004 1
16 17 5 26 48925 1
23 27 9 16 58015 1
2 21 8 0 78593 1
16 24 18 11 33718 1
7 18 22 5 64544 1
22 18 27 24 23936 1
15 20 5 26 44265 1
22 10 4 1 62394 1
1 1 12 11 57063 1
29 6 23 1 37384 1
23 19 28 2 73072 1
5 8 12 20 61625 1
18 0 29 9 50479 1
9 15 27 11 47236 1
10 1 1 8 50567 1
17 2 14 11 27383 1
25 7 16 9 29330 1
0 19 12 3 79024 1
25 13 4 24 76150 1
26 11 4 0 79194 1
12 18 8 11 40648 1
24 28 15 25 34251 1
21 16 9 18 29865 1
21 25 8 23 38210 1
10 20 2 12 44662 1
13 28 5 23 39547 1
13 23 26 2 74945 1
10 6 25 17 48978 1
21 13 0 22 55769 1
5 26 16 13 61265 1
13 1 17 20 54719 1
21 3 28 12 39657 1
19 27 23 7 56662 1
5 0 19 1 49988 1
23 27 14 4 76583 1
29 13 20 8 37644 1
6 9 1 2 39424 1
10 17 15 22 27421 1
9 20 1 0 81119 1
15 13 4 22 53479 1
2 8 16 9 39564 1
24 20 12 10 44176 1
28 8 15 5 41877 1
20 7 2 3 55594 1
7 24 22 3 84401 1
24 5 18 24 58384 1
9 19 29 0 91984 1
7 12 14 29 56382 1
8 10 17 1 37719 1
1 1 0 21 60123 1
26 26 4 13 69015 1
29 13 9 3 77629 1
16 26 20 4 57320 1
14 25 8 4 68031 1
28 17 7 17 38828 1
2 15 24 15 40242 1
11 11 28 16 50668 1
11 24 14 6 49062 1
19 5 26 20 50833 1
15 24 25 0 77702 1
28 18 6 29 69552 1
25 24 14 16 42860 1
14 26 26 20 44720 1
10 14 8 1 64295 1
4 4 28 28 103015 1
19 29 13 17 36475 1
15 25 1 10 60760 1
19 22 2 1 93555 1
21 18 24 9 28303 1
29 16 7 11 59521 1
13 11 23 1 51993 1
29 13 16 10 39655 1
17 0 4 11 50585 1
8 15 4 3 49711 1
27 8 29 18 40509 1
12 2 25 17 58212 1
27 29 17 29 20455 1
28 25 7 2 92916 1
1 13 4 2 43881 1
13 28 8 0 91747 1
22 8 29 17 41066 1
0 17 19 9 51026 1
23 10 12 24 54978 1
0 3 11 23 74480 1
24 7 13 19 51770 1
4 25 23 17 57811 1
18 21 0 2 84139 1
25 20 29 26 30162 1
25 13 5 1 83366 1
6 5 24 28 96550 1
5 5 14 20 60855 1
5 16 27 6 68066 1
12 21 20 16 39996 1
25 1 16 21 72249 1
6 0 2 19 69981 1
23 10 12 26 55028 1
18 17 6 14 27595 1
12 3 15 28 81304 1
14 19 3 21 44567 1
5 15 21 5 48988 1
0 17 11 23 39086 1
19 17 7 23 42384 1
9 24 1 11 51093 1
11 29 13 16 38017 1
14 12 20 26 41251 1
21 18 15 10 25213 1
11 1 27 15 72378 1
17 3 19 11 25213 1
25 25 11 8 74029 1
2 10 25 8 54636 1
13 19 1 24 51210 1
4 25 15 13 51847 1
5 11 22 14 47134 1
10 20 22 28 63421 1
12 9 4 2 47459 1
3 7 2 27 45295 1
2 11 18 24 59670 1
15 6 28 24 62070 1
6 28 21 5 84113 1
6 24 17 25 38452 1
3 20 23 26 72300 1
24 19 4 21 61926 1
13 22 5 20 43312 1
7 5 25 3 65578 1
9 4 3 25 69459 1
25 20 29 10 46238 1
17 15 12 7 25304 1
27 2 4 16 80977 1
24 28 20 8 59397 1
14 15 27 27 42271 1
19 21 9 19 43473 1
15 1 13 21 55055 1
1 16 13 9 44332 1
27 9 21 5 25799 1
23 27 24 13 51355 1
21 20 26 11 31513 1
16 10 15 21 34328 1
26 5 8 18 68867 1
0 6 18 15 54223 1
22 3 26 12 39419 1
12 14 1 18 29248 1
14 15 20 2 40932 1
21 15 7 13 33772 1
15 21 19 6 49044 1
3 19 23 13 58043 1
15 14 27 24 42095 1
13 29 4 26 30647 1
26 5 15 3 42930 1
21 10 17 22 33075 1
20 12 0 17 45676 1
15 28 29 25 47705 1
22 22 13 12 40011 1
15 19 16 2 50905 1
29 29 22 14 45151 1
29 11 25 25 50028 1
26 18 8 14 42225 1
7 7 3 16 38749 1
18 11 3 7 42189 1
13 25 8 13 49469 1
0 6 24 19 75397 1
16 29 2 10 63164 1
13 10 22 2 34725 1
0 13 24 29 77973 1
27 29 26 14 32270 1
26 18 18 22 34021 1
22 0 8 10 48145 1
28 6 13 7 42410 1
15 9 14 28 44699 1
13 22 7 11 51126 1
7 0 17 16 66363 1
1 8 15 23 61854 1
23 27 1 28 67407 1
29 19 12 5 66682 1
20 2 21 28 61131 1
8 22 21 16 52679 1
9 29 16 1 80582 1
9 20 4 2 75533 1
3 5 26 7 63725 1
24 16 3 6 67763 1
20 6 6 5 43470 1
20 12 17 22 27884 1
6 28 17 26 34571 1
16 28 23 10 51021 1
19 20 10 10 40470 1
14 29 19 14 40202 1
9 26 28 1 102366 1
3 0 4 18 62682 1
19 4 10 2 26842 1
6 23 24 5 78819 1
26 2 19 22 70958 1
22 25 2 26 61283 1
26 5 1 27 95413 1
22 0 1 2 55555 1
9 27 20 17 53078 1
10 29 4 21 42169 1
18 5 13 20 48383 1
13 25 4 20 39258 1
0 25 23 17 58718 1
13 5 10 13 39586 1
26 9 12 11 38005 1
16 11 8 17 31296 1
12 16 27 12 43613 1
26 25 4 7 82699 1
5 20 6 0 85704 1
29 6 21 8 25646 1
28 1 13 13 67327 1
28 12 23 27 57456 1
22 21 9 0 79767 1
10 3 15 16 55699 1
1 4 9 15 52094 1
7 8 27 0 74101 1
25 6 23 15 39252 1
13 28 28 5 90513 1
28 21 11 10 52462 1
21 27 1 3 97298 1
28 20 9 1 84865 1
12 20 8 27 50872 1
26 25 3 7 85760 1
0 28 8 9 61690 1
6 8 29 1 80377 1
18 15 28 12 32315 1
8 12 0 16 29892 1
1 23 11 24 30342 1
8 18 20 5 55782 1
11 28 16 14 49057 1
20 25 12 4 74469 1
6 15 13 11 25739 1
1 13 8 18 29709 1
5 14 28 13 60769 1
17 16 10 0 59403 1
0 28 22 9 80207 1
7 29 12 15 48035 1
13 2 17 20 49630 1
5 23 9 12 48521 1
15 19 7 6 54806 1
28 20 23 29 31544 1
7 17 1 29 34355 1
15 7 5 3 46177 1
29 12 6 11 57984 1
2 3 20 1 49739 1
25 17 5 18 44100 1
26 7 25 21 49011 1
1 19 8 23 29508 1
16 13 5 7 42947 1
6 25 22 12 61290 1
19 22 7 6 68293 1
1 3 10 7 39661 1
13 18 26 7 51274 1
8 25 28 5 94315 1
21 23 18 2 53789 1
1 19 25 17 54566 1
9 28 12 1 94264 1
18 0 17 10 27347 1
29 6 17 13 44230 1
27 3 3 18 84484 1
10 4 1 12 56142 1
23 5 7 11 52659 1
17 19 24 10 32455 1
20 25 12 12 48047 1
27 10 15 19 56312 1
25 4 18 12 41649 1
24 20 0 28 80291 1
24 11 8 5 53600 1
17 20 10 6 43085 1
18 22 11 5 59033 1
17 0 15 29 67495 1
5 25 21 7 72240 1
0 19 8 29 37947 1
4 19 7 10 35409 1
12 5 26 1 61271 1
28 29 28 19 27346 1
23 6 6 2 49629 1
11 9 28 4 57027 1
13 12 25 19 43411 1
13 24 28 9 72425 1
14 21 5 18 33806 1
7 24 26 4 91502 1
11 9 7 21 63383 1
21 28 5 23 52988 1
14 25 4 26 29630 1
11 5 19 10 29792 1
1 20 27 20 66090 1
29 22 9 28 66696 1
10 9 25 24 67782 1
27 11 9 28 84516 1
9 24 1 6 68218 1
13 5 28 19 61933 1
1 29 0 17 27330 1
13 16 7 9 34138 1
17 3 6 9 40822 1
25 20 15 18 38874 1
25 7 23 16 36325 1
15 10 11 0 43230 1
22 27 22 13 39311 1
10 1 11 14 59239 1
25 27 7 14 68742 1
20 12 8 11 33753 1
6 14 10 27 59094 1
24 29 10 27 45411 1
6 16 9 25 40627 1
17 11 0 8 38815 1
14 27 3 5 75816 1
15 6 9 28 68256 1
17 24 6 16 42686 1
16 9 11 17 32001 1
15 11 5 25 54367 1
20 5 5 13 55179 1
18 5 22 27 59966 1
10 11 22 26 57434 1
3 7 20 4 48172 1
12 15 7 1 61026 1
23 4 2 25 87839 1
17 12 0 8 40613 1
18 21 14 12 30913 1
14 15 24 20 30130 1
16 11 1 2 59584 1
0 16 24 14 48497 1
3 0 10 14 72303 1
24 0 5 10 58198 1
16 3 0 10 51957 1
26 19 28 5 53087 1
21 25 12 7 50960 1
22 19 15 12 30503 1
17 18 28 15 27275 1
8 18 28 19 52192 1
9 12 27 1 69122 1
0 15 19 3 60486 1
28 0 23 29 89233 1
11 28 21 6 71303 1
22 17 15 22 32974 1
15 14 5 0 69155 1
27 9 0 18 74356 1
12 17 5 6 51973 1
27 5 0 2 80623 1
23 17 1 1 81972 1
3 9 20 17 48506 1
20 11 10 4 47780 1
4 10 22 16 44555 1
3 21 10 17 31412 1
0 4 5 9 32941 1
22 10 9 21 54013 1
21 2 3 29 86645 1
9 20 18 28 55207 1
18 16 2 16 32195 1
28 6 11 6 49757 1
13 15 6 21 35316 1
29 8 6 29 98400 1
22 4 8 6 45977 1
7 17 19 8 43857 1
4 20 6 10 37542 1
16 17 23 25 34813 1
7 25 15 9 57163 1
19 19 10 29 45652 1
26 13 9 22 65640 1
29 1 21 22 72022 1
0 3 8 18 58029 1
3 26 21 2 81409 1
1 18 15 25 49046 1
26 9 5 3 72343 1
15 3 23 28 77753 1
6 3 19 8 50678 1
25 15 24 0 47960 1
16 16 27 17 21371 1
6 8 13 5 33151 1
20 20 29 13 40754 1
20 26 9 16 47359 1
14 15 1 29 47704 1
19 22 22 6 49310 1
2 19 28 16 59281 1
12 24 19 11 47460 1
15 10 26 26 53069 1
13 25 22 23 29721 1
8 26 21 1 82572 1
8 20 0 1 77188 1
1 22 26 4 89359 1
21 11 11 3 46792 1
0 26 23 18 66419 1
4 4 25 14 74727 1
22 2 27 27 65853 1
1 23 22 7 70102 1
25 15 6 27 70865 1
3 7 26 15 67258 1
16 12 7 18 37134 1
8 3 28 16 84001 1
23 11 9 9 35791 1
19 7 19 18 34999 1
0 27 25 1 104060 1
28 26 7 28 57006 1
15 25 27 11 61683 1
16 2 14 10 23133 1
20 1 13 11 40163 1
15 20 7 16 35323 1
14 18 0 15 30913 1
13 26 27 3 81366 1
1 16 23 28 75631 1
0 11 12 18 43494 1
25 21 4 17 60523 1
0 15 28 12 61861 1
17 29 25 27 28015 1
19 26 8 28 40690 1
19 23 9 15 36057 1
27 3 7 4 78417 1
24 21 4 29 65231 1
25 10 16 26 51893 1
4 28 10 5 85598 1
6 29 6 8 62489 1
0 23 8 8 58005 1
16 21 10 12 42517 1
21 23 5 22 47544 1
14 29 21 9 53518 1
9 6 26 1 61316 1
24 27 29 3 83321 1
21 8 16 24 45336 1
17 5 26 23 56129 1
2 19 16 11 43320 1
6 12 2 25 34668 1
16 29 0 23 47814 1
6 15 18 5 43859 1
16 21 0 21 59564 1
13 13 26 18 35490 1
27 25 21 19 27052 1
6 16 1 2 53587 1
19 23 12 13 41589 1
5 29 18 8 71090 1
23 28 7 5 92613 1
4 14 10 4 55784 1
4 3 10 29 84027 1
17 0 20 19 56149 1
24 23 15 8 54411 1
25 1 19 20 64295 1
2 27 28 4 96507 1
25 14 15 9 39961 1
21 23 18 1 57008 1
16 13 10 21 50622 1
17 13 4 19 40492 1
25 0 11 19 76867 1
23 14 3 5 68452 1
5 24 20 28 57604 1
0 20 22 5 75814 1
14 25 24 27 38536 1
21 4 25 19 50271 1
26 4 7 27 98774 1
18 16 26 27 40007 1
23 5 13 22 66515 1
3 29 28 2 111610 1
27 16 7 10 50161 1
9 27 2 8 65005 1
21 9 2 8 43934 1
13 12 29 5 54776 1
2 4 23 11 65361 1
17 12 1 10 32649 1
23 10 1 21 66056 1
19 13 16 27 37269 1
24 18 14 12 29285 1
12 15 14 29 33169 1
28 7 26 15 29359 1
8 18 28 0 88797 1
26 28 28 20 28238 1
12 5 7 28 81560 1
5 1 9 16 69466 1
17 29 6 22 41711 1
23 28 2 25 62044 1
5 18 17 25 50374 1
18 19 11 0 66592 1
22 27 1 26 60172 1
0 29 6 11 49475 1
22 8 19 20 40656 1
11 29 24 8 71070 1
19 22 3 14 54832 1
25 27 8 1 105704 1
3 25 14 8 54122 1
16 22 12 1 69831 1
8 13 24 3 62545 1
9 13 29 14 55015 1
3 10 24 2 58126 1
26 28 14 21 41588 1
20 7 19 22 46898 1
5 20 27 16 61834 1
19 27 12 14 48474 1
20 1 8 17 59870 1
3 17 19 6 55686 1
4 7 21 17 53921 1
27 16 28 27 28930 1
18 12 13 1 40570 1
29 9 23 27 67708 1
1 24 15 7 60866 1
0 11 15 28 70308 1
12 4 28 6 61804 1
0 16 10 2 60671 1
10 5 9 14 43880 1
15 15 29 22 43431 1
11 25 23 7 64396 1
21 21 13 17 23284 1
26 6 9 13 55323 1
9 1 4 20 76239 1
26 7 4 23 82890 1
15 22 4 2 79497 1
1 8 10 0 51514 1
23 5 0 21 81646 1
13 0 8 10 43227 1
11 7 4 12 33619 1
20 27 27 0 83942 1
27 27 28 15 28447 1
10 14 27 2 71740 1
26 19 8 24 65027 1
25 28 29 20 35796 1
11 11 23 0 53242 1
8 15 5 7 37067 1
29 2 29 21 68755 1
23 0 18 5 30688 1
28 8 26 22 53682 1
23 17 7 26 55718 1
22 0 27 19 55541 1
28 25 11 25 56987 1
24 27 3 25 66141 1
7 25 22 11 61921 1
3 27 25 6 90350 1
14 21 13 1 54871 1
8 13 22 15 35161 1
20 29 20 9 51288 1
27 19 19 8 41573 1
22 29 21 18 27867 1
5 15 12 7 36930 1
18 20 2 29 57090 1
10 8 20 3 41666 1
2 25 7 4 67796 1
3 8 6 20 45824 1
19 24 14 1 70212 1
21 3 8 2 36878 1
23 22 6 1 94316 1
3 4 21 26 86489 1
8 9 13 23 48310 1
12 0 9 27 92987 1
28 19 28 2 66884 1
29 6 15 10 41069 1
29 6 10 1 69470 1
23 19 19 2 56097 1
2 23 26 12 67157 1
26 18 20 23 25533 1
27 18 16 26 39194 1
4 23 18 23 36007 1
15 18 5 17 25072 1
11 19 5 9 55352 1
3 9 20 21 64198 1
2 26 1 11 29693 1
0 16 15 19 43842 1
10 9 13 2 41658 1
10 5 18 21 61291 1
22 15 20 2 34143 1
17 14 7 6 40425 1
22 1 8 10 49270 1
11 7 23 7 29115 1
26 17 4 20 53660 1
6 27 4 3 75310 1
2 8 25 28 92601 1
29 5 4 3 82116 1
20 20 28 3 68978 1
12 21 14 5 54063 1
15 16 24 15 23120 1
13 22 17 28 26019 1
6 26 9 14 45290 1
16 8 21 27 50689 1
20 22 25 5 59134 1
2 24 27 0 99047 1
28 11 0 7 70967 1
2 25 23 15 52955 1
0 6 21 23 74541 1
6 22 19 26 43879 1
21 16 4 29 61454 1
20 16 17 0 41563 1
12 14 5 25 45749 1
10 0 18 6 40145 1
28 23 9 4 77897 1
24 17 12 23 35973 1
10 6 16 17 37755 1
0 28 28 2 114229 1
6 14 21 20 37765 1
11 21 28 20 63344 1
24 9 2 8 50911 1
4 21 2 29 23788 1
6 27 7 1 91413 1
23 3 28 23 65027 1
10 10 3 18 34141 1
4 11 7 21 48137 1
10 28 15 15 45636 1
25 24 2 19 69957 1
8 25 13 0 81003 1
26 13 2 7 66519 1
22 25 3 2 91401 1
16 9 1 0 65737 1
13 17 26 24 41365 1
19 29 14 7 54805 1
6 29 22 23 48238 1
25 8 22 15 33506 1
6 14 20 6 48656 1
16 29 11 16 38329 1
0 16 24 4 69902 1
12 5 18 14 36910 1
13 7 18 2 23699 1
25 24 5 25 60130 1
29 2 20 9 44572 1
1 12 20 17 44804 1
17 8 9 28 66480 1
11 20 29 0 96673 1
4 13 29 29 74130 1
20 20 3 6 73204 1
7 17 28 29 60163 1
27 28 5 20 77736 1
6 22 28 14 76774 1
26 19 6 1 85395 1
16 23 23 11 43714 1
9 10 17 22 38630 1
16 0 19 7 24810 1
23 27 1 17 71986 1
18 15 0 1 67485 1
18 23 5 12 53833 1
13 20 27 17 37318 1
23 6 29 20 55898 1
6 6 23 11 52016 1
6 18 0 13 22385 1
7 21 13 26 38735 1
6 24 12 20 36326 1
1 9 14 1 61180 1
16 22 26 3 71752 1
9 0 19 19 71412 1
29 17 13 1 68109 1
4 19 29 26 73534 1
6 20 19 14 44244 1
15 16 19 1 45991 1
9 24 24 9 70467 1
18 7 11 14 33106 1
5 13 25 26 71055 1
15 16 15 29 33527 1
17 2 11 24 64321 1
6 17 19 5 52107 1
15 4 24 25 67600 1
18 29 15 21 29825 1
15 27 17 6 55381 1
0 9 2 26 36478 1
10 21 20 2 78160 1
14 18 29 8 58290 1
26 2 26 23 61017 1
20 27 14 7 57277 1
13 10 17 23 34175 1
29 8 1 3 83965 1
3 11 20 2 55315 1
24 6 5 8 53965 1
17 25 6 22 37984 1
7 14 1 9 36047 1
7 9 8 26 62548 1
5 15 27 25 53881 1
11 14 21 5 42196 1
0 9 16 0 58316 1
2 5 5 15 36380 1
4 23 11 14 41640 1
1 25 8 22 29089 1
18 6 1 2 47388 1
17 24 0 28 52324 1
22 7 21 25 41969 1
5 26 8 5 77617 1
4 12 8 1 52428 1
9 18 21 14 31178 1
