6581 5480 6562 5463 6890 6511 3266 3472 3029 3473 3180 3774 3791 4014 3584 3930 3443 3586 3902 3695 3628 2954 2998 3108 4390 2971 3315 4060 2917
5267 4687 4077 4145 5172 4568 4379 5473 5109 5296 4175 5022 7300 7889 6826 7173 8002 6553 6973 7848 6645 7708 6621 6755 7669 7275 7609 7224 7337
5802 4634 4353 5419 5207 4826 5564 4841 4444 4870 5449 5038 2658 2332 3125 1785 2762 1823 2448 3073 3285 3152 2403 2571 3184 1808 2976 1779 3052
2738 3696 2791 3566 3062 2927 2921 1965 1786 2303 3274 1875 3033 2898 2599 2378 3298 1924 2804 2231 2322 2906 3239 3293 2005 3307 2453 2285 1880
3112 2870 1888 2904 2622 1894 2126 1672 1674 3173 2674 2189 1786 3041 1902 2542 2899 3124 2694 2904 1618 2692 3067 4795 3873 4848 4842 4066 4603
4268 3996 4129 3483 4795 4754 4557 3451 3788 3517 3517 3741 3516 4328 4859 4137 4742 3989 3939 3970 3952 4933 3786 5003 4167 4000 2854 2796 3661
2138 2227 1787 3064 2320 1989 2438 2901 1700 2573 2777 2208 3131 6715 7132 6167 7477 6185 6055 7047 6454 7300 5919 6015 6176 6220 7077 6444 6811
1654 1693 1579 1624 2511 1634 1375 1940 2576 2158 1880 2453 2366 1245 2370 1245 2537 5279 4672 4638 5436 4361 4442 4735 4688 5255 5382 5068 3890
3203 2965 6720 6105 6474 6317 6675 6022 6244 6203 6258 6205 7241 6967 5873 6796 7382 6291 6209 7262 6637 6425 6735 5986 7315 7368 6033 7285 7184
8121 6830 6930 7325 6886 7342 7754 8159 7431 7028 7709 8160 7979 7785 7412 6983 7844 7817 7854 8032 7214 7048 5344 4857 6242 6136 6103 6141 4924
6612 5581 6079 6111 5831 6680 6104 6678 5716 5499 6052 6442 6944 6964 6331 5587 5442 6499 5509 6890 6047 5782 6847 6135 6940 6259 6752 6903 6994
2671 2982 2689 3248 2595 2382 2694 2818 3697 2612 2388 3164 2423 2349 2713 2857 3245 3603 2232 3135 3782 3295 3382 3643 4293 4280 2932 4367 3624
3019 2930 3040 2093 2378 2807 5271 5584 5498 4777 4619 4917 4818 5161 4954 6036 4687 5965 5761 5217 4592 5747 6084 5305 5587 5173 5672 4974 5830
2195 1960 2098 2527 2274 3144 6127 5181 6199 5479 5891 5592 5025 5879 5991 6028 5574 5656 5631 4737 5978 5756 5948 4773 5489 5385 5805 5235 5834
5711 4549 4919 4923 4942 5074 6061 5353 5929 5846 5573 5823 5686 5899 4941 5048 5324 5608 3279 2838 3673 2872 3622 4348 3573 3623 4034 3553 4010
7736 7861 7487 6256 6329 6424 5326 4943 5470 6318 5739 6340 5010 5220 6355 5232 4873 6168 6068 5989 6042 5764 5791 5917 5256 5586 6216 6181 5855
2971 3086 2416 3081 2179 2294 2312 1945 2418 2213 1610 1970 2235 2087 2141 1908 1885 2101 1895 2461 2897 2933 2376 1841 1585 1820 1791 3090 2337
3688 3822 3643 3076 4280 3462 3201 3869 2894 4009 2875 3226 2985 3238 4217 2823 4016 3004 3001 3903 3925 2773 4033 3071 3316 3732 4466 3853 4668
4271 3423 4274 4701 3331 4116 3352 3568 3699 4258 3945 4466 3513 4268 4223 4441 3871 4177 4516 4287 4220 3024 4267 3866 4148 3061 4079 3845 3779
1395 2663 1499 1214 6596 6009 6767 5742 6199 5532 6561 6375 6360 6212 5332 5520 6127 5891 5995 5773 5799 5562 5651 6070 5637 5504 6036 6116 6356
1900 1898 2147 2357 1797 1516 2528 1426 2894 2334 2494 2873 2617 2742 7330 7605 8447 8070 7610 8683 8566 7804 7559 8219 8186 7549 7210 8654 7666
2940 2191 3500 2804 2665 2598 3402 2877 2895 2362 2600 2269 2796 3315 2173 2141 3495 2443 2617 3052 4472 2938 4255 4250 3189 4431 4072 4170 3744
4829 4636 3759 4441 3513 4656 4061 3969 3842 3534 4083 4078 4473 3818 6361 5821 6341 6718 5398 5615 6302 6091 6113 6738 6529 6553 5506 5765 6348
2386 1707 2015 1817 3134 1629 2386 2298 2399 2277 2411 2201 1823 1699 1753 1717 1834 2577 1775 2665 2238 2987 3118 2337 1851 3105 2604 2581 7621
3493 3513 3300 4092 4101 3293 3701 2691 2670 3524 4189 7523 8048 7284 7487 7197 8654 7721 8574 8551 7343 7840 8660 7599 7663 7624 7701 8281 7445
6622 6263 6925 6664 6769 6939 5685 6962 5623 6318 5750 6757 6506 6807 6068 6318 5712 6485 6937 6141 5977 5647 6058 6787 5526 6895 2858 2946 1949
2607 3721 2956 3055 3018 2700 3192 3307 3582 3149 3976 3092 5089 6350 4916 6427 6268 4972 6370 5091 6034 4986 5739 5519 6380 5001 4903 5215 4960
2437 2572 2460 2432 3693 2786 2712 3179 6851 6715 7137 7199 7090 7059 6715 6628 7737 7373 6874 6700 7424 7699 7274 7823 7402 7536 7368 6938 7227
4439 5287 4786 5296 5567 5258 4967 4484 5749 4602 4632 4953 5051 4989 5167 5965 4983 5699 4856 4710 5732 5386 5332 4747 4725 4932 5847 5283 5335
2603 2808 3728 2546 3727 3690 3841 3163 3804 2655 3350 3319 3134 3437 2898 3763 2696 3457 2474 3783 3048 3401 3569 6815 6885 5941 6249 6649 6478
3567 5380 2708 6996 7610 3005 5038 5174 6728 4919 5255 4759 1827 6611 3270 5860 6885 4658 2176 4099 3941 4165 5256 3941 4123 3919 5236 6985 3169 5547
2988 6614 2353 7864 5880 2876 5438 4163 7125 4297 5137 4207 2590 6463 2667 5811 6251 5580 2362 4422 3514 4754 6102 4375 4996 4793 5590 7021 2215 5493
4205 5976 1839 7202 6235 3584 6133 4864 5881 3857 5781 3642 1733 6814 2802 6734 6498 4480 2107 4717 3390 3865 4866 5084 5094 4010 6138 7373 3343 4720
3998 5534 1739 7856 5274 3054 5754 4776 6691 4463 4984 3559 1726 6432 7615 7072 7305 5867 2632 3756 3530 4211 5358 4875 5362 4466 5844 6332 3082 5037
4626 5569 2371 7801 5096 3391 6183 4336 6488 3825 5723 3091 3102 6628 7321 6123 7141 2746 2409 3811 3607 4682 5892 4794 5558 3175 6242 6581 2760 5015
4218 5364 1833 7411 5011 3450 6132 4549 6938 4751 5219 3612 2123 7354 7368 5892 6024 3144 1919 3653 3054 3560 5293 4948 4577 4582 6406 6791 3202 4953
5246 6176 1984 7627 4874 3381 5581 4941 3830 4892 5293 3749 2663 7110 7373 5827 6335 2112 2091 3888 2884 4310 5603 3699 4346 4165 5361 6726 2324 5076
4509 5929 1792 7824 5020 4081 6628 4093 4122 4813 4507 4063 1719 6690 7580 6609 7162 2185 2622 4038 3130 4280 5611 4309 5315 3824 5389 6139 2123 5764
4777 5142 2185 7505 4786 3704 6622 4834 3610 4396 6828 4456 2391 7740 6678 6968 6005 2153 2163 3428 3875 4766 5910 4975 4913 3284 5218 5280 1961 4275
4314 6380 1906 7548 5231 3706 6520 4709 3533 4458 7351 3859 1650 7474 7223 6138 7019 2621 2889 4323 2907 4704 5274 4547 4130 4005 5863 4173 2425 5215
4446 5584 2136 6986 5300 3878 6208 4114 3527 5037 7203 4167 2665 7169 6388 5918 6344 3202 7309 3743 2883 4276 5631 3947 5445 3814 4964 5386 3105 4896
4997 5968 2322 7171 5001 4889 5597 4318 3786 4022 6874 3044 2784 7445 7797 6777 7186 1823 6715 4390 3756 4648 1925 3986 5614 4110 6256 4730 3490 5301
5605 5332 1840 6819 5305 4576 6258 5385 4815 4494 7683 4021 2775 6876 7749 6927 6778 2012 6980 4579 3082 3996 1504 4289 5410 3858 5486 4432 3023 5389
4348 5973 3194 7563 5345 4037 5640 4717 3772 4162 7107 3404 2767 7330 6803 6288 6268 3084 7965 3557 3396 4714 2695 4559 5542 3554 4999 5215 2747 5411
4460 3026 2724 6823 6081 4580 5466 4260 3462 4778 6482 3205 2431 7819 6788 7261 6095 3107 7495 3795 3466 4676 2404 4625 5500 3244 5522 4150 3016 4706
4906 2114 2840 6976 6213 4996 5505 4550 4204 4037 7232 4439 1812 6421 7735 6119 5555 2075 7798 4764 3459 1994 1861 4680 7324 4199 5489 4594 2783 4958
4510 2815 2707 7192 6263 3994 5743 4440 4421 3409 6966 3441 6034 5325 7002 6793 5860 3217 7632 4002 3211 1621 2700 3834 7382 3864 5707 4506 3161 4696
4857 3368 2932 7123 5603 3971 6661 4037 4396 4383 6909 2950 6110 5434 7448 6262 5604 2814 6586 4548 4030 1520 1469 4172 7821 4087 6456 5314 2966 4647
4140 2472 3174 6616 5658 4402 6634 5225 3722 3499 6703 4113 5260 6119 6829 6357 6793 1955 7722 4936 3769 2427 2790 3845 8191 3762 8487 5681 3097 5294
5629 2515 2459 6587 5890 4963 5869 4581 4261 4268 6389 3736 5576 6444 6772 5914 6231 2557 7400 4290 3951 1802 1599 4817 8635 4221 8189 4839 2696 5523
4660 2793 2423 6448 4728 4548 5612 5202 4274 3757 6448 3254 5312 6080 7529 6169 6422 2733 6822 4196 4018 2480 2354 3736 8106 3799 8091 4365 3330 4301
4771 2155 2049 7199 5413 4015 5730 4546 3410 3334 7530 4156 5383 5779 7085 6307 6632 2596 6622 4494 2846 2006 2779 4922 8140 4583 7247 4760 3318 4627
4084 3357 1721 7591 5572 4637 5982 5456 4696 3771 6479 4360 5509 5638 7593 6773 5303 1902 7023 4621 4020 2499 2357 4224 7282 3552 7428 5682 3311 1796
4706 2287 2422 7808 6216 3814 5431 4828 4731 3629 7899 3387 6074 6809 6594 6937 6520 2663 6738 4680 2855 1777 2250 4506 7304 3247 8553 5688 3776 1462
4922 2950 2165 7774 5271 5121 6053 4161 3807 4163 7580 3377 6092 6671 6565 5889 6433 2261 7635 4394 2684 2673 2202 4743 7782 3656 7300 4891 2411 1378
4634 2898 2863 3922 6028 4688 6286 5084 3610 3812 7535 4348 5751 6445 7039 6716 5905 1756 7441 3663 3239 1881 1632 3594 8546 3584 8129 5614 2597 2313
5570 3110 1738 3835 5655 3961 6813 4382 3496 3366 7600 3848 5795 6535 6419 2209 5997 3113 7203 3521 3661 1624 1732 4805 8343 3861 7270 4136 2756 1708
5578 2636 1793 3424 4800 4213 6809 4017 3725 4411 7091 3670 6308 5397 6485 2862 6728 1828 7840 4616 3623 1743 2133 7246 7179 3392 8165 4888 3510 1692
5386 3041 2949 3834 6258 5052 6968 3833 4337 3681 7688 4151 5175 5356 6869 3033 5653 3267 6539 7988 8590 1801 2887 8443 8598 4492 7296 4218 2557 1934
18 17 14 28 36620 1
22 26 27 18 46819 1
10 14 23 24 59455 1
0 11 19 22 68795 1
7 7 22 3 49165 1
29 14 5 12 78055 1
1 18 23 13 65266 1
0 21 16 12 62385 1
1 3 13 19 70654 1
26 24 29 10 56770 1
23 26 7 2 88087 1
29 19 14 25 48863 1
11 7 3 5 33721 1
14 27 10 16 50015 1
21 1 14 19 61135 1
27 25 22 8 56706 1
6 0 23 28 99621 1
1 18 11 9 44579 1
23 27 15 19 40479 1
26 16 3 8 80824 1
12 5 29 15 82328 1
7 6 3 25 54703 1
3 6 19 18 68865 1
28 20 23 15 26630 1
7 10 14 20 42901 1
5 15 21 15 55309 1
20 4 24 17 39401 1
24 10 13 20 53155 1
6 20 17 12 53040 1
13 9 15 23 48369 1
24 26 29 21 32663 1
23 7 14 26 63823 1
17 4 7 0 33712 1
3 7 20 4 59113 1
29 27 20 12 75722 1
26 28 2 13 96331 1
7 11 24 22 62649 1
28 11 8 11 72090 1
11 0 12 21 64845 1
10 0 22 13 67882 1
13 13 15 3 39033 1
11 19 18 4 54250 1
14 28 16 1 66369 1
5 23 17 24 49477 1
14 8 27 5 57131 1
16 22 15 11 28952 1
1 22 9 11 54660 1
9 10 2 6 42704 1
16 17 9 8 41746 1
16 4 28 23 69174 1
24 14 24 28 43512 1
26 19 7 23 64944 1
0 7 21 12 75419 1
2 8 15 13 48925 1
6 13 0 29 61280 1
19 24 23 11 43399 1
3 24 15 24 53342 1
28 5 19 8 44211 1
15 24 3 16 61005 1
11 15 13 24 36299 1
28 16 13 6 73713 1
17 24 16 5 45870 1
3 29 9 14 62893 1
29 13 23 22 39924 1
19 24 6 21 54371 1
29 0 1 6 85429 1
19 24 11 8 64085 1
20 10 19 19 35483 1
29 14 12 21 63235 1
21 23 7 20 45428 1
16 7 18 23 39896 1
23 23 13 16 43654 1
10 12 28 11 61844 1
25 3 10 11 71187 1
26 1 20 29 83747 1
4 7 13 17 43029 1
21 21 26 29 33537 1
27 6 13 17 64858 1
19 9 9 27 78105 1
4 22 13 18 40686 1
0 16 19 1 81933 1
0 11 16 6 53000 1
26 5 12 22 73057 1
0 25 22 22 79435 1
23 15 21 7 25041 1
10 14 24 10 59285 1
5 15 19 17 44383 1
0 20 3 6 42477 1
27 22 4 23 68854 1
8 15 27 28 86485 1
16 0 6 19 69914 1
9 27 0 14 65977 1
13 24 25 4 81375 1
16 20 27 19 36880 1
18 10 0 13 52855 1
1 14 28 29 106016 1
17 13 23 24 45497 1
11 22 12 2 60243 1
6 24 26 24 74020 1
21 26 4 19 69747 1
18 24 0 23 75567 1
24 1 10 21 79890 1
24 18 26 4 50383 1
5 9 28 18 81316 1
14 19 27 7 66435 1
5 16 8 5 37682 1
26 8 27 17 39224 1
6 26 0 19 46352 1
24 23 24 0 58746 1
28 29 13 17 64407 1
13 6 7 13 40019 1
7 8 23 28 82609 1
11 2 28 25 97063 1
24 19 29 13 36714 1
21 19 2 2 79082 1
22 25 3 28 67058 1
12 9 5 17 35630 1
22 22 29 8 55588 1
12 0 16 21 58595 1
16 4 23 9 37569 1
3 24 13 5 77961 1
3 17 7 11 26085 1
20 28 0 29 59605 1
5 22 22 15 73520 1
27 7 13 19 69992 1
26 13 22 5 37330 1
3 7 19 24 81466 1
4 19 4 5 33390 1
8 22 25 19 58410 1
22 17 2 16 58584 1
28 21 3 7 85474 1
24 29 11 6 91573 1
22 3 24 29 73794 1
6 11 15 4 49019 1
29 22 27 3 67196 1
19 3 5 18 69989 1
9 16 18 2 64101 1
6 11 13 27 68534 1
28 9 0 21 106760 1
26 3 8 16 82928 1
14 5 29 16 69952 1
20 28 17 9 56168 1
24 8 1 17 85318 1
18 12 0 28 90829 1
14 25 0 9 79829 1
28 24 13 27 59448 1
26 22 19 2 58371 1
9 3 4 23 64501 1
22 13 13 9 45138 1
22 13 7 20 64045 1
13 15 29 2 77738 1
12 28 12 8 71079 1
22 19 14 8 48963 1
26 2 16 2 24915 1
28 9 11 12 63481 1
0 27 2 17 36937 1
10 16 22 22 45484 1
4 21 12 10 47357 1
21 24 3 11 73204 1
0 4 23 18 94300 1
24 27 6 22 73169 1
21 12 14 2 41852 1
18 22 25 0 67243 1
11 12 9 27 57723 1
6 24 5 15 42037 1
3 25 20 2 94262 1
8 18 24 13 57954 1
18 13 27 4 55594 1
22 15 2 9 77392 1
18 27 29 20 48154 1
28 25 24 2 70810 1
3 23 13 8 65910 1
11 8 25 8 57757 1
19 6 4 21 77718 1
12 19 17 1 59286 1
22 12 25 20 26891 1
17 13 18 24 36696 1
20 13 15 4 40914 1
26 20 4 19 69651 1
0 9 29 26 119260 1
1 0 19 27 109735 1
24 29 22 0 76491 1
26 6 20 22 54982 1
10 6 18 19 58952 1
27 9 22 24 55664 1
25 27 13 9 79316 1
1 23 24 24 88131 1
2 7 24 6 79692 1
8 17 25 7 66717 1
15 23 4 5 73580 1
24 17 11 8 55123 1
5 4 13 0 27765 1
6 2 16 2 22923 1
1 25 13 2 82448 1
11 14 24 12 53590 1
29 26 8 11 97555 1
18 2 28 27 90993 1
25 5 1 20 98298 1
11 23 21 11 55327 1
0 14 16 10 46848 1
13 2 22 23 72304 1
26 27 25 4 77552 1
24 3 10 2 38243 1
7 2 6 12 22393 1
1 15 1 1 50819 1
7 10 17 11 30738 1
12 29 22 9 75931 1
9 6 29 2 67773 1
2 25 18 25 60599 1
10 28 27 10 90334 1
19 26 14 8 61439 1
9 15 10 26 54767 1
7 4 29 6 69228 1
26 11 23 27 47396 1
18 15 3 7 61329 1
13 25 4 8 72855 1
11 4 27 9 66970 1
17 0 13 9 39211 1
19 18 16 9 29926 1
29 9 3 15 93731 1
9 10 23 0 69229 1
18 26 6 29 47690 1
0 4 7 26 88925 1
29 10 9 1 82000 1
26 19 1 24 94918 1
29 17 18 29 62257 1
25 21 2 12 70756 1
10 20 24 6 69957 1
9 20 3 27 39582 1
0 12 6 24 50519 1
27 29 12 14 80404 1
24 3 1 8 81024 1
6 13 10 28 66717 1
5 5 27 20 89327 1
28 3 13 28 94057 1
26 19 21 26 38966 1
12 5 15 18 51450 1
17 18 25 0 61363 1
13 22 0 24 59413 1
11 1 2 5 31241 1
28 0 0 3 78628 1
13 5 14 28 69220 1
27 2 19 7 30307 1
22 23 13 2 72304 1
24 11 8 5 70458 1
6 11 19 29 76111 1
12 27 23 10 67785 1
21 3 12 27 89078 1
6 0 21 15 71860 1
8 26 18 3 93480 1
19 16 5 7 64734 1
18 28 19 10 60182 1
21 27 7 8 82474 1
12 23 20 4 68290 1
27 27 16 22 47881 1
17 4 8 8 45150 1
9 13 20 17 45662 1
27 8 9 23 81735 1
9 28 15 21 38019 1
26 25 3 9 92805 1
16 10 4 23 58438 1
3 10 29 27 112459 1
3 14 1 4 34614 1
12 8 19 20 52187 1
21 27 4 2 99325 1
21 22 4 11 63287 1
18 11 11 26 56891 1
7 10 19 21 50505 1
28 6 0 14 104174 1
3 2 12 14 48651 1
2 2 12 8 37997 1
0 15 4 7 29352 1
28 16 8 10 74468 1
22 28 29 19 40224 1
19 26 14 2 73564 1
10 6 29 9 83660 1
21 12 26 2 37464 1
19 16 4 22 57409 1
1 15 28 0 102242 1
20 28 21 6 69791 1
20 27 8 4 94837 1
25 12 16 9 43354 1
3 13 7 29 55200 1
3 29 29 22 79308 1
24 16 28 3 51151 1
5 15 19 2 66971 1
20 9 26 5 33197 1
28 9 12 4 68255 1
6 21 6 11 38185 1
28 28 0 4 131291 1
12 12 22 22 44780 1
29 23 11 22 42842 1
0 9 26 24 101479 1
15 26 1 14 73958 1
10 21 9 8 49536 1
5 23 24 4 99081 1
11 19 0 15 43581 1
11 21 1 20 36556 1
20 26 21 4 74152 1
15 7 1 18 63690 1
17 2 16 16 33516 1
22 27 27 8 63866 1
21 20 3 20 60248 1
23 25 28 15 42117 1
22 26 5 20 69658 1
14 7 1 28 92046 1
14 24 9 4 76398 1
9 28 11 4 80411 1
1 17 16 6 63051 1
14 25 0 23 60823 1
8 26 24 6 94950 1
7 1 25 19 83873 1
19 9 29 18 49190 1
13 0 23 10 48333 1
20 26 10 0 97285 1
17 2 6 22 83128 1
10 27 1 23 44816 1
4 22 26 0 101380 1
16 2 12 25 65638 1
5 2 7 20 47899 1
18 14 4 28 76315 1
17 16 6 17 31607 1
3 1 5 25 68363 1
9 10 24 26 86597 1
1 27 26 3 126089 1
29 15 21 6 53341 1
27 24 6 18 78579 1
16 4 28 5 44948 1
12 8 29 19 73313 1
0 2 11 22 70528 1
22 2 17 17 47671 1
7 2 0 23 67073 1
13 27 5 12 68449 1
22 11 6 27 87874 1
4 15 6 26 43789 1
27 17 11 28 63898 1
28 10 6 12 74899 1
16 13 13 21 28759 1
8 20 10 29 48159 1
24 24 29 3 74052 1
8 24 27 12 89471 1
5 15 13 20 40104 1
17 15 23 4 48957 1
13 19 4 12 42616 1
4 1 11 23 68141 1
21 24 10 4 80940 1
9 12 11 26 49547 1
23 24 28 3 64162 1
11 7 15 26 62902 1
9 0 20 6 46422 1
9 19 23 4 71337 1
4 18 3 3 40378 1
16 20 8 28 40883 1
16 12 6 8 32915 1
0 13 26 25 95294 1
25 26 3 27 72196 1
9 12 13 29 66310 1
29 12 13 13 66115 1
14 25 2 8 78371 1
19 24 10 3 83228 1
12 14 3 5 47338 1
11 18 3 12 33141 1
27 26 4 19 87948 1
5 28 0 17 42918 1
28 22 6 8 79816 1
18 19 6 6 61056 1
10 7 10 27 72343 1
3 14 15 0 60419 1
10 9 3 6 37395 1
19 16 20 28 50823 1
26 10 17 11 37657 1
14 24 3 24 48415 1
9 19 26 20 56628 1
7 7 13 13 30016 1
14 7 16 19 33218 1
6 5 23 4 51331 1
4 3 19 19 76538 1
4 5 9 11 30304 1
22 20 4 23 65091 1
14 28 3 9 78905 1
19 9 19 27 64541 1
20 13 29 15 43049 1
23 25 15 3 71256 1
22 23 18 9 53928 1
2 11 7 6 27513 1
3 1 6 24 70894 1
28 19 13 21 45879 1
19 19 26 0 61886 1
2 20 22 23 66530 1
29 21 7 1 87881 1
5 28 11 0 88759 1
23 25 25 1 57885 1
15 20 0 22 56997 1
12 12 0 22 55554 1
0 2 16 19 69803 1
13 9 29 24 78019 1
1 6 8 23 72354 1
15 2 6 5 27194 1
28 7 6 8 80185 1
5 1 7 12 27543 1
29 13 18 8 55661 1
14 24 29 13 66460 1
13 8 19 22 47912 1
8 1 0 17 57718 1
1 21 19 6 88801 1
5 3 12 19 57825 1
4 22 0 28 29197 1
8 22 22 18 56750 1
27 8 1 15 95010 1
17 15 21 28 50096 1
1 2 19 17 71085 1
22 4 14 9 44676 1
0 5 18 17 73090 1
14 23 5 8 64477 1
1 18 0 28 34425 1
9 20 26 2 83478 1
26 18 12 26 64025 1
13 16 5 11 37816 1
15 21 11 15 29551 1
12 15 7 26 60093 1
15 19 25 1 64871 1
8 21 28 27 79010 1
28 9 0 17 99121 1
6 23 18 14 66101 1
16 1 1 10 62677 1
2 18 4 28 32034 1
14 8 20 3 34090 1
12 7 0 17 60653 1
22 1 26 16 49405 1
5 3 11 11 39265 1
26 6 8 15 85330 1
0 13 24 10 76105 1
26 1 21 14 45967 1
12 18 20 3 60055 1
10 20 12 6 48410 1
4 4 25 29 107590 1
15 23 7 2 70020 1
28 6 10 28 102300 1
19 16 6 21 57317 1
5 23 13 13 57667 1
9 11 20 3 57315 1
2 11 24 29 97756 1
15 29 16 13 40106 1
15 22 9 10 55872 1
19 1 7 10 47812 1
4 18 29 20 71644 1
14 14 28 23 62434 1
1 20 6 15 34354 1
2 6 25 4 78555 1
23 7 3 20 79241 1
16 27 27 22 33277 1
4 16 15 14 46571 1
12 12 14 22 36593 1
23 12 10 28 66036 1
4 21 14 1 67759 1
13 0 5 3 24282 1
13 29 28 13 86151 1
14 9 28 27 87092 1
10 11 27 25 78506 1
27 5 1 14 94911 1
29 16 10 26 75078 1
2 19 23 15 61900 1
11 25 1 16 60450 1
5 13 10 2 33915 1
20 16 2 23 71478 1
10 10 0 6 54212 1
4 18 2 4 42541 1
20 4 27 23 64070 1
7 1 3 29 73669 1
8 5 19 3 41046 1
0 10 12 13 38745 1
3 15 16 28 66597 1
27 2 28 19 62757 1
24 1 20 20 52015 1
11 18 21 17 28980 1
22 23 16 28 32307 1
22 29 10 18 65977 1
22 9 11 8 45107 1
0 3 21 28 112409 1
15 27 17 5 55306 1
18 17 9 11 40046 1
2 23 29 14 94507 1
11 19 29 22 49485 1
22 8 27 26 64242 1
20 17 20 5 35368 1
9 7 13 22 56565 1
15 0 13 24 73163 1
26 10 0 8 93282 1
29 3 4 19 99375 1
16 29 3 17 63258 1
21 12 18 29 61696 1
16 12 24 28 56324 1
27 19 18 24 41947 1
6 12 24 6 67702 1
9 19 7 9 33671 1
29 24 18 0 82073 1
29 15 11 12 61946 1
12 24 16 17 32140 1
25 12 1 9 87715 1
18 15 16 7 29674 1
15 11 27 27 75194 1
17 10 10 20 42496 1
25 2 11 22 72912 1
13 6 22 25 76889 1
11 12 3 25 50746 1
16 24 28 21 31203 1
29 24 18 0 82073 1
18 8 1 13 57954 1
22 26 17 8 66459 1
20 28 19 6 75585 1
29 0 5 14 90105 1
22 18 4 22 65637 1
27 5 17 21 63593 1
13 4 3 26 82164 1
22 0 2 27 114067 1
1 6 23 28 107765 1
17 28 11 13 51216 1
14 20 27 6 69974 1
12 8 8 1 29404 1
27 7 12 2 51334 1
16 11 8 6 41974 1
20 16 18 28 49907 1
11 18 22 23 42637 1
1 2 14 17 58692 1
19 26 20 4 75172 1
25 14 25 28 52488 1
0 17 12 10 52483 1
28 11 2 13 81609 1
2 10 21 4 74453 1
1 29 27 2 127556 1
20 7 19 27 72815 1
7 6 26 10 76183 1
6 0 18 14 64335 1
29 29 26 12 68852 1
28 10 21 15 42331 1
17 23 12 10 47358 1
12 22 26 29 50557 1
8 8 5 18 32197 1
2 22 22 23 72456 1
20 13 15 18 38723 1
4 7 21 7 65380 1
5 18 22 13 61686 1
4 1 16 9 46642 1
2 6 18 14 68127 1
0 23 25 13 98099 1
22 25 1 23 86230 1
27 27 28 11 72919 1
12 10 0 18 49418 1
25 15 27 7 43545 1
1 2 5 8 25152 1
1 14 27 13 93806 1
18 22 9 10 56941 1
22 21 16 2 53904 1
24 10 29 27 70595 1
12 27 9 20 36127 1
14 17 26 24 49220 1
9 19 25 19 57202 1
21 28 29 19 43542 1
14 29 21 11 63868 1
23 22 10 28 46715 1
29 14 27 25 46603 1
17 2 17 21 46376 1
23 18 7 7 62608 1
29 2 12 21 84313 1
7 25 15 19 45547 1
25 25 12 22 38721 1
23 28 15 17 44367 1
12 27 19 24 39352 1
26 15 10 29 82000 1
2 20 4 1 49151 1
28 22 14 1 77565 1
20 24 14 9 60248 1
13 15 3 2 57271 1
12 2 24 14 60746 1
27 17 3 17 63698 1
7 23 27 23 62687 1
12 14 25 12 61265 1
25 29 23 9 51689 1
21 17 7 5 58542 1
18 23 13 9 48510 1
25 20 27 28 37900 1
8 19 26 20 60056 1
16 1 0 14 66029 1
17 16 8 12 33506 1
12 3 14 28 76921 1
6 20 7 9 33727 1
7 28 14 10 74906 1
4 22 16 4 68732 1
2 21 12 19 39559 1
15 0 17 21 54632 1
2 24 17 0 92818 1
21 16 4 29 78927 1
10 9 14 23 52581 1
9 15 20 3 65666 1
29 15 3 10 85134 1
17 1 7 4 30043 1
9 12 3 18 27631 1
28 24 25 0 76072 1
25 10 15 10 47366 1
16 24 0 9 73945 1
2 17 16 16 41835 1
28 23 15 0 85634 1
10 24 6 17 40790 1
23 1 18 13 43221 1
23 25 12 9 67522 1
5 9 22 0 64753 1
10 26 29 4 109091 1
20 14 12 29 70607 1
14 2 25 2 27616 1
26 3 5 6 66026 1
12 19 21 1 69271 1
11 12 9 24 46234 1
26 21 1 11 80249 1
15 27 23 3 69928 1
6 5 2 23 54116 1
15 18 11 24 32395 1
6 0 7 20 50431 1
2 9 16 1 53313 1
16 9 18 26 45150 1
4 29 25 8 102429 1
13 2 11 18 49639 1
13 12 12 22 37118 1
14 23 27 17 44223 1
12 8 12 29 76909 1
3 7 23 0 64895 1
7 25 20 4 90376 1
10 23 0 2 77857 1
21 29 6 23 66745 1
1 11 16 27 71909 1
22 3 5 19 83119 1
22 7 11 10 52821 1
19 1 18 25 70210 1
14 29 23 5 73282 1
11 3 28 16 81071 1
25 26 9 20 60408 1
5 4 7 12 24728 1
9 17 2 4 49236 1
3 18 20 10 63219 1
1 24 9 3 78193 1
0 13 1 25 44355 1
8 4 13 14 46435 1
28 26 4 14 93988 1
4 0 14 13 54337 1
23 9 2 28 94145 1
26 17 15 10 45522 1
6 18 7 29 48212 1
25 3 29 27 94897 1
10 26 26 19 64346 1
27 6 3 14 91173 1
8 11 24 6 69525 1
20 2 3 9 57642 1
22 0 21 17 44068 1
28 13 5 29 105631 1
0 27 23 18 85297 1
11 21 23 6 63025 1
9 27 17 17 53982 1
29 14 3 10 88032 1
15 15 5 0 63873 1
2 16 14 28 63779 1
22 28 10 7 84976 1
23 29 11 6 90111 1
29 11 9 14 81713 1
25 27 17 4 83582 1
2 28 26 8 107861 1
10 5 23 9 58473 1
21 15 17 26 43374 1
18 14 6 12 40919 1
27 19 18 11 51256 1
24 20 19 25 31541 1
10 3 17 27 80035 1
27 15 13 2 75816 1
0 3 3 18 54999 1
1 25 12 18 57765 1
5 5 20 14 66283 1
16 6 4 27 84539 1
6 19 19 28 60514 1
14 5 0 20 79445 1
19 10 14 25 54797 1
1 16 26 8 93739 1
9 27 5 16 60831 1
2 26 9 9 63252 1
5 9 13 11 33626 1
18 21 2 14 59703 1
24 6 15 3 40883 1
28 18 6 21 78298 1
19 18 4 16 47040 1
0 15 14 27 78244 1
9 4 8 29 96523 1
19 22 24 7 45356 1
18 14 5 2 61803 1
20 6 22 25 56525 1
21 12 14 2 41852 1
23 22 25 11 30033 1
20 19 12 2 65064 1
11 20 17 26 30795 1
5 16 4 3 37340 1
11 23 2 26 45069 1
4 22 27 16 78600 1
9 4 20 9 55325 1
19 0 7 22 87689 1
29 5 20 12 52490 1
22 27 28 1 76728 1
13 11 28 18 57952 1
16 3 5 17 56035 1
4 13 29 9 85261 1
22 18 2 23 74829 1
15 6 0 29 99575 1
0 12 13 18 45179 1
13 2 14 25 66984 1
6 5 21 4 50033 1
13 29 24 20 49264 1
12 0 27 18 82571 1
24 7 29 12 34118 1
20 10 27 1 34952 1
22 7 10 27 86716 1
11 16 2 10 39311 1
7 16 8 6 26236 1
20 18 18 4 54596 1
17 3 3 12 56633 1
27 0 18 13 55711 1
11 3 22 1 33650 1
3 17 16 8 52837 1
23 18 4 6 72997 1
6 21 18 6 75445 1
24 18 16 16 28974 1
6 11 17 16 40096 1
8 18 20 15 51449 1
21 20 12 17 31666 1
15 29 5 16 64345 1
24 26 24 12 45319 1
16 12 14 25 35788 1
5 28 24 8 91259 1
28 24 2 28 87963 1
24 15 15 17 30337 1
2 29 11 18 55872 1
27 12 1 7 98817 1
17 4 26 21 63332 1
6 25 24 19 67670 1
5 1 24 24 98248 1
25 3 17 12 51223 1
14 11 23 24 52021 1
18 13 8 1 56950 1
16 23 19 4 56635 1
7 18 7 1 36465 1
22 1 2 29 114069 1
5 14 21 14 61468 1
21 5 24 18 42394 1
13 6 28 7 63554 1
13 11 21 20 44246 1
0 28 26 9 111133 1
29 4 27 20 65404 1
27 22 14 10 59955 1
29 2 1 26 125206 1
8 7 1 26 68242 1
1 19 24 28 89641 1
0 28 13 11 76345 1
5 19 0 26 38978 1
16 6 11 17 34825 1
13 22 21 6 62652 1
22 1 5 29 109363 1
17 16 4 22 50529 1
15 7 28 6 61541 1
29 19 16 14 44527 1
0 8 16 14 54536 1
3 20 19 19 58537 1
4 1 27 4 61542 1
23 13 10 14 52081 1
9 2 28 8 64602 1
3 14 17 25 66359 1
2 17 21 21 59154 1
27 6 9 20 83453 1
0 18 29 5 111308 1
16 22 7 23 31549 1
15 19 26 27 55161 1
4 15 25 9 74934 1
6 6 17 4 41449 1
21 19 4 10 62337 1
20 14 21 0 35279 1
16 2 23 20 55875 1
17 14 0 16 61580 1
14 26 11 8 62785 1
18 11 17 24 39469 1
1 25 14 9 79804 1
29 29 6 13 94844 1
28 1 27 27 89864 1
19 26 4 29 58938 1
23 17 4 10 61775 1
24 3 28 13 53170 1
9 2 28 13 83427 1
6 1 9 21 62512 1
19 3 3 17 74613 1
11 26 21 10 70143 1
17 12 0 28 84719 1
13 18 16 3 44200 1
28 3 29 15 43398 1
20 21 11 29 41489 1
3 14 14 10 43176 1
7 9 1 16 33989 1
24 23 29 29 32767 1
9 22 18 25 35047 1
13 20 17 4 50070 1
27 12 3 12 78587 1
27 16 11 25 65780 1
19 6 15 23 58218 1
21 9 9 4 59082 1
24 0 7 24 101707 1
27 9 24 18 40000 1
6 26 0 6 78050 1
2 9 27 17 79740 1
2 20 11 14 40362 1
21 9 7 1 52326 1
27 21 16 20 25207 1
0 12 29 1 90636 1
12 22 3 16 43336 1
6 6 25 21 76669 1
20 5 1 29 111248 1
15 17 16 8 20542 1
12 26 24 15 62861 1
26 9 4 0 77856 1
17 29 15 0 75480 1
27 21 2 24 82526 1
14 2 21 14 47963 1
22 23 23 11 30611 1
22 6 13 29 82206 1
0 20 1 3 61181 1
20 26 16 11 53798 1
3 4 15 9 55905 1
9 0 6 29 96334 1
21 6 29 27 83986 1
27 9 19 29 77534 1
9 8 25 26 89546 1
15 26 27 5 81258 1
28 9 11 14 68253 1
27 16 5 29 90436 1
14 10 21 5 43132 1
26 2 29 9 30638 1
5 16 25 19 63460 1
24 9 7 16 61917 1
27 16 28 28 60418 1
20 15 29 11 48019 1
11 12 0 18 38591 1
5 28 21 10 86858 1
2 25 11 20 43344 1
18 18 21 9 32573 1
10 19 20 26 53629 1
13 2 11 13 34872 1
18 6 18 23 51725 1
4 15 24 4 82565 1
14 10 1 2 58785 1
19 22 1 26 69191 1
7 1 29 3 57755 1
29 24 23 16 36373 1
28 27 18 24 51218 1
26 21 10 19 47620 1
19 6 28 5 41865 1
1 27 13 8 86436 1
19 24 18 10 51961 1
15 14 2 16 50659 1
28 3 5 27 118506 1
6 15 27 9 79303 1
23 1 10 14 65339 1
1 22 19 25 76269 1
3 12 0 23 37933 1
16 13 3 6 46967 1
24 13 25 25 40263 1
25 26 20 0 74730 1
1 17 21 16 62301 1
6 18 0 4 54433 1
0 6 22 5 79707 1
23 10 20 1 26046 1
13 14 0 29 82434 1
1 0 26 9 87240 1
0 22 1 7 55165 1
9 2 1 17 53296 1
9 12 18 18 37348 1
22 21 20 6 45179 1
17 18 4 28 60756 1
27 13 10 24 82865 1
5 15 22 28 79755 1
26 22 12 29 52034 1
19 7 11 21 58967 1
3 13 5 25 39538 1
11 11 15 25 48277 1
14 10 3 7 48448 1
22 8 1 13 72193 1
19 6 3 1 56693 1
16 11 0 1 61714 1
12 5 18 14 49619 1
22 12 3 5 74454 1
3 2 17 15 61907 1
12 27 26 24 61194 1
5 19 11 4 53722 1
12 3 8 26 88538 1
7 13 9 25 52742 1
28 21 4 14 71014 1
10 16 20 8 53187 1
8 22 15 5 69505 1
5 14 9 29 66790 1
18 22 9 15 45476 1
11 25 12 9 53138 1
29 10 3 26 113059 1
13 11 7 7 29661 1
9 17 19 16 32037 1
8 4 29 3 64285 1
0 9 7 22 57726 1
9 5 22 3 48539 1
20 26 2 7 98503 1
6 6 0 29 72746 1
14 29 27 2 89436 1
16 9 27 1 45870 1
26 7 19 11 36080 1
24 7 4 8 73507 1
28 17 21 0 51915 1
3 24 25 14 89052 1
28 26 16 19 52385 1
20 12 23 22 35972 1
9 11 1 8 41301 1
0 2 13 16 63890 1
0 7 10 26 89225 1
4 9 23 11 64898 1
12 18 23 15 37568 1
8 8 23 19 66565 1
19 19 9 29 57533 1
11 15 5 24 50161 1
15 4 19 10 34184 1
2 7 22 16 79144 1
26 23 9 20 51127 1
18 22 29 27 51629 1
9 19 28 17 55397 1
8 3 14 24 76040 1
18 3 25 11 43230 1
9 22 27 23 52432 1
15 27 21 7 66297 1
13 29 29 8 94415 1
16 22 7 6 55919 1
20 19 25 6 48036 1
3 12 25 29 91292 1
5 19 29 25 85462 1
24 19 5 7 77427 1
14 19 1 18 42972 1
16 4 18 15 36459 1
29 21 13 8 65113 1
11 10 21 17 41653 1
29 29 22 7 69489 1
4 26 26 19 86799 1
13 28 5 13 72888 1
28 27 0 25 96871 1
8 15 14 25 54266 1
13 13 7 19 38723 1
14 12 15 27 40793 1
6 27 21 28 48691 1
10 27 16 1 82372 1
27 13 5 6 98194 1
24 21 10 6 71892 1
27 24 25 16 45791 1
2 9 29 16 87531 1
21 14 19 0 36935 1
6 25 23 22 56847 1
4 4 16 7 44201 1
24 9 15 24 57428 1
27 7 28 17 43336 1
28 5 24 13 45623 1
28 6 8 12 80181 1
23 18 13 7 54290 1
17 16 23 25 38121 1
20 18 27 0 59353 1
11 2 0 25 82205 1
18 17 19 8 36501 1
27 3 1 25 120319 1
1 21 15 11 64451 1
26 19 11 29 64581 1
10 0 10 16 55072 1
2 21 23 2 92568 1
3 3 9 12 34558 1
24 29 12 18 66927 1
12 2 5 7 28412 1
2 6 28 3 78542 1
8 22 4 0 71660 1
17 21 24 2 55804 1
17 4 28 21 66699 1
1 17 0 1 58636 1
21 20 15 13 35830 1
2 2 23 29 110659 1
14 6 22 2 36685 1
20 16 23 29 49874 1
20 15 12 8 52296 1
7 5 18 1 35715 1
7 18 13 27 54830 1
25 22 10 15 55269 1
11 26 27 16 70060 1
8 13 15 19 43849 1
24 22 20 1 53976 1
13 19 29 17 48774 1
23 23 29 5 66229 1
29 17 2 29 96370 1
20 5 26 0 24943 1
16 19 7 28 45467 1
2 27 18 23 59296 1
3 28 26 24 81934 1
17 26 3 13 69513 1
