3619 3396 3929 2906 1782 2508 3655 4145 2718 1941 2845 3335 3373 1727 2027 4029 4104 3644 3024 3590 1797 2205 3562 2501 3633 3917 2934 3713 3565
3896 3241 3964 5487 3639 5151 5312 3754 3443 6168 6541 6459 5067 6034 6461 5642 5518 7271 6225 5374 5186 5427 5886 6222 7209 5735 6123 6890 5984
5068 4979 5891 5676 6342 7391 5462 7417 5222 5480 6218 6668 6396 7671 6944 5232 6453 6873 7476 6654 6818 6245 6460 6862 6973 7268 6597 7133 7408
3591 4146 5585 6061 3673 4260 4086 5438 4581 4798 4477 4339 4840 4174 5722 4588 4972 5843 4071 3885 5869 6348 4660 5005 5501 4711 5478 7036 5591
5722 5082 5360 6355 5314 6050 5369 5064 5286 7049 6230 6735 7966 6115 7775 7869 7250 6617 6217 7429 7461 6415 7307 7018 7160 8083 5789 5762 7393
4396 4466 3374 3982 4130 4254 4504 4765 5022 6049 6028 4834 5476 4638 5916 4541 6041 4478 5515 4854 6349 5634 5563 5405 6663 6757 5509 5816 5194
7061 6813 7760 7413 7031 5866 8215 8233 5744 7411 7676 6014 5921 6026 7550 6715 6049 5783 6601 6379 7181 6149 6051 6396 6954 6654 6867 6450 6545
4080 5183 6446 4828 4918 6466 5953 6540 5093 4630 4102 6220 5598 5744 4554 5083 6357 4850 4748 6436 5913 5296 4662 5873 6453 4562 6460 5715 6073
4152 3334 5912 5949 6716 7953 5913 7321 7792 8426 6932 6198 6855 8259 7848 7964 6447 6743 7934 6016 6398 7243 8212 7010 6631 6010 7537 7330 7807
5259 4103 5929 5377 4066 4317 4881 4603 3972 3970 4946 5088 5110 5151 3791 4478 4999 5404 6671 7108 6813 5460 6683 6524 6151 4660 6039 6482 5263
6564 6385 6559 7003 6691 7001 7847 7774 7445 6499 7848 7072 6424 4006 2673 3114 4022 3542 3807 3947 2721 4089 3584 3859 4105 4213 3044 4121 3683
4196 4497 4611 4669 5270 4468 6940 6664 7080 6966 6234 5440 6870 6356 6707 6763 6912 5956 6816 4619 5228 6369 7022 6511 5581 4988 6457 7072 5746
7650 7888 6591 6650 7393 6318 6954 8250 1477 1828 2502 2521 2425 2363 2781 3525 2000 1860 1350 3328 3833 2850 3302 1595 3658 1447 3598 3750 1373
3534 4865 4876 3721 2785 3133 2683 2509 2596 4041 2376 4371 3273 2917 4424 2998 4054 2938 4242 4520 4250 4275 4309 2438 2484 5840 5858 5270 6587
4472 3694 3929 3594 3845 5107 3973 5522 5556 5749 4373 3838 3952 2860 3382 2931 3449 2254 3118 3395 2467 4266 4449 2231 3515 3996 3690 2647 2792
5889 7157 6241 4732 5451 4735 6800 6312 6225 7254 4364 2716 4065 1982 2145 2231 4424 4014 3203 2128 3594 4163 2206 4036 2622 3940 2570 2695 4171
5392 5006 5988 5368 5502 6029 4645 6299 5520 4576 4619 5226 4451 5078 5497 4553 5991 5559 5503 2916 2727 3517 2988 3469 2601 2508 4604 2622 4123
1592 1807 1463 2743 2642 2013 3348 3320 2653 1566 1538 3551 2464 3349 3623 2020 1242 2741 2602 1320 1809 8144 8367 8106 7425 7349 6945 6487 6554
2255 3242 1803 3614 1780 3733 2012 2173 2700 2070 3454 8281 6755 8444 8183 7749 6344 6600 6612 7326 7716 6708 7978 7650 8503 7050 7076 8496 7358
3281 3304 2988 1460 2119 2665 1409 3355 1888 1088 1386 2437 3128 5347 6548 4264 4965 5060 4682 6050 5205 4561 6417 4569 6212 5193 4047 5059 5989
6797 6534 6657 7920 5870 7813 7672 7718 6609 7336 7200 5634 6631 6063 7002 7401 6970 5570 6250 4703 5598 5602 5754 5349 5651 6343 4756 5736 5408
3100 4130 3159 3989 7478 6998 7328 7102 7016 6897 5099 5489 6735 5817 5063 6908 7341 5820 5317 7464 5755 7495 6088 7391 5235 6476 6272 6139 6720
6144 6883 6784 5928 7633 6200 6126 7413 7454 5198 7343 6060 7433 7338 7082 6216 5363 5987 5970 5285 7038 6057 5525 6408 5007 5424 5653 6526 5124
7572 7886 6314 7829 6084 6564 5820 5894 6378 6919 6311 6562 6914 6538 7040 7018 6745 7913 5708 3212 4493 4490 2756 4527 4091 3000 2958 2563 3902
6621 6091 7036 7590 7020 6460 5756 6094 6782 6991 7603 6947 7848 8053 6096 6195 7902 7458 1834 1713 3855 3671 1526 2176 3736 1980 3621 1559 2777
7432 5616 5675 5381 5300 5160 4863 4555 4285 5150 6670 5654 5607 4804 4642 4702 4367 6785 4911 6365 6121 5691 6600 5333 6004 6736 4716 5594 6779
6686 7307 5451 6172 6287 4913 6209 5893 5677 4903 6787 5369 2417 3933 2504 3883 3912 3956 1885 2275 3618 2097 3602 3320 2435 3930 4015 3241 3923
4596 4191 4950 6942 6494 6081 6604 6962 6208 8122 5707 6220 7071 7989 7896 5727 7871 6675 7864 6748 7769 7234 6099 7720 6279 6898 6602 6391 7984
2696 2168 1869 3135 1949 1946 3646 3040 3906 2979 4409 3569 1966 2089 2878 2107 4179 3725 2260 2405 2108 4181 2682 4273 2760 3564 3585 3971 2348
5635 6120 7443 6304 7207 6166 8119 2882 2220 1295 2422 1446 3194 2654 2121 3457 2643 1238 1973 2597 3540 1209 1369 2537 3098 3568 1749 3149 1778
4631 6734 2982 5098 3838 5701 4166 4887 5515 4133 2309 2701 6376 6281 6945 6603 3951 8538 2448 8810 3589 4256 5284 3407 6325 7005 6816 7430 4512 4502
3596 5353 3930 3359 3529 4410 5372 4626 5918 5836 3627 3458 6852 6541 6866 7549 7707 6606 3742 7074 3792 5321 5203 3686 6379 5707 5098 8408 5902 5008
4860 6637 3699 2389 2709 4920 4813 4365 5908 3803 3030 5718 7297 5974 7714 6783 6583 7315 3075 8005 1824 3201 4432 2795 8087 7651 5479 7937 5937 4043
3275 7508 2186 2971 4525 5520 4459 5259 7288 5097 3919 5572 7383 6909 6075 7254 6686 6048 1495 7656 2984 4517 4263 4098 8371 8005 6621 6816 3920 3396
4541 6508 3621 4274 3232 5875 4076 3863 5815 4946 2769 6215 7481 6906 5346 6576 8584 7365 3502 7672 1317 3916 6439 3905 7792 5969 5783 7985 4831 4974
3867 6760 3492 3888 3902 5940 5375 4053 6462 4421 4200 4383 6030 7626 7616 6052 7400 7533 2496 7720 2825 3511 5975 2757 8469 7969 4812 8112 5036 5155
4579 5654 3013 3873 5425 6168 4699 4724 7051 5386 3523 5546 7099 5369 6637 7017 7104 8274 3622 7831 2750 5074 5770 1968 7112 8074 5653 7658 4581 5187
4165 7115 2128 3823 4684 3948 4445 4090 6455 4024 3394 5653 6276 6713 5617 7838 8686 7383 3014 7474 3644 3624 6421 2112 8136 7755 6258 7900 5266 3721
3516 6061 3534 2192 4547 6153 3919 4383 7088 4484 3152 6453 5701 7211 6221 6610 7433 6879 2915 6351 1416 4325 4872 4398 6133 5796 6428 7037 4333 3428
2939 6416 3504 2923 5620 4597 6154 5332 6613 4187 4318 4599 7561 5978 6354 6611 8296 7052 2628 8691 3672 5304 4008 3418 7474 7193 6161 7831 5033 5125
3198 5279 3241 4531 4433 4209 4354 5527 7648 4038 2901 4189 5729 6346 8124 6026 6791 5064 3130 7217 1299 3408 5278 2281 5887 6309 6031 7846 4261 5348
4513 5355 3094 2588 6052 5762 5307 4597 5430 5555 4010 6255 5972 5735 7093 6281 8630 7015 2180 8918 4487 5268 4061 2429 6103 1764 5903 8520 5413 3416
4234 5468 3838 2584 4400 4440 4981 6174 7748 4286 3255 5757 8056 7586 6088 5937 7857 6712 2995 8137 4398 7997 4685 4181 8204 1849 5020 8480 5682 3709
2858 6157 3136 2082 4181 5633 5508 3918 6786 5837 3577 4391 5643 3595 8136 5510 8939 6987 4271 7814 3966 6646 5045 3251 5927 2184 7003 7005 4169 5641
3460 6328 2481 2805 5678 4652 4537 4965 5614 4059 4605 6451 7442 4477 6180 5922 8609 6239 2716 5609 3025 6845 6174 4059 6063 3404 6723 7734 4604 3630
4057 6824 2382 2211 6163 5579 4695 5172 7391 3558 3043 5938 5315 3973 6243 5958 8894 7205 2878 5885 3365 7874 3993 2893 5868 2125 4528 7492 6025 5063
4753 5792 3392 4317 5003 5989 6335 4742 7749 4883 4068 5994 6436 5253 6284 7954 8044 6863 4090 6454 4522 6370 5168 2986 6793 3634 5362 8103 5787 3110
2520 5806 4286 4059 6059 5605 5138 3939 7125 4475 2620 5179 5887 5386 7977 7341 6602 5269 2897 7240 5183 6779 5590 2398 7733 2669 6875 6554 5681 5485
3089 6008 2098 2104 4723 5685 4473 2950 7189 3533 2279 5343 5707 4355 7543 6960 7109 5921 2694 6558 4883 7120 5457 4005 7630 3539 6298 6904 4892 4790
3960 5604 3832 2757 5809 3768 4572 3520 6217 2299 3146 6099 7294 4305 7022 6973 8338 5509 2316 7489 3042 5625 5813 3379 6610 2554 4599 6959 4283 4384
3591 5986 3343 2112 4797 6366 4450 3612 6827 2418 3591 5529 5480 4560 6148 6520 7163 6024 4057 7300 4392 6344 5850 2884 6871 2610 6246 6471 6026 3573
3083 6999 2009 4495 5487 7999 4734 1755 6094 2678 2872 6153 7222 4432 7531 7639 6554 6088 2860 6371 4091 7342 4110 3133 7649 1485 5791 6851 6803 6478
2619 5899 3455 3955 4912 8495 3932 2053 4771 4349 3181 4913 4975 5401 7507 5575 7492 6002 2594 7242 3256 6825 6129 3503 7894 3150 6816 7499 4844 5878
3853 5876 1808 3903 6102 6988 4819 2972 5608 3118 2935 5731 7083 4795 6407 6876 8506 5052 2632 5593 3358 6796 4188 3323 6062 2169 4898 8758 6157 7091
3043 5886 2234 2350 6494 8511 6199 1842 5080 4580 4319 5521 4944 3225 6847 6619 8078 6095 3873 6849 4832 7295 3584 2833 6735 2377 5922 6488 4758 6620
4682 6938 2326 3384 5365 7943 3944 2690 4748 4098 4095 5224 4794 4433 7848 7391 7691 5491 4139 6930 5004 6515 5381 1508 5806 2315 5151 7705 4712 6820
4702 7409 5070 2251 5732 6670 4717 3264 4830 3904 4333 4385 6394 4659 6606 6397 8855 6879 2594 7576 3944 6299 5635 3021 7400 2262 5123 6782 6129 5577
3344 6931 2947 2556 5339 7438 5315 2745 5542 3178 3646 6463 5703 5019 8145 6148 7416 6516 2333 5613 3500 5846 4038 3034 6360 3446 2396 6727 6507 6644
4041 7026 4105 2062 5456 6654 4589 1927 4223 4761 5916 5475 5071 3905 6798 7310 8212 6879 4367 5204 5411 6507 4610 1782 5956 3246 2947 7894 5149 6187
23 18 29 26 36612 1
14 9 9 3 35890 1
14 19 29 0 88995 1
0 13 23 17 92059 1
22 0 4 28 138609 1
5 20 21 8 79969 1
21 25 16 4 79825 1
8 11 2 17 63319 1
2 20 8 8 77132 1
17 7 5 28 104093 1
29 4 12 28 109441 1
2 18 14 8 63530 1
6 1 1 24 98395 1
18 24 12 20 37020 1
8 26 22 16 84357 1
0 3 11 16 85554 1
23 12 12 14 58921 1
18 13 28 1 55335 1
14 5 28 12 70049 1
26 27 28 6 63370 1
27 9 15 26 83770 1
24 8 28 1 31348 1
9 13 23 10 61744 1
11 17 13 2 53549 1
3 20 14 4 73050 1
27 17 11 1 99550 1
15 12 25 17 56537 1
14 1 18 26 89324 1
1 1 28 29 153429 1
19 3 29 11 42852 1
14 1 4 12 74478 1
21 15 5 12 86503 1
10 27 25 5 106173 1
17 20 25 29 58191 1
4 26 25 0 142851 1
28 2 19 24 83701 1
13 8 18 26 71518 1
0 0 5 24 93157 1
7 15 25 13 96330 1
9 22 8 6 73833 1
22 16 15 0 73977 1
21 12 19 26 77097 1
20 16 1 1 106970 1
26 29 19 9 84369 1
12 3 23 17 78143 1
0 1 8 14 77638 1
4 21 14 7 68663 1
13 3 5 26 96369 1
4 6 22 25 115550 1
22 14 29 11 43353 1
29 17 2 20 86440 1
23 20 17 2 66614 1
13 27 23 17 68488 1
27 14 14 2 77450 1
3 6 9 28 114484 1
29 19 20 0 72687 1
16 18 2 21 50574 1
0 14 2 23 35075 1
17 5 17 23 54090 1
14 5 12 15 35260 1
23 22 20 29 39726 1
9 19 22 8 72923 1
9 15 26 12 88216 1
12 26 6 8 74875 1
8 0 14 9 50812 1
0 16 27 19 96468 1
0 19 26 26 91754 1
20 4 27 25 86903 1
9 28 20 1 108117 1
17 10 25 12 37267 1
4 2 0 24 78144 1
15 22 20 5 58281 1
10 3 8 29 100622 1
9 5 29 20 103822 1
16 1 24 21 75327 1
7 15 13 27 62398 1
13 5 22 17 71594 1
1 22 17 10 82779 1
5 4 10 9 42900 1
17 19 14 10 34846 1
18 17 1 24 79627 1
14 1 21 20 73647 1
29 23 26 15 31733 1
0 23 12 21 43406 1
2 12 9 23 75436 1
22 14 15 11 43960 1
14 15 23 3 59030 1
19 0 5 10 70925 1
20 16 9 6 83550 1
22 4 17 22 67631 1
26 18 12 15 52397 1
29 6 25 18 47124 1
24 3 24 20 69569 1
13 29 17 21 42384 1
24 23 28 10 47667 1
18 23 5 13 78893 1
25 8 7 4 69009 1
19 13 0 22 81945 1
29 22 9 24 68194 1
3 3 15 24 105652 1
14 10 21 23 63335 1
12 17 2 17 36790 1
21 15 23 4 59937 1
1 4 0 28 76547 1
17 2 6 0 44572 1
19 25 29 25 25614 1
10 12 23 19 66731 1
6 29 6 16 82645 1
11 1 9 15 69331 1
1 8 8 28 105462 1
23 10 15 2 40174 1
7 27 22 6 116370 1
0 2 29 15 113546 1
22 23 22 10 71497 1
1 25 27 6 136000 1
12 1 26 20 94222 1
15 27 25 29 47002 1
0 22 16 9 81312 1
24 18 15 22 38731 1
20 29 10 23 51151 1
24 27 22 15 46904 1
11 0 1 10 68083 1
2 11 10 19 61142 1
14 18 21 7 48574 1
17 9 29 19 61423 1
2 19 10 10 62421 1
13 6 1 4 54018 1
1 6 13 20 85032 1
18 8 25 22 62625 1
19 1 27 24 89000 1
16 29 25 24 44048 1
4 2 16 13 73410 1
2 24 16 2 106078 1
3 28 0 0 102910 1
13 27 10 18 37551 1
11 6 18 3 35053 1
5 29 28 13 116555 1
10 26 10 16 37889 1
16 29 24 20 50631 1
2 24 0 15 39910 1
28 10 8 7 83722 1
9 16 1 19 40489 1
21 11 3 13 81125 1
1 3 15 0 56928 1
13 0 17 23 79465 1
10 3 19 16 64375 1
24 1 4 9 94138 1
19 29 6 19 75022 1
2 22 8 26 43583 1
20 0 25 17 79701 1
19 4 0 10 77123 1
17 10 10 3 39403 1
26 5 5 17 102645 1
12 0 15 29 101731 1
27 22 7 20 77292 1
26 24 6 4 119432 1
7 14 23 1 98248 1
20 26 13 7 79413 1
26 0 19 27 102940 1
4 5 20 4 63777 1
3 16 23 29 97339 1
20 20 29 29 52206 1
4 16 9 7 66831 1
8 16 7 28 70855 1
2 3 6 19 76555 1
19 28 15 4 95123 1
4 18 0 6 48303 1
28 3 20 15 65781 1
2 25 17 24 68205 1
3 3 14 22 96852 1
14 0 9 16 73706 1
7 17 19 14 60813 1
26 5 7 15 103245 1
19 15 4 19 66534 1
20 23 16 17 35978 1
11 27 17 23 31827 1
22 27 15 18 51566 1
18 7 17 18 30091 1
22 7 8 7 60586 1
17 21 18 7 35822 1
22 18 4 13 84196 1
10 16 6 26 57612 1
12 8 8 15 41425 1
6 25 29 22 83498 1
29 14 8 4 88491 1
10 18 23 12 70588 1
5 0 28 15 110025 1
3 22 22 20 77478 1
19 5 1 27 119038 1
27 28 17 14 69686 1
12 14 22 22 62386 1
24 20 1 9 105535 1
29 27 23 11 70517 1
5 14 2 1 71541 1
26 29 17 28 52079 1
1 27 14 5 108901 1
20 15 3 28 111630 1
8 5 20 18 83851 1
23 28 13 18 59147 1
3 20 22 12 89468 1
26 3 24 23 65848 1
2 3 16 9 66917 1
8 8 0 24 81318 1
1 1 20 27 141429 1
7 5 22 24 114026 1
7 16 4 24 53910 1
0 0 4 14 63470 1
19 4 27 10 40996 1
16 0 14 17 60366 1
3 20 29 24 87081 1
25 25 11 3 96338 1
21 1 9 3 42362 1
8 25 16 3 90942 1
11 26 28 4 101942 1
11 12 19 27 69486 1
14 19 3 13 60665 1
2 14 16 21 74964 1
16 23 6 2 91695 1
26 18 5 17 69475 1
2 20 6 6 79337 1
0 14 24 23 97650 1
10 7 0 16 65136 1
25 9 15 9 35436 1
19 10 1 18 74176 1
24 2 26 14 57962 1
12 3 5 10 51623 1
14 2 28 13 67216 1
28 23 8 24 69927 1
3 27 22 25 79367 1
7 24 11 12 56100 1
3 20 26 11 100058 1
3 5 12 27 100287 1
16 13 29 14 62382 1
13 4 24 27 96686 1
25 28 8 7 111340 1
6 18 26 9 84494 1
8 0 15 7 48753 1
9 2 26 17 97362 1
28 28 12 21 64297 1
8 13 19 14 65242 1
3 24 0 10 54155 1
27 6 19 29 97494 1
7 27 16 29 49437 1
15 28 27 0 108204 1
6 6 22 8 78528 1
19 6 12 1 35594 1
18 19 15 0 61994 1
29 20 26 12 32683 1
10 27 19 12 74482 1
18 23 9 2 88404 1
3 24 20 15 90837 1
10 25 16 17 45642 1
20 8 10 17 60422 1
11 20 24 14 73816 1
24 0 27 15 63524 1
4 7 24 24 116639 1
0 11 26 3 104384 1
19 10 15 23 45996 1
15 0 18 19 61994 1
25 2 26 21 67459 1
14 23 8 12 61551 1
10 10 2 6 48991 1
11 0 7 14 80154 1
20 10 17 23 49235 1
25 16 29 9 39889 1
16 6 25 27 88104 1
25 19 21 29 50474 1
13 7 4 24 76145 1
27 13 22 5 52140 1
26 26 12 26 41441 1
9 9 20 5 52819 1
13 2 17 27 90228 1
17 16 29 18 41339 1
5 14 15 17 54957 1
1 3 15 11 73409 1
1 23 10 22 32721 1
6 5 13 24 88843 1
24 1 17 11 41812 1
20 24 4 10 94271 1
18 15 6 11 67837 1
2 6 13 24 97161 1
28 2 4 13 114050 1
14 28 6 23 36225 1
11 5 2 25 105443 1
17 26 27 0 102555 1
22 4 22 27 105070 1
2 18 18 20 54112 1
3 6 21 27 128298 1
16 5 20 26 81902 1
21 29 19 7 90703 1
29 3 16 20 77393 1
26 25 21 18 30781 1
1 2 28 18 122269 1
2 2 10 11 66974 1
9 26 10 1 100638 1
29 16 22 6 45310 1
22 29 12 16 71280 1
11 5 15 29 87488 1
3 13 29 28 123378 1
19 29 22 12 94434 1
3 11 28 27 125477 1
27 8 5 17 101233 1
4 7 6 29 114124 1
13 5 23 10 47944 1
16 17 21 3 48402 1
9 0 15 9 51936 1
2 4 14 21 97217 1
20 6 8 9 55442 1
25 28 0 0 151423 1
23 27 7 27 72754 1
10 11 4 1 66171 1
1 6 17 27 120249 1
12 6 10 20 48950 1
23 8 15 25 70508 1
17 1 5 0 47731 1
7 20 8 1 86110 1
13 7 10 15 36118 1
21 11 6 3 65912 1
15 20 13 2 62882 1
7 24 29 27 75796 1
0 26 13 3 99410 1
4 3 17 13 67929 1
15 8 28 11 57658 1
3 5 1 15 49908 1
8 16 21 7 79883 1
26 16 19 10 48422 1
3 15 16 9 74794 1
17 11 24 8 29169 1
15 10 6 19 55504 1
21 29 12 1 120945 1
23 27 16 18 49320 1
12 7 0 18 65779 1
12 28 26 28 56045 1
10 5 18 24 91542 1
21 3 11 10 46310 1
23 15 11 24 77276 1
19 11 5 19 69263 1
24 26 27 19 31401 1
9 28 13 1 96677 1
6 25 16 29 58628 1
15 27 29 12 74530 1
14 27 29 7 89375 1
27 2 4 24 126240 1
10 11 9 28 71337 1
19 6 21 14 29373 1
8 9 13 21 52986 1
26 10 19 6 31879 1
25 17 10 19 56775 1
0 12 4 5 41698 1
12 5 29 17 86656 1
15 20 17 12 27248 1
27 5 26 26 68739 1
21 12 12 2 53436 1
28 9 1 29 144350 1
13 7 29 8 54948 1
24 5 28 24 66999 1
14 20 21 6 57023 1
16 26 25 11 78395 1
20 15 17 1 47738 1
12 12 16 28 54166 1
4 12 26 20 107728 1
14 21 8 26 43369 1
16 4 11 26 81133 1
4 18 11 8 52199 1
15 11 29 29 89251 1
11 16 25 2 79712 1
12 11 24 23 67074 1
4 23 11 14 55190 1
8 1 28 25 118670 1
14 27 25 1 99522 1
15 4 1 2 51750 1
15 5 22 10 38976 1
16 2 23 23 79640 1
19 3 1 23 104871 1
1 1 25 23 129670 1
7 0 14 9 54717 1
25 28 20 23 30673 1
27 1 0 17 123373 1
4 5 0 17 56958 1
13 24 2 13 77537 1
20 15 17 23 47515 1
27 7 12 27 91819 1
26 9 3 11 84738 1
18 13 20 26 60846 1
23 17 9 20 56417 1
17 19 1 24 69527 1
26 20 22 8 63932 1
26 24 5 4 120922 1
29 14 16 22 60924 1
15 21 13 13 30112 1
18 26 22 2 86547 1
13 23 28 8 85593 1
9 0 25 21 107979 1
5 24 23 18 73799 1
12 18 22 29 67420 1
10 6 17 0 40210 1
26 24 7 19 74024 1
3 3 13 15 72476 1
4 5 4 17 67843 1
16 4 3 5 54280 1
17 7 10 3 31864 1
15 12 16 22 33801 1
2 28 17 11 108893 1
8 29 22 19 81587 1
16 14 29 4 65866 1
28 11 8 22 96606 1
25 17 2 11 109069 1
3 18 16 20 43660 1
1 29 26 18 114071 1
25 20 18 17 32132 1
3 16 14 11 63420 1
24 10 5 20 82873 1
29 26 29 11 36644 1
29 17 26 0 51716 1
1 2 26 10 96420 1
2 22 18 7 91000 1
22 20 18 28 52603 1
12 25 13 2 68310 1
21 25 22 2 88200 1
10 14 25 5 79090 1
29 21 5 7 123417 1
0 2 5 16 70671 1
12 3 4 8 49615 1
26 0 7 20 108095 1
19 12 1 19 80818 1
4 5 19 24 117499 1
23 23 16 14 51882 1
10 21 14 3 58785 1
26 15 29 26 40936 1
10 2 21 29 120785 1
9 11 18 6 46298 1
8 9 13 14 35582 1
13 28 19 15 63657 1
23 27 7 13 95532 1
19 22 12 17 42564 1
21 14 5 7 86104 1
14 21 27 10 71200 1
24 10 6 7 76143 1
10 21 13 1 66444 1
0 4 29 27 146028 1
5 27 10 1 121287 1
2 0 8 24 108299 1
19 4 25 12 44892 1
1 21 14 0 97569 1
15 24 20 11 57517 1
22 6 15 24 71376 1
6 21 28 21 85839 1
21 3 5 24 100661 1
14 5 1 16 85107 1
5 29 27 13 119497 1
2 10 4 28 82167 1
21 18 23 7 54662 1
14 20 23 18 32252 1
24 22 19 11 57281 1
23 25 7 21 59052 1
25 5 12 8 58860 1
25 7 5 13 87368 1
10 3 7 10 40655 1
23 28 22 18 34427 1
20 10 28 29 86349 1
15 26 28 8 83566 1
1 4 15 6 63287 1
11 3 18 26 91521 1
4 8 6 21 76253 1
27 3 16 18 68708 1
29 4 8 25 121708 1
19 18 13 13 33746 1
29 4 15 9 58189 1
18 14 17 0 42026 1
1 3 4 25 92179 1
17 24 19 16 43554 1
0 14 10 25 66589 1
16 23 7 2 88682 1
19 25 29 0 89695 1
2 5 27 4 96461 1
11 22 2 13 69925 1
3 27 11 9 90084 1
27 14 13 9 72874 1
13 1 23 25 97262 1
9 23 19 17 50392 1
29 26 9 14 93214 1
20 1 10 29 103547 1
29 20 21 4 69628 1
22 1 9 9 69550 1
16 18 6 9 60628 1
25 19 29 11 34862 1
28 19 8 17 69795 1
17 5 29 27 85705 1
17 11 25 24 59805 1
25 28 15 18 57447 1
25 14 19 20 46055 1
15 23 27 4 89660 1
2 10 29 28 128290 1
19 4 18 26 75050 1
7 1 12 8 49952 1
18 4 28 13 54157 1
17 1 26 3 32389 1
8 2 24 2 49433 1
21 9 23 18 48650 1
14 6 6 13 58174 1
27 29 8 12 116122 1
23 14 2 0 109436 1
19 16 18 3 39198 1
7 4 5 26 119097 1
26 24 19 3 79721 1
18 11 28 2 47594 1
2 14 1 24 50619 1
21 6 27 14 54112 1
26 10 1 4 100080 1
18 0 0 6 70486 1
26 18 23 9 49460 1
2 29 24 11 136024 1
24 24 6 13 97599 1
10 0 15 20 79680 1
19 9 13 4 34195 1
12 19 23 23 49602 1
6 29 23 25 65596 1
5 5 26 20 116964 1
1 28 21 29 94170 1
23 27 11 18 57257 1
28 28 0 22 98961 1
17 20 6 26 64748 1
20 10 28 2 45007 1
2 5 25 15 121411 1
6 15 2 26 71448 1
22 15 22 0 66660 1
2 3 5 18 67458 1
16 4 14 21 58374 1
28 14 11 19 71824 1
27 11 9 13 83133 1
13 15 9 29 56958 1
22 15 4 4 99513 1
8 13 27 23 92817 1
16 16 11 10 39995 1
23 28 5 19 77242 1
16 10 9 7 38254 1
12 24 9 8 55406 1
4 7 18 24 105808 1
14 1 20 27 99466 1
7 10 11 22 53174 1
9 0 6 27 126271 1
15 22 24 6 70107 1
3 4 22 3 65083 1
22 12 28 4 53378 1
3 10 11 13 45369 1
8 20 0 25 36423 1
2 1 19 28 139883 1
10 8 6 1 49915 1
29 1 12 0 65363 1
15 15 4 3 74363 1
26 15 12 7 79541 1
25 6 5 18 89310 1
3 16 7 29 79654 1
5 18 0 1 66326 1
13 5 28 22 94726 1
14 27 24 8 85120 1
20 20 11 17 42116 1
8 0 9 12 56810 1
24 20 7 16 65621 1
12 4 23 23 93570 1
20 13 10 2 54430 1
28 27 14 18 65286 1
4 14 13 15 58708 1
22 23 9 23 41297 1
7 28 26 26 73095 1
14 18 6 4 78853 1
11 10 2 25 82646 1
8 21 6 10 63225 1
5 9 19 5 65399 1
17 24 3 5 113498 1
9 8 26 3 76404 1
20 23 24 29 28692 1
5 16 4 1 76216 1
23 17 18 3 66561 1
9 26 8 7 85845 1
10 15 12 4 49119 1
2 13 5 3 58205 1
5 20 21 23 59447 1
22 27 14 8 91464 1
20 5 0 10 78772 1
8 23 11 2 80490 1
7 23 13 13 48472 1
8 21 21 21 59803 1
0 28 9 1 112232 1
22 15 20 23 48234 1
8 0 19 5 47293 1
0 22 23 25 75272 1
15 12 5 6 64045 1
10 25 0 16 60533 1
25 0 8 16 108260 1
17 1 22 25 82320 1
21 28 3 12 118492 1
15 9 28 27 86137 1
10 21 5 1 89864 1
17 10 22 27 71842 1
29 19 10 27 73507 1
0 16 22 8 97872 1
11 21 15 6 57403 1
20 8 5 6 73571 1
29 8 3 17 107821 1
16 23 21 10 49840 1
9 26 24 2 106466 1
0 8 18 16 87506 1
23 16 10 2 89419 1
25 4 2 13 112671 1
24 8 29 17 42896 1
28 1 8 15 105596 1
10 11 5 0 66330 1
22 1 12 16 70468 1
11 16 28 23 72485 1
16 6 5 12 64702 1
28 17 10 16 66538 1
14 6 28 1 58087 1
8 12 25 9 70941 1
11 6 13 24 63598 1
15 28 3 3 113723 1
23 24 6 23 55153 1
22 20 8 17 60059 1
19 3 24 25 77972 1
12 1 9 19 73336 1
9 17 19 28 66961 1
20 2 3 28 131008 1
26 17 19 20 33654 1
19 27 20 15 68198 1
15 3 25 3 32263 1
7 26 20 28 69119 1
27 8 19 10 34393 1
1 27 28 9 140343 1
17 27 5 11 95796 1
12 5 26 15 84133 1
24 18 19 26 35672 1
23 9 24 18 57472 1
26 9 9 14 77964 1
4 20 15 1 85255 1
6 16 8 4 75307 1
29 5 26 15 47590 1
15 1 0 3 58965 1
8 24 6 13 68134 1
28 23 4 13 112417 1
22 26 14 14 60645 1
5 29 28 24 86080 1
11 24 26 1 105889 1
11 8 1 29 99318 1
21 13 6 17 71803 1
29 22 15 4 86347 1
7 3 6 15 71663 1
10 17 6 23 33586 1
11 26 18 9 65278 1
22 27 20 8 85934 1
24 22 5 24 66289 1
29 20 3 27 106352 1
27 27 21 16 58669 1
12 29 0 12 83235 1
27 23 21 27 32826 1
9 12 17 7 47350 1
20 5 29 2 39329 1
15 14 5 0 79099 1
22 24 27 4 76479 1
26 1 4 3 75421 1
29 10 24 25 47953 1
20 29 3 17 91929 1
10 24 10 9 54630 1
17 23 9 25 33884 1
22 29 16 17 67222 1
23 11 28 1 50277 1
16 21 0 1 107716 1
3 9 20 7 70282 1
6 8 14 11 43557 1
6 29 20 27 69450 1
4 8 2 22 70334 1
29 1 0 4 102048 1
0 0 17 29 136375 1
12 1 16 11 49004 1
8 21 27 12 93961 1
3 20 12 29 49133 1
7 11 26 25 97834 1
29 2 21 4 31102 1
20 15 10 10 54679 1
18 23 0 15 79318 1
6 13 12 6 57573 1
10 12 6 24 60221 1
26 17 8 29 86543 1
11 9 26 19 74257 1
23 27 17 10 67216 1
5 0 6 20 96893 1
28 28 9 14 97823 1
20 4 5 26 113561 1
22 11 18 26 79478 1
29 22 9 10 94352 1
13 20 21 0 73469 1
20 7 11 24 74589 1
25 12 21 20 47663 1
22 24 27 15 49200 1
27 26 17 18 51798 1
21 1 5 26 121370 1
14 25 21 21 40834 1
4 27 17 4 117443 1
16 25 29 27 40470 1
13 3 26 9 53923 1
10 23 17 1 77576 1
2 29 22 15 119659 1
21 26 19 0 94212 1
2 7 8 16 73580 1
27 14 8 16 89916 1
27 11 17 15 53603 1
11 10 25 23 76419 1
1 13 13 29 89852 1
17 10 19 29 71516 1
20 12 9 0 65880 1
0 15 21 29 110701 1
14 6 28 29 108607 1
27 27 14 27 54444 1
4 10 20 24 94271 1
16 16 12 8 39290 1
13 25 11 17 29901 1
19 1 13 6 32205 1
27 29 6 6 138361 1
28 25 11 9 89048 1
23 7 13 11 39839 1
9 0 29 9 79914 1
9 8 20 12 53735 1
15 17 0 19 51267 1
13 24 6 18 38771 1
10 9 14 15 34533 1
7 11 24 19 80688 1
12 8 10 29 62130 1
5 2 10 18 77523 1
28 26 13 21 56993 1
28 13 3 15 105302 1
15 0 14 21 69786 1
6 27 3 13 84730 1
7 15 26 6 98332 1
3 16 20 20 69777 1
21 27 12 16 61092 1
21 1 19 13 33093 1
0 14 3 26 53087 1
10 22 8 12 48710 1
3 11 16 19 75003 1
0 19 17 19 56823 1
11 13 11 2 46507 1
25 7 6 18 81951 1
6 5 10 17 71292 1
29 28 18 22 54375 1
0 14 13 1 81991 1
14 16 7 21 38078 1
15 27 29 22 49904 1
24 7 11 19 71616 1
6 16 16 27 65911 1
13 20 4 26 58354 1
26 2 9 9 72490 1
24 16 5 22 89114 1
7 17 15 6 62341 1
26 16 0 2 123685 1
2 2 12 9 59914 1
7 8 21 22 97125 1
25 8 2 5 92274 1
25 23 10 28 58586 1
11 9 23 23 77558 1
27 19 12 24 64451 1
7 14 1 29 80167 1
3 6 23 12 100199 1
29 26 28 9 45122 1
29 8 11 24 90185 1
19 18 2 10 77734 1
28 4 0 13 112477 1
9 7 26 24 101011 1
17 16 9 1 65464 1
0 7 15 12 68473 1
28 25 11 4 106527 1
6 16 12 25 49237 1
3 21 19 18 57482 1
28 15 15 27 69113 1
26 27 22 1 96992 1
16 2 11 7 33967 1
2 9 19 17 88221 1
18 12 1 15 88506 1
13 11 6 19 47322 1
11 14 15 4 46583 1
16 14 3 3 80533 1
16 15 12 21 35120 1
18 20 10 24 41890 1
6 21 24 22 70327 1
13 14 6 7 52870 1
22 25 1 0 138321 1
11 6 27 7 60365 1
10 21 6 14 46513 1
20 13 5 7 75727 1
20 12 15 29 72385 1
8 8 24 21 90638 1
4 18 29 4 109645 1
3 0 3 17 79331 1
16 22 24 11 63443 1
28 3 13 23 94766 1
5 10 2 25 73762 1
2 6 19 27 124439 1
5 22 18 4 91320 1
25 14 12 18 61369 1
7 28 16 22 51721 1
0 14 9 20 44559 1
8 19 15 5 66084 1
12 26 2 6 97242 1
14 29 27 21 62715 1
24 3 20 9 32417 1
8 12 15 3 55392 1
16 7 16 24 53954 1
1 29 6 18 55701 1
16 22 24 20 37651 1
17 1 1 18 90002 1
7 28 0 16 73343 1
1 26 23 27 93427 1
17 19 7 18 33419 1
10 3 28 0 60022 1
28 27 6 9 116605 1
29 2 12 21 96854 1
11 3 22 24 98269 1
24 14 25 28 58080 1
21 29 3 11 121317 1
2 3 22 3 62978 1
26 15 6 6 109704 1
9 4 24 23 100880 1
3 6 3 23 75498 1
8 19 14 13 40929 1
16 6 29 22 77547 1
18 10 5 7 62192 1
5 21 1 9 57627 1
6 25 25 24 74962 1
6 24 21 6 96804 1
2 5 2 28 91452 1
11 0 17 21 73023 1
26 17 6 16 78289 1
5 26 4 16 63990 1
10 9 23 21 79179 1
23 28 8 1 121463 1
28 9 3 6 102704 1
3 27 15 15 83375 1
4 18 29 28 96584 1
29 29 28 16 38660 1
17 2 18 12 30724 1
19 2 2 10 75635 1
0 25 28 22 96461 1
8 15 14 10 44952 1
27 6 4 0 94229 1
14 10 19 0 40172 1
13 22 29 23 52301 1
22 21 7 11 91355 1
12 13 23 10 43685 1
16 29 28 3 102620 1
5 3 22 26 121313 1
15 20 20 4 55569 1
29 26 9 4 115077 1
17 20 4 21 48147 1
7 21 23 20 64554 1
21 13 0 13 89968 1
10 29 18 18 55137 1
9 26 23 22 59024 1
0 26 26 28 99808 1
29 13 16 16 61496 1
4 16 25 26 96544 1
4 27 3 16 63159 1
26 6 3 13 100181 1
14 18 16 0 58112 1
8 6 8 16 57342 1
20 21 29 4 82044 1
3 6 18 22 106746 1
13 6 13 17 36242 1
9 0 6 9 54087 1
17 21 7 27 65245 1
0 9 19 28 114891 1
1 24 4 14 59469 1
3 24 26 15 101935 1
16 27 4 9 91883 1
27 29 0 5 150964 1
27 15 4 29 119772 1
14 23 9 17 35437 1
25 24 8 5 116759 1
1 13 6 23 56638 1
3 18 9 26 55296 1
3 23 14 25 36652 1
17 28 27 3 103885 1
21 3 28 11 47904 1
0 18 29 17 89791 1
29 8 16 21 71217 1
22 17 13 7 65778 1
18 26 12 16 46691 1
0 12 28 27 121988 1
12 13 18 2 48153 1
16 3 21 20 64552 1
18 9 1 26 104876 1
5 20 23 8 86358 1
5 5 28 1 82137 1
17 15 3 18 47935 1
22 5 2 16 111304 1
28 13 20 11 45953 1
4 24 22 0 119651 1
25 5 9 15 87065 1
14 4 29 18 78695 1
28 1 6 6 87072 1
29 2 8 9 89096 1
7 21 10 6 71779 1
18 25 0 8 99771 1
21 0 2 18 99676 1
4 6 8 25 108438 1
1 5 14 9 71282 1
3 25 28 0 141637 1
13 2 27 21 93806 1
17 14 8 27 73132 1
3 19 26 25 78914 1
20 15 17 3 44468 1
9 27 23 23 60982 1
1 23 5 11 63488 1
13 21 6 27 55739 1
18 27 20 1 95482 1
22 15 9 0 89098 1
17 29 12 23 31782 1
11 19 3 2 87016 1
15 6 3 21 78565 1
6 17 13 11 46504 1
12 15 15 3 41020 1
11 0 0 2 42190 1
7 1 24 2 56744 1
9 9 22 16 78300 1
10 6 12 28 75381 1
18 22 23 6 67736 1
25 20 16 15 42386 1
4 26 19 24 72313 1
17 2 12 11 38921 1
19 7 3 14 79794 1
19 12 28 20 61375 1
2 26 21 19 96956 1
27 22 9 15 83121 1
19 18 8 5 81535 1
10 6 18 3 39407 1
19 23 1 17 76369 1
3 24 14 29 54782 1
8 8 29 12 91340 1
22 5 6 22 105197 1
29 1 3 7 104809 1
8 18 12 10 30830 1
26 8 21 20 65605 1
20 25 2 2 123159 1
15 19 27 23 47698 1
6 4 22 11 77408 1
4 29 11 4 116687 1
28 27 24 17 43010 1
28 2 21 15 68557 1
0 13 11 2 68467 1
12 23 28 6 91470 1
21 27 22 14 67937 1
0 19 28 13 102188 1
29 2 12 2 52742 1
11 12 12 21 29437 1
15 1 28 2 46339 1
3 9 20 25 98835 1
1 17 17 16 60003 1
26 3 8 5 68017 1
6 26 26 16 99756 1
1 24 29 20 98360 1
9 25 18 20 49835 1
12 18 18 1 63225 1
4 5 29 2 88490 1
12 16 26 13 67060 1
10 25 11 14 44596 1
5 19 13 22 36315 1
29 27 14 29 59124 1
5 21 18 27 65804 1
5 27 16 15 84969 1
3 21 19 8 80294 1
22 7 17 14 31019 1
0 22 11 4 92528 1
17 2 5 2 37235 1
10 28 17 24 37425 1
24 17 6 27 100994 1
29 26 19 3 79496 1
23 24 11 18 55390 1
16 12 7 27 85851 1
26 16 28 3 49903 1
14 22 28 2 88855 1
1 23 5 8 69394 1
7 16 7 4 64901 1
5 13 18 15 75893 1
26 0 26 13 54362 1
16 19 12 12 33317 1
13 13 16 24 42584 1
12 27 13 8 53648 1
7 7 14 4 42885 1
18 19 12 2 65014 1
23 27 18 16 56735 1
5 16 9 9 49672 1
7 4 24 19 95581 1
0 7 15 27 101998 1
12 19 29 23 63127 1
6 3 20 19 86899 1
4 15 11 2 88460 1
15 7 19 14 34650 1
22 15 8 15 78549 1
5 26 2 11 79292 1
10 27 2 18 55254 1
16 29 21 13 69184 1
29 17 25 29 46573 1
23 28 16 23 34232 1
