3479 5341 5308 4492 3612 4225 3803 5333 3558 3510 3812 4274 4646 4155 3539 3230 3594 2867 4599 3964 3053 1850 4235 3967 1944 2284 1759 1561 3689
3354 4945 5785 4252 6157 6280 4747 6123 6054 4443 4215 5215 4030 6021 5104 4788 6391 4516 5190 5825 5434 4478 5610 4951 4678 3962 4144 4441 5468
2447 4385 5052 4073 4126 4659 5653 4232 3492 4487 5143 4028 4385 4196 5273 3629 3662 5522 4176 4164 4538 4798 4716 6271 4975 4682 4710 4071 4230
2556 5229 3014 4948 4174 4717 4264 3769 4854 3800 4894 2851 3903 3809 2990 4423 3200 5427 5876 5383 5528 4937 3985 5013 3612 4817 3177 3769 3517
3379 3385 3405 5603 4995 3952 5815 4396 5885 4805 6281 4833 4196 4453 6223 5514 4533 3606 5682 6072 5123 5558 4955 3888 3805 4894 3854 3890 5669
2859 3529 1984 4389 3209 3351 2077 3172 3361 2610 2888 2494 3602 3596 2698 3741 2383 3660 4430 4441 2716 4375 2185 2664 3606 3659 2475 4165 3134
6833 7369 3660 3731 3581 3814 4736 3861 4940 3172 4828 3272 5532 3236 3843 4929 5389 4979 4007 3676 3728 4223 4544 4435 5707 4832 5002 3431 4075
3928 2821 3361 3443 3919 1703 3422 2871 2904 1508 2455 1946 1438 2301 3737 2461 3719 1941 3263 1838 2760 1921 3151 1435 3033 3203 3720 3391 3155
4030 3580 3529 3667 1883 3387 3035 3584 3841 2835 2306 4036 2848 4027 5812 4881 4352 3519 5465 4919 3714 5385 5820 5901 3991 5971 5513 4419 4973
6076 6088 7179 7158 5541 5337 6726 6723 6596 6802 7361 6437 5028 6250 5487 6065 5417 6218 6501 5779 5871 5857 5988 7358 7352 4903 4532 6585 5837
5031 4414 4439 3292 3432 5129 4103 4957 2740 2881 3385 3100 4838 3721 5895 7543 5941 5193 7743 5117 7750 5288 5089 6373 6273 7177 7688 6868 6101
2418 4837 2864 3319 4925 4147 4037 2732 2224 2955 2646 4028 4678 2844 2175 4666 3964 4588 3851 3598 2270 2964 4580 5952 5699 5165 4413 6233 4521
5189 6471 6023 8474 8241 8652 6061 6838 8159 8215 8890 6112 7366 6514 8258 6560 6808 6424 7500 6647 7926 7527 8261 6351 7010 7656 8066 8041 8111
2691 1761 1775 2317 4228 4433 1865 4418 1838 4167 1873 2672 1975 3025 3615 3477 3609 2501 2236 4986 5500 5964 5180 5345 3474 4626 5666 4105 4835
5245 3105 5627 3446 5166 4112 3108 5541 3131 4364 3026 4347 1920 2954 3678 1215 1624 2253 2889 2602 1232 2420 3919 2893 1914 2980 3360 2258 3292
3608 3199 3043 4987 4631 5291 5054 3329 4595 4326 5609 5495 5558 5183 3777 3985 5862 5830 3538 5505 3731 5395 5005 4592 5062 5576 5703 5094 4299
3682 2606 4222 2657 4448 5623 6037 5639 6602 6517 6416 4982 7243 7547 6730 5433 6251 6418 7308 7110 5765 7581 6343 6920 7570 5931 4840 7503 4928
7506 7941 6959 6269 5979 8248 3868 5233 5526 3615 3507 5475 5964 4439 4094 3901 3516 5157 5970 3407 5309 3483 5126 3806 3857 5575 5149 4884 4957
6475 6191 5147 5670 5184 6936 6261 5220 7951 6041 5226 7042 6454 6084 5977 5132 5343 7190 6427 4496 4717 6615 7100 4970 6148 4735 4831 5228 7001
5913 4084 4976 5282 5535 3866 5441 5696 5048 4418 4818 5594 4181 5486 5635 4051 4745 4021 5849 6388 4069 6430 4617 3981 3920 5294 5904 5222 4161
7783 7716 6632 5146 7639 7443 7316 7861 6618 7227 7947 5304 7590 6176 5154 5849 6980 6560 3351 2206 3708 3892 4705 2877 2048 3974 2870 3351 4693
2936 2994 2748 4414 3054 4427 3500 2570 2619 2064 2061 3872 2601 1905 3019 4501 5723 7314 4806 6836 4491 6492 6947 6816 5376 4583 6419 6685 4572
5383 6382 5889 6226 4680 7051 5503 5955 4767 7057 4861 5108 3417 4371 5282 4642 5698 3659 5207 5481 5262 5754 3531 4986 4612 3876 4017 4238 3472
1356 2759 1729 1593 1769 2902 3170 3018 2129 3105 3077 3518 1387 1491 1326 3732 3788 1260 3060 5525 6320 5008 6419 5325 5912 7060 7016 6875 6457
5991 4325 4992 3746 4276 3716 3644 2493 4079 5076 3338 2877 3272 2971 5203 3639 4204 3970 5236 4126 3230 4079 2603 3896 4006 4943 5023 2855 3830
2738 4325 3574 5122 3754 3200 3093 3436 3608 3652 5267 4812 3365 4227 5294 4653 6030 6233 6846 7480 6306 7453 6872 5524 6153 5948 6742 6401 7234
4619 6040 4377 5406 4818 6654 5298 4896 5477 6343 4236 4702 5277 4296 6837 5870 4243 4324 4222 5694 4454 5619 4701 5764 5383 4564 5489 4741 6871
4162 2987 3548 3973 3963 2929 4233 2826 4086 2237 2278 2218 4739 3881 4594 2342 3479 3074 4720 4623 3529 4737 4410 2913 3194 3558 4030 3194 2359
7372 8819 8695 6328 7093 7971 7032 6409 8071 7409 8875 6453 6091 7624 6364 3088 2011 1285 2714 1422 3467 3006 2409 3081 3940 3689 3035 3385 4132
4484 3877 2980 6032 8182 7046 6613 7626 6843 7014 7558 5990 7515 6852 6746 6905 8057 6107 5902 8025 6154 6145 7820 8115 7274 7281 8297 6485 7063
3967 6425 3088 7481 5866 4697 2301 4755 7552 4383 4175 1658 5169 8584 3089 7579 3477 2052 2249 4026 6023 4656 6279 7793 3528 8481 7807 5958 1952 2853
4996 7173 2231 5113 5945 3710 2867 4660 6387 5416 4086 2235 3118 8619 1905 7493 4067 2074 1832 5333 8196 6109 5438 5274 3270 6547 7191 6304 1953 2417
3953 6131 2004 5560 6927 4747 8086 4163 7340 5187 4522 2272 4221 6021 3962 7310 3447 1871 3080 5103 6775 6516 7120 6406 4192 6227 6289 7104 4504 1940
5823 7121 3219 7485 5805 4375 5256 6141 8112 5624 2029 4207 5296 7315 2649 5045 3088 3521 1826 3966 8411 4014 5982 6404 3517 7250 6292 6153 2519 2409
6145 6908 1747 5033 5675 3143 7564 3316 7953 6117 2986 3564 3368 7457 3933 6669 4003 6283 3932 4832 8746 5924 6986 5384 4198 7991 7785 7070 3165 2109
4368 5213 3745 6902 7685 3758 8061 5313 6201 5004 6001 2253 4451 6980 5145 5092 2763 7714 3736 4031 8528 3750 3538 6572 4216 6176 8339 5945 4529 4005
4647 5662 3080 5927 6620 4909 7146 3388 6680 6219 4500 3860 4196 6317 4928 6135 1547 6869 1565 4724 6544 4870 5672 5954 3629 7886 7646 5407 3333 1841
3968 7350 3162 7291 6275 3004 5661 4674 5542 6837 5163 3399 4652 8505 5477 7295 4092 6945 1170 5562 6528 6065 4098 5356 3863 8051 6072 6683 3523 2476
3723 7653 3297 5840 5706 3769 7045 3172 6207 7620 4534 2519 5816 6434 4580 6646 3818 5643 3705 3079 8487 5159 6102 6794 3093 3600 7407 4787 4070 1829
3968 7244 2783 3179 7374 5074 6073 3481 6589 7634 4166 1881 5096 6114 4744 6696 4195 7619 1259 5328 6551 2383 5103 6578 1694 3489 7171 4747 2682 2588
3887 5792 4097 4417 7551 4055 6113 3869 6642 6045 6143 2988 4430 7319 4573 6507 7028 5806 2246 4785 6157 3980 5604 6692 2236 1838 6538 6602 1819 2411
5504 5986 3626 2519 6693 3221 7138 5759 6992 7449 4200 2029 5475 8000 6131 5588 8569 7034 2381 4668 8377 3253 6116 6911 1894 3085 6682 4968 3766 2626
5333 5709 2167 4747 6922 5551 5827 4544 7742 6501 5586 2844 3417 8701 5466 6354 6658 7081 1415 4536 7200 1749 5939 6646 2435 2464 7179 6103 3770 3226
4568 6108 1859 4363 8064 4803 6745 5244 6330 5417 5201 2957 4642 7661 5074 7002 8564 6824 2029 5745 6019 3630 6076 7615 1715 2777 6337 4503 3964 5884
5732 6925 2192 2621 6867 3072 7932 2952 6936 5746 6435 1855 5513 8046 4113 5358 8139 7247 3073 5303 8029 1863 4850 5228 2742 1792 6224 4571 3052 4446
2956 5317 1887 4732 5408 2895 5827 5616 6229 7021 6004 1537 3604 6833 6236 5735 8002 6428 6011 3150 7593 4127 5947 5304 2024 3956 8533 6151 2645 3560
3486 7743 3084 3623 7858 4142 5302 3770 5529 6342 6142 4012 3349 8232 5068 4988 7667 5003 5654 5883 7805 2220 3715 6244 2831 3265 8669 6792 2546 5645
4850 8049 3785 4144 7498 4730 6745 3879 7274 6759 4962 3664 5112 8272 4719 5962 8439 5769 6906 4070 6117 2849 4399 6609 2877 3042 6770 6775 2490 3553
3043 6787 4274 2329 7793 4673 7674 5059 6382 7922 6633 2301 4019 6847 3461 8722 6075 7728 5932 5360 6948 4085 3587 7805 2328 2083 5286 4769 3330 4414
4938 5764 3977 4561 6405 3755 7394 4345 6520 7412 4969 1477 4639 7590 5558 7087 6479 6164 5452 3765 7295 3592 3897 6028 4192 1896 5350 5493 4206 5313
3325 8016 8371 2342 6697 4253 6950 5655 7580 7509 5382 2970 5743 8426 4382 6174 7144 7010 7102 5010 6947 3524 5404 7502 3881 1667 3975 5608 3600 5706
2836 7550 7818 3359 5315 3899 7819 4925 7497 7336 5710 1791 5303 6163 5374 8056 8059 7303 6725 3665 7052 3425 4536 7056 3346 3724 5970 4689 4449 3847
2644 6715 6989 2557 6158 5174 7944 4674 6075 7166 6172 1547 5085 6318 3694 8469 8290 5233 6301 4641 8729 2856 4710 7540 4162 3535 3911 7015 3182 6038
2870 5313 6970 3857 7143 2749 6390 3909 6548 8065 4322 5429 5763 8132 5874 8146 8164 6003 5477 3161 6717 3112 3935 8045 3669 3191 5534 7941 3359 5419
4923 5677 7726 2108 7182 4573 7264 4103 6772 7640 5712 5246 5804 6538 3853 6498 6829 6817 6220 5083 7687 4182 3708 6006 4575 2497 4744 7147 2321 3392
4770 7396 8000 2870 6186 5437 7453 4700 7211 6292 6496 5316 4019 5380 3988 6674 8523 7480 7156 5829 6908 1408 4122 6563 6765 2366 5823 8821 3079 5809
3649 7285 8159 3597 5974 5993 8078 3667 5485 7758 4293 3078 6309 3489 5117 8105 6985 6415 5565 4763 7144 2449 5300 7062 6514 1745 5534 7828 2991 5217
2692 7642 8138 4376 5855 4957 7368 4819 5819 6354 3952 3845 5948 3109 4335 8155 6284 6849 7176 5077 8216 3306 4335 5940 4315 1725 5871 7419 8791 3605
3321 5798 8742 2753 6698 3706 6245 4458 6954 5442 5557 4771 4380 3475 3521 7522 6598 6492 6522 4232 7322 3100 5740 7161 7139 4071 3772 7268 6521 4815
26 13 14 2 73988 1
23 23 9 23 51040 1
28 1 26 29 108178 1
4 0 5 10 32664 1
14 16 17 29 43544 1
8 4 8 17 40077 1
15 11 14 21 26569 1
14 27 22 6 79758 1
18 19 10 6 64064 1
21 21 23 13 32783 1
11 27 25 28 52913 1
25 9 1 24 107503 1
16 22 2 5 87471 1
28 2 28 27 92328 1
0 6 0 21 57937 1
19 5 17 17 62641 1
3 5 26 17 106361 1
21 7 13 11 30087 1
26 23 3 5 116808 1
17 24 7 10 57755 1
21 10 25 19 33205 1
18 0 29 10 66632 1
11 21 29 3 94824 1
27 17 12 25 69898 1
2 3 27 10 105112 1
5 11 18 23 67776 1
5 27 28 12 112538 1
18 29 27 19 65107 1
7 18 11 2 54666 1
3 29 26 12 112713 1
2 13 15 14 56520 1
16 25 3 17 54182 1
18 6 28 28 97077 1
23 1 1 27 128775 1
24 0 27 15 59299 1
28 9 25 24 70251 1
1 4 10 6 47775 1
7 9 16 8 45194 1
14 6 5 27 83319 1
8 16 17 13 49532 1
17 22 22 8 67187 1
5 9 17 27 80965 1
14 10 22 29 75914 1
3 7 17 17 78082 1
7 28 6 9 55385 1
17 17 20 1 76268 1
25 16 29 0 71912 1
29 12 4 23 111526 1
15 4 12 12 37189 1
29 15 16 13 69647 1
16 1 15 15 55526 1
26 5 2 11 86087 1
4 3 15 20 80025 1
19 1 2 13 88308 1
4 4 0 16 57596 1
27 19 23 6 52897 1
12 4 17 12 44424 1
19 27 16 16 63223 1
13 0 1 20 90947 1
8 25 6 0 76747 1
6 14 13 28 60615 1
27 9 3 15 88685 1
6 4 15 17 64004 1
7 6 9 21 49788 1
9 1 7 17 51933 1
10 24 17 3 82203 1
21 9 1 29 99728 1
18 1 25 20 81785 1
23 6 8 8 59853 1
15 10 0 17 58562 1
3 17 5 6 40530 1
12 14 7 0 60803 1
18 23 10 16 49120 1
26 9 28 24 55726 1
29 17 23 24 40972 1
1 13 5 26 59028 1
15 8 12 18 37820 1
0 19 11 23 48462 1
14 8 24 13 43253 1
13 19 29 13 76020 1
10 8 2 19 52055 1
17 4 22 27 103251 1
21 0 5 21 99880 1
1 18 27 16 96016 1
21 3 8 10 60049 1
12 5 3 20 72002 1
9 7 0 20 61302 1
17 21 21 0 81405 1
27 16 20 13 45167 1
18 11 5 23 64441 1
22 27 17 16 59936 1
16 8 5 1 61858 1
15 1 9 15 63915 1
2 10 6 29 68792 1
21 3 22 16 46423 1
7 21 23 5 78612 1
18 6 1 26 113651 1
7 8 13 21 47511 1
1 9 12 25 78630 1
27 13 8 27 104795 1
24 15 28 5 51332 1
12 13 14 0 49282 1
16 14 27 4 71864 1
13 16 16 6 46137 1
26 25 19 14 62138 1
13 0 7 17 62628 1
19 12 5 7 55724 1
21 19 6 17 54598 1
21 4 29 0 38399 1
0 5 24 22 118131 1
16 4 11 16 57076 1
18 29 1 14 86283 1
21 25 24 17 41596 1
5 15 2 23 41014 1
9 5 4 11 31313 1
22 0 0 14 100318 1
15 4 28 19 93133 1
22 1 7 12 73683 1
9 8 4 16 38784 1
2 7 26 14 90484 1
19 3 0 2 58502 1
23 22 1 1 118577 1
6 5 3 28 78576 1
17 17 5 9 63254 1
1 6 25 15 100310 1
27 13 13 3 75276 1
29 16 8 17 83772 1
22 1 11 29 112229 1
6 21 18 3 89048 1
16 13 28 11 52731 1
8 26 24 20 67144 1
7 6 13 19 45115 1
2 17 28 0 113637 1
0 12 0 0 50747 1
0 22 21 9 85823 1
4 17 23 14 70896 1
25 8 16 9 47585 1
0 20 24 15 96001 1
17 22 22 9 65684 1
12 19 15 3 59769 1
11 17 27 0 92377 1
14 13 16 4 39964 1
5 20 17 0 89393 1
6 9 22 7 60799 1
12 19 21 12 48480 1
28 14 4 21 104112 1
26 16 29 27 50596 1
11 7 1 10 43950 1
4 19 1 9 47150 1
24 1 25 21 64825 1
28 26 5 6 110011 1
2 25 16 27 60090 1
8 8 25 15 66771 1
27 11 19 20 61141 1
8 13 5 4 36185 1
9 28 0 24 37096 1
26 3 18 17 71167 1
16 0 17 26 92545 1
26 8 16 24 87448 1
12 20 23 22 46854 1
4 23 11 18 34941 1
17 29 3 9 89231 1
20 7 10 26 85986 1
24 9 15 14 46963 1
16 11 23 24 62088 1
24 21 20 12 41691 1
7 28 14 2 89538 1
3 8 12 0 61159 1
27 2 22 29 103735 1
25 5 9 17 79416 1
5 20 27 5 102264 1
6 11 25 27 96815 1
18 7 14 1 37183 1
1 7 28 4 113786 1
16 11 29 15 57592 1
2 13 10 26 67617 1
16 15 5 4 68202 1
3 13 14 19 43894 1
29 28 12 29 68587 1
16 24 25 18 55431 1
22 27 0 1 128976 1
13 22 29 23 64070 1
5 8 26 6 84082 1
19 29 11 16 59068 1
23 17 1 2 96625 1
3 0 2 22 88480 1
12 24 7 7 54429 1
22 17 12 9 57127 1
24 11 18 19 47125 1
0 6 2 17 47580 1
10 25 1 11 65225 1
25 9 13 5 59468 1
23 13 29 23 49095 1
8 8 22 9 53477 1
2 29 21 24 66611 1
14 5 1 3 54066 1
23 23 11 23 45704 1
6 19 23 12 62440 1
20 13 29 23 67003 1
20 29 25 8 87573 1
19 9 8 12 41859 1
14 4 7 0 35465 1
20 11 3 14 55803 1
29 22 6 18 74237 1
7 3 2 22 70975 1
5 5 1 12 33898 1
21 24 17 0 100077 1
23 18 12 19 54016 1
2 27 26 27 87560 1
3 21 25 7 99110 1
19 22 17 8 64445 1
25 4 2 13 92817 1
12 6 4 20 70089 1
24 0 23 14 35873 1
17 24 29 28 47958 1
22 25 16 16 59312 1
3 23 12 4 91498 1
29 1 14 13 74602 1
1 8 21 3 91733 1
5 18 9 4 47692 1
13 11 14 23 34010 1
17 10 1 28 90825 1
9 24 20 12 64070 1
13 13 6 2 48973 1
23 28 6 24 59211 1
0 20 13 5 77972 1
7 3 24 26 104936 1
10 19 23 7 64935 1
26 10 7 1 87785 1
13 3 3 14 63139 1
10 18 29 7 84201 1
28 26 14 13 69766 1
4 24 12 2 84703 1
17 26 7 21 39939 1
7 10 17 3 54244 1
26 2 23 25 81829 1
0 27 24 12 107531 1
3 7 12 10 44072 1
18 21 22 12 48036 1
14 16 5 9 44342 1
1 15 10 18 35497 1
26 1 3 23 126330 1
25 3 1 15 99810 1
23 29 16 20 58310 1
28 12 1 24 117975 1
10 5 19 25 80624 1
27 20 23 12 38129 1
0 27 11 22 53955 1
1 23 14 19 57969 1
25 4 3 13 88886 1
5 13 13 19 34417 1
13 1 28 16 91234 1
24 19 15 0 77408 1
24 28 16 13 82865 1
5 24 12 8 65360 1
28 28 20 0 98517 1
8 0 29 3 76216 1
5 14 7 26 37013 1
28 14 17 16 58350 1
20 16 11 28 72459 1
5 20 4 2 59833 1
29 23 23 5 71401 1
17 14 24 21 50871 1
16 5 20 25 81143 1
0 0 22 18 116094 1
7 4 11 13 38275 1
21 17 1 0 107965 1
23 16 19 27 53197 1
13 18 1 20 39162 1
1 18 24 8 84180 1
4 17 12 12 43657 1
5 29 3 15 55407 1
3 3 22 24 112094 1
18 11 12 15 31666 1
12 2 6 20 67540 1
14 13 20 29 60515 1
7 11 26 24 88014 1
18 25 28 16 47764 1
16 25 1 12 75864 1
9 23 5 3 73754 1
17 20 2 20 55735 1
9 13 22 2 74405 1
22 14 17 28 69833 1
12 28 23 14 78284 1
5 26 7 5 61884 1
11 18 27 27 66041 1
12 19 5 2 66853 1
15 28 22 15 72729 1
24 13 4 12 63324 1
21 29 10 28 39760 1
17 1 19 29 108840 1
11 24 29 3 101468 1
12 22 26 8 86356 1
8 3 15 24 73862 1
26 6 15 27 97264 1
1 19 18 2 93477 1
24 26 5 18 70469 1
1 7 22 28 118435 1
26 24 7 18 70471 1
23 24 1 1 122643 1
4 7 7 26 59607 1
16 0 14 26 80937 1
0 19 18 18 58668 1
28 1 6 9 97270 1
25 15 10 25 83540 1
1 19 10 6 63264 1
4 13 9 6 40481 1
27 20 15 28 62920 1
18 5 18 28 93312 1
20 2 13 26 94192 1
23 10 11 29 83340 1
13 15 0 15 49674 1
15 7 25 14 53281 1
29 25 17 6 92525 1
25 10 23 29 79844 1
16 7 3 27 98360 1
5 9 6 21 41885 1
14 3 3 8 60331 1
14 1 22 5 39772 1
29 25 1 8 123054 1
6 13 0 27 61388 1
19 28 26 18 60800 1
27 28 27 0 97122 1
3 5 29 27 131141 1
10 14 25 0 78031 1
21 24 3 8 91248 1
10 14 25 15 65048 1
12 25 12 13 48680 1
17 17 18 7 49149 1
4 2 14 12 57122 1
3 12 11 25 61656 1
10 29 0 20 47985 1
26 20 9 21 56692 1
28 19 7 12 84412 1
28 22 11 19 60504 1
4 23 5 9 51203 1
25 6 20 17 54403 1
26 24 21 16 54770 1
26 19 4 25 89401 1
20 8 2 11 66913 1
3 5 12 15 61148 1
1 12 28 24 110464 1
29 21 7 16 72686 1
5 1 29 29 141097 1
21 19 1 18 64025 1
27 28 5 19 84245 1
10 29 29 15 96089 1
6 2 28 28 124876 1
15 16 28 16 72636 1
1 27 6 9 77844 1
28 29 4 27 85725 1
3 12 28 22 97635 1
20 27 9 28 37621 1
16 13 5 29 75820 1
26 19 14 8 65310 1
13 1 1 19 82431 1
6 14 14 6 46921 1
20 25 4 0 106573 1
21 28 19 16 50800 1
20 27 12 20 47329 1
20 20 7 13 57531 1
1 1 14 16 79288 1
10 22 16 5 71163 1
4 9 18 24 74969 1
29 22 6 11 93801 1
6 14 16 4 60085 1
18 5 29 9 62444 1
28 18 1 24 98389 1
18 25 10 6 74274 1
25 17 8 23 83232 1
12 3 25 23 96764 1
22 3 3 20 98988 1
20 15 13 1 67019 1
18 24 4 27 52000 1
29 4 9 18 94831 1
20 26 29 21 39960 1
27 3 3 2 76430 1
13 1 10 29 93152 1
0 10 11 28 81213 1
6 15 11 6 39837 1
5 29 20 3 113779 1
6 22 29 11 96489 1
5 25 13 3 84008 1
14 14 7 21 30836 1
29 16 0 24 111811 1
8 12 26 9 63463 1
16 20 3 12 61779 1
12 17 28 20 63056 1
15 4 28 9 69590 1
16 24 13 12 39007 1
10 22 0 10 66489 1
3 6 28 17 110933 1
15 22 20 16 45073 1
15 12 1 9 53016 1
9 21 14 29 38031 1
27 3 8 8 78549 1
5 10 28 3 86343 1
7 2 26 6 73544 1
23 5 11 14 57935 1
23 0 20 8 35027 1
26 29 9 16 91202 1
5 7 20 18 82082 1
26 5 4 8 92608 1
0 27 7 12 60864 1
22 18 25 25 36959 1
25 3 12 3 45343 1
27 0 9 17 97512 1
12 20 1 25 62441 1
29 25 0 28 93497 1
2 6 22 7 86927 1
3 3 26 2 80224 1
11 16 26 2 81350 1
1 23 19 12 91251 1
4 17 26 28 90410 1
15 15 26 21 54416 1
4 23 29 2 123215 1
9 7 2 27 83614 1
20 21 11 26 43047 1
25 20 1 10 96913 1
10 18 12 2 55997 1
15 9 28 0 74745 1
22 6 6 17 74994 1
25 7 7 26 93295 1
0 7 20 11 69725 1
6 0 5 11 37797 1
11 25 1 2 90108 1
11 24 17 18 36737 1
5 25 21 11 75831 1
9 24 2 2 78248 1
14 27 28 4 106377 1
28 18 16 10 65143 1
13 1 10 20 66951 1
24 6 23 28 79725 1
20 14 25 5 40821 1
6 1 27 6 83987 1
21 8 12 26 73317 1
6 23 11 7 57774 1
21 18 26 29 63179 1
24 16 1 6 98400 1
3 19 21 11 66947 1
18 7 4 8 63373 1
2 2 3 29 98158 1
2 28 13 7 91111 1
24 20 5 5 90150 1
0 26 7 10 63506 1
29 1 14 10 71361 1
26 27 3 28 80140 1
20 14 15 7 46580 1
27 4 26 13 32998 1
10 15 11 4 43898 1
3 5 16 23 86390 1
16 16 0 13 69828 1
5 1 19 13 77701 1
14 21 3 9 56287 1
24 1 24 19 53287 1
3 9 11 16 46994 1
21 11 13 1 49448 1
20 8 23 25 65516 1
20 15 6 8 67551 1
23 17 0 17 81767 1
16 26 24 29 43335 1
12 21 23 18 46405 1
13 27 3 7 86899 1
23 21 10 29 65021 1
7 2 10 21 64597 1
26 28 25 0 97284 1
4 2 1 15 56033 1
23 24 1 6 115208 1
12 6 16 29 78028 1
16 15 5 6 61684 1
24 18 10 2 82894 1
27 26 23 15 47107 1
10 7 16 22 60175 1
2 18 11 16 31071 1
27 1 15 24 97572 1
16 19 7 27 48290 1
27 25 3 21 78668 1
15 23 6 19 38067 1
27 27 20 20 43543 1
26 16 13 22 68676 1
14 25 14 9 43250 1
20 11 14 18 32837 1
6 14 27 15 80206 1
29 7 8 5 92345 1
21 1 28 24 82341 1
12 20 1 21 55966 1
3 4 21 9 75780 1
10 23 22 29 53595 1
4 27 22 6 108718 1
7 27 19 18 66105 1
18 6 28 18 75716 1
20 12 25 6 34046 1
8 28 16 24 35349 1
4 8 17 2 57701 1
14 24 29 10 85956 1
9 11 1 21 55273 1
10 28 18 24 34305 1
25 7 27 25 68912 1
6 22 16 2 81356 1
4 22 25 13 96803 1
12 3 24 16 73504 1
13 28 10 20 40767 1
13 10 8 18 33753 1
1 28 13 6 94929 1
8 11 22 1 68338 1
28 15 10 18 71779 1
12 14 6 26 58154 1
12 14 27 21 65725 1
29 24 3 11 110714 1
22 23 26 0 82718 1
3 15 23 29 96624 1
22 24 9 24 34195 1
9 1 0 12 60654 1
9 27 0 9 80171 1
8 1 21 27 108629 1
15 20 7 16 31981 1
18 3 3 6 65701 1
27 29 8 28 63680 1
20 9 1 23 103451 1
26 25 9 5 104267 1
4 27 17 14 77356 1
9 2 18 8 53830 1
5 12 5 26 47756 1
1 12 10 23 67433 1
11 2 27 13 82596 1
11 27 15 3 88279 1
8 1 5 19 57192 1
17 0 27 21 86361 1
14 0 7 3 31513 1
3 12 28 14 86069 1
24 13 4 1 88892 1
1 0 23 17 104924 1
23 3 4 1 64164 1
23 29 15 27 37870 1
7 28 10 11 53057 1
7 0 12 27 95377 1
21 5 5 12 62281 1
22 26 27 8 74929 1
2 8 13 15 53442 1
10 4 26 10 74819 1
4 27 8 17 43653 1
11 0 5 23 83098 1
9 6 8 23 60142 1
11 27 28 5 114745 1
8 4 4 28 76035 1
11 11 14 2 33646 1
14 24 7 10 50158 1
8 8 18 18 63835 1
15 17 15 5 49339 1
23 2 24 22 56650 1
19 7 25 29 87358 1
28 16 24 25 31668 1
22 29 10 22 58684 1
6 8 22 27 92482 1
8 18 15 10 38490 1
21 3 21 24 78513 1
3 0 20 26 114787 1
0 5 22 26 119120 1
6 8 9 28 66398 1
0 14 15 12 57263 1
21 6 17 18 55772 1
8 13 0 18 38974 1
21 22 12 5 79848 1
5 14 23 6 70028 1
16 20 8 15 42658 1
12 9 15 29 67307 1
6 17 24 13 70168 1
9 28 3 18 46367 1
12 1 19 13 60485 1
5 1 0 24 87331 1
11 22 4 3 74767 1
9 18 29 18 73176 1
4 5 2 13 38308 1
24 20 4 26 81787 1
17 20 22 26 37869 1
1 22 15 29 67562 1
11 22 20 21 30332 1
28 10 10 12 60371 1
27 2 1 23 131898 1
13 4 27 20 88580 1
27 24 6 22 67055 1
2 1 16 4 50129 1
3 11 27 20 95302 1
16 5 27 14 67360 1
29 2 11 19 92125 1
18 25 12 18 33368 1
17 7 28 5 57035 1
9 4 2 21 69408 1
23 6 21 21 52187 1
26 24 16 19 59583 1
22 3 12 13 60779 1
17 20 15 4 68027 1
13 18 23 18 47244 1
19 17 9 0 93835 1
25 26 5 8 101185 1
29 10 17 29 104808 1
25 11 10 8 51653 1
14 19 16 11 24272 1
5 29 1 0 104170 1
7 29 21 24 54307 1
2 24 14 5 89598 1
24 21 8 2 94518 1
19 4 28 3 34909 1
13 5 15 26 64779 1
6 29 17 9 79433 1
12 6 0 4 60138 1
14 15 28 16 65712 1
4 18 21 21 52421 1
0 13 6 28 65223 1
23 25 1 20 84020 1
14 10 23 13 29085 1
24 24 27 7 67243 1
25 5 14 3 40952 1
25 9 13 26 81180 1
27 4 1 23 132323 1
12 3 17 12 44566 1
24 12 8 24 76473 1
27 6 21 20 66645 1
24 22 2 7 104531 1
13 14 28 3 69354 1
11 16 6 25 40636 1
29 27 1 1 146650 1
29 12 9 3 93298 1
17 6 17 18 54295 1
25 16 11 29 93317 1
0 6 25 27 133020 1
15 26 7 18 39442 1
0 6 27 4 105363 1
29 5 6 0 92634 1
23 2 7 21 83703 1
26 2 11 6 66921 1
23 3 23 20 45850 1
0 5 18 24 102379 1
21 10 5 11 44607 1
25 26 29 11 67793 1
19 4 4 5 64220 1
18 7 23 25 75565 1
23 23 10 2 103749 1
9 21 11 2 72874 1
8 14 2 19 35042 1
8 7 18 20 68274 1
25 2 10 10 65659 1
18 7 24 29 89025 1
1 4 11 2 39402 1
29 25 7 2 115758 1
15 9 27 16 61398 1
15 29 22 26 35682 1
7 19 25 4 85090 1
21 21 17 4 81657 1
10 18 29 19 66913 1
13 1 22 6 47338 1
1 7 0 26 73169 1
17 24 6 27 39890 1
23 24 16 3 88004 1
22 15 17 0 63615 1
14 21 25 16 59248 1
21 8 10 8 44384 1
12 17 17 3 65546 1
15 9 20 2 47318 1
14 7 0 6 63885 1
3 8 23 18 78943 1
4 19 8 8 43879 1
4 3 0 18 65183 1
19 3 10 22 88364 1
15 19 2 8 64854 1
27 14 9 2 88926 1
11 1 13 24 76162 1
3 10 24 18 75766 1
16 4 24 1 35373 1
25 22 9 0 109794 1
18 28 17 14 61387 1
16 22 28 15 55973 1
0 13 19 28 90340 1
27 26 28 9 63545 1
15 26 16 1 81643 1
11 13 25 16 63760 1
8 5 19 28 90145 1
14 20 11 11 31312 1
4 4 20 10 73078 1
3 15 22 2 94310 1
22 19 27 28 47132 1
1 26 3 17 42567 1
12 23 19 15 62313 1
5 9 21 10 50105 1
15 20 0 1 93905 1
27 5 2 28 133985 1
16 19 24 21 37909 1
17 8 0 6 78734 1
13 23 26 28 54471 1
7 14 15 5 47814 1
20 8 28 11 40576 1
25 14 15 29 85356 1
13 12 27 5 61653 1
23 9 5 29 96248 1
9 11 16 14 32269 1
3 28 16 13 80365 1
9 7 1 13 44916 1
11 27 27 0 117737 1
23 18 14 15 50307 1
13 3 19 25 78094 1
23 6 26 20 53828 1
8 28 0 15 59149 1
28 8 28 22 52383 1
24 11 10 6 52942 1
10 6 25 6 69874 1
21 13 29 11 37496 1
14 11 14 0 38891 1
11 10 11 23 46852 1
13 0 17 13 52010 1
1 22 3 2 85778 1
24 6 27 24 69060 1
4 10 19 26 81036 1
8 2 20 20 87861 1
20 12 6 14 49380 1
19 7 24 13 34230 1
22 2 0 29 131003 1
29 12 27 0 49768 1
4 13 17 26 71457 1
27 16 5 1 107875 1
8 28 27 23 69535 1
1 29 16 6 107682 1
6 13 16 17 48751 1
5 11 13 2 48687 1
16 5 20 14 51554 1
27 12 18 4 59731 1
2 3 15 28 105261 1
3 28 22 0 123862 1
25 20 3 14 86060 1
25 14 2 15 86254 1
5 21 25 13 87306 1
22 5 7 14 63258 1
23 8 7 25 79062 1
22 0 18 16 65477 1
23 23 12 11 69789 1
18 12 24 27 71757 1
29 17 13 15 76717 1
11 18 22 2 74179 1
21 3 21 16 40607 1
5 0 26 26 125994 1
19 25 10 17 45271 1
5 8 15 8 48897 1
0 6 23 18 96338 1
10 19 2 26 54483 1
15 25 22 18 47560 1
9 12 28 5 79995 1
9 12 22 5 57970 1
8 21 4 14 34268 1
24 28 11 17 68379 1
27 14 2 0 111212 1
11 10 22 3 54950 1
8 14 21 10 46006 1
5 6 16 21 64682 1
29 14 16 2 80984 1
24 15 0 2 100339 1
29 16 10 19 79780 1
3 1 27 16 114541 1
9 18 24 3 73095 1
4 24 27 0 122580 1
17 19 8 11 48853 1
4 25 16 2 96118 1
10 14 9 1 53511 1
1 13 29 7 104088 1
9 20 13 8 48333 1
18 6 5 19 77224 1
19 12 10 29 78770 1
24 20 4 0 107542 1
26 4 9 15 88525 1
24 26 29 5 87921 1
12 23 9 13 53975 1
28 12 20 4 57565 1
13 24 29 3 97139 1
19 11 29 22 57955 1
8 17 6 7 33453 1
21 23 19 13 54754 1
14 1 22 22 90988 1
3 2 14 1 35887 1
28 8 10 29 116163 1
22 24 23 2 70980 1
19 12 3 5 68628 1
0 8 29 2 114004 1
29 28 14 0 127865 1
19 9 28 12 44256 1
11 15 21 26 59196 1
20 8 1 23 106141 1
6 23 2 7 67032 1
18 6 4 6 67014 1
8 24 22 2 97376 1
5 23 28 12 101762 1
8 20 26 26 72217 1
28 16 3 11 92103 1
24 2 6 13 78934 1
28 22 2 26 94167 1
17 20 12 3 69885 1
17 7 2 11 60058 1
29 13 9 17 87303 1
19 18 14 29 54486 1
28 5 1 28 140895 1
15 1 5 25 93033 1
19 5 7 5 48989 1
8 28 0 26 28798 1
24 17 3 28 101270 1
13 21 22 15 56161 1
21 17 12 12 48483 1
13 24 27 26 41946 1
27 25 21 12 58141 1
20 17 17 1 79445 1
17 19 0 10 71253 1
11 3 7 12 38799 1
10 21 13 14 30697 1
28 13 16 9 56349 1
16 2 6 17 67331 1
27 5 0 14 105937 1
29 5 2 26 140660 1
22 0 17 14 58879 1
5 24 14 15 41510 1
13 7 23 28 87851 1
0 21 17 24 61129 1
26 16 14 13 60239 1
25 18 20 7 46506 1
14 27 26 19 64551 1
10 12 29 23 89072 1
26 10 10 15 68823 1
17 6 16 16 52142 1
9 15 23 16 65316 1
6 16 8 24 25438 1
27 25 3 21 78668 1
17 2 28 6 54745 1
8 20 21 3 83935 1
12 22 7 7 54460 1
0 23 17 21 64889 1
23 26 20 6 78016 1
4 22 29 4 125684 1
25 17 22 10 34470 1
24 27 0 17 91278 1
19 14 5 19 56175 1
9 22 7 4 56307 1
20 19 11 26 48961 1
1 18 10 23 45362 1
19 0 27 25 91621 1
23 23 29 0 91666 1
2 12 16 15 61647 1
13 5 3 11 48138 1
7 15 23 18 65695 1
22 27 20 15 55460 1
26 19 22 3 56955 1
5 26 14 7 77736 1
0 0 10 27 111067 1
12 20 3 12 54249 1
9 8 26 20 86896 1
24 29 13 3 107883 1
23 1 10 10 60608 1
18 15 14 9 39572 1
13 29 29 3 114735 1
27 13 27 2 37030 1
28 25 24 6 71878 1
25 24 12 8 84963 1
11 20 18 16 44281 1
3 23 1 11 56819 1
18 22 3 21 60869 1
2 7 18 24 88779 1
6 14 25 20 79048 1
4 21 15 1 89571 1
1 25 6 20 36193 1
28 12 18 29 89928 1
11 12 26 27 88114 1
18 5 26 12 51389 1
8 19 12 2 64927 1
29 26 11 7 98192 1
12 29 6 21 39809 1
10 4 18 25 81973 1
24 23 11 18 50883 1
18 21 27 26 43482 1
2 29 24 11 101953 1
3 19 10 5 60580 1
3 25 11 23 36010 1
16 13 7 14 39919 1
4 20 14 23 45997 1
9 28 25 23 66658 1
11 23 14 3 71435 1
15 22 18 12 45203 1
13 13 1 4 65969 1
25 5 1 18 94044 1
26 2 10 17 86384 1
12 0 3 6 54740 1
5 14 20 3 79242 1
29 8 23 28 93024 1
9 15 18 28 64230 1
17 11 3 23 72565 1
1 14 26 21 87029 1
1 3 12 6 57543 1
14 20 21 23 36067 1
0 25 19 1 122506 1
4 14 25 4 87939 1
6 14 23 27 84281 1
2 10 12 14 47006 1
19 26 22 6 81010 1
29 0 11 7 84494 1
4 8 22 2 85086 1
15 3 23 14 54806 1
10 6 20 2 45985 1
16 23 27 2 99482 1
6 13 22 26 76590 1
14 21 4 7 59931 1
21 0 26 8 37897 1
16 24 13 7 53965 1
28 11 16 24 82780 1
19 2 4 12 71630 1
0 6 15 21 80399 1
11 4 20 23 83543 1
10 24 15 2 76148 1
20 21 5 29 67246 1
2 1 23 25 118343 1
4 11 27 11 68517 1
21 25 12 8 72138 1
18 6 4 28 106363 1
16 8 6 7 46641 1
19 10 1 23 92188 1
22 22 3 1 112516 1
4 17 10 6 49897 1
10 20 21 25 45906 1
11 8 15 14 28989 1
2 8 26 24 114509 1
7 17 15 29 49964 1
15 18 8 15 28860 1
24 19 2 12 82678 1
9 14 4 22 47893 1
9 6 16 24 71144 1
27 8 14 25 84684 1
16 15 5 7 59607 1
25 2 29 27 97290 1
22 17 14 9 49019 1
21 28 2 17 80134 1
18 4 1 27 125675 1
17 17 7 9 55606 1
4 16 25 16 86037 1
22 20 24 29 42465 1
11 4 3 21 78214 1
26 24 4 1 125557 1
28 22 0 1 134242 1
11 8 4 24 62566 1
17 1 18 18 85793 1
11 5 8 29 80417 1
1 19 15 4 84342 1
28 8 24 14 37003 1
23 25 7 24 43804 1
17 6 12 12 38199 1
21 26 20 9 73536 1
14 8 22 14 41765 1
4 0 17 17 92565 1
12 1 12 11 37228 1
16 23 5 28 49825 1
27 29 19 13 81972 1
23 20 10 7 68497 1
7 5 21 16 67194 1
23 6 11 26 85004 1
10 2 19 13 62905 1
1 17 17 6 78199 1
0 10 16 20 72480 1
10 19 26 27 73498 1
7 3 7 25 57169 1
27 22 9 28 69875 1
8 9 20 17 66806 1
16 22 7 20 39234 1
1 2 2 28 100167 1
27 11 28 1 40702 1
8 27 9 11 54468 1
8 14 25 20 80404 1
26 17 18 19 45060 1
3 22 26 7 108747 1
17 16 4 11 58415 1
14 10 7 2 47229 1
19 23 15 0 89739 1
2 19 9 4 60706 1
26 25 1 1 129188 1
8 21 2 27 46691 1
5 24 18 5 92530 1
2 14 26 5 96233 1
27 17 18 27 62168 1
21 14 13 12 31823 1
4 29 6 17 45369 1
28 7 12 24 91777 1
1 8 20 26 102507 1
29 14 7 8 79722 1
0 11 10 16 44037 1
18 17 24 1 72133 1
28 14 9 13 74759 1
26 9 3 25 109945 1
7 8 21 3 63208 1
1 4 17 25 104292 1
0 1 19 27 124994 1
7 7 19 9 50960 1
20 2 12 11 50816 1
3 13 12 16 48842 1
26 1 23 14 46411 1
28 8 27 18 38747 1
1 20 13 6 73742 1
5 14 28 14 85092 1
15 4 20 29 97767 1
26 0 4 5 88593 1
26 28 15 24 45196 1
