2530 2912 3698 4849 3498 3059 4507 2737 2460 3655 3032 3960 3888 2825 2284 4325 3691 3327 4745 2144 3155 3602 3396 2535 3485 3488 4430 3545 5151
3946 4595 3924 5200 5685 4186 3185 5806 5801 4587 3630 4184 3368 6100 4945 3955 5300 5793 5733 3579 4665 4955 5321 5121 3772 6092 4441 4977 4014
5451 6828 6342 7980 6494 6504 7102 8237 7459 7657 8311 7045 6488 6145 5151 7021 5620 7161 7835 5550 7680 6303 6990 6173 5690 5438 6208 8318 5176
5236 4575 6333 5957 6290 6202 5604 6856 7197 6389 4728 4854 5874 6962 5402 6318 6410 5547 4515 7444 6088 6893 7038 5681 6437 5041 4947 7455 4689
4579 4032 4290 5698 5774 5912 5884 3365 4601 4648 4267 5493 2973 3633 3433 5450 6011 5505 4970 4977 5724 3391 4776 5402 4280 5702 3873 3132 5774
4983 4153 6489 5242 5735 3804 6508 4720 3685 4039 6336 5311 6081 4800 6306 6697 4404 6903 6338 4381 6610 5167 4376 4392 5836 4786 6299 5482 3880
4408 6249 5031 6367 5814 4596 5916 6198 5808 6945 6787 6233 6573 4882 5423 6485 5638 6324 5768 4463 5620 5580 5027 7286 6027 4560 6047 6898 6604
2358 2260 2905 2685 4248 2866 4793 5298 3139 5023 3727 5196 3385 4987 3709 4758 4878 3295 4330 3195 2745 4182 5034 4392 5151 4188 3335 4832 2532
5556 3152 5467 3703 3583 3660 5875 5335 3043 4183 4519 4041 5555 3180 3502 5465 5821 3094 3921 3213 5266 3016 3437 6073 3454 6055 4711 5867 6030
5506 4229 5507 5518 4504 5533 3037 5998 5899 3317 5628 5020 3303 4409 5251 3678 3759 4501 3430 5092 5113 5448 4636 4134 5610 3952 3774 5086 3241
3929 5054 4370 3914 4869 3606 6203 3713 3380 4658 3356 3606 5157 6192 5365 3908 5581 4254 4704 3833 4396 6196 3069 3356 5155 3558 4080 4626 5978
7146 4898 6287 7854 7761 8031 6601 6128 5977 5513 5706 7297 7672 7321 6118 7329 6404 6597 7836 6923 7550 6264 5523 6388 5769 4923 7496 6696 6998
5740 5139 3518 4232 5150 2870 3135 5199 5090 5043 2909 4227 3855 5405 3734 4336 3904 5568 4671 4595 4045 4636 5312 5856 3339 5388 5935 4245 5590
5793 6810 6658 3959 5809 4905 5999 6917 4901 4113 6342 4298 4579 6127 4561 3978 4458 6829 4878 6155 4176 4303 5178 5800 4570 7025 5500 5706 4577
5984 5114 4224 5346 4185 5580 2876 3487 3420 3503 5841 3408 4669 2964 5584 2846 2980 4162 3618 3485 3166 5000 5742 5231 3967 5305 4133 5506 3776
2365 2564 4240 3912 3423 2139 2474 3824 4601 3102 3861 3563 3788 1701 4235 2487 3367 3467 3987 4190 4055 1722 1953 4733 4420 2358 3685 4373 4208
2917 4155 3642 3231 4149 3134 5213 3827 4480 3153 4884 5287 3216 3015 5395 4042 4126 2766 5340 4866 3527 2871 4892 4427 5428 2740 3701 4428 5243
3203 2785 2953 2343 3973 4635 4577 5443 4457 4198 4193 3704 3979 3771 2678 2388 3366 2310 5056 2399 5133 4599 3317 3616 3550 3384 3610 2366 5050
5423 8238 7522 7318 6981 8390 7499 6850 7097 7764 7661 6889 8412 6275 5425 8215 6509 8028 5266 6156 6218 5544 6978 8264 6872 7634 7752 5905 6082
3519 3549 3625 4121 2797 3818 3258 5511 5235 5260 3789 4033 2529 3625 2854 3494 4971 5314 2507 4818 5223 5345 3566 3091 4143 2533 2631 5060 4020
5959 4961 3953 6092 4013 4338 4484 4410 4967 6487 4984 5581 5845 4785 5337 6874 5244 5753 3841 4501 5398 6556 3817 4929 6400 6796 5293 5393 5975
5426 5551 3197 3826 4650 5228 2940 3607 3546 4624 4299 2541 5318 3167 3170 3593 3639 2547 4614 3888 5521 4668 5650 3598 2962 3951 3525 4212 2927
1099 1244 3546 1575 1089 1175 3694 3278 1029 4153 2425 2796 3150 4218 3410 2272 1961 3361 3074 3256 4257 1542 3453 1124 2866 3920 3939 3926 1343
7477 7265 5480 5786 6542 8368 8015 7390 6956 5515 6758 5699 5816 7826 5512 7565 8456 6203 6238 5452 7989 8478 8285 8333 6439 6749 6534 6158 6690
5604 3920 2820 5918 4911 3691 3288 5309 3516 3600 5339 3978 5281 5706 3791 4965 5948 3821 4771 3448 4825 4091 3313 5910 2927 3344 3771 5501 4871
6203 5399 7387 5938 7616 5047 5188 4724 6989 5887 6847 5510 4810 6452 6761 4384 5221 5477 6792 6987 5644 6058 4684 5282 5942 5529 4909 5554 6384
3448 2490 2038 4510 2389 3287 1939 1523 2419 3502 4520 3411 4097 4396 2849 2259 2258 1711 4297 1846 4365 4442 3824 2051 3332 1962 4136 3146 2286
6339 4578 5415 4736 6519 7232 4535 7385 7406 5092 7770 5431 4611 4867 7012 7558 5850 5971 6861 7269 6873 7097 6991 5854 5253 5817 5450 4664 7415
2167 4530 3845 3876 3876 3472 2385 4046 4240 2063 2263 2773 4950 3567 4219 4256 2598 2623 4102 3693 2834 2921 4842 4447 4138 5159 3884 4669 3399
3266 3183 4148 2997 3442 3593 3452 3661 3521 4692 2654 3089 4086 3844 4830 4723 2918 4719 3983 2650 5440 4140 5381 3350 4270 4476 2923 3188 5188
5888 2709 4320 4656 5179 5875 4811 1686 1828 5752 5943 3269 4623 5429 4638 7238 6413 4313 2424 3788 2740 4419 4704 4677 3940 5097 5904 5241 6637 7651
6310 2860 4831 2843 2559 5878 3672 3534 1822 6657 8308 2737 4160 7244 3297 4383 6361 2481 3038 4859 1966 3620 5688 2604 5479 4836 7847 4806 4968 6242
6490 4431 2753 5404 3728 4640 5539 4133 3633 7793 7158 5401 7011 5919 4040 6454 4267 5169 2574 4849 2685 4639 4454 4582 4425 5898 5957 4537 6510 6961
7024 1517 5015 4482 5146 3895 5391 3816 4307 5663 7058 3800 4491 6718 3216 7185 6715 4541 1605 4514 3183 2697 3937 2807 3924 5327 5091 4748 7386 4723
4478 2484 3400 3378 3237 5555 2883 4275 2971 7265 8688 4816 4573 7874 5230 6405 5012 2856 4201 4576 3244 4435 4467 3338 3903 4470 7102 4617 5777 7245
4777 3995 3467 2749 3875 3613 5419 3688 2902 7996 7852 3321 6569 7140 4592 4731 4866 2152 1825 3280 3428 3215 5211 4985 6476 6369 6268 3886 6913 5840
6255 3246 5459 2712 5249 5581 3243 2767 1930 7167 8531 5110 5601 5570 4495 5967 4584 2860 3133 5478 4323 4265 4644 3778 5002 6590 4758 3493 7439 5034
7123 2746 2647 3832 3735 5776 3903 4015 2478 8188 8015 4209 6252 6739 3254 7005 5491 3369 2104 3340 3165 2272 4146 2163 5765 4771 7018 5091 4934 5723
6963 3190 4229 3610 3205 5542 3926 3888 2443 6884 6202 3212 7011 5607 2858 6715 4443 3388 3729 5149 3867 2625 3818 4239 5858 6688 7266 5342 4440 5605
6352 4477 2661 2329 2441 3680 3909 3528 3895 7809 8895 5471 4947 7066 3109 5343 4961 3370 1757 2819 2255 4210 2760 3348 6465 4189 6147 2554 5389 5502
7518 1889 2843 4797 3856 5302 5173 3915 4037 7261 7552 3781 5164 6379 4531 5255 5723 2218 2180 4354 2200 2407 3642 2361 3559 6222 7575 3811 7303 4748
4681 3930 5082 3269 2456 4992 4501 2846 4282 6591 8044 3776 4990 6851 5879 5869 5038 3393 1259 3190 2661 2804 3783 4165 5955 5498 7096 4733 6258 4699
7292 3156 4544 4778 5282 3855 4274 3853 2870 5931 6075 4190 6857 7353 4844 4900 4245 2418 3876 3871 3006 1618 4836 2323 5694 6653 6154 3803 7519 6954
4854 1874 3287 2402 2180 4880 2610 3079 3537 6425 6275 3474 5927 7319 4184 6553 4088 4442 3937 4360 3124 1637 4938 4306 5745 6515 6214 5251 6115 4911
5687 1731 4432 2982 3397 5143 2931 4394 2461 7899 8205 2653 3956 7840 3750 5939 6633 2371 1730 3773 1910 2145 5307 3984 6593 5441 6294 4407 6181 5842
6389 4288 4529 2588 2888 3525 3183 2211 4253 6795 5911 5437 6051 6876 3968 7448 6244 3452 1759 2735 4321 4570 3127 2506 4232 5620 6015 3908 5643 7933
5446 4148 5060 4785 2723 4758 2972 1860 2652 7536 6690 3359 4290 5200 5105 7278 6800 2675 1766 3704 3849 2383 4723 3807 5681 4415 5672 3773 5997 6723
5673 3481 5090 5056 5038 2999 5426 2198 4356 6430 6021 4065 6560 7772 2876 4847 5793 4728 4174 4855 2056 1554 4904 3894 6180 4607 7424 4657 6386 5062
5349 4184 3095 3959 4525 3324 3509 2263 2950 6319 6194 4979 6857 4717 4338 5577 4524 4601 3921 4418 1704 4321 4638 4342 6156 5430 5520 5002 6452 5469
5568 3713 4281 4036 5011 2687 4592 3778 3216 7120 7614 5674 4162 4781 5244 5056 5586 2830 2800 5572 2601 3100 2749 3461 4992 4706 6768 4795 7374 7205
6073 1270 3215 3121 3439 4653 4292 3844 2370 7222 8176 4475 5698 6092 3033 5728 4066 4092 2137 2781 3344 2950 4322 2113 6303 4552 6741 2457 4692 5633
5947 3914 4933 4478 2807 3423 4093 4130 3741 7434 6331 4866 5934 5981 3841 5466 6835 3899 2499 4224 4225 3163 3952 2134 3985 4582 7242 2599 7506 6143
5902 1468 4364 4455 3161 4463 4684 3120 3762 7645 6356 3613 5191 6298 5175 6963 5268 2821 2371 5126 2459 2105 4155 2443 4464 4088 5688 4950 7073 7083
6100 1447 5859 2605 3972 5026 4858 2348 2507 8337 6316 5170 6569 5034 5807 7470 6162 3410 1716 5165 3008 4357 3021 4312 6023 6154 5478 3167 5270 6749
5231 2966 3333 5374 4701 3728 5731 1823 4352 5885 8026 5606 7019 6052 3046 5242 4869 3725 1371 3970 2099 3719 5437 3130 6023 6298 7571 5323 5033 6792
6686 2174 4647 3455 3639 4670 4596 3292 2862 7177 6761 3620 5576 5723 4722 5238 6938 4256 2898 5311 2818 2570 4945 4161 5310 5782 7140 2569 7514 5574
5296 3319 5578 3959 3393 3584 3532 2748 3134 5552 6431 4697 6693 6865 5951 5700 4688 4905 2293 4922 2646 2040 4689 5022 6536 6880 7197 5275 6848 5103
4933 2928 3267 3807 3116 5209 2580 2060 1646 7058 8133 5416 5714 6832 5263 5990 4542 3352 3134 4078 4711 4018 4887 5192 4756 4655 6427 4632 5709 5070
5639 4372 3052 2878 4494 3523 5157 4230 4456 6040 5769 5325 5050 7651 3393 5124 5519 2295 2949 2833 3767 2547 2652 2406 5229 4120 7748 3645 7307 5323
11 22 19 14 45154 1
5 20 18 28 63114 1
3 9 24 9 77393 1
0 8 19 14 82299 1
21 14 14 20 38339 1
5 11 17 20 70191 1
17 27 15 11 58988 1
12 19 18 7 57844 1
26 17 24 28 45122 1
20 26 13 0 111555 1
17 11 21 22 49028 1
26 20 10 15 60280 1
1 4 15 14 82326 1
23 18 8 20 47029 1
21 9 1 10 77299 1
3 14 0 27 56582 1
29 29 5 27 106499 1
0 22 23 13 93594 1
8 8 1 26 87772 1
20 27 29 0 98803 1
28 2 25 14 50435 1
18 20 14 10 44138 1
25 27 25 14 46623 1
25 6 4 15 99441 1
23 14 18 21 38862 1
20 29 3 16 98565 1
22 6 18 14 41199 1
23 13 22 3 30662 1
28 8 8 8 64519 1
22 5 11 20 73602 1
3 23 6 6 88590 1
22 25 17 13 48825 1
26 2 18 19 69282 1
27 5 7 16 97912 1
26 16 21 9 46873 1
15 2 3 11 70862 1
6 5 27 1 77044 1
28 8 2 15 112822 1
4 24 5 12 60818 1
1 9 22 19 97288 1
15 20 5 19 34141 1
24 3 29 12 43646 1
5 28 16 1 125791 1
28 0 11 11 77766 1
15 7 2 10 60686 1
18 4 8 17 74814 1
20 16 20 29 55553 1
26 1 21 29 89600 1
20 10 28 19 53215 1
20 1 13 18 74283 1
19 14 22 23 38704 1
16 2 10 15 69873 1
4 5 13 23 99115 1
22 17 15 26 48720 1
19 8 26 12 36662 1
7 2 12 19 79708 1
13 26 5 21 48659 1
16 28 10 23 40369 1
9 6 29 5 69707 1
1 13 11 29 97387 1
2 6 13 3 54292 1
12 22 24 28 61435 1
22 6 24 16 41855 1
23 2 17 11 48129 1
19 11 29 10 51116 1
3 9 17 3 63612 1
6 12 20 15 70579 1
13 12 11 24 62986 1
13 8 11 24 75754 1
18 29 4 0 142903 1
18 12 22 2 46088 1
9 2 1 10 57624 1
12 12 23 5 58757 1
21 28 28 10 75274 1
2 23 0 6 65014 1
20 20 6 2 100353 1
18 13 11 29 82516 1
1 17 24 1 109088 1
24 1 9 28 119866 1
19 7 0 2 74431 1
8 16 28 24 83061 1
19 16 26 19 29592 1
28 6 3 10 91997 1
0 28 23 17 99135 1
26 15 9 19 51809 1
23 14 3 16 77921 1
8 19 11 28 47798 1
16 12 21 21 44242 1
15 17 25 15 42345 1
6 19 25 27 82357 1
13 2 5 26 120130 1
2 29 13 14 100576 1
29 21 13 7 86038 1
15 19 0 21 51102 1
8 24 21 13 72499 1
11 15 19 4 65226 1
15 16 23 3 62643 1
13 23 8 12 58388 1
13 4 13 25 85096 1
8 0 20 28 133057 1
7 1 1 28 119057 1
1 22 29 20 94083 1
4 7 18 9 54963 1
7 13 11 22 47405 1
19 18 1 5 96233 1
18 16 26 23 48593 1
24 14 27 25 47882 1
15 10 0 27 96821 1
17 24 9 27 42784 1
16 6 29 11 54063 1
19 0 9 28 124427 1
5 25 27 8 116875 1
9 23 24 29 73082 1
11 18 1 25 55859 1
25 27 13 18 64803 1
4 12 24 10 89738 1
25 29 13 17 78953 1
5 15 25 15 78858 1
27 28 7 4 134744 1
1 10 17 3 73498 1
19 9 9 19 58886 1
28 24 6 2 133244 1
11 9 21 6 42045 1
12 20 20 22 30367 1
21 25 7 8 100722 1
15 8 25 20 66209 1
10 5 26 25 109572 1
17 9 1 14 81216 1
15 3 28 11 57684 1
9 21 18 15 41111 1
1 25 14 10 97385 1
23 4 4 12 85251 1
16 2 2 29 141361 1
29 11 12 16 77549 1
29 14 13 13 75795 1
4 1 2 20 81819 1
21 24 16 4 81395 1
23 20 9 4 88043 1
13 13 25 21 65651 1
27 13 2 4 113027 1
16 28 14 2 96287 1
28 0 6 23 119595 1
21 21 7 14 62901 1
23 8 11 18 62395 1
5 4 11 29 124402 1
21 29 2 18 87977 1
26 27 23 14 52907 1
13 17 20 21 33019 1
19 25 4 13 84814 1
24 26 18 10 76450 1
13 2 1 12 78506 1
29 13 1 11 119055 1
8 11 28 25 107378 1
2 20 1 4 62521 1
9 17 13 24 39907 1
14 21 19 29 41847 1
21 5 6 5 59628 1
7 9 3 22 68471 1
25 19 4 16 69052 1
21 19 0 28 93156 1
18 7 13 21 57901 1
27 9 20 28 80791 1
14 13 1 21 67731 1
16 18 6 9 68456 1
18 26 21 0 89999 1
29 26 16 15 74908 1
27 0 13 27 119877 1
20 25 27 2 88533 1
19 12 8 19 50024 1
25 16 11 6 79373 1
14 10 21 4 38955 1
4 17 16 6 73023 1
23 4 12 10 51437 1
20 11 25 26 71075 1
3 24 19 27 74425 1
22 20 4 20 55283 1
15 25 15 7 63056 1
21 6 16 29 97854 1
13 27 3 12 90855 1
19 20 7 15 48243 1
18 7 29 1 44221 1
29 21 24 12 46435 1
3 3 26 7 81461 1
11 6 24 8 45890 1
13 27 0 17 75828 1
17 13 26 0 64195 1
13 13 8 29 85382 1
10 15 25 29 95398 1
22 17 10 29 78900 1
0 12 21 27 106640 1
15 3 20 15 58372 1
21 29 8 10 106222 1
28 15 22 19 26334 1
14 6 6 26 97401 1
26 9 2 9 87838 1
18 13 24 24 58657 1
4 7 29 2 93921 1
2 19 13 26 66337 1
24 25 9 14 80007 1
29 24 10 19 72508 1
6 12 24 26 102608 1
13 3 5 24 104399 1
1 17 15 26 67021 1
23 11 23 28 63211 1
11 23 2 16 53685 1
26 7 1 6 85783 1
9 12 10 1 51676 1
1 6 16 29 121669 1
15 21 7 24 30454 1
20 16 22 29 45451 1
20 6 16 17 53163 1
18 4 25 25 89905 1
5 28 5 11 88052 1
7 21 1 26 45060 1
19 6 18 23 72604 1
7 15 23 18 54930 1
28 4 17 28 103138 1
12 6 0 8 41818 1
21 29 3 22 83934 1
26 9 7 20 84512 1
0 4 26 1 88747 1
23 23 9 21 43196 1
28 3 14 26 110954 1
25 4 4 20 107993 1
17 11 2 14 70620 1
2 19 15 9 70271 1
23 18 2 1 110411 1
0 19 9 25 49166 1
13 6 22 11 38453 1
2 0 25 29 163108 1
18 5 29 27 100609 1
23 16 10 5 77005 1
4 4 18 14 82817 1
6 24 14 12 66785 1
5 1 16 21 102097 1
7 2 24 29 137704 1
3 14 26 25 101414 1
3 3 9 9 44031 1
24 10 5 10 75482 1
18 22 26 9 65149 1
21 1 4 15 100782 1
1 15 15 13 63925 1
4 24 28 26 101219 1
27 22 17 28 54690 1
21 7 14 22 71149 1
6 20 18 15 48856 1
19 17 24 25 41782 1
17 19 14 2 65731 1
6 13 29 1 106357 1
17 20 29 2 84597 1
29 19 9 26 85622 1
9 3 21 5 46661 1
23 13 0 18 79948 1
26 5 2 7 84290 1
5 9 22 26 110325 1
7 29 28 15 102662 1
8 16 24 16 60295 1
21 3 7 9 62539 1
9 18 22 1 78171 1
8 29 20 25 65701 1
5 18 8 29 54597 1
9 10 26 26 103819 1
18 18 0 24 66648 1
19 21 7 15 53466 1
3 25 18 11 92367 1
4 10 21 16 85738 1
11 25 10 10 72301 1
1 11 24 7 87162 1
0 3 5 21 79414 1
17 2 24 17 65812 1
22 24 6 22 55600 1
26 16 16 18 29622 1
20 20 4 26 70564 1
29 9 28 28 76041 1
26 17 18 20 26532 1
15 25 20 13 54947 1
29 27 23 17 52744 1
20 29 26 21 44966 1
19 19 20 2 60419 1
15 16 20 11 38870 1
3 23 22 4 107891 1
25 15 8 9 87892 1
7 6 17 25 97593 1
2 0 24 18 117578 1
8 19 20 27 59058 1
26 25 18 27 36960 1
20 13 21 0 48273 1
21 25 15 15 49868 1
1 1 24 10 95510 1
14 29 0 4 128274 1
18 4 10 19 74367 1
8 2 0 19 83027 1
16 4 1 5 58919 1
27 5 5 11 88396 1
16 12 28 12 62948 1
16 15 13 3 51135 1
18 4 23 28 92223 1
20 26 15 14 58965 1
24 5 16 7 30520 1
13 2 25 11 67268 1
18 13 16 23 41831 1
20 15 29 21 44965 1
10 10 23 17 69076 1
23 14 25 28 61030 1
10 23 18 26 41426 1
27 26 15 0 113411 1
28 22 10 23 63647 1
1 27 2 13 63928 1
28 26 12 15 85913 1
10 18 26 12 57964 1
23 16 7 8 78262 1
29 7 13 1 60547 1
5 13 28 13 101188 1
2 11 20 11 76728 1
19 3 4 22 105400 1
0 25 27 14 104874 1
18 13 23 8 35882 1
15 12 23 28 75740 1
8 8 27 6 63687 1
8 26 19 24 57628 1
17 11 16 23 44134 1
0 26 20 12 97719 1
15 20 24 6 67500 1
9 12 3 2 60489 1
24 7 12 27 100026 1
4 17 27 26 92463 1
27 25 20 11 69739 1
23 9 20 20 48369 1
18 18 14 6 50695 1
18 15 23 4 50717 1
6 26 13 1 114758 1
12 28 29 17 85451 1
16 5 8 15 62896 1
6 9 24 6 66605 1
16 8 29 3 53110 1
18 2 12 12 53965 1
6 1 12 10 53276 1
1 0 0 28 99887 1
0 5 15 22 93938 1
4 7 20 23 103217 1
22 7 4 21 92596 1
21 15 2 2 103925 1
0 18 20 27 83883 1
6 0 5 27 118737 1
24 10 9 27 102779 1
13 25 0 6 103915 1
22 9 26 0 28133 1
5 7 20 18 84147 1
0 8 20 29 128698 1
15 4 23 22 75926 1
27 19 10 15 63291 1
7 23 13 12 61630 1
12 3 14 25 89195 1
20 29 17 1 103740 1
15 17 8 9 54400 1
10 11 25 1 70102 1
29 12 23 23 56827 1
4 2 10 25 108832 1
5 10 2 17 47430 1
20 4 23 19 52457 1
25 0 21 8 31353 1
0 4 16 2 62787 1
29 3 5 7 87467 1
15 21 25 5 78695 1
18 16 24 29 67383 1
7 16 2 11 44084 1
1 14 10 9 55261 1
29 11 11 16 82587 1
26 3 1 12 108509 1
1 26 11 26 54822 1
27 3 16 23 90705 1
28 20 19 5 69263 1
1 15 13 16 51928 1
18 22 28 28 55554 1
8 27 10 12 70975 1
0 2 28 15 125429 1
0 24 10 27 55205 1
8 17 22 14 51622 1
26 4 10 18 80954 1
9 19 7 7 55774 1
28 5 17 3 48083 1
4 6 17 20 88207 1
1 6 8 0 48711 1
26 18 16 3 72291 1
20 20 3 26 75230 1
25 2 13 16 80947 1
15 10 25 12 56496 1
26 7 27 19 42099 1
8 16 29 20 69804 1
11 1 22 13 64843 1
16 25 28 5 95073 1
3 29 20 2 147035 1
22 26 28 0 84337 1
9 10 10 27 75441 1
5 8 26 11 77490 1
4 7 28 13 93707 1
16 7 29 17 68096 1
19 26 23 19 34638 1
6 24 16 25 48644 1
6 29 4 4 119785 1
8 21 18 23 31328 1
28 21 13 6 84033 1
10 9 24 4 56975 1
27 27 3 1 147495 1
22 11 10 3 59559 1
7 21 0 26 43796 1
11 0 23 15 85925 1
14 15 24 7 59526 1
24 1 29 11 41987 1
24 9 28 20 52368 1
28 3 29 17 50879 1
16 10 23 23 63204 1
24 0 9 14 89005 1
14 1 22 10 47512 1
10 23 20 26 48223 1
28 14 6 27 103010 1
24 22 18 18 30662 1
25 26 22 6 76476 1
17 25 5 21 44352 1
14 19 27 3 81449 1
10 11 29 15 85880 1
20 24 9 28 61284 1
1 18 14 17 39380 1
18 24 22 18 32537 1
11 19 8 12 39385 1
19 13 23 6 39059 1
19 19 8 15 46975 1
18 0 4 24 121574 1
20 18 6 26 68825 1
25 23 28 15 37839 1
27 3 20 14 54250 1
6 15 26 27 96517 1
25 18 26 28 36299 1
7 19 27 0 105133 1
29 5 27 14 38545 1
15 11 20 17 37427 1
17 6 5 10 50740 1
18 3 5 25 113949 1
16 6 12 21 58907 1
17 11 4 11 52809 1
16 15 24 13 44838 1
8 28 26 5 123542 1
26 12 19 21 45726 1
25 24 8 13 86980 1
13 28 28 10 105440 1
13 17 8 1 80341 1
17 7 21 26 75139 1
15 4 24 19 68500 1
27 9 18 25 78865 1
24 27 2 21 84867 1
11 26 9 18 41350 1
26 27 11 18 68469 1
6 25 19 28 70045 1
25 28 20 7 85378 1
21 16 17 7 45277 1
23 28 29 7 88769 1
9 21 28 10 84763 1
8 12 10 28 72455 1
22 0 3 25 127112 1
10 21 17 25 27765 1
11 10 0 28 100351 1
23 23 22 6 53772 1
2 16 8 3 76343 1
15 14 21 9 43765 1
21 10 14 1 47743 1
22 11 2 24 101154 1
8 10 20 5 52870 1
0 1 13 5 53790 1
8 11 29 25 108819 1
12 17 9 2 72114 1
17 9 19 1 35529 1
22 0 14 20 73364 1
21 1 25 15 57301 1
15 0 6 7 47882 1
8 22 28 17 65778 1
2 27 14 4 123692 1
0 25 18 12 91011 1
8 22 18 14 47459 1
22 19 23 8 35611 1
3 6 16 3 56721 1
12 6 18 18 57579 1
4 29 10 17 68724 1
10 21 3 24 36040 1
1 3 23 8 85434 1
4 12 16 20 64823 1
19 9 27 1 41464 1
6 19 28 12 84525 1
6 5 4 13 41531 1
18 12 4 24 81551 1
15 14 8 18 32024 1
27 21 18 15 46914 1
17 6 9 27 95058 1
0 20 28 7 111426 1
25 8 22 25 58968 1
9 24 26 10 90125 1
2 27 26 16 105644 1
14 12 26 16 54382 1
4 10 21 16 85738 1
19 3 5 18 86052 1
27 11 20 26 68379 1
19 26 2 17 78156 1
9 16 0 0 85969 1
3 5 23 4 78174 1
29 20 3 24 93190 1
0 25 9 14 63136 1
20 2 25 26 91205 1
20 9 17 27 78976 1
26 9 22 15 37083 1
14 27 13 8 75680 1
11 13 19 5 56246 1
17 1 27 14 69287 1
10 27 18 23 43495 1
12 10 18 25 69827 1
27 3 5 23 120780 1
22 0 24 14 45453 1
29 29 6 6 145306 1
25 25 29 8 70597 1
27 10 13 8 54564 1
18 12 6 16 60942 1
20 1 28 14 54249 1
7 13 26 11 90211 1
26 26 29 12 56565 1
29 6 2 21 121530 1
14 6 19 23 71870 1
19 23 6 21 42207 1
25 14 18 4 56817 1
26 28 24 13 55952 1
22 2 10 28 112693 1
12 2 13 15 59267 1
13 18 11 29 61014 1
16 20 2 23 52804 1
9 15 25 24 75691 1
26 2 10 7 60448 1
21 20 6 11 76575 1
10 21 16 2 76258 1
9 11 2 5 48865 1
14 6 2 6 50771 1
19 2 27 28 103307 1
5 0 19 15 95337 1
14 12 9 6 39917 1
26 25 18 5 83522 1
7 28 18 18 65513 1
26 28 16 5 99499 1
13 13 19 9 41893 1
19 17 28 18 25751 1
0 25 12 4 106347 1
25 11 20 5 38219 1
24 9 15 13 52238 1
26 18 8 17 48974 1
14 16 28 18 41657 1
5 1 10 21 93770 1
24 15 27 29 57498 1
12 24 13 14 49084 1
16 24 26 21 41924 1
26 29 16 19 59929 1
11 6 2 15 68863 1
24 18 15 11 45751 1
4 2 27 7 84017 1
8 13 25 17 67957 1
29 4 1 28 158521 1
23 6 4 11 79017 1
14 26 2 28 63742 1
5 3 16 3 36048 1
18 28 12 1 108641 1
27 28 19 26 38430 1
28 6 19 8 30381 1
5 26 6 2 112037 1
16 14 28 22 58711 1
23 13 12 29 93860 1
7 8 1 24 76357 1
0 11 24 17 90636 1
11 4 17 16 59409 1
4 26 19 12 90591 1
16 14 15 27 48627 1
14 22 17 4 68642 1
13 2 20 9 44128 1
18 26 7 3 115463 1
19 3 8 24 100348 1
20 0 6 1 51427 1
27 5 6 16 101532 1
20 22 6 3 106038 1
9 9 13 15 43830 1
25 17 18 4 60388 1
20 7 27 16 52221 1
14 2 20 25 97964 1
6 3 26 10 78296 1
19 29 14 22 43287 1
17 25 14 9 63991 1
21 28 19 1 87515 1
25 21 1 3 129987 1
8 19 2 10 59867 1
21 28 12 18 60757 1
16 1 21 14 57923 1
10 27 0 7 96338 1
8 21 21 14 56806 1
5 26 17 16 68894 1
11 13 8 1 60305 1
2 27 3 2 108661 1
28 15 17 3 69144 1
15 1 1 3 49726 1
4 12 22 20 78145 1
2 27 24 6 134128 1
8 0 15 6 42081 1
17 26 10 8 84129 1
5 24 27 16 85140 1
14 20 0 0 105982 1
0 3 25 25 145846 1
17 28 15 4 84778 1
1 29 9 3 125348 1
8 2 17 28 116765 1
29 17 23 3 62098 1
21 25 11 17 56638 1
4 6 27 11 91554 1
4 17 17 9 65847 1
16 1 9 7 42506 1
7 13 25 3 89757 1
7 24 15 8 74480 1
11 7 23 9 45677 1
23 23 24 7 55546 1
2 29 0 3 103403 1
2 26 14 24 64278 1
28 8 16 13 58568 1
4 5 29 22 131079 1
16 19 9 8 61976 1
27 28 4 25 105950 1
15 24 25 4 88426 1
16 17 0 7 80081 1
20 8 8 2 56743 1
3 23 7 9 72117 1
24 4 25 23 70611 1
22 1 14 27 97827 1
0 16 28 23 97621 1
20 7 7 24 90614 1
12 14 3 11 49847 1
23 4 1 22 116108 1
13 5 15 14 36955 1
28 24 15 14 69234 1
10 19 13 29 55610 1
24 27 8 29 73799 1
5 10 17 29 106205 1
12 16 21 10 57762 1
0 13 24 15 93701 1
22 26 12 18 51300 1
8 15 17 18 36373 1
5 24 24 6 108936 1
19 1 9 3 40434 1
6 7 6 17 49727 1
23 8 17 17 49297 1
13 2 21 10 49701 1
7 2 21 23 109500 1
25 18 17 2 68400 1
7 1 11 25 105041 1
2 9 4 21 65508 1
7 21 25 13 76180 1
18 17 2 29 96131 1
16 2 3 24 112298 1
11 1 14 24 92561 1
1 26 17 1 131550 1
6 11 12 20 55539 1
11 9 0 5 48526 1
26 17 18 2 67616 1
24 1 11 20 83971 1
24 27 4 9 121456 1
2 22 29 11 114216 1
20 27 0 20 79449 1
11 27 21 26 46311 1
15 27 20 0 104563 1
3 0 17 7 62294 1
15 9 22 18 48627 1
7 8 11 14 37497 1
9 25 23 26 65694 1
12 10 19 2 48976 1
10 0 1 7 56312 1
16 1 18 24 91964 1
15 19 9 1 77792 1
14 10 28 25 90918 1
4 11 15 0 71732 1
11 22 23 21 37965 1
29 6 13 12 69030 1
27 22 22 16 33317 1
29 28 13 21 71981 1
1 9 5 18 49628 1
4 18 21 9 78690 1
1 21 4 8 59331 1
5 1 13 13 72291 1
15 18 9 2 74148 1
3 25 17 21 59680 1
2 2 24 18 113863 1
4 9 15 12 53534 1
9 4 18 0 42180 1
11 26 29 19 83549 1
17 6 19 15 41874 1
28 1 23 18 61049 1
21 21 15 5 68298 1
10 28 0 17 68107 1
10 29 0 14 84385 1
14 24 24 17 50971 1
27 26 8 26 88537 1
22 0 11 19 81300 1
13 6 1 12 62466 1
14 26 22 9 79399 1
15 7 7 9 32966 1
6 22 29 13 92170 1
21 12 23 23 41355 1
23 2 26 21 66360 1
13 15 3 16 45411 1
1 21 16 20 49841 1
6 19 29 5 104018 1
10 9 1 1 54945 1
4 19 21 21 57313 1
27 26 3 17 97004 1
0 23 23 11 100251 1
28 12 8 16 82435 1
19 28 3 23 73804 1
24 2 16 27 98586 1
29 26 10 10 109571 1
12 11 25 25 87302 1
24 24 9 9 99063 1
3 25 19 2 126728 1
5 21 13 13 55889 1
17 20 21 14 28971 1
23 0 22 21 61964 1
0 23 15 29 77437 1
15 6 25 27 94951 1
26 26 16 2 102052 1
16 28 29 0 119864 1
10 3 22 25 100299 1
21 2 27 24 82978 1
16 16 10 2 70897 1
6 27 25 5 123759 1
24 12 13 29 97776 1
13 1 21 19 80092 1
25 22 27 9 53691 1
15 17 24 14 44509 1
9 3 0 13 63720 1
25 14 17 28 69868 1
20 11 22 20 36676 1
5 6 28 2 90449 1
15 12 13 22 36984 1
2 13 27 11 113120 1
21 15 6 19 55809 1
18 28 8 11 89630 1
21 5 28 28 93532 1
11 0 12 11 52706 1
17 0 2 3 58522 1
22 12 2 20 82388 1
2 16 21 0 117169 1
11 29 25 3 129059 1
2 11 17 28 103537 1
15 16 4 15 47665 1
21 15 6 7 78040 1
26 13 21 21 35579 1
10 20 0 4 81408 1
25 22 5 9 111575 1
16 2 25 18 73035 1
11 2 19 15 72078 1
28 19 23 6 55735 1
6 14 16 28 77706 1
16 29 25 3 110811 1
15 8 28 0 52109 1
17 4 7 28 109457 1
27 5 17 28 97824 1
16 7 29 24 87326 1
29 12 3 6 102976 1
2 11 10 19 59439 1
22 3 16 10 36275 1
19 19 24 26 41501 1
25 14 1 10 109293 1
8 24 0 1 102575 1
9 25 27 22 74655 1
17 23 15 9 51791 1
24 6 1 4 87422 1
29 18 28 9 32261 1
11 14 25 9 78481 1
11 8 23 25 89123 1
0 8 0 29 73123 1
2 19 6 13 43910 1
23 16 2 16 76337 1
18 2 25 25 93964 1
7 28 23 2 124366 1
9 21 24 6 84540 1
9 1 24 29 132351 1
9 17 20 14 45229 1
13 5 23 9 44425 1
0 19 22 21 68217 1
28 1 21 4 23474 1
17 26 27 7 86125 1
3 28 12 5 123904 1
26 5 27 21 50719 1
18 29 26 15 64821 1
20 16 0 29 102286 1
13 1 2 19 101053 1
17 4 6 2 42591 1
25 24 10 10 92852 1
24 20 14 21 32643 1
27 12 19 28 73367 1
22 0 6 17 91258 1
7 7 17 28 102765 1
12 24 11 3 94433 1
17 7 16 29 86447 1
7 5 20 0 60279 1
8 7 13 18 58975 1
9 18 27 22 61790 1
3 25 1 6 79078 1
24 18 0 21 72559 1
20 18 1 28 94954 1
6 13 22 5 80229 1
3 1 16 16 90393 1
27 19 21 8 50026 1
23 28 1 23 94088 1
26 19 1 14 88650 1
11 10 28 14 85490 1
17 7 26 23 74665 1
18 0 12 16 75557 1
12 9 7 20 57535 1
18 22 2 7 102503 1
9 19 17 14 32436 1
4 29 26 6 136180 1
13 12 24 10 57402 1
4 7 15 12 52298 1
11 26 27 21 70442 1
15 26 4 11 83008 1
24 13 1 12 109945 1
28 16 24 29 58701 1
2 12 14 1 83301 1
4 24 24 22 73879 1
17 28 24 9 86273 1
29 18 3 26 103410 1
19 18 17 4 61767 1
26 15 11 2 88294 1
4 1 7 14 60237 1
22 17 7 16 51162 1
23 10 3 3 84963 1
28 3 7 26 128004 1
0 20 17 8 84830 1
12 27 27 27 61936 1
28 24 6 18 79383 1
0 28 26 5 139480 1
18 13 20 24 53171 1
21 28 16 0 102245 1
13 20 27 28 69356 1
15 8 9 1 39633 1
24 7 24 22 56826 1
19 28 1 14 101717 1
22 27 26 5 73958 1
17 1 21 20 71493 1
23 20 5 15 67349 1
16 16 20 3 61650 1
0 21 5 10 60703 1
29 0 10 17 102608 1
25 25 6 20 73248 1
4 27 24 24 89819 1
12 23 23 0 95635 1
26 22 17 20 33121 1
4 29 13 10 107922 1
22 0 8 0 51900 1
6 5 23 25 115586 1
28 5 8 27 124797 1
25 17 3 28 105487 1
8 2 15 25 103079 1
29 23 13 13 81168 1
26 17 15 1 79138 1
17 1 7 15 79947 1
3 9 18 4 66307 1
13 21 23 20 31272 1
14 20 6 22 29565 1
11 0 18 27 114967 1
27 2 23 25 83988 1
18 12 8 13 53384 1
10 9 14 29 93288 1
13 23 16 16 31768 1
3 11 12 29 101689 1
24 5 17 27 89847 1
9 19 20 6 72547 1
14 11 1 21 75808 1
21 11 24 21 42493 1
27 13 23 0 56244 1
24 16 4 27 97890 1
5 7 0 22 66323 1
20 11 14 6 38563 1
9 3 4 12 54144 1
1 1 18 1 53443 1
8 14 16 20 46374 1
0 2 21 7 82053 1
5 10 19 9 58005 1
2 7 26 0 91516 1
16 8 13 15 37364 1
26 10 28 0 32511 1
16 3 24 23 86272 1
18 18 18 28 47590 1
18 27 15 12 60082 1
17 16 28 16 40211 1
1 20 24 23 73979 1
8 17 27 9 83529 1
1 5 14 2 59256 1
27 15 16 15 48515 1
12 23 29 13 78974 1
20 3 13 21 78194 1
6 25 19 15 73350 1
0 26 2 3 85519 1
17 4 8 25 94923 1
24 25 5 20 70378 1
16 23 3 14 65120 1
10 26 1 12 81037 1
7 22 1 7 71122 1
29 18 20 7 56028 1
26 19 7 27 80389 1
9 23 29 20 69763 1
7 16 17 29 69403 1
11 18 18 28 52870 1
17 27 16 8 72360 1
4 3 17 1 45433 1
8 0 22 2 52045 1
28 18 21 11 39654 1
29 21 8 26 82878 1
21 3 0 25 125554 1
18 5 4 2 54949 1
10 16 6 8 44169 1
13 23 0 14 66481 1
6 1 24 13 91723 1
0 3 17 22 110135 1
7 22 19 2 97901 1
1 20 21 26 75601 1
2 6 20 1 80246 1
23 16 4 27 94624 1
14 5 11 27 97049 1
3 2 23 19 115223 1
25 15 3 16 81564 1
25 0 21 11 40158 1
9 11 28 14 90766 1
20 11 2 5 91181 1
18 16 26 21 40327 1
22 9 3 0 81099 1
5 0 12 22 107468 1
25 22 17 26 41063 1
1 29 3 1 113883 1
15 25 5 10 87469 1
2 5 11 9 50260 1
25 29 11 26 77916 1
22 21 17 10 51716 1
13 13 8 28 80976 1
23 12 9 25 85049 1
15 22 10 0 87211 1
21 13 7 1 81163 1
13 14 0 12 60696 1
4 6 18 3 58221 1
3 10 12 15 58309 1
1 20 11 9 78227 1
14 15 22 7 54058 1
14 11 15 24 45901 1
6 28 23 29 84926 1
21 2 2 10 93456 1
6 16 21 7 83987 1
17 25 16 13 46532 1
5 27 15 1 117109 1
8 16 26 4 95355 1
6 1 10 9 39658 1
12 27 29 13 97221 1
23 11 6 15 82687 1
6 28 3 17 62647 1
27 1 17 29 108513 1
6 9 18 12 63758 1
15 5 5 0 49356 1
28 3 4 8 86497 1
23 18 27 25 37022 1
22 22 29 10 56674 1
15 5 29 24 94150 1
5 24 21 23 60167 1
7 26 8 16 43662 1
10 19 15 11 40294 1
13 0 4 27 131124 1
8 15 6 26 53885 1
16 14 1 12 70715 1
9 26 15 14 59938 1
2 19 20 27 80293 1
5 16 22 28 82905 1
9 21 1 6 75022 1
15 20 0 20 43757 1
27 0 12 26 120016 1
20 16 24 25 42565 1
1 26 10 25 51153 1
6 4 22 3 59807 1
27 20 20 8 52031 1
19 26 3 10 104341 1
18 13 0 29 102466 1
7 1 13 20 89569 1
0 27 7 11 79988 1
29 26 12 1 122812 1
25 1 4 12 94336 1
17 12 9 1 61051 1
28 23 0 4 137851 1
27 14 19 6 55412 1
8 9 16 29 97580 1
11 24 28 25 74387 1
18 26 11 19 45192 1
16 15 8 11 44972 1
20 13 10 20 49711 1
22 26 5 1 123100 1
15 25 1 13 83175 1
15 8 20 18 48592 1
