2480 2934 2967 3190 2666 2834 3076 3146 3149 3074 2832 2426 2658 2446 2527 3153 3026 2237 2909 2580 2801 2564 2358 2382 2550 2880 2562 3164 2442
7883 7131 8009 8065 7413 7191 7718 7713 7630 7543 7302 7329 7945 7613 7967 7425 7526 7920 7490 7795 7128 7373 7103 7746 7892 7205 7815 7983 7946
2795 3556 3116 3593 2793 3661 3139 3425 3646 2724 2696 3460 2811 2696 2786 2753 2904 3190 3419 3620 3422 2685 2981 2845 3507 2923 2905 3380 3225
5190 4628 4792 5014 5367 5228 5417 5022 5398 5245 4922 5410 5091 4822 4792 4498 5108 4521 4441 5009 5146 4876 4895 5204 5235 5057 4494 5420 4718
6057 6658 6714 6664 6785 6079 6816 6703 6839 6363 6754 5868 6510 5985 6769 6771 6310 6126 5864 6517 6003 6186 6343 6031 6667 6630 6316 6369 5886
5687 5460 5363 5427 5624 6281 5699 6111 5625 6099 5753 5642 6321 5862 6042 5632 5987 5419 5512 5560 5844 5547 5610 6192 5623 5763 5505 6244 6051
2607 3106 2485 2944 2364 3106 2850 3091 2869 2358 2418 2805 2771 2470 2550 2494 2380 2396 3324 2594 2840 3208 3319 2458 2479 2395 2999 3069 2884
3722 4281 4117 3643 4116 4176 3965 3950 4133 4000 4236 4397 3952 3867 3749 4021 3664 3836 3623 4337 4061 4047 4428 4043 4378 4529 4293 4186 3852
2420 2694 2770 3214 2732 3033 2589 3049 2942 3034 3306 3125 2833 2469 3034 2638 3387 2405 3166 3292 3106 3107 2670 2851 3252 2744 2536 2842 2803
3726 3219 3568 3432 3312 3424 3994 3551 3744 4128 3282 3490 3515 3213 3409 3731 3355 3875 3758 3973 3213 3676 3812 3946 3329 3895 3160 3723 4116
2474 2086 2893 2867 2730 2116 2320 2439 2918 2937 2239 2483 2483 2897 2347 2620 2930 2334 1957 2175 1972 2641 2392 2438 2336 2217 2038 2164 2665
5174 4695 5149 5312 5404 4591 5319 5106 5273 4762 4455 5173 4904 4867 4656 5177 5227 5157 4736 4613 4597 4878 4919 4811 5138 4798 5419 4525 4557
2153 1907 2158 1943 1807 2388 1940 1666 1998 2368 1516 1977 2221 2131 1693 2155 1694 1938 2001 1834 2201 1634 1760 1457 1655 1982 1812 1588 1672
4799 4800 4255 4975 4814 4908 4798 4410 4901 4625 4845 4411 4175 4257 4501 4568 4443 4203 4442 4582 4654 4696 4926 4189 5114 4961 4546 4400 4554
2496 1888 1599 2261 2507 1824 2578 2093 2067 2142 1968 2141 2175 2382 1912 1761 1982 2421 2132 1741 2036 1829 2334 2185 2336 1986 2558 2472 1634
7899 7907 8340 8125 7473 8217 8401 7896 7692 7856 8312 7650 8256 8247 8248 7831 8295 7750 7562 8225 8260 8200 8282 7603 8276 8143 7502 7824 8141
6504 5736 6148 5908 5693 6578 5703 6357 6501 5918 6616 6025 6468 6415 6217 6394 5986 6077 6619 5706 6462 5789 6288 6219 6339 6266 6192 5991 6272
3523 3752 3431 3764 4335 3707 3901 3788 4289 3698 4128 3560 3950 4217 3930 3785 3707 3995 3970 3784 3648 3896 3633 4008 3853 4372 3716 4114 3749
1312 1719 1876 1687 1392 1601 1796 1487 1309 1564 1492 1698 1346 1938 2053 1783 1340 1742 1585 1993 1724 1356 1919 1311 1344 2105 1319 2106 1360
4412 4690 4203 4624 4313 5045 4866 4674 4148 4480 4539 4679 4387 4233 5025 5009 4416 4321 5095 5091 4156 4149 4094 5068 4649 4682 4656 4235 4947
7182 7405 7347 7369 7855 7644 7228 7663 7677 7339 7115 7501 7880 6969 7425 7700 7359 7180 7724 7382 7318 7372 7374 7063 7616 7269 7374 7223 7259
4756 4841 5210 5453 5155 5139 4684 5578 4871 5027 4608 5485 5567 4710 5296 4855 5444 5463 5140 5270 5111 5424 4655 4727 5271 5442 5302 4818 4775
2637 2791 2704 2615 2644 2518 2371 3119 2199 3035 2776 2592 2741 2399 2576 2402 2507 2747 2291 2730 2892 2930 2311 2921 2795 2690 2227 2242 2463
5218 5428 5368 5197 5203 5222 5652 5582 5611 5139 5304 5625 6004 5564 5164 5896 5727 6008 5314 5660 5211 5732 6070 5675 5198 5351 5172 5203 5402
4354 4043 4308 4159 4447 4401 4162 3916 4231 4238 4705 4230 3929 4234 4300 4307 4166 4221 4475 4357 4448 4436 3926 4644 4592 4563 4595 3912 3946
5600 5995 5798 6202 5724 5931 6088 6496 5875 5983 5918 6107 6034 5946 6293 6307 5820 5922 5898 5973 5600 5746 6121 6207 6112 6134 6032 6305 5623
3318 2966 3125 2805 2638 2699 3456 3476 3299 3543 2936 2646 3016 3510 3565 3428 3328 3366 2598 3024 2766 3445 3116 3484 3231 2614 3588 3102 3217
2169 2124 2151 2016 1594 1808 1470 2351 2309 1795 1831 1433 2208 1521 1978 2108 1924 1897 1385 1955 2246 2222 2306 2031 2087 2152 1499 2084 1572
2726 3125 3295 3323 2832 3234 3187 3274 3214 2487 2723 3030 2406 2613 2747 2998 3223 3128 2968 2937 2763 2415 3244 2568 2762 2965 3201 2944 3280
4042 3926 3740 3809 3121 3659 3627 3470 3492 3878 3620 3481 4063 3100 4012 3226 3390 3819 3158 3732 3078 3857 3996 3954 3527 3187 3903 3368 3882
7356 6059 7140 2298 6206 8568 1498 2024 4994 1710 1769 3693 3805 2716 2471 2489 2137 4908 3750 3358 3930 7600 3501 3676 1731 3536 7326 1260 4558 5124
6742 5892 6997 2255 5945 8461 2073 1713 5066 1902 2430 3539 3062 3618 2606 2442 1863 5073 3461 2850 3747 7824 3263 3928 1408 3903 7282 1682 3917 5259
6778 6117 6740 1871 5307 8203 2071 1800 5049 1497 1972 4156 3587 3548 2747 2560 1953 4497 3688 3112 4278 7007 3278 3457 1636 3615 7038 1439 3942 5076
7539 5711 7499 1953 6097 8477 1964 1619 4765 1297 1933 3441 3676 3069 2011 2562 1709 5101 3081 3262 4171 7400 3188 3817 1865 3154 7561 1279 4128 5708
7479 6236 7274 2411 6082 7927 2064 1603 4879 1429 2625 4224 3927 3366 2655 3107 1422 4527 3348 2799 3595 7284 3128 4040 1647 3409 7196 1470 4255 5879
7543 5800 7383 2438 5288 7666 2380 2037 4439 1640 1960 3926 3204 2635 2344 3337 2121 4313 3887 2992 4332 7844 3032 4087 1921 3239 7791 1882 3983 5976
7354 5361 6824 2489 5310 8650 1796 1768 4365 1867 2593 3706 3035 3254 2015 2393 2000 5272 3439 2872 3419 7938 3372 3528 2146 3282 7069 1354 4397 5357
6641 5909 7357 2141 5801 8652 1512 2054 4349 2024 2230 4012 3422 2846 2029 2774 2065 5256 3844 2881 3396 7254 2682 3367 1263 3501 7302 2150 4556 5889
7561 6171 7400 2299 5782 7749 2026 2464 4411 1246 2473 3720 3598 3206 2527 2677 2088 4910 3906 2833 4116 7002 3572 3456 1950 3556 7003 2133 4250 5750
6901 5972 6813 2045 5898 7963 1672 2273 4320 1080 2286 3441 2976 3468 2868 3125 2282 4435 3819 3211 4385 7164 3256 3839 1208 3334 7647 1262 4439 5688
6913 5712 6820 1879 5931 8038 2338 2277 4670 1064 2269 4249 3292 3054 2262 2710 1326 4782 3970 2381 3904 6955 2664 3734 2080 3144 7533 2092 4265 5702
7446 5997 6789 2242 5687 8421 2065 1870 4663 1560 1910 3372 3775 3161 2730 2792 2011 4475 4009 3329 3596 7587 3151 4113 1600 3515 7251 1255 3812 5716
6683 6076 7569 2427 6000 7744 2204 1894 5019 1346 2303 3531 3949 2612 2046 3210 1496 4961 3917 2936 3989 7929 3298 3598 1476 3579 7525 1524 4117 5653
6973 6158 6759 1712 5395 8448 2255 1952 4493 1838 2229 3746 3614 3027 2269 2414 1915 4695 3540 3184 4193 7752 3301 4089 1225 3399 7290 1446 4554 5308
7498 5628 6825 2576 5900 8426 1484 2491 5091 1655 1973 3400 3712 3216 2817 2974 2157 4642 3063 3149 3435 7907 2734 4156 1869 3137 7576 1818 4441 5360
7303 6279 7180 1921 5521 7823 1502 2068 4293 1691 2177 3383 3842 2933 2135 2838 1563 4961 3494 2574 4009 7264 3049 3746 1609 3371 7581 2097 4141 5431
7085 5725 7396 1930 6163 8422 1802 1957 4249 1390 2008 3688 3768 2608 1911 3116 1684 5039 3410 2662 4114 7401 3436 3985 1942 3669 7031 1930 4563 5471
7548 6246 6897 2169 6168 7947 1690 2191 4562 1889 1896 3831 3810 3406 2795 3138 2292 5031 3561 2679 3977 7258 3014 3426 1567 3953 7158 2010 4512 5581
6882 5822 6700 2604 5854 7996 1445 2371 4621 1243 2170 3645 3892 2742 2849 2418 2236 4282 4026 2970 3895 7667 2600 4233 2157 4014 7081 1804 4383 5597
7246 6036 7338 2164 6132 8008 1917 1888 4800 1371 2192 3580 3387 3446 2289 2552 1662 4396 3250 3297 3422 7923 3296 4114 1669 3721 7507 1837 3707 5597
7102 5821 7433 2012 5378 8608 2304 2486 5190 1155 2503 4316 3051 2690 2448 2388 1857 4595 3793 2772 3494 7005 2728 3393 1784 3672 7359 1921 4124 5234
6685 6089 6651 1838 6229 8657 1701 2295 4760 1777 2629 4061 3903 3268 2278 2898 2261 4354 3958 2773 3939 7873 3098 3467 1454 3511 7454 1651 4150 5863
7575 5852 7169 2326 6133 7937 1668 2509 5061 1170 2575 3800 3210 3312 2690 3359 2232 4746 3337 2679 3713 7947 2633 3684 1429 3379 7366 2082 4395 5108
6728 5684 6728 1815 5739 8455 2119 1954 4566 1838 2261 3837 3077 3159 2868 2902 2176 4879 3801 2672 4354 7892 3043 3893 2044 3672 7495 1537 3766 5744
6598 5425 7313 2117 5571 7900 2011 1628 5062 1368 1723 4063 3040 3283 2307 3347 2215 5168 3823 2914 3892 7824 2674 3441 2152 3674 7826 2216 4459 5509
6702 5620 7338 2688 5629 8378 1819 2533 4439 1630 2106 3986 3191 3413 2592 3143 1449 5232 3442 2393 4272 7374 3132 3776 1358 3714 7649 1321 3961 5083
6750 5710 7614 1956 5729 8312 1913 2301 4486 1356 2292 4180 3115 3004 2418 2634 1936 4905 3868 2882 3980 7832 2911 3922 1821 4047 7002 1274 3751 5252
6743 6253 7388 2472 6125 7803 1488 2508 4503 1114 2107 4192 3015 3481 2184 2400 2162 4768 4044 2858 3870 6973 3095 3298 1880 3907 7011 1781 4598 4991
7135 6100 6958 2445 6168 8059 2254 2148 5167 1553 2424 4084 3511 2771 2543 2935 1782 4640 3120 3192 3409 7678 3441 3628 1524 3935 7033 1462 4530 5157
25 20 2 25 60588 1
10 2 28 11 47797 1
25 3 7 16 56901 1
24 19 18 27 30234 1
11 24 11 14 22697 1
24 18 4 10 57875 1
24 3 6 2 41074 1
4 4 28 24 86079 1
2 25 25 7 72310 1
10 3 13 11 23278 1
1 29 20 22 52443 1
19 28 20 6 43605 1
20 3 3 9 37056 1
10 26 6 4 59121 1
16 15 26 4 41258 1
27 29 6 2 86042 1
26 28 28 5 49806 1
9 17 20 22 35717 1
7 2 8 18 50048 1
18 0 5 16 51053 1
21 21 29 3 58672 1
2 19 24 0 86207 1
20 25 15 3 49215 1
13 0 4 14 51305 1
22 7 4 20 64238 1
13 21 29 17 50177 1
3 15 10 18 23449 1
1 7 16 14 42432 1
5 21 15 21 41559 1
3 16 29 8 59072 1
1 1 17 20 78394 1
23 21 18 11 36033 1
5 20 22 5 64256 1
29 1 16 3 36202 1
1 8 16 25 63541 1
24 2 4 11 57915 1
14 17 19 12 20690 1
21 2 9 16 49862 1
23 24 17 11 34112 1
17 25 4 5 67311 1
15 14 24 21 40394 1
12 17 26 4 49588 1
27 9 26 28 38954 1
2 21 24 4 83107 1
19 0 25 4 31779 1
23 22 14 25 24252 1
7 0 22 27 81102 1
6 13 16 17 32403 1
23 28 2 20 57555 1
11 9 5 20 40173 1
13 16 21 23 32630 1
26 19 20 9 31256 1
2 2 0 26 71133 1
10 3 15 20 45046 1
0 6 14 18 49562 1
11 25 13 1 55633 1
26 13 7 23 61393 1
0 6 22 28 76563 1
27 24 10 15 45902 1
27 20 10 9 45376 1
3 8 12 12 24466 1
1 29 5 1 94807 1
8 5 3 16 38269 1
8 21 24 24 35691 1
24 15 19 10 26669 1
4 28 2 14 49027 1
20 0 2 27 84604 1
10 2 22 25 63268 1
8 2 18 27 62398 1
5 14 7 29 47172 1
8 6 0 19 48881 1
16 2 28 3 32239 1
11 29 26 5 71232 1
25 6 18 23 41290 1
18 14 14 29 33535 1
14 15 6 21 30478 1
15 5 7 8 30730 1
6 1 12 29 67717 1
9 21 23 21 45791 1
0 5 14 24 61802 1
18 5 11 27 47429 1
1 9 12 19 36300 1
11 23 23 12 49572 1
5 19 11 12 33166 1
12 24 22 23 19673 1
14 29 26 29 32649 1
6 27 10 10 46086 1
7 5 15 3 25080 1
19 1 23 17 45832 1
18 0 10 15 41396 1
0 21 14 11 50312 1
17 29 5 16 50539 1
3 0 26 5 69265 1
5 11 24 21 68943 1
6 23 26 10 62332 1
8 4 8 29 65711 1
8 13 27 19 50185 1
26 28 27 4 48486 1
8 14 22 2 50120 1
19 14 7 11 35146 1
29 23 19 14 42862 1
17 14 22 21 27814 1
28 8 18 19 33777 1
13 15 18 27 29609 1
7 2 23 0 51783 1
12 12 12 24 22719 1
28 10 14 17 38061 1
4 21 4 9 45559 1
12 25 27 10 50890 1
22 24 12 13 37120 1
2 13 21 19 52025 1
18 2 3 6 35310 1
2 0 15 4 43535 1
6 22 19 9 51799 1
15 16 4 29 51389 1
29 17 17 28 49220 1
20 19 8 13 37889 1
4 0 4 17 68163 1
11 4 26 28 72378 1
5 28 27 21 54862 1
8 22 13 7 43564 1
22 14 27 26 35191 1
22 8 15 22 38858 1
7 15 27 8 50521 1
14 26 13 8 41850 1
8 7 16 18 39373 1
29 3 18 6 27232 1
13 1 29 28 79173 1
23 13 8 19 46414 1
4 1 6 15 50223 1
21 5 7 21 65729 1
6 22 22 8 58301 1
8 2 22 13 49476 1
0 7 9 28 66972 1
11 28 29 14 60344 1
28 8 0 18 68457 1
17 16 10 0 46192 1
20 8 12 15 31906 1
0 5 8 7 20425 1
15 3 1 11 42120 1
23 2 1 1 63379 1
23 12 9 29 61899 1
9 12 4 28 55373 1
13 9 5 14 25353 1
20 0 1 26 93867 1
16 3 3 2 33325 1
29 15 1 16 57141 1
14 7 20 28 50143 1
25 8 17 1 34421 1
11 1 19 29 70288 1
13 23 16 8 42892 1
8 29 10 19 27249 1
24 16 2 3 67617 1
23 1 27 11 34546 1
4 0 17 11 63669 1
25 10 4 14 50986 1
1 6 24 3 50337 1
20 27 24 2 59592 1
21 27 21 0 66033 1
15 1 1 10 44854 1
14 11 26 1 43238 1
29 4 26 27 52504 1
19 27 12 14 34497 1
19 10 11 0 38949 1
9 23 11 4 52895 1
19 6 0 21 65548 1
2 9 18 18 39469 1
21 10 0 21 64812 1
14 21 7 7 40779 1
27 15 9 13 45624 1
9 1 29 3 50125 1
0 16 20 27 55463 1
6 1 23 5 50018 1
12 26 0 5 62738 1
5 10 0 26 53058 1
0 22 9 14 38937 1
24 0 17 15 47965 1
3 13 0 6 28222 1
3 5 24 8 51068 1
27 5 21 23 51763 1
19 15 26 4 37422 1
16 11 24 18 36745 1
17 26 25 28 24929 1
10 9 19 14 23320 1
8 20 9 29 30238 1
4 11 4 1 47777 1
3 25 17 21 40573 1
20 12 5 6 41060 1
11 24 28 26 34763 1
26 1 19 16 46613 1
10 3 2 0 27114 1
11 3 19 24 50794 1
9 8 17 20 39768 1
17 17 28 13 32906 1
4 1 14 8 44739 1
24 29 1 29 57695 1
17 6 25 24 43815 1
29 18 28 27 26828 1
12 9 7 1 30746 1
29 11 19 10 25790 1
28 21 12 1 65162 1
0 6 13 28 67421 1
23 8 7 10 32350 1
28 11 15 5 37035 1
19 18 22 8 26727 1
6 16 22 23 45834 1
1 26 25 4 94972 1
24 18 8 8 49983 1
13 6 28 7 29608 1
3 11 20 5 48046 1
11 13 22 9 26598 1
16 22 9 18 28995 1
20 11 29 15 36297 1
2 19 16 25 44414 1
14 7 9 1 24877 1
9 9 27 4 35953 1
27 22 2 20 59142 1
21 2 6 21 69549 1
28 4 15 26 69743 1
22 28 5 10 62035 1
9 3 22 9 33263 1
2 23 7 14 36485 1
29 18 14 28 50272 1
16 21 28 24 33217 1
0 10 27 19 62187 1
21 15 0 27 56506 1
2 9 23 4 47767 1
28 1 3 7 61662 1
26 12 14 13 35728 1
6 27 2 4 70785 1
4 11 28 13 54964 1
13 2 26 14 47743 1
19 22 15 7 33226 1
14 29 19 22 22559 1
28 8 19 21 43821 1
21 18 13 16 23762 1
8 29 9 12 47793 1
8 16 19 10 31294 1
23 28 22 2 64056 1
17 14 22 24 26665 1
24 12 5 21 68170 1
22 13 4 24 51866 1
0 23 21 20 49646 1
4 15 19 29 58618 1
1 17 11 20 36917 1
17 16 29 28 42284 1
2 6 13 1 36167 1
2 4 26 26 85913 1
14 17 11 25 22549 1
15 29 24 14 53611 1
11 20 5 9 35605 1
20 14 3 10 40702 1
8 28 12 0 61573 1
7 28 2 22 26308 1
18 21 8 21 29740 1
19 6 2 3 40288 1
21 11 23 27 47392 1
27 21 27 11 18655 1
29 29 1 4 102870 1
10 0 2 5 31486 1
22 0 0 18 77243 1
23 18 18 2 39629 1
19 26 2 28 36981 1
7 25 16 17 39461 1
3 18 1 6 41991 1
23 27 21 9 42676 1
18 25 14 16 22010 1
29 22 1 2 97379 1
19 15 10 25 32875 1
1 14 10 0 51916 1
26 7 12 25 54514 1
6 13 14 26 40828 1
0 18 3 6 39392 1
9 16 0 1 57456 1
14 21 24 14 36560 1
24 26 7 1 85091 1
26 4 14 6 26799 1
23 22 15 13 38816 1
26 17 10 10 46395 1
28 28 19 19 36409 1
14 14 2 14 28503 1
8 19 19 19 31908 1
20 6 0 20 64664 1
2 21 26 23 53046 1
24 12 4 28 72495 1
27 6 13 26 61565 1
22 8 15 4 29046 1
4 5 0 23 60647 1
3 23 27 2 82023 1
11 24 6 5 50124 1
11 19 5 4 50619 1
1 0 17 10 61203 1
14 10 0 25 53274 1
11 9 22 12 25318 1
2 12 1 25 41989 1
26 1 15 20 63137 1
26 14 0 20 67917 1
12 6 2 8 23954 1
13 10 6 2 31993 1
14 22 18 5 37904 1
23 1 0 19 83367 1
7 24 11 14 29198 1
28 24 13 6 55917 1
28 26 24 15 33480 1
20 14 9 9 26689 1
18 18 21 7 24497 1
2 20 23 2 80675 1
16 15 17 28 31899 1
18 19 10 0 49666 1
8 29 19 15 44695 1
9 27 0 11 56708 1
9 3 2 13 40950 1
22 17 17 25 28790 1
28 0 20 12 45885 1
25 10 6 3 49161 1
0 10 13 24 51446 1
3 7 6 29 65430 1
16 3 6 15 44591 1
21 3 2 2 44399 1
21 28 1 8 73217 1
0 4 4 10 25112 1
29 5 15 2 43338 1
19 12 17 29 37797 1
8 0 1 7 31793 1
7 18 25 4 69665 1
27 2 20 26 67234 1
16 28 24 18 44243 1
25 26 5 28 47203 1
3 18 20 8 59825 1
26 15 11 23 47744 1
27 29 18 22 27297 1
20 16 14 8 24464 1
13 29 6 16 40653 1
10 23 10 9 34407 1
4 26 16 11 60447 1
17 14 28 13 30331 1
20 1 2 26 83003 1
24 19 25 29 37363 1
15 21 10 14 29934 1
14 24 24 23 22168 1
18 10 24 16 22734 1
28 15 22 24 29278 1
20 8 28 27 54330 1
14 13 27 11 31585 1
6 2 4 28 77688 1
22 28 7 19 47432 1
4 20 19 0 74435 1
16 20 29 20 44640 1
27 14 17 26 44749 1
1 5 13 20 59695 1
5 14 28 26 66712 1
1 27 12 4 61826 1
5 26 22 23 41401 1
13 24 2 29 29846 1
8 19 21 1 65686 1
25 1 3 5 65197 1
11 27 26 18 48273 1
21 1 10 2 36580 1
5 5 27 24 76020 1
15 20 23 18 31533 1
0 20 9 25 29001 1
19 9 3 12 38223 1
17 6 17 19 25502 1
2 1 22 15 70338 1
10 27 27 18 46497 1
20 15 3 3 56509 1
11 8 26 2 44575 1
23 14 11 5 42661 1
25 4 6 6 47166 1
3 8 25 21 75049 1
3 12 14 16 36275 1
11 1 18 18 46569 1
4 0 22 2 60372 1
13 29 8 3 63149 1
7 28 28 11 72291 1
18 10 29 1 38603 1
5 4 14 7 27953 1
7 2 5 18 50359 1
4 13 18 6 39595 1
22 14 17 19 20340 1
22 10 0 0 63148 1
23 3 11 9 31585 1
8 2 3 15 48245 1
25 18 0 9 64230 1
1 3 26 1 60413 1
12 4 2 13 36194 1
4 13 0 19 27024 1
10 26 8 2 59790 1
2 9 22 14 42415 1
2 6 16 10 34390 1
1 2 0 27 76133 1
2 21 15 22 35781 1
22 8 20 29 52017 1
25 25 8 29 46067 1
3 5 25 26 86975 1
23 13 21 5 28985 1
26 24 8 26 36569 1
4 6 8 15 33154 1
4 28 26 27 45161 1
19 4 8 26 60805 1
16 4 10 14 40384 1
0 14 16 9 38282 1
16 9 24 15 29887 1
11 11 19 9 18308 1
17 0 24 27 62171 1
18 20 11 8 35004 1
15 29 20 1 71658 1
11 7 28 24 57935 1
6 15 19 26 48383 1
20 16 8 25 36646 1
9 10 3 23 53398 1
12 26 23 22 28254 1
12 0 19 23 55535 1
0 2 19 20 71582 1
6 2 26 13 60310 1
12 27 18 21 19723 1
13 7 10 22 36736 1
5 4 17 4 35290 1
2 11 7 3 30996 1
19 23 14 18 24421 1
20 23 14 7 42665 1
1 3 3 14 39646 1
6 10 5 29 57829 1
8 20 6 8 37050 1
18 22 24 10 34380 1
29 27 1 29 57891 1
18 22 25 29 32197 1
12 0 29 4 47199 1
0 25 20 2 78924 1
28 4 13 1 43556 1
2 22 16 25 34687 1
15 9 6 4 27147 1
20 12 15 23 37215 1
2 17 22 24 53022 1
18 12 1 14 44051 1
18 28 28 0 67792 1
9 0 3 22 77865 1
3 6 2 25 60780 1
0 5 4 20 56903 1
0 26 6 7 60838 1
16 4 26 8 34130 1
3 5 18 28 70001 1
29 22 5 1 89984 1
16 25 29 6 56590 1
20 26 18 9 40627 1
3 7 10 21 46772 1
20 10 6 2 43057 1
1 1 15 29 92539 1
15 28 26 16 47687 1
22 0 23 21 61318 1
23 25 11 8 54552 1
20 25 10 3 59595 1
11 12 16 29 49810 1
14 20 17 29 28972 1
12 1 5 26 66115 1
18 0 26 4 25276 1
13 14 1 10 32117 1
19 6 17 24 32448 1
12 3 5 29 67946 1
7 29 28 3 83839 1
12 9 29 3 39182 1
13 29 10 1 63784 1
28 10 15 4 37810 1
9 29 3 17 53326 1
16 13 10 9 20383 1
7 13 13 4 35893 1
22 2 8 28 70159 1
26 4 20 19 47721 1
22 7 1 19 65185 1
18 28 29 29 28242 1
27 6 8 22 65929 1
21 9 5 20 53548 1
12 14 16 3 30591 1
26 29 13 13 55204 1
26 18 20 23 30979 1
6 24 4 5 59718 1
3 25 12 18 31802 1
10 16 2 1 55979 1
13 5 29 8 37300 1
12 23 25 23 29767 1
8 9 7 22 41584 1
16 3 25 6 21944 1
22 0 7 13 55925 1
16 21 3 1 80713 1
21 8 0 18 59861 1
20 13 25 26 48780 1
4 3 9 22 62748 1
29 9 9 21 58887 1
13 0 29 18 67385 1
5 2 16 3 29532 1
23 28 15 7 52474 1
13 2 3 12 45595 1
5 0 16 1 48369 1
9 6 0 11 29525 1
25 17 10 22 48683 1
2 22 3 8 46061 1
9 17 28 10 48464 1
24 2 12 12 42009 1
12 5 23 19 47915 1
23 20 22 4 45360 1
26 27 18 7 46777 1
25 25 12 26 32126 1
1 23 20 20 47404 1
17 12 25 23 42522 1
12 9 16 23 39849 1
2 13 12 21 36880 1
25 0 18 24 66178 1
6 4 4 17 41999 1
14 20 16 0 56658 1
22 7 12 2 28971 1
17 6 17 27 37904 1
18 26 16 14 24961 1
0 7 2 23 51273 1
25 29 1 21 72306 1
3 14 18 1 51349 1
7 10 19 27 51439 1
8 23 21 20 36498 1
4 22 14 12 46315 1
28 22 24 8 36183 1
13 22 2 29 34885 1
14 16 4 10 33256 1
6 5 17 13 39259 1
22 9 2 28 65223 1
21 9 10 7 21389 1
26 3 27 17 28302 1
28 3 6 11 50354 1
7 6 14 10 20368 1
22 1 17 16 37551 1
8 23 19 29 33208 1
26 26 9 13 58354 1
16 13 23 17 27057 1
15 12 7 23 42016 1
18 28 25 12 47305 1
8 9 22 13 31449 1
15 7 26 7 23880 1
26 11 3 28 78309 1
8 24 8 4 54713 1
26 0 24 8 28631 1
7 29 29 18 67244 1
6 23 4 7 47527 1
29 9 8 28 65140 1
24 15 14 6 37678 1
8 20 23 28 46878 1
10 9 28 22 52939 1
23 0 21 10 36837 1
29 27 22 22 23017 1
9 24 24 20 40761 1
15 16 5 1 55857 1
5 11 12 8 19541 1
21 22 20 7 37293 1
4 23 29 14 69341 1
6 29 0 16 43814 1
3 22 20 10 62702 1
25 1 11 4 46824 1
3 19 24 12 64453 1
18 28 11 2 60660 1
12 4 14 28 49270 1
12 28 2 21 32864 1
19 12 11 5 30715 1
10 14 3 5 38889 1
26 15 1 29 75803 1
4 14 17 27 50598 1
24 24 10 28 31185 1
25 19 0 25 61073 1
17 0 19 17 39223 1
24 10 21 1 34296 1
12 2 18 13 29809 1
10 14 19 19 27048 1
27 10 1 15 58831 1
9 16 2 13 21593 1
16 24 3 16 37722 1
29 22 5 26 58157 1
1 2 2 14 44757 1
16 24 7 6 49801 1
15 0 5 19 66287 1
22 21 2 25 45737 1
25 22 17 27 27424 1
25 14 17 5 35756 1
22 16 6 13 38409 1
14 29 3 14 50870 1
21 12 19 28 41227 1
10 2 26 10 43660 1
8 21 9 0 65482 1
25 19 6 11 59126 1
17 6 25 17 38615 1
2 3 22 8 51064 1
27 22 4 9 59130 1
20 4 29 26 70401 1
14 18 0 0 66633 1
20 16 3 26 51376 1
28 8 27 24 33168 1
27 2 15 27 62256 1
9 15 2 23 38806 1
13 1 11 28 61312 1
5 14 1 8 29741 1
7 3 20 4 35478 1
27 17 29 5 28329 1
21 22 13 1 57545 1
20 23 6 16 42885 1
25 8 24 27 48250 1
7 17 3 25 35418 1
20 0 16 16 44157 1
24 25 3 10 67499 1
1 17 26 28 73270 1
26 8 8 27 61574 1
11 14 24 6 38498 1
3 25 23 22 45532 1
28 22 10 1 71157 1
25 22 7 8 62602 1
20 5 22 17 37995 1
28 12 12 29 60221 1
22 7 19 29 49539 1
17 27 4 12 57971 1
20 11 10 15 33107 1
27 21 8 26 44949 1
10 18 27 23 44140 1
7 2 21 17 59347 1
27 2 22 11 26872 1
11 16 22 13 28511 1
29 13 20 0 54466 1
26 29 0 7 84720 1
20 27 13 16 30990 1
5 24 4 6 55560 1
27 3 22 19 41975 1
9 10 4 2 37239 1
16 24 10 11 36865 1
27 8 18 12 19971 1
21 6 6 25 57516 1
19 11 3 27 55447 1
19 14 2 17 39673 1
29 27 27 9 37821 1
4 14 15 3 45119 1
25 27 23 14 38570 1
26 26 11 9 56105 1
5 8 13 15 31222 1
18 2 13 11 25629 1
15 18 1 0 74657 1
12 10 6 20 34159 1
27 14 14 1 42845 1
14 26 0 13 52645 1
17 4 0 1 46552 1
22 5 8 20 57352 1
13 6 25 18 49430 1
23 6 9 9 27140 1
6 23 15 15 35370 1
25 8 0 28 78200 1
27 21 9 0 73419 1
29 21 15 24 35716 1
1 1 13 27 81627 1
1 28 15 14 53482 1
28 15 21 25 35584 1
18 17 5 20 39245 1
4 6 18 24 55935 1
28 5 9 26 70404 1
28 25 23 7 46558 1
4 27 24 1 83961 1
0 14 12 26 46813 1
22 11 4 18 55616 1
25 11 21 5 29416 1
17 24 10 21 19272 1
21 2 15 10 28907 1
23 14 6 26 53463 1
8 8 17 22 42329 1
13 0 25 18 66723 1
5 3 17 20 59595 1
23 28 13 11 53401 1
26 3 4 22 83128 1
4 12 27 16 58319 1
2 10 4 24 45769 1
1 24 28 26 51887 1
22 1 0 10 54584 1
28 4 3 16 66597 1
9 16 21 3 44652 1
0 24 9 11 51885 1
18 9 29 15 29009 1
3 12 15 15 39680 1
25 14 26 29 38393 1
2 1 24 11 67488 1
27 0 13 11 45381 1
11 27 17 19 27374 1
15 12 8 3 33354 1
22 10 1 17 57865 1
0 22 20 5 75325 1
4 18 28 8 64000 1
9 25 29 5 69188 1
18 27 9 17 37778 1
28 3 19 8 29833 1
3 24 13 14 36093 1
21 28 29 19 37370 1
3 2 27 14 67936 1
5 6 3 19 46209 1
1 0 8 19 72995 1
19 0 16 23 52005 1
15 27 18 0 49828 1
14 2 3 11 40119 1
10 8 0 28 61993 1
12 24 2 19 32869 1
10 25 3 0 80845 1
14 4 14 20 33826 1
24 27 3 17 61809 1
5 19 9 25 26099 1
26 8 21 26 54047 1
3 9 15 6 24613 1
2 15 27 21 60268 1
13 26 24 0 77263 1
1 19 16 6 58309 1
3 5 28 10 54792 1
26 14 22 8 20767 1
26 26 21 19 29385 1
29 22 20 0 72254 1
15 17 6 19 29907 1
27 2 14 6 30944 1
6 16 17 1 53377 1
9 7 16 15 31800 1
18 13 5 2 48547 1
26 9 24 29 48603 1
1 18 4 28 39365 1
26 12 21 2 37645 1
18 24 20 11 29013 1
23 19 25 0 58556 1
2 20 29 22 65678 1
8 12 18 13 30324 1
2 6 22 2 46827 1
28 20 9 20 55674 1
5 9 7 23 43095 1
17 3 1 6 38665 1
20 12 29 29 58273 1
20 0 16 8 35739 1
4 8 26 0 64379 1
11 17 19 22 29616 1
23 0 9 15 63939 1
0 3 8 5 23802 1
10 14 20 20 33388 1
25 29 13 13 58715 1
1 0 14 2 43715 1
28 20 9 23 47000 1
14 24 12 2 45181 1
5 23 24 18 56024 1
22 23 1 16 54902 1
3 21 21 2 83323 1
22 13 6 12 42921 1
25 25 13 22 33608 1
8 3 18 24 54860 1
16 12 21 25 38549 1
24 1 10 1 42945 1
15 3 3 12 45628 1
4 8 16 6 31657 1
21 23 27 18 27130 1
9 7 22 9 25439 1
28 5 25 25 48458 1
28 21 16 15 39825 1
13 12 6 16 23921 1
13 13 15 27 33347 1
9 9 20 23 45393 1
23 1 10 11 46846 1
16 8 7 14 34777 1
10 15 14 26 27499 1
4 6 24 12 51327 1
14 28 23 19 37889 1
26 25 1 27 49394 1
11 16 23 23 39757 1
4 18 22 24 51977 1
21 29 9 22 41377 1
23 13 14 26 42984 1
15 17 11 1 45900 1
24 7 17 2 24481 1
28 21 7 2 75820 1
16 13 4 17 37240 1
2 9 7 2 29693 1
17 26 6 18 44336 1
19 1 29 14 45112 1
21 27 8 26 25665 1
16 20 15 3 41917 1
14 28 13 0 64114 1
6 15 17 9 32133 1
27 27 21 16 33973 1
5 27 3 18 36183 1
21 4 27 29 64676 1
22 5 26 11 22692 1
12 4 21 0 36265 1
11 2 12 12 24994 1
16 7 2 18 51035 1
16 24 23 28 22127 1
8 28 15 7 53448 1
15 1 29 25 74420 1
11 4 4 25 63440 1
18 8 27 27 46564 1
23 2 3 28 85862 1
25 6 28 26 46309 1
20 8 28 12 26045 1
24 3 20 21 55200 1
12 10 3 2 38799 1
21 16 5 22 47469 1
13 18 24 23 37965 1
12 23 4 19 30727 1
7 25 23 19 44961 1
25 21 4 9 68354 1
24 1 10 18 61964 1
1 28 27 6 82632 1
27 8 0 18 66438 1
13 25 11 9 35374 1
6 6 21 7 30887 1
3 28 17 26 32828 1
14 15 2 5 44479 1
24 14 27 1 31928 1
23 23 1 9 64928 1
7 23 23 24 30325 1
29 17 26 24 24949 1
25 22 21 0 67813 1
21 23 2 13 61338 1
28 12 13 2 44611 1
27 19 20 28 35444 1
1 2 1 18 56297 1
24 11 7 5 46524 1
21 23 28 26 22592 1
7 15 24 10 48096 1
5 27 23 26 37420 1
15 4 3 13 48416 1
6 5 2 23 59208 1
26 8 13 20 46890 1
26 10 7 26 66635 1
15 2 2 3 34331 1
3 27 10 22 22951 1
8 16 15 2 46073 1
7 4 18 24 57987 1
12 26 4 4 65895 1
17 29 22 20 31933 1
1 26 9 18 44742 1
9 0 26 24 77121 1
28 23 12 17 42829 1
8 23 28 26 42852 1
25 10 4 2 60724 1
13 16 27 18 31456 1
11 20 28 23 40652 1
8 5 0 26 70029 1
23 6 21 15 28374 1
14 12 15 1 28696 1
29 29 9 28 45293 1
18 25 15 16 19853 1
8 17 14 29 38138 1
0 27 2 3 70579 1
17 16 20 4 33737 1
11 22 27 20 40729 1
17 18 8 12 35198 1
23 13 11 25 46533 1
3 2 20 22 73750 1
2 16 17 12 41014 1
1 27 2 15 36862 1
28 21 14 6 50616 1
24 26 17 22 25936 1
14 9 26 19 40495 1
11 0 6 14 47069 1
13 23 8 1 56392 1
13 16 19 24 24738 1
3 4 12 2 27069 1
15 23 10 14 30346 1
19 8 17 0 25039 1
29 0 12 1 52945 1
7 19 2 28 34614 1
22 17 7 7 45201 1
11 23 20 19 29828 1
18 29 7 9 49861 1
19 9 0 10 32442 1
15 27 15 15 30093 1
19 22 1 2 77646 1
19 6 2 25 61392 1
2 12 11 13 30654 1
6 14 15 26 45934 1
18 1 4 24 61214 1
28 22 8 4 69610 1
6 29 21 2 77442 1
6 20 3 7 39779 1
26 19 13 22 42441 1
9 9 28 9 27535 1
1 15 14 16 27583 1
29 5 19 22 50653 1
10 1 22 7 35913 1
27 23 5 10 62685 1
19 7 8 26 52533 1
15 25 18 4 44766 1
16 2 1 1 49116 1
2 3 20 4 46640 1
14 1 29 29 76897 1
13 9 14 18 20722 1
25 8 9 4 44021 1
0 24 5 14 37809 1
29 28 20 4 71437 1
0 25 23 25 45931 1
26 21 13 20 43656 1
18 1 21 22 43105 1
24 16 16 1 48647 1
16 24 24 26 23201 1
11 10 27 22 51498 1
2 18 5 0 64130 1
4 17 20 7 51661 1
28 27 8 5 73408 1
6 2 24 17 65595 1
6 8 17 22 46147 1
6 3 2 27 71552 1
19 7 9 16 33767 1
28 1 3 10 60874 1
27 13 1 15 58910 1
19 17 3 29 56064 1
13 10 8 1 30342 1
12 22 13 1 47246 1
19 12 23 27 38045 1
15 22 19 12 30251 1
18 22 27 19 29858 1
15 8 19 14 23549 1
2 23 24 7 70020 1
0 25 19 9 58780 1
1 5 14 3 39429 1
4 6 25 26 79783 1
20 8 20 20 36042 1
27 25 22 2 56081 1
20 10 22 19 28163 1
0 18 27 4 73661 1
1 4 4 14 41754 1
1 4 21 18 73147 1
12 17 9 25 21042 1
22 18 4 22 54278 1
23 5 24 29 66461 1
28 11 20 17 34904 1
16 25 8 22 23904 1
4 2 0 18 57531 1
9 1 0 18 64037 1
14 27 4 11 55950 1
4 12 2 26 49805 1
6 8 27 16 47301 1
5 8 27 23 65632 1
25 20 26 1 47853 1
23 29 5 22 50538 1
3 18 25 13 62907 1
25 4 0 9 57537 1
19 15 12 26 30496 1
9 27 19 8 49981 1
7 27 19 3 60749 1
1 8 12 12 29277 1
17 25 8 16 34200 1
11 13 20 21 41542 1
1 22 26 6 80513 1
20 17 4 2 68101 1
22 15 10 14 29829 1
13 13 26 2 47615 1
26 8 27 20 24690 1
10 7 15 23 43914 1
23 27 8 10 56700 1
19 11 14 18 24562 1
26 29 19 13 46942 1
12 15 0 4 45093 1
23 27 12 12 46340 1
25 23 1 15 66871 1
22 25 8 29 35342 1
25 11 13 13 38511 1
20 3 6 7 34644 1
13 8 20 19 35993 1
27 27 6 7 69827 1
10 11 16 5 27286 1
18 12 28 18 33009 1
8 28 25 13 62838 1
9 21 23 29 46924 1
12 20 10 10 23339 1
3 14 0 0 47188 1
20 13 12 21 32737 1
4 6 21 14 46715 1
28 9 10 5 35954 1
28 14 15 25 49601 1
4 24 14 28 24706 1
20 26 15 21 36712 1
13 23 27 1 65976 1
3 22 14 3 67804 1
28 11 16 25 53042 1
19 21 14 7 37370 1
4 4 14 11 40972 1
12 0 20 20 53620 1
20 11 0 13 49396 1
17 13 7 13 30131 1
20 28 29 3 68731 1
28 2 4 18 76987 1
29 21 22 4 50575 1
29 6 12 16 45761 1
19 12 2 14 45337 1
10 8 2 6 20244 1
3 16 14 26 38566 1
14 5 8 26 53160 1
16 4 12 27 59208 1
18 23 10 16 26103 1
21 23 28 8 48153 1
26 27 21 13 43631 1
24 2 2 15 68025 1
20 19 15 26 32877 1
16 14 29 26 47498 1
2 18 20 9 50666 1
18 20 23 27 20373 1
5 23 14 26 23815 1
11 15 7 2 41163 1
9 16 11 5 31940 1
9 22 16 6 47342 1
25 26 18 6 53284 1
22 18 12 4 44752 1
