7116 7404 7734 6960 7668 6406 7157 6778 6807 6012 5424 6966 6068 6039 7625 6478 7726 7773 6241 5516 6995 6727 7781 5350 6087 7145 6843 7576 7551
2610 3714 3280 3354 1640 1886 2167 1958 2806 3378 2398 1878 2044 1512 1785 2960 2701 2855 1667 1592 2378 3188 3068 3470 1962 1686 1975 2212 3221
3914 4318 4248 4013 5155 4857 5331 5419 4617 5410 4383 6041 3677 5655 4043 4758 3899 3683 4031 4799 4015 4661 5292 4227 5180 4881 5655 4332 4771
4959 3669 5299 3178 3997 4608 3448 3723 4184 3426 5120 4519 4317 5288 4297 4134 4874 3339 2870 4016 5016 3193 3236 4996 4907 3031 5157 5428 5155
2539 3943 4313 3640 3254 2509 2553 2095 2312 4161 4306 3498 4173 2631 3234 3283 3189 3959 3044 2978 2893 3451 2366 2659 2660 2670 2519 4254 3717
1760 2110 1136 2593 1576 3280 1079 3621 1682 2641 1700 2480 1818 3110 3453 2284 1651 1341 2012 3480 1824 1513 2457 3219 3065 1467 1673 3568 2344
4438 4273 2610 3094 4666 3309 4295 4620 4184 2559 2739 4879 2653 4045 2863 4548 3602 4316 3624 2630 4746 3844 4326 3758 2798 2469 3649 2785 3982
6050 6051 5576 7700 8018 7158 7904 6005 7193 6109 6586 5546 5865 7296 7022 7692 6663 6771 6308 7702 6062 7230 5846 6762 7000 6822 7431 7285 7349
5603 3980 3491 4705 4666 4246 3293 3417 4268 4285 3337 5431 4723 5564 4310 5136 3398 4407 4148 3974 5017 5794 3416 5518 5820 3708 4571 5332 5810
4564 2994 5230 2895 3407 3366 4014 3358 3592 3080 3798 2764 2852 2738 5130 4878 3574 3758 2910 5005 5098 4026 2703 4406 3839 4366 3887 4933 3291
2703 3836 4404 4370 4204 4542 2678 4565 3159 4469 2725 4543 2894 2858 4630 4756 2756 3976 3212 4178 3024 3138 3826 4300 3003 3693 3191 4722 3325
4872 3369 5471 5395 5632 3757 5320 3715 4666 5170 5525 4078 3500 5444 3848 4818 5232 3401 5801 5246 3855 4603 4789 4160 4550 4356 4668 5250 4022
5669 6189 5887 5517 7286 5667 5570 5427 7636 6266 7175 5823 6897 6115 5347 6517 7117 6872 6202 6519 7543 6031 7451 5336 5362 5276 7423 5475 6875
7873 7479 6855 6570 6278 7202 6727 6199 6840 6770 7427 6812 7961 7972 5909 5734 5635 8033 6931 5867 7892 8044 7763 6993 7069 6363 6332 7452 5876
5742 7880 6465 6343 6067 7531 7308 5918 7059 8001 6626 7994 7478 6374 5819 6148 7627 7104 6879 7503 6587 6268 6559 7374 6921 7519 5942 5777 6072
8198 7790 7632 6332 6655 7307 7960 6675 6933 7057 7343 6538 6314 8215 7345 7050 8199 6684 7641 6077 6366 6903 6156 8409 6981 8403 7305 7306 6760
2855 2384 4170 4670 4808 3730 3922 3595 2596 4333 3792 4633 2711 3845 4810 2818 3070 4085 4749 3558 3638 2731 4281 3680 3088 3051 2479 4239 4393
2462 3667 3345 3058 2459 1933 3370 2892 3762 3086 2871 3314 3120 1933 3288 3355 4148 1947 3596 3134 3762 2362 2656 3732 3284 2178 2978 3823 3719
4227 3932 5476 5025 3440 5270 3359 4890 3114 5294 4019 5111 4717 3426 3242 4253 3664 5234 5629 4581 4660 5193 3900 5142 4724 5001 3594 3519 4794
3964 6453 4413 4457 5302 4341 4542 5362 5256 5153 5827 4216 5969 4585 5008 4799 6220 5594 6017 6350 6121 4073 5996 5142 5363 5128 6287 4716 4696
4657 3216 5141 4381 5189 4401 3296 4842 4694 4316 3945 5062 4191 4776 3617 4761 3385 4644 4569 5687 4841 3717 4112 5196 3233 5088 5622 4082 4395
5671 7400 6959 7334 6903 6675 7394 5047 6985 7189 6918 5643 7078 5743 7457 5393 7432 7446 6386 7117 6698 5248 6322 5453 7547 7167 6676 6060 6173
5358 5381 3794 4670 5322 5046 4292 4540 4001 5455 4669 4009 4979 4047 5410 4365 3361 4301 4515 3379 3260 3012 5472 4844 5342 3080 3431 4063 4258
5431 5012 6156 5868 7130 5331 5080 7252 7212 6102 6705 6466 6937 5387 7485 7128 7337 7295 6018 5528 7424 5175 7397 5769 5177 6447 6138 5667 5575
4993 3427 3442 4998 3679 5254 3820 3579 5166 4625 3949 3397 3727 5035 4913 3290 4365 4441 3238 3661 4654 3752 5503 4282 4990 4005 3348 2945 3776
8272 7431 6293 8200 8023 8235 6606 6931 6719 8061 6765 8256 6495 6359 7070 8266 6993 8439 8066 7582 6631 7539 7577 6569 7962 6593 6623 8046 7935
7885 7927 6140 6433 6463 7009 7754 6580 6918 7732 8195 5989 6929 6170 6711 6228 7429 6931 6428 7507 6276 6050 8297 7046 6787 7187 7987 7209 7973
5671 4692 4767 3715 5478 4565 3736 3704 3662 3627 4142 5697 4499 4436 4374 5089 4208 3558 5130 5494 4914 4479 4527 4813 4261 4314 5746 4010 4731
6427 4427 6103 5406 6669 5243 6344 6302 5096 6149 4368 5567 6048 4807 4324 4758 5743 5428 5707 6635 5581 6475 4483 4162 5965 4620 6459 6478 5230
5460 5709 6881 7476 5909 6731 7186 5503 5705 5356 7346 6419 7829 7342 5470 7228 5858 6617 6755 6784 6184 7470 6403 6113 6700 6920 5742 5950 7598
6732 4062 6295 7470 6082 2804 3062 3856 6152 1890 3100 1866 3658 4111 3876 7750 2421 6786 4838 3744 6564 6396 2840 3519 5807 4716 6777 5442 7996 6410
6987 3238 7514 6741 4550 4393 1771 6345 5535 2582 3631 2110 5042 3214 4506 7192 1780 6602 4350 4896 5095 5878 2674 4222 6345 3599 6465 3946 6575 6912
7021 3966 7161 5234 4943 2634 2806 4829 5614 3601 4773 2190 3860 4590 5125 6544 1312 6861 4483 2980 7203 5597 4070 5403 7359 3807 6578 5001 8158 7094
6684 4355 8070 5492 4675 3610 2060 6262 6380 2855 3159 2698 4817 2275 5133 7708 3541 7374 6659 4743 6620 5267 2465 3639 7785 2415 5429 5563 7021 7354
6897 3303 5770 5573 6327 2724 1914 4708 5336 2164 3889 1842 5443 3290 3956 8447 2165 8239 6796 4567 5126 5593 4029 4712 6404 3905 6563 5774 7730 7771
7191 4949 5794 7525 6198 4673 3153 4473 4929 3678 4709 1726 5261 3583 5241 6354 3547 8077 4803 3316 6959 5987 2715 5284 6227 4647 6768 4772 8211 7659
5462 2988 7713 5325 5033 2910 3470 4805 6422 1937 4009 3472 4856 3597 5585 7556 1474 6957 6630 3204 7233 5149 4342 4649 5971 2417 6830 5028 7844 5969
5610 4611 7659 7480 5777 3411 2012 4616 4410 2912 5246 2998 5844 3040 5708 7991 1903 8718 5126 4705 4962 4628 3094 3834 6346 3552 6779 3639 7793 7653
7606 3837 6176 5306 5202 4657 3552 4337 5816 2797 5039 1972 4292 2956 4391 7352 1224 6392 5883 3542 6680 5610 2948 5132 6998 2372 6015 5203 6180 7738
6231 4706 7809 7195 5191 3393 2671 4084 5490 2771 3115 3685 4400 4247 3589 6532 2969 7733 5375 3591 6130 6444 3521 3941 8007 3454 7495 4187 7858 6014
6911 3159 6497 5874 5193 3213 1852 4997 3923 1961 3160 1221 3487 4351 4962 7010 2497 8215 5529 4748 6886 4930 4076 4861 5908 3287 6942 5383 6179 7525
7650 3582 7896 6633 4709 4698 3313 6221 6021 3773 3167 1537 5046 3578 5678 7916 3341 6834 5836 4215 6292 5867 2508 4403 8048 4013 5301 4700 7742 6213
7887 3473 7016 7578 6479 2737 2120 5817 3941 1819 3662 2766 4246 4642 5606 7938 1833 6908 6499 4215 5456 4759 2405 5349 6326 3876 6175 4334 8304 7216
6860 3460 6220 7231 5191 3052 3775 4029 4126 1720 5041 1527 3393 4285 4190 6994 2464 7679 4723 4313 5217 6186 4696 3906 6175 3974 6388 3770 6918 7948
5486 2991 6975 5502 4642 3650 2796 4753 5885 2941 3569 1518 4887 4647 4232 7751 1131 7996 5696 2582 6302 5022 3140 5816 7545 2619 5651 4003 6532 6196
6409 2831 6659 5615 6411 2669 2056 4239 5372 1934 3629 2882 4214 4608 4015 7825 3712 7163 5537 3162 6894 6806 2701 4076 6899 3086 5524 4231 5885 7269
6478 3426 7289 5222 4280 3499 1712 4540 4904 2075 3430 2438 5048 4561 4613 6540 3297 6905 5683 3525 5969 4584 3401 5029 5885 2586 6413 4971 7087 5808
5590 3712 7371 6616 5765 3284 3906 6197 4326 1515 3198 1875 3596 4555 5363 7296 1625 6545 6322 3501 5454 5468 3950 3501 6980 2927 5081 4650 5953 7199
6429 3266 6865 7251 6363 2741 2258 5299 5903 3671 3719 2908 5100 3215 3660 7592 1964 7343 4688 4949 5300 5761 4730 4756 7033 4570 5504 6000 6796 6364
6973 4703 5836 6097 4465 3271 3124 5780 6301 1602 3441 1506 5869 2166 6132 8018 2760 8074 5158 3652 6088 6877 3942 4823 7379 2572 7173 4598 8033 6484
7047 4228 6188 7091 5100 4574 3305 5042 4838 2092 3601 3401 5671 2472 5417 6421 3161 8647 6560 3812 4875 4490 2225 5372 6064 3186 7087 3651 6383 5802
7400 2604 6683 6268 6753 4943 2816 4338 4627 3451 4243 1338 3557 4373 3640 7630 3703 6386 5839 3890 6085 6880 3679 4678 6390 3749 6825 4471 5942 7024
7473 3608 6519 6247 5881 4455 3467 5467 5257 2651 3833 2871 4042 3703 3790 7244 2758 6492 4335 5021 6803 6068 3047 5989 7093 2861 6559 5825 7286 6745
5408 3681 5744 6595 4949 2582 3651 5657 5566 3727 5310 1895 3590 4124 4686 8542 3014 8720 6499 4421 7202 5481 2984 4292 7478 2988 6394 5774 5939 6022
6356 2827 6624 6782 4546 4845 3208 4056 4769 2219 3889 3023 3433 2921 4790 7345 3407 6671 4633 4830 5829 6818 2256 3694 7727 4184 5555 5669 6508 7350
7356 2693 5876 6364 5230 4107 3020 6132 6220 2914 3977 1143 5200 2254 5087 7351 3043 6993 5340 4831 6884 5510 4217 3463 8137 4613 7488 5123 6703 7622
6105 4556 8095 5930 4958 3610 1946 4434 5467 1797 3096 3289 3698 2317 3800 8344 3074 7899 5353 3734 6918 4524 3270 4352 7906 4257 6882 3652 5964 6375
6278 2979 7484 5721 6235 3634 3569 5344 4765 1363 3373 2266 3640 3149 5310 8379 2247 6357 4990 4987 7179 6797 2716 3932 6780 3073 6722 4687 6649 6288
6131 2511 7380 6359 4924 5054 2509 6074 6149 3205 4241 2769 4023 2446 5295 7543 2855 6646 4711 3440 7258 6560 3770 4797 8259 4762 5072 5594 7505 8119
22 14 5 3 69977 1
10 26 3 14 54512 1
13 17 16 6 48942 1
22 25 6 14 78881 1
26 29 16 18 79103 1
1 12 22 2 87595 1
3 11 1 23 31928 1
17 12 1 8 48478 1
11 13 28 17 66387 1
27 22 10 8 90067 1
14 25 24 22 42520 1
19 10 5 21 60808 1
16 12 17 27 49625 1
9 12 17 29 76667 1
3 5 8 16 38825 1
20 5 5 11 54434 1
21 1 0 15 97385 1
18 13 25 28 80826 1
21 4 26 17 78358 1
18 0 1 1 66814 1
12 29 13 4 115764 1
5 3 20 0 63597 1
20 15 2 21 66371 1
12 20 29 2 123856 1
12 11 8 0 49974 1
29 6 20 18 72345 1
7 5 27 15 83461 1
21 5 17 24 72131 1
9 26 17 9 78361 1
17 25 3 13 71601 1
10 20 26 22 60119 1
0 21 6 1 62975 1
5 7 15 9 31612 1
4 25 15 3 94994 1
7 8 21 8 46334 1
2 20 16 15 51006 1
3 3 28 26 140577 1
25 24 11 5 107358 1
8 12 24 20 74330 1
10 17 17 0 68946 1
24 11 11 11 28462 1
4 8 29 21 114154 1
25 20 15 2 95011 1
8 22 8 4 63289 1
11 2 22 16 80231 1
16 15 2 5 62693 1
21 9 15 22 54898 1
25 6 1 0 83252 1
22 21 29 7 75950 1
5 7 29 25 124432 1
3 8 8 14 33626 1
19 8 12 17 50963 1
14 15 16 1 60915 1
13 21 17 6 68023 1
22 19 5 22 66603 1
11 27 15 2 112267 1
24 5 2 21 105515 1
9 24 14 0 107099 1
8 3 25 1 67565 1
7 5 28 28 143181 1
10 23 15 17 43575 1
20 3 5 9 59663 1
17 29 14 17 54880 1
18 13 5 19 46942 1
2 16 22 22 71451 1
10 7 3 16 44016 1
29 5 19 24 104943 1
26 5 20 11 43881 1
18 17 24 4 65696 1
23 10 21 20 52953 1
16 15 1 10 50288 1
8 9 11 23 59894 1
23 12 13 16 44397 1
14 6 3 0 49139 1
18 27 19 5 77376 1
14 9 14 22 56108 1
14 10 17 19 38129 1
6 27 6 17 34601 1
10 13 4 8 28848 1
25 13 25 25 59229 1
1 28 10 8 68373 1
16 28 5 27 50206 1
15 10 1 9 44381 1
7 6 25 3 68107 1
21 7 7 23 91232 1
20 3 14 28 102538 1
0 23 11 28 56636 1
25 19 8 8 80743 1
5 8 20 8 43482 1
6 24 1 17 34119 1
23 0 22 11 55817 1
7 10 13 27 79924 1
18 22 0 17 70576 1
11 18 19 6 60514 1
29 17 0 29 116044 1
6 8 13 26 78640 1
3 16 29 17 74567 1
1 26 10 1 86095 1
29 8 17 12 44605 1
21 5 22 27 98930 1
14 19 11 29 58242 1
2 2 20 8 72265 1
18 26 2 22 65267 1
24 6 5 2 63594 1
25 20 16 19 42261 1
25 28 3 8 124361 1
5 0 10 27 80211 1
9 5 7 14 39661 1
15 4 27 4 55500 1
7 0 25 18 110366 1
23 13 8 12 48349 1
21 11 16 29 70069 1
4 5 5 20 36775 1
23 3 7 5 68198 1
29 11 5 22 80992 1
9 4 20 18 69934 1
22 4 4 10 70966 1
26 19 8 20 76774 1
26 11 14 12 34792 1
18 23 7 0 103048 1
10 15 10 26 39862 1
0 20 8 24 44453 1
5 28 13 8 72249 1
11 28 0 15 72218 1
11 14 17 10 28561 1
28 20 13 6 94357 1
13 28 0 28 72790 1
3 17 21 7 78301 1
17 5 1 18 69713 1
1 5 12 16 50525 1
3 16 20 17 44832 1
15 24 1 21 64436 1
25 25 5 10 99895 1
25 1 17 3 35641 1
1 4 10 8 34178 1
29 23 10 20 75385 1
9 28 15 14 73078 1
18 28 5 23 59492 1
3 12 23 17 70363 1
13 2 2 14 77108 1
16 9 7 13 34873 1
8 5 23 25 104326 1
2 6 20 24 99921 1
22 29 8 15 88061 1
25 13 7 8 60123 1
17 20 2 5 76752 1
12 4 7 14 54454 1
20 15 21 1 65295 1
5 22 23 6 86478 1
15 22 21 14 45195 1
24 28 0 29 102264 1
28 14 21 22 52132 1
1 2 8 9 33620 1
17 7 28 2 59653 1
13 13 28 19 73069 1
23 28 9 3 121936 1
9 18 26 24 84031 1
7 1 7 15 51700 1
0 1 13 20 89726 1
12 15 16 5 54816 1
28 22 12 6 96981 1
29 3 24 8 41411 1
20 25 10 16 56965 1
22 9 1 1 71456 1
16 5 21 13 39427 1
12 8 0 0 62787 1
23 29 7 16 91573 1
29 26 7 13 117165 1
2 18 24 25 94615 1
17 22 9 25 36567 1
27 28 21 17 68298 1
9 0 14 23 102155 1
13 25 19 2 94007 1
7 29 2 9 67316 1
19 4 28 17 79870 1
0 23 10 24 42122 1
5 3 9 21 59810 1
3 0 12 16 64044 1
23 11 24 24 56153 1
22 19 17 7 53011 1
28 1 3 15 115506 1
2 18 13 21 56791 1
10 17 15 3 70309 1
2 26 1 12 39333 1
13 13 24 3 73533 1
14 21 27 13 71955 1
28 7 1 22 104870 1
17 13 8 2 58672 1
8 19 15 0 92246 1
26 14 10 28 98359 1
24 4 1 29 124098 1
11 12 27 20 78655 1
0 28 3 6 64213 1
3 18 13 12 52953 1
27 14 2 10 73701 1
20 5 1 13 67196 1
12 15 2 20 45565 1
22 1 9 26 121360 1
0 1 6 14 49136 1
22 3 25 17 73523 1
0 26 16 12 80300 1
9 16 9 2 51102 1
17 19 11 13 39579 1
19 6 14 27 81074 1
2 5 26 22 111472 1
9 3 12 26 92828 1
21 5 2 14 77788 1
26 15 2 22 83440 1
12 9 10 22 52893 1
9 19 21 8 68000 1
14 27 3 0 109164 1
20 21 1 4 94077 1
1 27 7 7 64483 1
16 18 26 11 45422 1
19 16 25 0 85943 1
10 10 23 13 40333 1
29 25 9 18 93182 1
24 19 2 10 84679 1
29 11 19 25 79412 1
5 3 23 20 96281 1
25 7 28 18 62552 1
1 7 2 21 37790 1
12 26 18 15 55916 1
6 4 12 28 94368 1
22 4 3 26 110539 1
27 24 20 14 62184 1
29 18 21 8 69500 1
6 14 29 19 83088 1
4 7 10 0 38956 1
22 16 2 11 62480 1
18 2 4 2 58903 1
8 4 14 29 115241 1
0 1 4 10 35694 1
9 15 12 4 49485 1
16 14 0 3 70117 1
29 9 22 17 49287 1
13 1 1 10 60860 1
14 20 21 8 63295 1
21 28 16 14 69661 1
3 24 15 11 62114 1
11 17 6 25 44055 1
1 21 24 23 86033 1
22 19 8 4 85896 1
15 17 2 14 46401 1
0 2 16 17 77304 1
24 6 14 2 52781 1
18 3 22 21 76702 1
21 7 19 23 71741 1
14 0 7 27 108572 1
4 24 2 1 67062 1
2 25 8 18 40126 1
2 1 16 18 79437 1
0 27 27 27 107362 1
19 11 23 19 46253 1
18 27 28 22 52672 1
28 25 5 8 116049 1
20 20 16 3 68297 1
1 14 2 23 26416 1
23 29 8 3 130959 1
26 14 10 1 87104 1
24 25 26 15 51564 1
6 15 11 7 40497 1
2 6 21 18 80978 1
10 3 22 13 64617 1
3 15 29 13 83195 1
6 10 19 6 44335 1
20 3 19 29 104894 1
11 8 19 1 46247 1
3 17 21 1 97301 1
2 25 17 8 80328 1
12 19 22 1 91454 1
28 24 5 28 91536 1
25 7 2 18 92656 1
26 12 22 23 58414 1
21 14 27 0 76655 1
18 1 8 14 64474 1
27 24 19 1 112586 1
4 19 28 20 91990 1
8 3 3 10 36981 1
14 29 22 5 107214 1
16 25 8 18 52196 1
7 12 4 28 52917 1
18 14 0 0 83962 1
10 11 3 22 45313 1
27 29 3 8 138093 1
27 4 18 24 97421 1
4 16 21 18 52495 1
16 0 0 29 121352 1
14 26 24 1 115686 1
9 12 7 4 38025 1
6 18 5 3 39112 1
25 20 18 6 74364 1
15 16 5 13 31230 1
24 2 3 17 105269 1
21 23 4 19 72039 1
29 25 1 15 113401 1
9 28 13 9 81845 1
25 12 0 4 79248 1
12 10 23 28 96801 1
11 16 16 29 59523 1
6 4 10 16 46039 1
28 20 19 17 55658 1
17 7 13 15 43937 1
16 23 11 10 59834 1
21 7 23 21 70697 1
8 1 21 23 110569 1
6 1 28 12 85191 1
10 23 21 15 57288 1
19 17 4 2 77424 1
29 23 7 13 102795 1
1 14 13 21 57362 1
20 6 24 26 93851 1
3 6 20 10 51778 1
25 9 3 19 81788 1
22 17 21 1 75945 1
28 1 13 6 63658 1
25 28 22 2 122609 1
17 11 29 1 70827 1
14 5 8 22 76794 1
11 25 3 1 82512 1
25 3 4 20 110578 1
29 3 7 4 94586 1
28 28 5 18 112762 1
22 17 4 22 61816 1
21 0 3 23 113943 1
6 23 19 29 66275 1
3 13 7 2 42678 1
2 17 3 8 32001 1
17 23 20 5 63825 1
12 13 8 29 76719 1
12 17 10 2 67752 1
15 4 11 17 66757 1
23 23 22 10 59751 1
2 7 8 18 49877 1
16 23 28 29 69033 1
22 26 11 14 73149 1
8 16 1 19 22945 1
9 11 17 25 61205 1
3 2 13 10 54397 1
5 26 14 9 61888 1
2 21 13 2 94418 1
27 12 3 10 65436 1
29 24 13 29 83890 1
18 4 1 7 51857 1
3 26 26 10 97477 1
14 10 4 3 49068 1
8 4 3 24 67864 1
21 25 23 4 102390 1
2 11 29 10 68596 1
6 6 6 23 45883 1
3 7 14 18 66302 1
9 24 7 14 47858 1
1 7 13 23 74710 1
11 21 26 9 83824 1
19 18 27 5 75990 1
24 22 15 25 39901 1
16 28 11 19 49232 1
1 22 11 6 60833 1
8 28 5 14 48210 1
23 23 12 9 76941 1
12 18 15 11 43505 1
26 28 27 4 114427 1
10 27 24 26 57183 1
13 6 25 18 73754 1
22 20 29 23 34042 1
26 12 7 16 65012 1
21 3 13 26 106130 1
23 13 8 3 72466 1
7 0 2 7 36793 1
7 27 6 16 37049 1
28 20 28 7 69092 1
11 4 29 0 80826 1
7 6 10 23 62055 1
27 21 17 7 79434 1
28 16 13 12 59098 1
23 23 0 8 108327 1
11 27 21 22 53673 1
18 8 26 4 44587 1
9 8 27 3 72126 1
21 12 15 3 49601 1
8 13 9 4 33187 1
26 1 19 9 52408 1
12 21 26 12 82282 1
18 13 6 2 63833 1
29 25 6 2 139890 1
7 15 6 27 41187 1
28 10 26 27 85825 1
12 12 28 14 55320 1
1 6 10 18 49533 1
17 6 29 0 61290 1
15 27 22 8 78267 1
1 7 4 28 61437 1
21 17 8 6 68536 1
24 14 28 22 44773 1
21 2 13 14 73526 1
11 2 26 3 68521 1
10 0 26 13 83637 1
3 24 20 26 66267 1
22 3 6 18 93831 1
20 29 2 5 121429 1
23 18 3 5 86503 1
2 26 12 15 58110 1
3 13 25 27 107476 1
25 23 4 20 81764 1
15 18 7 25 58447 1
3 19 9 28 51042 1
18 4 3 27 99145 1
13 26 3 2 98918 1
2 13 29 15 88409 1
19 22 3 9 79526 1
3 26 19 21 69460 1
1 15 12 2 68994 1
12 20 0 3 82577 1
19 7 11 3 41262 1
22 14 6 26 80058 1
29 29 29 18 72478 1
22 11 10 28 87332 1
12 7 28 2 74312 1
10 28 19 23 50320 1
7 25 17 24 36103 1
15 11 14 20 46793 1
3 9 2 23 43809 1
17 6 14 28 81739 1
4 24 12 13 52165 1
17 10 2 26 78396 1
14 16 17 7 35761 1
20 4 14 10 39774 1
0 10 12 4 52768 1
10 1 10 25 90046 1
25 13 15 10 35698 1
9 28 12 17 56449 1
18 17 12 29 67822 1
10 2 1 14 56921 1
5 6 3 26 52849 1
14 4 26 15 74773 1
18 7 8 8 35578 1
13 12 1 26 69775 1
4 9 19 19 67183 1
8 5 19 19 73981 1
9 24 26 10 91808 1
21 27 22 2 113067 1
16 13 23 4 56048 1
13 0 0 13 77469 1
25 5 22 27 101369 1
27 10 18 17 47690 1
1 20 7 12 37552 1
13 7 4 15 51486 1
6 25 19 2 103689 1
18 15 7 14 43500 1
2 3 22 24 118452 1
18 0 9 17 77892 1
28 28 21 2 141685 1
27 16 21 1 80347 1
0 8 14 20 78773 1
20 12 4 15 52546 1
17 16 4 13 40705 1
4 3 16 1 49406 1
21 25 1 0 119436 1
14 25 2 28 55402 1
6 8 28 13 68198 1
29 2 2 19 133020 1
6 24 4 7 46677 1
24 27 20 7 93903 1
0 16 15 16 33602 1
1 25 8 8 58041 1
27 11 22 26 74155 1
11 17 14 26 55787 1
20 17 13 6 51064 1
29 1 25 15 75774 1
7 29 19 26 66715 1
10 20 10 8 44156 1
23 5 5 12 69323 1
26 25 14 27 48000 1
1 25 13 3 93373 1
21 28 5 5 115276 1
12 4 25 23 106086 1
17 18 9 27 57038 1
23 9 22 22 57413 1
26 28 16 10 96223 1
21 25 25 19 41270 1
19 16 1 23 59228 1
5 15 22 10 54300 1
13 20 18 28 50311 1
4 29 15 15 66128 1
15 28 26 17 79725 1
9 24 22 4 104905 1
2 9 28 5 83878 1
20 13 6 23 66181 1
28 0 3 4 104258 1
19 0 8 2 46387 1
21 6 24 23 80515 1
3 7 16 17 59484 1
0 27 11 18 63029 1
14 29 23 1 124394 1
23 10 1 21 77484 1
0 25 2 16 29377 1
17 26 6 1 99703 1
4 15 18 11 43070 1
13 15 1 15 36280 1
27 23 12 27 68088 1
6 20 18 21 53252 1
16 13 7 1 62003 1
5 17 5 2 34104 1
15 11 11 28 77180 1
21 16 12 24 57589 1
0 2 15 23 99561 1
28 10 16 18 55345 1
4 1 25 24 124096 1
9 29 25 1 143065 1
26 10 7 19 80020 1
21 10 4 22 70572 1
26 17 6 1 101768 1
27 9 12 13 54842 1
6 14 21 23 73313 1
22 2 7 16 88233 1
2 29 16 3 112607 1
12 26 5 6 73448 1
2 26 8 1 81749 1
23 2 19 19 88840 1
19 9 24 16 39730 1
25 19 9 8 77270 1
3 2 25 2 91193 1
10 15 7 3 56869 1
27 4 14 4 58562 1
24 4 13 21 97439 1
0 11 22 14 62511 1
19 20 7 15 55136 1
5 17 29 10 76662 1
2 16 10 22 35459 1
4 1 22 21 99287 1
23 12 5 18 62958 1
29 29 3 29 131858 1
24 29 11 22 65450 1
17 28 4 18 72031 1
8 28 15 15 69052 1
19 7 5 22 73448 1
24 3 17 9 44438 1
13 8 27 29 118489 1
23 8 12 23 85299 1
10 3 20 8 48166 1
29 2 21 13 77172 1
19 26 2 12 92403 1
8 6 16 0 44590 1
26 8 20 19 65135 1
23 12 3 19 74280 1
23 3 4 18 101788 1
8 13 0 29 66250 1
29 11 9 27 104053 1
28 0 4 9 100774 1
3 18 0 26 34621 1
4 6 15 28 99166 1
24 3 19 18 80169 1
11 19 12 29 51712 1
5 26 28 11 88431 1
18 22 29 25 51786 1
8 26 20 23 51473 1
13 10 25 13 41631 1
27 2 22 24 103129 1
28 12 14 2 77317 1
27 20 11 22 62544 1
21 24 8 1 116022 1
5 27 2 0 73803 1
24 6 12 29 117368 1
10 21 27 1 115768 1
12 15 26 8 70383 1
12 12 11 23 52642 1
2 26 15 5 93110 1
13 17 0 4 65715 1
17 26 20 0 92590 1
8 9 26 28 115599 1
22 2 3 6 70697 1
0 16 19 19 58752 1
11 6 24 21 86107 1
20 20 10 26 57986 1
14 20 24 7 74586 1
25 13 0 20 87979 1
4 25 19 8 80786 1
8 10 17 11 22883 1
21 16 9 7 54279 1
21 24 15 8 76520 1
4 19 28 19 85355 1
27 10 8 5 66281 1
23 8 1 4 70366 1
18 2 29 25 121408 1
0 3 27 27 148697 1
23 19 10 10 62035 1
17 16 19 3 48708 1
6 16 18 16 27470 1
7 24 27 4 121641 1
15 26 13 16 48762 1
20 0 13 17 78030 1
0 0 19 17 94101 1
28 15 29 4 60065 1
9 8 1 4 31636 1
25 19 13 17 52098 1
7 26 27 13 103555 1
23 26 15 20 52648 1
0 10 28 23 111881 1
11 15 3 2 62151 1
17 16 27 29 82012 1
23 29 27 10 90941 1
12 25 14 2 106007 1
20 6 15 27 80195 1
11 21 19 2 92434 1
23 23 5 17 76528 1
9 12 26 2 86675 1
16 7 2 25 80682 1
17 16 5 26 51421 1
0 5 15 16 58757 1
1 25 27 4 121805 1
13 5 21 24 91304 1
8 1 3 23 68662 1
0 8 6 2 33207 1
15 20 6 14 51075 1
18 28 2 17 82255 1
17 20 20 12 34943 1
11 22 5 16 32517 1
10 3 7 12 43683 1
5 0 23 7 68893 1
5 2 24 0 76918 1
29 29 10 5 147456 1
22 18 14 8 55851 1
19 3 28 9 50270 1
19 28 11 12 80498 1
8 19 24 16 53406 1
7 15 5 23 26991 1
3 28 2 4 71879 1
6 6 23 10 59335 1
14 11 5 12 23384 1
23 27 1 26 84635 1
10 15 16 26 55665 1
13 9 27 0 74299 1
23 2 20 17 77780 1
7 13 25 21 86146 1
0 27 7 6 68349 1
19 25 21 16 45117 1
26 14 11 0 89341 1
13 7 19 0 42470 1
17 20 11 8 52720 1
24 23 29 16 44240 1
29 18 26 29 68495 1
14 0 13 11 53798 1
11 15 18 18 31119 1
22 1 26 17 83469 1
8 27 6 3 75157 1
24 15 3 19 65981 1
17 10 29 16 51492 1
19 3 29 3 55742 1
24 28 4 19 93159 1
8 18 16 7 56843 1
14 28 20 7 88039 1
5 16 5 26 22029 1
18 5 28 28 120138 1
3 27 17 8 84709 1
0 29 26 4 140284 1
7 13 11 22 46069 1
5 22 25 10 76340 1
1 17 20 16 47240 1
27 24 5 3 120864 1
23 17 0 27 93240 1
19 27 13 12 72769 1
12 24 5 8 65332 1
18 0 26 15 79356 1
28 11 15 26 80307 1
3 20 3 5 49990 1
6 23 18 23 47315 1
4 8 28 28 135284 1
11 26 26 10 95750 1
12 13 17 20 43241 1
5 9 11 28 72007 1
14 28 26 16 76183 1
29 11 17 7 40895 1
23 18 0 0 109502 1
3 16 22 20 63867 1
21 16 3 7 69221 1
0 21 28 28 125558 1
13 12 27 4 67340 1
3 5 22 27 113429 1
27 19 15 2 95897 1
27 9 18 25 77576 1
19 7 11 5 30235 1
3 18 28 16 74067 1
4 7 26 16 78884 1
9 13 24 7 56303 1
21 12 1 24 83013 1
19 22 8 21 43870 1
14 25 18 1 86077 1
17 7 25 11 31428 1
16 19 24 17 36566 1
14 20 9 2 88275 1
24 7 15 3 44634 1
14 14 22 27 71308 1
20 19 5 17 49990 1
1 13 18 1 74141 1
26 6 1 0 86272 1
0 28 4 3 75676 1
15 7 3 18 69083 1
26 17 5 7 85045 1
11 7 16 16 46907 1
0 12 4 2 38596 1
14 6 7 24 78377 1
0 22 6 2 61342 1
0 9 18 6 53760 1
6 15 4 27 36819 1
28 12 16 15 48872 1
25 20 1 11 88888 1
26 2 9 16 102273 1
29 10 10 26 102515 1
20 3 4 19 86720 1
4 25 25 2 124848 1
9 4 17 12 43860 1
23 23 12 1 107119 1
8 21 17 28 53841 1
16 6 20 22 64274 1
24 28 29 10 87876 1
22 4 7 8 60744 1
28 5 8 6 62747 1
1 29 14 8 84767 1
3 3 21 25 110344 1
3 29 16 10 86290 1
9 21 1 2 70337 1
5 21 9 11 33621 1
25 26 29 0 129301 1
1 16 5 1 40437 1
7 24 15 8 78324 1
29 5 24 19 71541 1
17 17 29 6 67356 1
9 11 21 16 42094 1
12 2 28 28 151151 1
29 1 8 5 83923 1
27 6 26 23 79628 1
10 23 20 16 48734 1
3 25 29 5 121766 1
15 6 24 27 93586 1
13 9 3 2 48537 1
3 14 9 27 55618 1
13 10 29 14 59139 1
3 0 29 15 110503 1
19 5 20 24 78830 1
2 21 25 4 113740 1
7 14 15 2 75509 1
20 0 24 21 98304 1
6 27 13 14 58905 1
0 21 13 8 68442 1
20 20 21 0 91667 1
0 1 6 29 84861 1
19 12 6 7 48258 1
2 27 12 28 54725 1
21 22 23 3 92530 1
27 7 21 20 70365 1
20 18 29 5 79076 1
15 2 20 14 59800 1
9 8 1 27 63823 1
15 21 2 26 63165 1
16 20 22 14 39762 1
28 6 11 24 107448 1
29 29 23 3 140761 1
1 8 13 3 53426 1
6 12 25 1 89658 1
0 11 18 16 51860 1
14 5 18 12 34642 1
17 13 26 0 76084 1
0 21 21 22 77199 1
10 27 8 13 56966 1
23 0 20 17 82739 1
13 5 29 26 122975 1
16 0 5 19 82097 1
19 5 24 18 66740 1
21 16 11 6 56273 1
15 20 27 13 62170 1
25 14 18 19 44880 1
16 10 14 26 65671 1
26 22 18 10 68449 1
25 22 8 8 88212 1
11 27 26 19 85111 1
9 22 24 2 110927 1
20 21 5 2 91320 1
22 18 4 29 86962 1
0 1 24 11 80746 1
27 16 12 13 58925 1
9 20 17 27 50047 1
29 20 3 8 112697 1
13 29 24 25 56301 1
13 4 4 19 67619 1
24 15 21 1 68904 1
25 11 4 18 69017 1
20 0 24 24 111841 1
25 26 19 4 105285 1
18 24 24 18 44954 1
4 19 27 17 71680 1
23 10 3 20 78747 1
22 12 15 7 33499 1
8 24 28 2 136674 1
26 16 19 8 51436 1
27 29 13 10 112814 1
6 23 7 14 35405 1
27 1 23 23 103811 1
29 22 18 29 64755 1
1 13 24 29 109995 1
12 20 3 8 63232 1
4 15 4 26 31653 1
24 28 19 7 97557 1
28 7 2 14 90250 1
0 3 5 18 49026 1
18 3 2 7 58275 1
27 29 20 5 121617 1
21 17 26 3 81895 1
14 12 22 6 45170 1
14 3 10 29 112127 1
5 15 19 21 59492 1
28 17 17 18 42594 1
19 23 27 25 38915 1
28 8 8 3 76368 1
13 0 10 13 64476 1
7 7 28 3 81936 1
6 19 18 22 52002 1
14 22 11 5 76855 1
12 17 2 5 58607 1
17 0 18 28 89861 1
15 10 11 18 45012 1
28 11 23 17 40434 1
20 28 8 7 101408 1
5 20 2 5 43019 1
23 25 25 4 96854 1
23 17 4 21 67900 1
2 4 28 27 147040 1
15 18 2 20 59359 1
12 1 4 22 78245 1
28 24 21 21 36062 1
16 18 3 8 59939 1
10 15 23 4 75080 1
27 26 7 28 88691 1
22 8 5 19 68145 1
18 1 7 13 63341 1
6 4 16 6 35592 1
4 21 15 26 57655 1
16 3 1 11 63541 1
20 23 24 8 71718 1
12 17 6 28 55331 1
20 0 0 9 80654 1
9 15 23 1 83622 1
21 24 5 14 80639 1
5 1 9 7 26896 1
9 15 25 9 57645 1
19 15 10 14 36049 1
27 1 18 18 90870 1
13 24 22 13 70421 1
11 4 4 8 32661 1
3 23 12 17 45623 1
20 26 8 5 99618 1
7 16 19 25 60489 1
21 1 8 28 129194 1
3 4 12 14 55098 1
11 7 26 3 67769 1
10 17 19 10 45654 1
24 21 29 2 99766 1
29 18 28 4 75301 1
17 27 2 11 83044 1
2 15 25 23 91437 1
15 3 13 15 65594 1
0 23 20 22 71994 1
24 29 25 2 118458 1
22 19 19 10 47059 1
0 5 16 9 47866 1
12 12 17 27 65741 1
12 27 9 11 69709 1
8 20 22 9 71375 1
15 3 17 21 65865 1
16 19 17 10 31097 1
16 25 26 2 112554 1
5 8 12 15 42640 1
15 28 8 24 48026 1
16 21 8 19 37564 1
16 23 3 9 74712 1
17 8 4 0 55281 1
17 24 21 9 55184 1
4 27 0 5 64040 1
17 21 7 6 70193 1
9 6 17 9 29296 1
20 5 28 29 127905 1
0 10 13 26 79018 1
8 4 18 4 40927 1
6 10 25 1 82040 1
22 11 2 24 83096 1
10 20 29 28 99125 1
21 14 26 20 47605 1
26 2 2 10 103490 1
26 27 22 13 74601 1
18 16 28 23 56389 1
28 21 2 17 98917 1
15 3 26 18 87042 1
0 0 23 23 129777 1
21 14 24 28 66347 1
24 2 11 13 74083 1
15 16 13 0 73043 1
16 3 22 8 36913 1
6 29 26 25 79771 1
17 12 27 4 55477 1
17 12 3 2 62286 1
3 24 22 28 78688 1
8 6 22 2 58088 1
27 6 17 12 45434 1
26 16 10 19 53654 1
15 26 17 10 57663 1
11 5 25 14 67708 1
6 28 19 20 70689 1
25 13 12 28 93694 1
13 11 22 27 75511 1
17 0 3 12 69188 1
26 25 1 11 108640 1
4 9 20 2 66968 1
4 1 5 11 24721 1
16 18 23 21 40785 1
26 12 23 22 52437 1
13 8 22 15 50940 1
15 5 4 25 82007 1
28 23 13 22 55437 1
3 1 10 6 33211 1
28 15 4 26 91111 1
11 11 7 5 31573 1
11 5 21 8 41793 1
7 4 21 10 61753 1
22 25 0 19 88588 1
16 15 25 8 51096 1
22 24 21 8 73706 1
4 6 2 23 51194 1
1 29 2 19 29648 1
28 4 6 6 74898 1
11 15 22 23 61109 1
16 12 24 20 50538 1
3 15 6 6 33324 1
6 1 8 21 64732 1
24 22 5 13 79311 1
8 6 24 0 69104 1
0 24 28 4 130067 1
20 15 29 14 43494 1
15 17 18 1 62695 1
17 21 10 4 71828 1
17 11 28 0 74743 1
27 5 10 8 60133 1
6 17 24 24 80304 1
23 29 4 0 136999 1
3 27 0 5 63065 1
14 16 20 24 48021 1
6 21 26 7 99401 1
13 21 19 5 75981 1
22 20 14 29 62669 1
13 9 0 14 43144 1
19 25 5 12 76175 1
22 24 26 11 62444 1
23 7 12 11 43427 1
13 4 13 15 66925 1
23 19 28 1 89349 1
3 5 7 16 36922 1
28 9 24 28 86133 1
3 6 29 20 113850 1
13 23 28 3 115265 1
12 15 23 23 64439 1
4 8 14 10 35845 1
15 1 0 28 114943 1
18 6 12 22 69137 1
7 3 25 19 107096 1
0 18 1 4 36806 1
28 27 17 28 57923 1
17 9 29 26 98148 1
1 28 9 6 70683 1
11 18 0 29 69430 1
24 25 9 11 84058 1
22 27 12 1 113770 1
10 4 1 5 33587 1
8 24 23 23 65898 1
16 19 2 29 82494 1
0 12 29 13 78123 1
5 4 7 26 63172 1
21 27 11 8 92571 1
3 13 29 10 71729 1
24 6 7 27 111322 1
14 7 0 2 57905 1
19 14 2 13 59585 1
27 10 8 9 51057 1
7 21 12 26 39795 1
5 25 19 22 56968 1
9 16 26 3 97542 1
26 1 10 7 66086 1
28 18 8 12 80905 1
9 18 13 2 78492 1
20 2 15 14 58916 1
2 16 13 10 46730 1
13 28 18 18 55632 1
14 4 22 0 49274 1
9 26 20 22 53555 1
28 1 21 21 104352 1
25 3 6 6 71577 1
18 3 14 22 72864 1
20 18 18 7 44864 1
7 21 20 5 88424 1
28 14 2 27 108369 1
8 11 23 21 72653 1
12 24 23 14 74857 1
1 5 15 19 74704 1
