7560 7443 7043 7368 7198 7272 7362 7216 7282 7579 7487 7303 7344 7465 7205 7075 7633 7332 7412 7246 7082 7524 7381 7402 7092 7642 7062 7738 7577
5272 5137 5583 5230 5080 5636 5640 5282 5381 5022 5517 5361 5365 5595 5525 5611 5357 5222 5459 5178 5054 4965 4937 5570 5070 5105 4981 5283 4882
6789 6898 6472 6410 6475 6385 6574 6736 6893 6402 6299 6535 6629 6539 6300 6660 6580 6421 6763 6497 6625 6591 6782 6524 6748 6920 6325 6466 6840
8581 8101 7970 8529 7872 8495 7999 8021 8289 8456 7976 8213 8524 8207 7894 8318 8105 8004 8188 8120 8271 8551 8271 8561 7962 8582 7896 8157 8578
3411 3452 3522 3221 3337 3540 3183 3401 3813 3679 3438 3565 3407 3674 3568 3536 3635 3520 3559 3500 3378 3257 3560 3167 3316 3637 3435 3795 3297
5577 5290 5493 5550 5403 5559 5518 5125 5565 5314 5522 5423 5206 5682 5139 5371 5522 5669 5396 5463 5756 5299 5673 5229 5279 5481 5667 5180 5512
3053 2633 2802 2798 2678 2744 2986 2851 2458 3098 3046 2752 2938 2394 2875 2772 2743 3011 2474 2551 2668 3033 3067 2978 2695 2345 2869 2438 2348
4519 3789 3881 4465 3872 4122 3813 3773 3977 4152 4230 4176 4395 3854 4357 4142 3915 4481 4386 3930 4062 4436 4231 4383 4450 4356 4262 3896 4127
4634 4110 4276 4602 3973 4376 4567 4660 4317 4659 4013 4293 4050 4165 4112 4185 4394 4428 4357 4601 4723 4092 4370 4174 4683 4098 4348 4183 4161
6544 6412 6738 6823 6135 6819 6414 6510 6811 6413 6135 6196 6795 6298 6354 6384 6216 6794 6295 6793 6436 6605 6692 6248 6658 6104 6588 6403 6192
4823 4796 4792 4920 4912 5144 4874 4928 4578 5017 4543 5074 5313 4717 5265 4928 5293 5209 4745 4805 5051 5046 4690 4795 4802 5213 5166 4635 5304
6074 6429 6535 5857 5872 6493 6280 5807 5984 6461 6358 6208 6428 5844 6464 5966 5811 6168 6463 6239 6256 6128 6186 6324 6448 6290 6126 6260 6442
7349 7596 7292 7422 7362 6975 7250 7274 7580 7259 7406 7714 7193 7428 7661 7335 7716 7550 7561 7358 7458 6995 7086 7705 7278 7302 7430 7091 7719
6215 6378 6645 6509 6356 6415 6383 6091 6090 6326 6161 6144 6174 6695 6382 6222 6765 6447 6077 6025 6618 6049 6707 6353 6171 6055 6254 6398 6516
6664 6222 6461 6336 6412 6768 6322 6296 6731 6506 6633 6050 6632 6633 6216 6233 6161 6820 6221 6257 6745 6670 6254 6650 6216 6512 6777 6458 6115
3957 3800 3713 3382 3773 3439 3650 3585 3872 4064 3777 3334 3756 3848 3995 3555 3339 3929 3959 3450 3401 3352 3666 3979 3360 3844 3875 3383 4058
8479 8157 8677 8515 8686 8761 8842 8273 8915 8869 8663 8750 8876 8718 8504 8706 8782 8819 8560 8277 8602 8810 8443 8384 8823 8386 8316 8448 8381
6202 6081 5641 6270 5872 5552 5623 5927 5859 5714 5850 5844 5950 5810 5863 5678 5660 5811 6047 5496 5712 6077 5568 6180 5671 6091 5597 5537 6002
4597 4139 4777 4715 4216 4055 4377 4090 4478 4335 4234 4384 4135 4260 4709 4497 4565 4805 4178 4292 4687 4262 4415 4191 4232 4476 4477 4760 4162
3330 3505 3443 3110 3208 3590 3571 3661 3168 3501 3588 3632 3528 3040 3593 3533 3750 3060 3158 3179 3290 3614 3016 3042 3753 3707 3269 3184 3023
7434 7714 8071 7388 7535 7966 7688 7471 8136 7888 8032 7706 7929 7425 7379 7971 7406 7875 7769 7679 7533 7498 7716 7426 8001 7662 7804 8139 7477
1635 1991 1920 2277 2144 2152 2066 1764 1981 2376 1859 2258 2393 2155 2396 1693 1699 1990 2102 1834 2119 2109 1977 1773 1894 1948 1633 1966 2023
6205 6344 6476 5912 6183 5957 6429 6058 6321 5777 6257 6158 6194 5777 6463 6057 6146 5834 6190 6363 5838 6412 6402 5984 6399 5708 6437 6229 6176
2201 2016 2445 2291 2008 2533 1927 2281 1992 2278 2382 2232 1905 2492 2129 1875 2106 2446 2233 1856 1879 1907 1829 2457 1880 1914 2280 1906 2057
5436 5497 5499 4955 5449 5001 5241 4953 5364 5337 5613 4880 5639 5455 5193 5402 5077 5514 5537 5069 5437 5414 5620 4947 5583 5009 5203 5066 4954
3621 3513 3952 4185 4259 3802 3715 3953 3809 3863 4205 3794 4260 4205 4030 3749 3665 3661 3992 4157 3988 4123 3691 4152 3987 4117 3600 3829 3856
8303 8591 8601 8597 8645 8079 8368 8059 8223 8155 8057 8640 8722 8291 8516 8551 8186 8171 8452 8048 8720 8199 8499 8707 8109 8588 8324 8692 8160
3906 3610 4097 4040 4011 3972 3448 3870 3651 3974 3537 3781 3523 3647 3410 3613 3904 4120 3539 3417 3699 3776 3531 3448 3697 3442 4117 3452 3395
6678 7111 6675 6394 6870 7041 6640 6382 6790 6971 6956 6556 6572 7085 7071 6914 6918 6620 6373 6646 6436 7013 6637 6764 6389 6942 6787 6574 6980
5661 5778 5998 5883 5574 5319 5771 5418 5298 5673 5901 5818 5466 6029 5869 5934 5462 5706 5434 5423 5382 5701 5605 5508 5846 5614 5310 5874 5674
4020 1958 1902 1796 3188 1355 8290 1520 7723 4132 7088 6522 7738 5954 8249 6225 1996 8141 6995 6201 5897 7412 7751 5375 6546 5096 2666 4201 7518 7300
4068 2183 1845 2332 2833 1907 8665 2024 8153 4507 6909 6700 7845 6034 8236 6381 1824 8646 7203 6608 5900 7535 8220 5838 6094 5557 2490 4085 7003 7081
4400 2015 1927 1864 2691 1731 8223 1539 8038 4565 7162 6801 7907 5763 8480 5979 1318 8435 7060 6484 6109 7691 7805 5726 6073 5264 2585 4371 7103 7067
3985 1975 2116 2148 2867 2046 8637 1321 7727 4084 7378 6991 8131 5531 7917 6060 1642 8480 7253 6809 6208 7342 7711 5947 6473 5286 2653 4125 7698 7008
3836 1988 2068 1880 2969 1841 8389 2025 7752 4414 6871 6708 7617 5513 8362 6552 1228 8345 7049 6740 6037 7582 8259 5730 6553 4982 3132 4611 7520 7335
3965 2159 1929 2350 2759 1549 8800 1667 7581 4762 6873 6348 7962 6004 8606 6616 1649 8476 7028 6684 6323 7922 7972 5385 6189 5100 2722 4123 7485 7626
4162 1940 2150 2145 3267 1977 8725 1733 7881 4503 7249 6902 7769 5571 7864 6170 1810 8591 6885 6118 6050 7549 7874 5367 6450 5331 2947 4001 7637 7466
4237 2502 2544 2163 3122 1540 8208 1383 7638 4572 7290 6874 7606 5898 7876 6066 1431 7954 7234 6508 6203 7424 8175 6096 5827 4860 2435 4194 7538 6945
4199 2200 2431 1729 3046 1845 8477 1760 7828 4593 7388 6554 8200 5775 8515 6038 1946 8278 6989 6139 6336 7650 7559 5567 6366 5061 2605 4667 7018 7663
4254 2016 2498 2335 2798 1927 8049 2046 8145 4073 7303 6517 8165 5412 8589 6064 1452 7958 7429 6289 5778 7720 7687 5905 6554 4833 2820 4348 7504 7296
3902 2299 2010 2330 2691 1403 8171 1659 8225 4364 7046 6828 8310 5774 8548 6287 1973 8610 6899 6501 6257 7339 7984 5382 6330 5362 3011 4279 7007 7087
4020 2113 2294 1791 3008 1882 8659 1300 7555 4668 7258 6555 8079 5613 8245 6225 1737 8235 7401 6648 5700 7567 8219 5900 5938 4836 3121 4707 7671 7040
4479 2395 1887 2081 3166 1491 8056 1530 7934 4479 6850 6522 7737 5837 8076 6557 1278 7915 7021 6406 5764 7883 7867 5722 5886 5317 2726 4639 7260 7596
4406 1979 2298 1857 3447 1478 8167 1799 8296 4133 6954 6394 7691 6053 8354 6003 1923 8225 7148 6555 5766 7594 7946 5434 5828 5005 3053 4732 7639 7553
4254 1825 2219 2040 3048 1596 8245 2016 8162 4754 7263 6755 8227 5334 8152 6401 1835 7910 7018 6374 6389 7575 8211 5447 5880 5018 2573 4204 7189 7495
4106 2116 2282 1958 2980 1911 8240 1823 8161 4443 6733 7026 7845 5347 8405 6188 1710 8657 7282 6173 6353 8090 7874 5723 5979 4802 2540 4440 7010 7168
4456 2255 2260 2355 2870 2068 8154 1353 7674 4276 6781 6582 7752 6012 8216 6588 1848 8296 7564 6656 6045 7516 8051 5804 6326 5325 2917 4209 7386 7195
3980 2385 2458 2488 3230 1326 8708 1473 8143 4399 7163 6367 7684 6082 8527 6022 1708 8194 7266 6461 5975 7321 7952 6004 6013 4906 2477 4081 7576 7015
3903 2052 2197 2091 3125 1949 8240 1396 7913 4083 6903 6683 7543 6075 8149 6648 1909 8213 7324 6184 6046 7592 7627 5873 6237 5534 2994 4176 7091 7069
4279 2140 1903 2069 3163 1525 8686 1379 7832 4400 7201 6888 7615 5852 8179 6088 1598 8256 6956 6394 6335 7717 8067 5808 5828 4992 2460 4216 7530 7349
4401 2488 2052 1835 2774 1541 8682 1844 7880 4398 6726 6526 8078 5790 8260 6619 1366 8273 7400 6360 6301 7457 7804 5980 5933 5107 3085 4063 7197 7057
4045 2489 2278 2433 2740 1725 8205 1591 8084 4306 7021 7075 7801 5337 8571 6616 1458 8273 7432 6371 6097 7699 7599 5963 6093 5410 2763 4655 7568 6955
4055 1832 2454 2241 3451 1460 8792 1531 8292 4515 6965 6354 7751 5703 8492 6523 1585 7949 7431 6346 5933 7761 7762 6076 6378 5076 2962 3976 7072 7383
3793 2121 2587 2260 3229 1987 8213 1640 7812 4695 6876 6760 8030 5571 8226 5970 1471 8065 7185 6265 5893 7888 7815 5674 6270 5519 3055 4073 7645 6942
4393 2233 2337 1906 2708 1886 8063 1963 7956 4536 7135 6471 7850 5816 8052 6677 1992 8144 7544 6832 6029 7781 7949 5920 5852 5441 2787 4237 7498 7311
3994 1724 1996 2266 2785 1646 8467 1614 8023 4694 7302 6437 8082 5665 7896 6690 1750 8402 7552 6359 6470 7355 8177 5478 6214 4858 2448 4706 7159 7173
4113 2191 2294 1767 3198 1475 8197 1401 7761 4756 7334 6666 7732 5561 8496 6631 1385 8299 6943 6413 6222 7421 7865 5471 6072 4921 2450 4222 7219 7031
4525 2160 2085 2469 3307 1318 8201 1670 8287 4580 6994 6952 7817 5940 8461 6189 1784 8110 6973 6091 6400 7889 7877 5492 6278 5236 2827 4049 7211 7429
4466 2076 2038 1821 2726 2055 8238 1745 7986 4232 6682 7025 7664 6064 8532 6488 1928 8348 7566 6387 6089 7790 8084 5369 5836 5231 2599 4076 7037 7158
7 24 26 16 62755 1
4 26 16 27 39460 1
3 16 22 28 60655 1
26 5 24 19 42595 1
13 19 28 17 51529 1
29 17 10 29 84322 1
1 27 24 12 91126 1
20 11 10 18 46808 1
5 29 29 2 114729 1
0 17 28 15 61153 1
13 20 28 25 75373 1
7 2 13 21 84901 1
25 14 10 6 54230 1
17 6 6 8 26876 1
26 25 20 13 49488 1
24 7 15 5 19300 1
0 17 25 21 68783 1
24 3 22 22 50774 1
7 15 8 0 54299 1
29 24 23 17 46027 1
0 7 21 16 53465 1
3 14 18 5 62760 1
28 6 3 20 85748 1
16 17 19 28 48654 1
15 12 1 11 63636 1
16 11 21 27 56731 1
11 22 0 23 68504 1
28 4 13 11 59430 1
17 13 13 4 50266 1
14 12 8 22 62103 1
12 5 6 22 57968 1
18 8 21 15 25891 1
20 25 13 17 43266 1
16 5 26 23 65873 1
28 16 9 29 83830 1
15 1 24 13 47749 1
21 24 11 24 44526 1
14 15 19 7 40305 1
17 15 1 28 76032 1
19 4 7 3 28328 1
12 4 9 20 75843 1
18 22 1 21 81371 1
17 7 28 0 38955 1
10 6 16 14 47819 1
23 29 0 1 101534 1
27 21 22 14 37773 1
19 15 16 0 57635 1
13 17 15 6 47959 1
27 9 4 5 50328 1
9 8 16 5 25860 1
3 23 14 14 59232 1
3 25 4 7 67931 1
5 15 19 7 50299 1
8 17 7 3 46170 1
6 22 18 18 46501 1
25 23 16 14 54532 1
16 19 25 15 37794 1
23 24 4 4 75035 1
20 4 0 15 70267 1
4 22 18 20 62217 1
22 10 14 6 30748 1
12 22 23 10 71651 1
28 27 9 22 82775 1
16 28 10 1 104187 1
25 19 22 10 34761 1
11 17 3 27 55402 1
24 26 8 26 45162 1
3 14 8 9 43931 1
22 29 4 17 64058 1
0 28 25 28 91262 1
15 11 4 15 40286 1
7 20 7 2 58171 1
24 19 19 1 52146 1
9 22 15 8 76499 1
0 0 1 26 102584 1
6 17 2 1 52705 1
7 4 14 0 34303 1
13 26 24 5 69809 1
4 15 22 14 44597 1
23 19 8 25 59927 1
27 1 29 24 89188 1
7 1 17 15 68386 1
4 21 22 14 58653 1
24 22 6 6 69640 1
16 7 7 11 31448 1
29 15 15 5 52700 1
26 20 5 27 84739 1
15 13 0 10 68564 1
21 5 15 11 28784 1
5 10 25 24 81052 1
16 6 24 26 61767 1
14 7 5 4 24377 1
22 22 18 7 42946 1
22 7 1 29 102283 1
17 23 17 5 66929 1
11 21 0 10 86804 1
26 17 19 27 44701 1
14 27 25 14 58282 1
20 29 13 18 59233 1
27 27 17 8 69301 1
3 25 18 18 69076 1
4 9 15 29 90724 1
18 9 29 15 47298 1
24 17 29 1 51839 1
7 13 15 22 47358 1
26 6 2 19 86707 1
17 1 7 27 99527 1
14 18 14 28 50476 1
25 19 0 22 89995 1
9 16 13 5 48166 1
19 5 27 14 42823 1
25 28 11 2 88105 1
0 3 22 2 47835 1
11 0 28 20 90268 1
14 3 1 11 57415 1
24 0 14 19 68772 1
2 7 19 22 72936 1
17 15 12 7 45747 1
27 18 29 26 33975 1
0 11 21 7 60794 1
20 10 29 0 47176 1
19 24 13 16 37042 1
19 3 8 24 88840 1
3 1 21 26 85030 1
6 21 5 12 32388 1
2 2 2 19 72833 1
10 29 29 0 118711 1
17 10 0 8 53214 1
19 6 28 1 29030 1
23 27 0 7 79295 1
15 23 2 16 46318 1
2 7 11 17 46159 1
21 14 4 23 56899 1
8 14 16 5 51267 1
2 5 20 9 44987 1
2 16 5 29 48683 1
29 0 20 16 54570 1
26 6 9 20 80297 1
1 28 20 22 81006 1
12 26 14 15 52699 1
27 9 11 2 49670 1
29 21 11 15 63638 1
4 27 29 13 93563 1
23 10 14 25 60838 1
2 0 15 28 115673 1
15 12 9 7 28982 1
16 28 17 5 78149 1
6 23 0 7 54827 1
1 28 17 14 81895 1
15 17 26 23 47849 1
4 9 23 9 42795 1
17 26 0 28 61250 1
7 5 15 9 27708 1
15 27 13 6 78134 1
23 26 10 23 51492 1
29 18 7 15 52377 1
7 11 6 23 40180 1
24 13 4 13 54289 1
2 14 24 14 59430 1
12 25 26 15 68379 1
24 5 6 7 33884 1
7 19 23 21 50059 1
13 16 8 1 57894 1
4 5 24 15 59850 1
17 0 20 24 68218 1
3 6 28 21 92590 1
24 14 13 9 52174 1
15 0 15 29 96052 1
7 26 26 4 93044 1
0 0 20 21 96276 1
8 19 14 7 54814 1
7 23 17 22 62548 1
22 11 24 3 26306 1
22 9 9 12 57402 1
10 15 4 11 32194 1
26 7 9 24 91002 1
17 5 2 12 62474 1
24 8 23 29 51847 1
12 11 7 25 75870 1
18 8 1 13 64469 1
12 13 18 17 37291 1
4 19 28 24 84468 1
4 16 21 9 43531 1
22 21 10 23 63167 1
9 0 4 15 61424 1
9 2 25 3 37118 1
13 22 1 19 73307 1
14 3 27 5 29436 1
2 21 26 12 91858 1
16 13 22 24 48580 1
10 16 28 1 64352 1
22 28 15 22 42489 1
18 21 12 9 67488 1
19 1 23 8 22581 1
27 4 1 10 67163 1
22 6 19 13 32293 1
21 28 5 2 81803 1
28 10 5 2 68113 1
3 11 19 19 60146 1
22 27 27 9 58846 1
6 18 17 27 58156 1
24 27 19 14 39993 1
21 20 24 29 30730 1
22 1 26 21 64899 1
25 28 1 20 91222 1
14 7 2 21 73896 1
25 15 12 24 67063 1
10 11 4 19 45527 1
13 22 5 14 61767 1
6 22 26 1 83120 1
15 29 11 14 66798 1
12 4 28 23 86459 1
11 27 9 9 81052 1
20 2 5 7 38772 1
22 27 18 19 38880 1
7 20 17 19 51363 1
23 6 12 28 82715 1
28 21 10 12 75317 1
15 10 11 1 41590 1
0 11 2 0 63642 1
16 12 11 21 60709 1
21 12 18 21 35481 1
25 19 19 6 43493 1
2 12 28 0 94983 1
3 23 12 0 95477 1
14 2 20 14 48976 1
27 21 6 21 67291 1
10 13 18 15 33419 1
11 0 22 8 48021 1
26 2 18 7 25686 1
3 25 17 14 69539 1
15 16 10 24 48380 1
8 19 28 0 87200 1
27 6 0 26 101400 1
25 26 28 19 35999 1
27 18 13 10 64286 1
14 17 8 12 32982 1
29 21 11 26 77165 1
21 26 10 24 40972 1
7 25 24 27 55251 1
21 13 15 8 25484 1
21 9 18 19 33551 1
28 12 19 4 46862 1
3 12 21 12 59354 1
27 6 28 16 38014 1
5 28 27 17 78806 1
23 7 0 28 105588 1
18 22 8 17 48593 1
3 5 10 29 89827 1
0 23 22 17 82336 1
11 22 1 1 96917 1
0 29 20 6 117524 1
13 23 22 8 71311 1
2 8 16 8 38610 1
7 15 27 1 71163 1
14 21 1 9 81938 1
6 28 23 7 80393 1
3 3 8 26 75715 1
18 18 0 22 76668 1
13 1 27 24 87740 1
29 26 6 11 78971 1
29 15 1 21 78742 1
4 22 3 6 61922 1
6 10 17 4 38899 1
15 1 10 16 63746 1
7 14 12 19 39865 1
10 4 19 10 36226 1
10 12 9 29 80164 1
25 22 19 27 36075 1
11 21 2 7 70817 1
9 19 24 14 54751 1
8 2 2 11 50517 1
23 12 27 20 29979 1
11 0 21 12 50610 1
19 13 4 25 66495 1
18 22 10 20 57198 1
24 3 13 2 26523 1
0 3 25 15 76653 1
2 14 22 7 64787 1
12 10 6 20 61562 1
11 24 15 9 78936 1
25 0 8 29 111532 1
15 29 4 2 106169 1
3 19 11 15 34978 1
25 25 14 20 60148 1
23 6 28 26 55567 1
24 4 29 20 61598 1
19 19 1 14 51325 1
28 6 1 28 113860 1
25 16 1 18 50270 1
23 21 9 19 53205 1
27 13 6 6 59556 1
11 15 1 18 32818 1
10 28 26 24 66643 1
19 12 0 25 87602 1
21 12 9 2 47155 1
3 13 26 1 77261 1
10 6 28 0 51959 1
1 28 10 29 49758 1
29 18 23 11 32111 1
19 21 7 22 62397 1
11 6 8 29 85684 1
21 17 5 26 57510 1
27 27 13 13 71331 1
17 19 15 8 51277 1
27 7 8 14 59195 1
6 1 25 25 92059 1
13 29 14 2 105517 1
15 14 28 23 58808 1
24 24 11 12 67640 1
23 20 20 13 23718 1
5 14 20 28 67924 1
1 3 27 9 62988 1
4 4 16 17 63518 1
14 20 0 1 90554 1
25 19 5 13 57393 1
8 7 27 11 46150 1
4 23 16 4 80092 1
3 11 17 28 94737 1
25 11 16 21 62851 1
3 17 7 11 33257 1
2 25 13 13 75245 1
2 18 12 19 52014 1
14 0 27 17 66617 1
19 15 25 19 24321 1
4 13 19 9 53095 1
9 12 27 12 69836 1
0 24 6 8 77972 1
12 16 7 24 39324 1
14 20 12 5 66506 1
26 15 14 3 59157 1
26 22 4 6 88513 1
12 16 6 6 38519 1
0 22 16 2 105850 1
28 24 14 19 73093 1
4 0 16 17 75260 1
23 4 5 23 78742 1
27 8 5 10 53384 1
16 0 28 28 100168 1
20 20 8 8 58839 1
15 13 23 10 37595 1
25 9 1 11 68759 1
0 6 14 20 79093 1
18 7 2 4 37890 1
8 0 7 28 89232 1
20 28 1 10 96400 1
18 16 18 28 42068 1
11 9 22 1 42743 1
23 7 27 14 32601 1
20 24 6 23 57525 1
8 2 21 6 36945 1
28 15 7 6 63788 1
4 25 28 11 93860 1
15 5 29 23 79901 1
15 13 21 5 35874 1
0 24 16 20 83549 1
3 0 4 26 86787 1
3 29 23 15 81396 1
12 16 4 6 42408 1
13 28 26 11 87177 1
5 28 26 7 92475 1
21 28 18 12 45518 1
21 27 22 7 41544 1
17 5 19 29 63900 1
6 13 5 22 32493 1
28 3 26 27 73648 1
19 11 3 16 44405 1
16 21 19 2 69696 1
29 14 19 24 52520 1
9 17 8 4 49807 1
22 19 3 25 76566 1
17 6 24 21 52041 1
20 24 4 25 58998 1
22 23 10 29 57640 1
10 12 17 16 32527 1
22 8 10 24 83714 1
29 13 26 6 44109 1
19 19 25 14 27217 1
19 24 23 11 41040 1
23 28 7 3 82648 1
8 16 13 0 66746 1
0 25 7 11 71981 1
8 6 18 0 42019 1
11 23 8 9 73096 1
1 9 10 26 79272 1
24 18 15 5 48193 1
6 29 17 4 90896 1
0 1 10 24 100376 1
9 28 28 28 77973 1
29 13 24 23 48072 1
9 12 22 15 53517 1
22 7 5 25 76310 1
23 29 4 15 61730 1
26 9 28 22 60573 1
22 8 18 16 30068 1
29 4 7 9 53855 1
17 18 4 13 44069 1
17 3 6 21 70968 1
10 4 22 28 76787 1
20 12 4 12 59301 1
8 14 3 4 48101 1
25 28 26 9 62996 1
0 11 5 16 39991 1
26 11 23 26 50445 1
13 2 18 23 78594 1
13 28 7 7 86799 1
4 10 28 15 67928 1
6 12 22 29 68525 1
13 12 18 4 51160 1
25 2 25 12 39355 1
16 23 24 21 53132 1
5 15 25 29 73221 1
29 6 3 9 58410 1
14 1 20 19 58837 1
18 27 3 5 86423 1
0 3 14 29 118393 1
16 12 18 24 62520 1
11 5 18 28 77055 1
15 3 4 25 86977 1
7 29 18 16 63109 1
10 10 1 14 55276 1
7 2 14 20 77793 1
27 27 18 19 53174 1
15 26 28 7 66203 1
9 16 29 7 52367 1
28 13 10 4 65316 1
12 25 2 3 96438 1
2 29 3 8 95538 1
8 17 6 29 42855 1
23 26 1 10 89709 1
24 11 19 3 31358 1
4 4 18 13 57988 1
28 15 9 27 78149 1
6 14 29 28 82071 1
16 17 10 12 39461 1
14 8 24 22 59740 1
24 10 5 16 50107 1
6 17 27 14 44931 1
14 26 27 20 57104 1
10 8 25 22 71467 1
8 17 16 3 62801 1
26 2 19 26 64932 1
17 11 22 22 52677 1
14 21 5 0 89881 1
13 27 28 23 60897 1
19 1 5 16 63226 1
19 18 7 24 58345 1
15 1 25 22 74953 1
10 1 20 12 54913 1
2 20 26 3 91941 1
20 9 23 0 26507 1
11 0 15 22 90816 1
7 15 28 22 67829 1
6 25 13 13 56146 1
26 24 19 27 34699 1
11 25 10 5 85876 1
28 0 9 22 108175 1
22 6 16 21 63202 1
7 5 2 28 84339 1
6 18 19 14 35440 1
12 16 24 8 43315 1
28 9 2 4 63803 1
24 8 20 26 50670 1
17 27 27 11 63673 1
28 11 14 27 78564 1
12 14 0 2 76324 1
2 7 23 10 40719 1
26 5 5 7 39083 1
2 4 14 24 93539 1
20 7 1 24 95336 1
9 5 6 29 71496 1
27 14 11 28 76441 1
29 25 25 14 53529 1
8 20 17 3 76060 1
29 26 5 16 66889 1
6 20 19 15 36872 1
27 28 11 28 64366 1
28 9 0 5 61947 1
24 3 10 11 50600 1
13 25 23 4 75885 1
16 13 19 6 37351 1
4 28 9 19 51186 1
18 1 7 3 30595 1
1 4 25 23 91599 1
29 21 9 28 95987 1
2 4 29 18 85358 1
10 16 18 25 51317 1
2 22 29 15 84053 1
4 4 12 19 70817 1
14 25 7 8 81193 1
2 4 8 27 80494 1
19 2 13 24 84311 1
24 1 17 11 46407 1
12 6 25 12 48212 1
27 14 10 5 57927 1
8 22 29 22 95339 1
17 28 11 1 94768 1
24 1 27 25 69596 1
15 16 22 0 47244 1
2 28 17 0 122742 1
6 15 25 2 65977 1
24 11 2 29 103981 1
24 28 20 10 54449 1
26 14 12 6 61543 1
24 20 0 19 73001 1
21 24 4 16 44004 1
14 5 0 23 93665 1
14 10 9 24 83177 1
29 8 19 26 62438 1
0 17 22 17 50418 1
5 4 29 6 49767 1
18 4 1 22 94470 1
21 17 0 5 60680 1
24 24 7 13 62093 1
19 1 18 12 43318 1
1 2 1 18 67317 1
27 5 11 10 48562 1
29 1 22 11 41012 1
28 28 5 3 105408 1
4 9 24 3 49362 1
0 29 26 16 97373 1
27 13 20 26 42841 1
2 29 18 23 76580 1
3 9 4 19 39665 1
18 27 4 17 64471 1
0 13 15 11 64219 1
16 10 17 25 71560 1
0 6 26 10 67604 1
22 21 10 29 63462 1
4 15 29 17 50752 1
26 14 19 4 50172 1
1 28 18 2 112521 1
18 1 29 13 63310 1
8 6 13 19 63783 1
27 28 16 22 63230 1
7 10 20 28 79109 1
27 22 13 24 64908 1
11 9 3 12 50091 1
14 3 0 12 70514 1
22 24 20 5 46330 1
12 1 29 4 46492 1
27 4 18 8 27117 1
12 11 5 0 63030 1
1 16 4 26 39313 1
7 24 21 11 65394 1
23 16 15 29 50277 1
3 2 9 24 86473 1
10 12 15 7 32444 1
13 15 6 3 54239 1
17 26 28 25 36159 1
8 13 9 27 57665 1
1 8 13 10 43776 1
7 5 8 23 63901 1
14 0 5 21 87302 1
10 27 26 27 55996 1
12 26 0 17 61794 1
17 14 2 23 69443 1
26 17 2 12 73544 1
1 2 3 24 86003 1
8 11 5 29 66892 1
11 24 14 15 59108 1
29 20 2 9 97295 1
26 22 23 2 65996 1
16 17 12 4 62551 1
27 22 12 25 62710 1
23 11 15 8 24908 1
6 2 11 17 53615 1
15 10 5 3 40303 1
9 6 1 19 60173 1
25 12 25 23 43521 1
6 13 2 2 39191 1
8 25 4 3 76031 1
14 12 26 1 58368 1
14 3 23 11 35530 1
9 0 21 15 62339 1
11 1 14 13 57791 1
6 27 28 14 81083 1
10 28 29 11 101795 1
11 16 21 19 22703 1
22 19 11 0 71409 1
12 19 28 23 79121 1
8 18 3 26 44437 1
11 3 17 21 81923 1
21 18 28 21 39898 1
26 21 18 12 55798 1
2 2 27 29 110124 1
27 24 4 1 102685 1
12 0 7 6 37429 1
14 23 18 0 83384 1
26 15 23 6 35257 1
22 28 8 11 73700 1
28 14 7 16 48839 1
0 20 10 10 71253 1
2 2 11 17 61655 1
9 29 18 28 53658 1
1 13 10 7 47426 1
10 16 25 12 41635 1
20 27 11 8 65736 1
9 19 28 14 64767 1
0 20 22 19 72460 1
4 0 10 4 26285 1
28 19 19 10 51173 1
26 1 22 18 50847 1
29 6 14 24 82895 1
27 21 8 26 70741 1
19 18 1 27 75498 1
13 23 21 14 50205 1
20 24 9 23 59415 1
26 24 7 25 69058 1
9 28 21 19 60422 1
5 26 25 13 74301 1
10 6 24 6 32449 1
22 21 27 16 24879 1
9 8 21 26 64448 1
18 7 25 22 53586 1
14 12 1 17 51767 1
18 17 17 4 44744 1
15 7 26 29 75993 1
11 2 9 26 86377 1
1 27 14 22 66738 1
0 17 24 12 62288 1
11 16 1 20 37489 1
15 11 4 16 36750 1
24 10 9 9 47700 1
24 5 24 15 30108 1
6 28 4 7 61748 1
20 20 6 15 42222 1
6 2 28 28 105860 1
29 14 12 18 55597 1
14 27 1 19 78956 1
19 14 8 14 34742 1
18 4 23 27 58154 1
17 28 25 11 68139 1
13 2 3 18 72291 1
6 13 27 9 58898 1
28 20 3 7 79403 1
10 28 8 11 72219 1
22 24 17 8 52590 1
9 4 24 20 66550 1
28 17 11 24 78472 1
23 23 11 8 57894 1
9 11 21 27 70720 1
21 21 25 11 36288 1
26 29 28 21 43778 1
28 27 12 19 80458 1
20 24 1 14 65857 1
17 21 3 25 73875 1
19 14 0 3 68965 1
15 20 29 28 71150 1
7 3 7 20 55364 1
0 0 10 13 72628 1
10 19 17 15 33229 1
25 6 22 25 50553 1
20 16 13 9 43989 1
29 12 19 0 61771 1
15 24 10 18 48323 1
29 25 28 13 60208 1
18 16 0 2 71630 1
7 15 25 5 58007 1
8 24 4 1 80774 1
26 15 12 18 47248 1
16 22 5 14 56848 1
11 19 22 29 67376 1
13 28 0 14 83819 1
4 19 8 6 46458 1
4 27 12 2 89973 1
18 27 18 13 50774 1
15 11 4 1 51312 1
17 25 15 7 64695 1
15 8 3 15 56468 1
25 21 11 22 79946 1
27 28 21 17 41780 1
23 6 25 26 47842 1
1 16 29 23 79673 1
2 0 14 29 126384 1
4 7 27 6 41374 1
26 14 29 4 50846 1
0 5 9 23 77920 1
0 28 12 29 69681 1
3 8 14 17 57929 1
18 9 6 19 59286 1
9 11 23 12 57442 1
9 22 21 18 60126 1
29 18 10 1 79993 1
26 28 23 17 38831 1
21 29 8 18 56172 1
3 28 13 24 52673 1
23 17 7 8 50558 1
14 22 24 12 59254 1
4 17 25 5 62187 1
19 29 28 11 69033 1
29 11 14 15 59799 1
7 18 25 15 42365 1
3 12 19 11 64908 1
29 22 13 25 71672 1
16 28 2 0 122683 1
22 9 15 0 37994 1
24 27 28 3 65853 1
3 18 1 29 57501 1
19 6 6 15 47254 1
25 21 3 19 71893 1
9 27 29 20 90912 1
15 1 26 1 23835 1
17 15 0 26 68434 1
25 19 8 26 68926 1
3 1 11 23 94807 1
4 12 15 20 47124 1
17 28 24 3 74432 1
20 6 11 22 82384 1
5 23 19 7 71387 1
18 5 8 27 88283 1
5 27 25 29 71608 1
16 16 24 10 31363 1
15 29 21 14 51323 1
7 27 17 12 76679 1
3 13 20 5 60174 1
8 26 15 12 63486 1
10 22 4 7 65664 1
12 18 12 2 78449 1
24 4 29 12 47838 1
0 20 25 20 82279 1
23 16 12 20 45778 1
20 12 13 24 67637 1
13 25 1 28 49566 1
15 5 8 16 49294 1
8 8 22 20 58635 1
26 27 16 29 54830 1
17 16 4 13 32598 1
27 1 13 1 29830 1
3 14 4 2 49697 1
16 29 21 22 42549 1
4 0 24 28 101990 1
17 21 9 29 70294 1
9 13 6 20 32257 1
18 6 7 20 66265 1
25 17 17 20 38303 1
7 19 22 18 47617 1
4 23 17 0 98580 1
28 20 8 22 79899 1
29 17 17 21 52659 1
16 13 13 24 57528 1
1 18 16 11 59139 1
18 17 24 11 29874 1
26 13 10 15 47968 1
4 2 18 26 88811 1
24 4 8 0 47002 1
0 13 19 0 91177 1
6 21 22 29 68459 1
5 18 17 18 43196 1
29 10 9 27 104638 1
20 29 28 25 37822 1
21 29 17 6 55657 1
21 18 9 21 54840 1
13 12 29 21 79858 1
8 24 18 26 36624 1
21 6 13 19 54127 1
16 24 6 5 81353 1
10 23 20 10 73204 1
21 10 6 27 68712 1
19 25 17 0 74278 1
2 28 14 5 95905 1
7 10 22 21 66311 1
21 21 8 1 69432 1
29 15 18 10 50068 1
22 16 6 8 47678 1
2 12 5 23 56510 1
16 18 0 16 39592 1
0 20 8 9 63724 1
29 15 22 12 32396 1
0 18 27 17 63691 1
17 24 9 16 51578 1
11 28 25 27 55499 1
9 3 9 15 53998 1
5 10 10 15 35217 1
27 13 0 19 75735 1
28 18 16 18 49327 1
2 28 0 11 91321 1
17 7 26 13 39336 1
24 23 2 9 84890 1
6 19 21 26 53197 1
12 22 2 18 71829 1
7 16 4 29 45756 1
24 11 5 21 67329 1
11 6 26 28 85048 1
7 4 24 12 53889 1
15 29 7 15 65312 1
15 2 29 13 67791 1
28 19 16 20 58464 1
17 12 21 29 54949 1
7 23 13 19 54792 1
22 22 2 19 70577 1
14 3 3 20 76120 1
19 29 6 19 65032 1
22 18 21 4 36358 1
23 22 8 0 79792 1
27 19 8 13 55949 1
7 6 11 26 72113 1
28 27 19 11 62746 1
7 2 26 16 67049 1
8 15 22 16 27926 1
29 19 11 8 70550 1
5 16 17 29 74770 1
12 17 19 14 27053 1
24 20 4 4 72856 1
6 0 8 29 90517 1
18 22 24 3 63479 1
12 13 2 26 71156 1
18 1 29 4 33537 1
27 8 20 17 41257 1
18 0 9 6 42617 1
10 23 18 21 54093 1
5 0 13 16 60470 1
21 7 3 7 29507 1
25 24 25 4 60806 1
0 12 29 20 98397 1
16 21 27 17 49852 1
13 19 18 12 45914 1
6 25 6 13 33261 1
25 18 3 23 72589 1
7 9 19 18 53748 1
7 5 4 23 60177 1
3 23 19 16 55793 1
21 12 17 25 45189 1
13 7 2 7 17963 1
29 15 29 28 62829 1
13 24 25 22 61586 1
25 19 5 13 57393 1
11 25 13 9 87827 1
10 5 21 22 53116 1
21 0 11 18 61951 1
14 13 0 15 48849 1
9 2 28 21 92001 1
14 4 20 0 29173 1
21 1 12 24 88233 1
5 27 20 29 60036 1
11 10 3 19 63925 1
4 3 19 12 54257 1
20 5 1 14 68955 1
26 9 18 19 50682 1
8 7 3 24 65226 1
29 19 11 21 77804 1
7 23 6 5 55828 1
3 27 0 13 69558 1
24 13 18 9 34950 1
16 3 5 9 40053 1
23 8 0 29 109445 1
8 23 16 5 78974 1
18 10 7 23 71784 1
2 9 5 16 34744 1
12 3 12 28 105079 1
11 12 7 28 71645 1
2 23 4 7 67835 1
27 24 21 6 60016 1
25 17 9 7 48664 1
10 17 25 22 54270 1
16 0 6 6 40614 1
16 26 26 7 60592 1
29 4 14 25 86999 1
20 19 11 27 54086 1
25 20 3 1 87566 1
14 27 4 27 38784 1
14 4 22 22 59686 1
10 16 2 0 63390 1
12 18 6 7 50799 1
5 9 11 17 39060 1
18 15 5 29 67994 1
19 11 2 3 54637 1
24 28 14 13 61840 1
16 27 23 15 45185 1
18 13 6 14 39764 1
19 24 18 14 37224 1
0 3 10 2 24795 1
1 9 3 25 74201 1
13 24 8 11 73732 1
17 19 25 28 58049 1
26 6 5 5 43791 1
18 0 6 23 87773 1
14 26 4 8 81840 1
29 1 26 12 53959 1
21 14 4 19 43204 1
29 29 19 2 89963 1
1 29 25 19 99641 1
28 1 5 14 79229 1
10 10 18 0 55922 1
8 24 12 6 77117 1
8 16 27 0 69496 1
16 3 18 22 68994 1
11 24 6 12 63582 1
3 24 17 17 61529 1
8 17 21 7 45552 1
21 3 11 2 23770 1
23 18 9 15 34316 1
29 27 12 4 90366 1
27 18 27 6 44254 1
23 11 3 25 78255 1
10 21 0 29 71381 1
2 1 26 8 65123 1
15 4 9 16 54846 1
27 24 15 1 83936 1
26 23 23 4 57362 1
17 28 25 14 55880 1
8 24 27 3 96198 1
12 10 22 7 38317 1
11 15 6 6 42748 1
13 6 21 22 50194 1
9 22 21 13 62681 1
10 6 18 9 26395 1
22 25 22 8 48102 1
18 19 12 23 49687 1
9 28 3 13 67551 1
20 11 11 13 52607 1
13 8 21 19 43840 1
16 4 23 20 49860 1
19 13 16 26 46508 1
15 26 24 17 45509 1
28 9 4 15 71643 1
14 10 17 27 75725 1
23 28 1 19 76959 1
26 17 9 5 59632 1
20 14 24 26 38954 1
7 15 25 29 68533 1
10 22 0 0 98225 1
29 29 12 21 96475 1
21 10 6 20 49057 1
24 4 20 15 36441 1
16 24 6 16 50439 1
18 17 28 16 20863 1
25 15 27 3 43736 1
4 13 1 27 58016 1
16 7 6 17 44976 1
22 28 7 15 58468 1
22 26 3 27 57941 1
26 17 1 28 93377 1
11 5 28 16 51285 1
24 29 28 0 83178 1
27 8 3 14 74690 1
5 0 23 26 90031 1
5 7 24 29 81771 1
27 29 4 6 95498 1
22 25 11 19 58261 1
5 17 8 7 35471 1
0 12 29 28 113919 1
7 9 23 2 44658 1
6 24 2 3 67157 1
27 18 16 26 51043 1
1 25 24 27 72529 1
13 3 12 24 98596 1
21 23 4 25 56870 1
26 20 17 28 58133 1
21 0 6 11 50132 1
8 7 13 26 75530 1
17 0 0 24 126933 1
27 6 4 22 81313 1
1 7 21 17 53644 1
26 28 4 8 94442 1
25 8 11 0 51050 1
8 17 26 4 63685 1
12 28 25 2 96737 1
7 12 28 26 77579 1
29 19 2 0 104344 1
26 7 7 29 95196 1
18 1 25 19 55929 1
1 9 29 26 102324 1
21 12 10 24 67156 1
25 6 23 17 28990 1
8 23 7 12 49017 1
22 11 29 22 60405 1
16 19 0 6 75427 1
8 17 17 19 37614 1
13 8 21 22 49902 1
1 5 23 7 41873 1
27 10 12 7 35848 1
2 4 24 2 50260 1
0 1 18 13 74450 1
9 11 13 1 59425 1
25 13 6 14 49661 1
2 3 8 10 36200 1
10 5 21 27 62341 1
5 12 6 24 41466 1
1 28 17 13 87705 1
12 15 7 4 54447 1
21 16 7 26 56036 1
0 15 8 7 45032 1
9 28 26 27 66641 1
7 16 11 25 49483 1
2 23 27 23 96463 1
25 4 8 26 90050 1
26 16 11 10 61296 1
26 14 22 8 42569 1
15 25 6 9 67695 1
2 27 18 1 108611 1
3 17 9 6 49098 1
4 17 28 28 81066 1
17 1 17 29 88087 1
24 3 17 15 45096 1
11 28 15 8 90339 1
11 9 3 16 46499 1
5 3 26 3 44723 1
18 0 5 2 35184 1
5 3 21 4 35429 1
