3419 3557 3086 2275 3595 2628 4562 5885 6038 5274 5033 5566 6128 4741 5406 4702 4292 5433 6405 4198 5881 6054 5306 4254 5173 4384 5616 4192 4996
4278 6104 5173 6291 4892 5247 5183 5838 5909 6454 6953 4840 5489 5816 4988 6280 6247 5751 6299 5196 6779 5401 5463 5136 5014 6948 5910 5409 5094
5245 6771 5602 4784 3866 2946 3428 4069 4225 2837 4126 2607 3838 3380 4114 2945 3237 3463 3038 2366 3268 3398 2270 3664 2471 3996 4227 2359 3736
1857 2692 2864 2698 3184 4122 4457 4699 3671 3547 4697 2960 4356 3885 2862 4814 3106 3492 2726 2800 2792 4294 3346 4509 3250 4010 4888 4163 3818
2527 3275 3492 6534 7343 6917 6090 6541 6430 5838 6137 7305 5595 5264 6806 6759 5738 7245 5341 5702 5441 6352 6688 7426 5242 6926 5563 7336 5907
7637 8784 8713 8017 8139 6640 8156 8045 8455 7091 7054 7443 7942 7118 7946 8431 7291 8166 7635 7230 6801 6734 7816 8660 7984 6656 8567 8277 2485
2971 3913 4478 3991 4923 4085 4343 4383 3794 3109 3820 3759 2880 3128 4605 4538 3870 4051 2805 3269 3450 3670 2461 3030 2387 2452 2133 3146 3866
5461 5644 5302 6293 6725 7112 7407 7718 8480 7933 7419 7532 6836 7701 6824 6824 7168 7962 7996 7193 8273 6845 7284 8242 7690 7276 6794 6925 7863
5392 3152 4431 4881 4158 4729 3665 5234 3504 5223 4862 4697 3500 3196 3619 3579 3573 4548 4145 3319 4657 4667 4031 5117 4580 4689 4994 5159 5715
2544 3875 4351 3532 3754 4352 2526 3168 8077 7984 7233 6926 6308 6743 7077 6688 7905 6267 7178 7892 6077 5862 6316 6850 6684 6609 6866 6327 5967
4196 5374 5030 4985 4383 5594 4607 6153 5509 4526 4415 5545 4215 4136 4797 5711 5941 4569 5701 4423 5466 6102 5104 5176 4682 5372 5192 5261 5320
3473 3473 6553 8226 7813 7597 6518 7832 6576 8333 8056 8281 8343 6806 8139 7802 7353 7919 6662 7510 8036 6499 7474 8353 7671 6377 8491 7250 6816
2099 3655 3854 3771 2802 3926 2329 3948 2161 5141 5713 5629 5594 4362 6072 4084 5011 5996 6162 4323 4049 4522 4793 5864 5045 5688 6083 5630 4938
4693 6241 5370 4573 5337 6144 5106 4774 5114 6154 5866 8145 6159 7198 5982 6918 6049 6708 8146 6257 6801 7455 6255 8076 6928 7459 6192 7839 7358
6620 6821 5115 6687 5747 6719 5746 4237 5015 3883 4770 5186 4532 3975 3658 4799 3638 4187 4777 5235 5462 4156 5368 5468 4233 5330 4183 5557 5637
6327 4411 5483 5176 5042 5042 6139 5930 6177 6130 5194 4335 4250 6199 5838 4505 4995 4558 4323 5930 4268 5010 5682 6421 5802 4869 4393 5050 6265
4467 3219 3251 4173 3098 3732 4084 3578 4253 3120 3064 4457 3815 4321 2966 2962 2977 4814 3719 3570 2141 2100 3113 2486 2617 2567 2025 1909 2274
2866 4054 2656 2531 1864 2788 3964 3987 2644 2461 2647 2937 3266 6184 5108 5836 4548 4195 5897 4691 5902 4714 4636 6162 5613 5491 5279 4655 5568
1524 1352 2204 1636 1855 1292 1274 1969 3151 1954 2414 3136 1883 3214 1766 1819 1502 2141 3265 2299 3171 2615 1682 3022 1777 2916 1460 2686 2866
2858 2908 2120 1378 1937 2054 6496 5848 6410 5466 5350 7247 5907 6585 6475 6769 6143 5161 7240 6552 5506 6201 7207 6352 5175 6253 6818 5205 6679
4848 6488 5374 6079 6810 6644 7782 7674 7191 7815 7471 7334 8408 8309 7128 7534 7527 6779 7113 6482 7427 8373 7518 7831 6777 8049 8033 8481 6764
6262 5268 5092 5310 5120 5041 7126 2311 2830 2242 1597 2926 2095 1684 2309 1907 2692 3714 2726 3768 1702 2649 2242 2886 2525 3807 2344 2388 2204
2074 2388 2623 2514 2188 3269 3683 4212 3057 4008 4323 2819 4066 2817 4197 3870 3374 3070 2264 2643 3106 2785 2282 2263 3130 4291 2525 4099 2339
5890 6920 6481 6104 7573 7868 6589 7036 5737 6897 7476 7932 7447 7772 2855 2916 4421 2969 2213 3778 4140 4332 2354 2555 3352 4122 2375 3436 3175
5158 7566 7500 7999 6137 8027 6878 7488 7797 7770 6361 7033 6917 7701 7524 5999 6030 6149 7670 7691 6922 8060 5929 7253 6535 7243 6315 7069 7937
6560 4510 5277 6767 5333 5376 6578 5522 5673 6234 6137 5107 5229 5570 6182 5079 5149 5691 3930 4476 5165 4530 5345 5414 5331 4368 5430 4113 4412
7921 5490 5078 5583 3845 5137 4844 3743 5780 5937 4652 3760 4807 5367 4762 4855 4856 3757 5117 4911 4432 5087 4055 5244 5801 4337 4252 3746 4666
5254 4945 4798 4585 5721 3783 5516 4489 4058 5073 3724 4530 5162 3824 3966 5512 4881 4551 5342 5013 4731 6098 5696 6593 5234 6675 6492 4745 5044
8056 7511 7376 8133 7257 8683 7597 7249 8774 6753 7133 7691 8230 6862 7550 8048 7866 7942 8304 7126 7483 7105 8391 6427 8534 7719 7621 7493 7154
6983 6496 5676 6772 6082 5871 6549 6730 5489 6441 6902 6644 6004 6016 6109 7055 5524 5417 7109 5109 5312 4906 6054 6096 6902 6779 6938 7009 4918
5871 4750 6549 6902 7128 6089 7052 6638 4259 5489 5785 1559 5541 6197 6004 3719 6991 4985 4949 3205 5058 5710 7068 4622 5145 5178 1754 3905 6570 7646
5282 6117 6422 6852 6633 6726 6123 6175 3739 5976 5325 2974 6074 6962 6469 4404 7352 4611 6114 4835 5324 5342 6307 4060 4459 4347 2243 4759 3455 6937
4623 7519 5668 6248 7220 5820 7517 7082 3317 6338 3767 1912 5261 6406 6220 3739 8185 6606 5799 3029 5631 6656 7552 4555 4525 4725 2441 5877 2839 6310
3903 7417 6303 6085 7172 5601 6400 5312 4658 7099 4712 3352 4495 7273 6980 5346 8101 5832 5986 3411 3903 6047 3275 3936 4916 5247 2408 5495 2425 6412
5357 6699 6056 5865 6790 6161 6406 6360 3007 7212 5421 2247 5406 6235 5951 4885 7991 4970 4465 3683 3762 7153 3617 3971 4606 5573 2469 3963 1433 7711
5373 7291 6476 5612 5682 7358 7708 4598 3332 3331 5802 1962 5805 6225 6678 4160 7373 5920 5023 3762 4975 6427 2698 3181 4585 4588 1507 4877 2555 8396
4209 5917 5589 5379 5747 6120 7202 5583 3191 1416 3837 2241 5743 7704 7418 5060 7272 6547 4762 3801 5436 5250 1899 2567 4510 4565 1502 4065 2193 6983
4198 5758 6916 5951 5251 6570 7546 4664 4241 3218 4805 1881 4776 6192 7584 3774 7003 5861 6293 4865 3913 5646 2021 4171 5149 4903 2213 5316 2767 7735
5098 7191 5117 5392 6880 6002 6293 6016 3670 2628 4504 2474 6383 7200 5895 4062 6208 4570 6032 3007 4275 4091 2086 3910 5868 4876 2422 4654 2162 7095
5622 6532 6149 6068 5382 6713 7739 5179 5002 2193 3742 2147 5098 6940 5769 3396 7930 5925 5602 3249 5914 2935 1732 3483 4592 6188 2222 4492 2975 6412
4877 6775 5939 4962 6474 6982 7510 5123 4335 2414 4703 1381 5341 6707 5492 2084 8364 6135 4787 3162 6786 3858 3676 4536 4502 4857 2966 5489 1384 7531
4158 5799 7208 6110 5224 5683 5708 4393 3837 2357 4390 2934 4801 7552 6165 2798 7850 5992 5296 4329 5586 3436 2318 4308 4155 6039 1190 4578 3063 6356
3857 5805 5434 6012 6720 7189 7363 5312 3173 2566 4708 3410 4895 7593 6490 1753 3003 4773 6389 4038 5597 5052 1966 4624 4299 6610 2452 4329 1964 7634
4420 7272 6864 6274 5806 5418 6529 4616 3359 2291 4521 5531 4118 7553 6465 3411 1446 4590 5132 4231 7623 3394 2299 4704 4547 6869 3193 4444 2013 7568
6293 6837 6562 6368 5631 6922 7248 6556 2722 1639 4863 3850 4630 7375 7624 2157 3116 4523 4443 2936 5902 3929 3730 3561 5619 5566 2073 5078 2079 8129
6669 6535 6395 5890 5633 6569 6405 6226 3907 1599 5584 4564 6078 6740 7474 1707 2942 6614 5509 4422 5697 3953 2052 4651 4161 6457 1515 5566 2656 8341
6490 7140 5780 4882 6323 7183 7326 5824 4489 2604 4900 5402 4063 6455 5981 2018 2648 6306 6163 3281 7003 3153 3345 4585 4674 6358 1941 5185 3118 6700
6846 6104 2911 5677 6767 6575 6786 5612 3944 1404 5943 5925 5083 7853 5584 2235 3457 5969 5470 4372 7424 3758 3271 3941 5228 5751 3144 4019 2720 6661
5386 5798 2015 4375 6906 6049 6848 5048 2359 2079 5555 5762 4979 6693 7274 3273 1882 5030 6408 3964 7230 3588 2090 4529 4450 5170 1272 4155 1455 7041
6052 7147 2942 4423 5388 6316 7027 4467 3073 1828 7751 5908 6096 6724 7605 2250 2366 4986 5714 2933 7537 4108 3085 3590 5692 4890 1545 5768 2378 8030
6186 7341 2024 4252 6441 6764 6063 6174 2481 2947 8563 4096 4550 6585 6975 1550 2670 4876 6512 3478 7331 3968 3583 4792 5407 6396 1816 5232 1882 7046
6737 7373 2920 6059 6250 6820 6001 6318 3261 3559 7500 5047 4619 3083 6164 2125 2642 5211 6506 6419 5914 4474 2789 2776 4890 6561 3128 6935 1775 6951
7315 7346 2866 4295 5774 5481 6273 5434 3884 1977 7297 4185 5400 2526 5999 3644 1990 4730 5149 8068 6924 2901 3294 2378 5944 5421 2843 7285 1527 7915
6534 7381 2541 5585 5337 7305 6681 4830 4047 3050 7808 5664 5639 3030 5445 3504 2187 5207 4983 6156 5783 3477 1995 1826 4477 6720 2303 7328 1854 7590
6571 6946 2102 4695 5806 7232 8039 4973 3700 2924 8432 4941 5351 3701 7144 1743 3469 3747 5798 6306 5932 3663 3149 4046 5585 5597 4420 7407 2999 7444
6384 7694 2745 4815 6967 6547 8553 5125 3817 3389 7800 5812 4710 3473 6564 2390 2685 5002 5487 7024 6714 2899 3607 2480 4755 6767 3552 8121 3169 8026
5320 7190 2729 5066 5799 6892 8383 5586 4243 2098 8514 4372 6009 2451 5988 3201 3246 3707 4250 8176 7047 3143 2114 3772 4791 5373 2602 7655 3399 3684
5315 7156 2690 6248 6969 5391 7037 6390 2531 2191 6807 4392 5192 3991 6230 1871 2685 3874 2874 6899 6311 3119 2701 2924 4561 5501 3693 8387 3146 2984
5203 6601 2427 4754 6932 7087 8937 4938 3701 1394 7532 5597 3970 2699 5519 2195 2114 5063 2948 6254 7228 3399 2145 2094 5365 6021 3218 7925 2026 3046
24 22 14 13 49398 1
2 12 11 21 64218 1
1 7 17 5 65993 1
12 8 5 2 52860 1
21 17 17 23 28940 1
12 9 0 20 69488 1
29 18 6 20 88838 1
24 1 13 7 55680 1
16 4 7 27 95149 1
4 10 25 3 76729 1
2 3 7 26 88663 1
24 9 17 3 32294 1
12 23 19 2 67811 1
1 16 23 10 86254 1
9 29 15 21 42871 1
10 23 0 25 39206 1
26 13 11 12 60975 1
23 8 16 20 49784 1
11 18 29 0 102896 1
27 8 22 25 63374 1
0 9 24 25 114661 1
28 16 9 3 84994 1
1 15 6 9 34745 1
3 26 27 11 98381 1
21 24 5 21 53713 1
5 6 28 29 119156 1
25 16 14 18 37194 1
13 15 4 27 66370 1
18 25 18 6 44054 1
24 9 14 6 37684 1
16 15 5 26 56321 1
20 1 21 27 72379 1
12 21 3 19 37730 1
23 10 4 21 91806 1
8 14 25 20 67511 1
5 25 10 15 52332 1
12 19 27 14 59458 1
29 12 1 6 104397 1
2 4 6 10 35526 1
15 0 17 10 40127 1
29 11 3 1 106615 1
2 26 17 29 43193 1
10 22 20 14 51900 1
4 15 21 24 74198 1
28 28 26 20 43499 1
25 13 14 16 36322 1
11 25 17 21 32836 1
19 28 10 3 88289 1
27 25 11 29 57766 1
5 14 26 13 72617 1
21 28 8 26 32483 1
4 16 21 23 75268 1
27 7 7 20 94168 1
26 25 22 6 72687 1
5 24 14 0 108078 1
10 17 26 19 65255 1
27 9 1 0 101449 1
7 29 0 16 65982 1
3 28 14 20 49637 1
7 28 1 21 37438 1
16 27 17 2 63978 1
24 23 2 28 62195 1
19 0 0 18 98540 1
26 18 3 25 85619 1
20 25 1 12 95395 1
16 22 9 7 67887 1
26 3 23 27 91620 1
21 26 3 5 99607 1
0 12 5 23 59394 1
3 28 26 27 56292 1
10 8 1 6 44038 1
13 13 23 19 46275 1
28 25 21 3 96164 1
17 16 29 26 58239 1
16 13 2 18 65264 1
11 4 24 15 61473 1
12 0 8 21 85711 1
18 18 29 26 51139 1
1 14 19 29 91446 1
9 29 25 21 62153 1
6 0 18 25 100870 1
19 22 13 14 36412 1
1 11 16 14 55453 1
13 9 25 29 72045 1
18 4 29 6 55745 1
6 11 14 8 29848 1
19 12 0 8 64918 1
25 23 12 28 42608 1
27 16 8 4 80818 1
13 0 15 14 64546 1
8 22 19 20 37964 1
22 28 11 29 31919 1
4 26 24 7 97444 1
5 19 0 28 45361 1
13 10 17 0 38753 1
20 3 27 27 89384 1
13 20 15 6 70921 1
11 29 1 22 51109 1
4 19 26 25 80213 1
24 3 13 8 50436 1
25 12 3 27 92882 1
4 6 22 23 92873 1
2 18 15 11 58906 1
2 11 28 11 79771 1
9 28 14 5 94692 1
18 27 3 19 58099 1
4 23 20 28 49833 1
12 8 29 8 47189 1
29 18 25 0 89392 1
7 1 29 24 130603 1
16 4 22 16 46704 1
2 20 0 29 37868 1
1 21 14 6 86902 1
23 25 19 19 27833 1
6 18 26 27 74792 1
15 0 22 19 69226 1
23 19 11 27 56485 1
7 1 25 5 101652 1
28 2 0 23 126482 1
28 12 10 15 57847 1
27 8 8 6 62007 1
26 11 26 0 58010 1
10 29 25 16 69094 1
20 23 9 17 62182 1
22 25 6 23 46754 1
2 25 23 1 113246 1
27 11 17 17 48245 1
4 29 8 4 98382 1
3 22 17 21 38622 1
8 28 13 17 61736 1
8 17 13 9 43063 1
22 2 6 6 62131 1
13 16 4 9 54745 1
3 8 29 9 68556 1
6 11 16 25 71001 1
28 0 11 7 74384 1
2 19 29 14 97459 1
26 22 1 26 68011 1
28 6 22 0 43369 1
13 18 0 8 79977 1
22 16 7 17 50013 1
12 7 20 16 38646 1
14 5 0 2 87334 1
5 7 11 27 89099 1
25 3 10 21 95165 1
17 21 13 11 48954 1
15 14 25 28 55527 1
22 24 0 4 115148 1
17 17 5 1 91187 1
3 12 0 4 40728 1
17 8 2 9 49902 1
16 9 0 11 43256 1
14 26 3 20 45166 1
9 21 13 10 61136 1
13 19 0 28 63624 1
4 12 18 19 64996 1
0 5 7 10 46127 1
2 0 10 28 116403 1
5 25 16 16 55566 1
22 9 2 6 62347 1
26 19 16 6 64240 1
13 29 22 20 47898 1
24 17 16 25 49372 1
29 20 3 20 87841 1
17 24 25 16 42131 1
1 15 16 3 79984 1
25 16 5 2 94704 1
17 24 10 0 90794 1
23 28 10 14 61836 1
3 11 2 22 37566 1
26 3 23 20 72685 1
20 29 7 27 44423 1
16 21 25 7 63672 1
14 21 24 10 65205 1
22 26 5 13 82383 1
1 28 7 17 52108 1
26 14 1 12 87283 1
24 23 29 1 90306 1
0 0 29 20 146747 1
13 1 8 29 117960 1
16 0 1 3 84547 1
26 25 21 14 48157 1
16 8 24 10 31471 1
3 25 15 22 42422 1
12 3 4 13 57201 1
19 26 28 20 46405 1
28 13 23 21 43056 1
26 9 11 25 82852 1
22 6 5 7 59944 1
1 3 18 7 75502 1
26 8 8 9 49228 1
2 10 12 9 34754 1
22 28 5 0 120299 1
13 6 17 14 40622 1
15 11 18 21 38573 1
10 17 17 6 56181 1
14 23 15 4 76806 1
11 16 10 27 65275 1
4 9 27 19 89479 1
0 1 10 27 115205 1
27 11 7 3 86465 1
28 21 29 0 107220 1
27 2 18 3 25088 1
5 5 12 1 57643 1
5 23 29 3 114054 1
12 6 18 15 34908 1
19 25 27 14 55914 1
6 13 8 21 39639 1
3 29 26 8 109090 1
25 26 6 6 96752 1
8 10 19 2 42314 1
25 5 10 23 98871 1
3 21 0 2 76460 1
27 1 18 4 31669 1
0 29 29 1 142913 1
25 10 28 29 88605 1
4 6 19 3 64645 1
29 25 0 19 102302 1
15 3 23 21 69240 1
17 4 2 9 62505 1
14 26 28 9 73929 1
21 26 3 20 58472 1
26 8 28 29 91540 1
1 27 9 29 29459 1
25 23 15 14 50636 1
4 25 6 10 61884 1
20 8 17 15 25185 1
23 6 26 24 73159 1
5 5 6 28 86526 1
23 5 8 3 77456 1
9 27 5 15 53146 1
18 12 13 18 32736 1
2 2 17 0 80741 1
13 8 6 17 49269 1
15 8 2 28 93724 1
16 6 14 15 37522 1
28 13 19 23 56030 1
2 29 13 16 75395 1
20 2 13 28 74681 1
20 26 9 24 35937 1
29 29 3 21 85225 1
7 22 17 1 79801 1
13 26 28 22 46791 1
8 28 4 5 97204 1
25 23 23 5 67912 1
12 13 4 6 53974 1
24 12 29 5 54732 1
8 24 18 23 37305 1
11 3 25 17 74201 1
2 3 25 22 113466 1
6 26 20 3 87384 1
3 21 27 1 115822 1
1 16 8 29 63302 1
17 6 10 0 53276 1
0 16 18 2 82876 1
25 22 18 17 33476 1
14 19 28 5 83831 1
25 19 16 14 41014 1
27 5 2 16 101312 1
3 13 12 8 38193 1
0 0 20 21 117702 1
11 24 24 29 51664 1
2 2 15 8 68124 1
7 22 26 26 58627 1
15 2 22 6 35581 1
3 5 1 17 51837 1
18 15 6 22 46987 1
28 25 1 3 145662 1
13 14 3 29 78323 1
17 5 8 7 42412 1
24 8 22 27 63146 1
14 10 23 28 64372 1
19 5 26 26 75190 1
1 23 29 10 115420 1
13 29 1 8 100952 1
2 11 4 26 52904 1
12 1 21 8 48233 1
16 11 5 6 48733 1
19 8 4 8 41972 1
9 24 24 23 53951 1
29 2 7 16 91952 1
6 0 15 4 59698 1
11 18 23 19 54068 1
21 7 8 22 68067 1
24 12 29 26 75076 1
17 24 10 21 32136 1
28 2 6 2 95281 1
24 8 3 9 64847 1
15 7 1 1 84714 1
29 18 16 2 75159 1
6 11 14 27 72698 1
19 8 10 18 54261 1
24 14 10 9 48928 1
18 29 19 17 34930 1
11 23 13 8 71374 1
5 9 14 5 42528 1
24 25 25 4 88291 1
2 3 25 3 99598 1
12 7 26 24 77966 1
6 27 22 25 41018 1
1 15 21 23 80987 1
25 19 1 13 100836 1
21 10 0 29 98285 1
12 2 1 16 77655 1
4 3 2 15 53011 1
15 9 23 3 35807 1
7 26 1 16 48850 1
29 5 18 16 66899 1
4 8 25 18 79204 1
16 21 6 17 43124 1
26 20 12 29 61033 1
25 21 10 15 54040 1
12 24 7 18 42345 1
4 29 22 27 50578 1
4 28 22 22 54982 1
9 3 2 8 42748 1
22 9 28 2 37219 1
2 28 19 7 92108 1
20 17 6 18 60251 1
13 27 14 1 96539 1
0 19 16 28 63980 1
16 1 28 8 55536 1
7 21 26 4 110040 1
19 25 9 9 61897 1
10 23 28 6 102309 1
26 4 10 10 65597 1
5 0 18 3 73190 1
25 24 0 21 89427 1
5 4 23 3 83739 1
21 29 16 2 74217 1
28 25 20 1 100106 1
17 14 4 23 62801 1
2 15 26 11 88031 1
17 5 7 2 67345 1
20 11 4 12 59561 1
15 8 2 21 74299 1
25 21 3 20 71444 1
26 3 17 2 28144 1
11 24 21 29 40775 1
15 14 28 10 57665 1
29 23 14 10 74429 1
24 25 8 16 74793 1
19 20 27 9 53852 1
27 26 6 12 94758 1
25 24 6 19 68224 1
16 11 0 19 74548 1
3 29 1 1 109707 1
11 1 9 23 102019 1
23 11 22 28 54836 1
5 14 17 1 70049 1
13 14 1 12 52420 1
0 28 24 4 126085 1
20 22 9 15 43546 1
16 7 10 18 59705 1
21 17 16 0 53899 1
23 8 29 29 82991 1
14 29 8 11 83752 1
0 1 0 17 72768 1
22 9 13 18 49358 1
23 16 28 26 50491 1
10 27 23 27 36645 1
14 10 26 25 76684 1
21 15 5 3 77167 1
16 26 21 7 56294 1
17 11 3 3 63984 1
11 15 25 10 53749 1
0 26 4 6 81435 1
17 26 6 19 44408 1
16 28 1 16 73030 1
16 8 9 22 63609 1
21 28 2 16 76194 1
21 27 23 17 35191 1
16 16 23 12 30395 1
15 18 12 29 44923 1
19 29 4 15 81989 1
26 20 2 7 101734 1
7 28 4 6 87520 1
8 5 7 29 94385 1
11 26 27 21 52583 1
16 23 25 8 63363 1
9 5 20 2 55528 1
3 22 24 29 69211 1
18 6 12 29 69639 1
29 28 4 8 106298 1
29 2 5 23 108378 1
23 5 13 16 57024 1
7 11 26 12 68419 1
20 22 25 28 27930 1
1 13 26 28 104919 1
3 3 12 11 51694 1
17 26 21 6 61479 1
21 27 6 20 51260 1
3 25 14 9 82765 1
16 17 8 3 71540 1
8 20 23 0 94211 1
21 19 17 12 29815 1
25 1 7 12 75150 1
6 9 13 20 65575 1
15 16 8 5 62466 1
15 29 12 9 70619 1
12 25 0 22 50142 1
9 24 22 16 61862 1
4 14 13 7 53636 1
19 23 15 15 28983 1
17 22 9 2 83277 1
22 0 25 8 34582 1
23 25 3 10 95886 1
15 25 0 15 76166 1
12 18 17 24 39376 1
19 17 16 4 45166 1
17 26 7 26 22187 1
1 18 16 27 63183 1
20 3 10 2 55651 1
27 10 12 4 56193 1
13 1 25 4 62008 1
22 8 5 10 48185 1
15 29 0 29 51138 1
4 16 29 5 115406 1
14 27 22 6 72910 1
22 13 28 17 33216 1
24 22 13 4 80776 1
11 6 25 15 56972 1
13 17 11 8 49153 1
5 27 19 28 38572 1
1 18 4 5 62404 1
24 10 14 8 35471 1
19 8 12 2 40404 1
26 7 4 21 103935 1
4 19 2 8 44250 1
2 10 8 0 59660 1
10 18 19 19 40436 1
21 28 16 15 39827 1
10 9 21 10 25970 1
4 17 15 19 51364 1
24 7 22 23 57493 1
0 2 22 21 113179 1
15 10 27 10 40661 1
5 17 11 2 79854 1
19 19 24 28 35878 1
25 14 19 8 35154 1
2 10 27 17 88191 1
15 2 16 18 57840 1
5 26 7 15 42550 1
24 14 10 11 57869 1
8 3 29 17 96022 1
1 14 21 27 86143 1
15 4 19 18 54318 1
8 4 17 21 75307 1
11 11 28 13 63860 1
10 2 29 16 89774 1
7 12 19 20 58968 1
0 3 18 12 78884 1
14 9 4 7 35757 1
8 0 0 24 111042 1
14 28 13 0 98835 1
10 18 18 6 55145 1
20 28 17 18 34196 1
14 21 29 8 74920 1
8 16 24 14 50342 1
4 13 23 17 72438 1
25 29 7 0 127050 1
27 19 0 9 108798 1
12 15 1 7 61712 1
4 28 1 14 55358 1
28 25 8 22 70620 1
1 3 14 12 73791 1
23 20 22 3 54730 1
17 0 9 13 64299 1
28 5 11 23 102449 1
19 7 3 5 64566 1
2 7 29 28 118342 1
2 14 12 27 65653 1
11 2 24 0 69186 1
4 10 26 22 94204 1
6 3 20 16 72282 1
20 6 15 22 59896 1
14 23 19 18 35304 1
17 28 22 12 50788 1
14 3 3 7 64939 1
3 28 10 9 78431 1
21 3 12 9 36330 1
4 19 18 17 58544 1
24 20 13 0 89915 1
22 16 28 3 65031 1
26 26 4 2 128272 1
7 20 0 29 50512 1
21 29 19 14 46818 1
21 4 22 23 59354 1
10 22 16 11 53883 1
0 17 23 14 84060 1
15 7 22 4 40961 1
6 7 17 5 46485 1
24 4 25 26 86610 1
11 27 6 6 88844 1
16 22 2 18 49322 1
18 7 7 8 34560 1
16 11 13 22 45923 1
26 27 10 26 42909 1
23 20 12 25 48714 1
21 0 29 7 59913 1
22 1 19 11 35800 1
24 24 18 2 66571 1
20 25 8 4 90705 1
3 1 6 25 92095 1
18 12 4 2 74321 1
19 16 6 19 53420 1
15 21 4 4 99757 1
11 1 14 23 93073 1
2 10 9 17 44455 1
21 19 0 14 83983 1
16 29 0 11 89369 1
5 6 23 13 67880 1
24 25 14 8 71046 1
12 2 24 18 73513 1
19 13 14 25 51885 1
14 15 24 28 48847 1
5 8 15 14 53496 1
16 4 20 14 46821 1
11 23 0 2 107722 1
4 29 26 7 112497 1
12 12 11 2 46482 1
17 0 8 8 48302 1
12 4 11 24 89703 1
5 19 29 28 80574 1
10 29 21 20 47942 1
0 6 10 27 100064 1
1 4 27 24 129924 1
21 14 6 19 59101 1
27 19 18 17 39413 1
8 9 23 12 45333 1
26 5 9 14 82965 1
27 11 1 13 88682 1
24 10 0 25 106463 1
9 0 27 0 85191 1
23 17 1 18 86134 1
26 6 7 14 85411 1
9 27 24 14 74718 1
13 7 5 22 73986 1
15 21 14 0 81983 1
29 12 9 11 74302 1
9 6 17 20 64995 1
2 0 3 11 43111 1
26 6 1 1 115592 1
3 29 16 7 94758 1
2 10 10 7 40683 1
28 11 7 5 82437 1
29 8 19 9 30846 1
21 15 14 21 35996 1
17 27 9 14 60324 1
25 27 12 26 35951 1
0 19 14 3 96513 1
9 22 18 28 37787 1
2 15 8 29 58895 1
10 29 11 9 82534 1
17 4 26 23 70635 1
13 8 12 24 72930 1
14 0 24 9 57995 1
25 29 4 3 125833 1
26 0 20 14 65764 1
5 25 7 6 79142 1
12 17 29 8 68373 1
19 2 25 10 39994 1
22 0 12 10 44988 1
25 22 17 1 70282 1
15 16 3 19 57256 1
10 1 15 26 98299 1
22 24 12 3 77083 1
17 1 6 13 60243 1
17 4 17 26 59845 1
3 21 23 22 59120 1
25 24 29 17 46486 1
15 5 0 12 69253 1
22 27 10 23 43990 1
18 19 7 14 44946 1
6 14 18 9 43025 1
16 13 19 0 38489 1
26 9 23 21 49659 1
8 20 7 5 67952 1
21 13 12 12 40361 1
22 17 19 28 37109 1
10 2 24 17 81605 1
7 7 14 15 53855 1
25 18 29 25 47383 1
8 23 25 18 68450 1
21 19 27 7 49436 1
7 21 23 3 96500 1
27 24 0 3 135925 1
12 22 15 3 75248 1
5 1 22 18 98230 1
24 3 21 27 77652 1
29 7 15 26 85469 1
18 11 16 19 26379 1
27 28 8 7 95097 1
28 16 10 7 68246 1
3 25 29 9 103877 1
4 20 23 28 65687 1
0 26 7 3 99352 1
12 20 28 12 75947 1
18 2 28 27 88684 1
2 7 28 11 85546 1
20 23 5 28 50501 1
24 13 27 20 42714 1
26 25 6 20 69499 1
3 12 11 10 28382 1
0 7 8 1 65879 1
7 12 7 24 52010 1
18 29 0 21 69521 1
28 29 7 16 94435 1
8 8 8 29 81376 1
20 5 3 7 65870 1
8 29 4 1 117001 1
17 10 8 18 53817 1
0 13 3 6 39210 1
20 18 25 26 41505 1
9 9 1 18 53362 1
0 0 24 27 141240 1
14 8 23 14 39874 1
14 4 13 21 80463 1
5 20 14 13 57479 1
5 23 19 14 61669 1
18 2 23 28 66624 1
12 1 28 26 106299 1
4 24 15 14 68289 1
2 23 21 16 69577 1
0 15 12 27 69662 1
4 16 14 18 53336 1
11 6 28 14 70281 1
8 12 14 2 58119 1
22 2 4 27 100230 1
20 27 21 5 68355 1
24 8 17 5 30215 1
11 14 21 15 31291 1
10 23 19 27 39319 1
14 16 23 28 49220 1
16 20 2 7 82823 1
10 2 20 1 58538 1
28 23 13 8 75857 1
24 14 8 11 61775 1
16 26 8 10 72579 1
13 24 3 26 33931 1
20 14 0 22 90155 1
18 18 8 4 62814 1
27 10 20 19 49440 1
5 29 4 15 55347 1
29 19 8 23 76385 1
21 12 26 19 34698 1
3 23 22 5 97037 1
22 15 10 25 59186 1
24 5 27 24 87732 1
15 6 5 10 46621 1
12 20 28 7 87024 1
20 22 29 8 61665 1
19 15 27 21 38889 1
19 17 27 3 63781 1
5 6 22 20 82164 1
22 21 17 5 52974 1
25 2 18 8 27640 1
13 23 23 25 40397 1
11 7 23 22 67397 1
1 21 22 7 97486 1
14 2 24 7 56090 1
13 8 10 0 38592 1
28 7 4 16 101020 1
21 29 27 16 51866 1
8 11 25 15 58722 1
17 7 6 0 68437 1
13 26 18 6 58836 1
15 9 29 1 53485 1
10 11 22 21 62692 1
2 22 21 22 56295 1
4 14 4 0 60572 1
22 29 0 15 91376 1
9 26 4 19 34301 1
7 19 23 4 91474 1
9 19 6 11 37986 1
13 12 0 28 94915 1
26 23 4 14 91624 1
24 19 4 24 76384 1
20 8 0 28 98622 1
10 10 27 29 91015 1
9 25 3 2 103747 1
11 8 5 26 77236 1
15 0 22 8 44285 1
3 19 17 21 48508 1
14 21 5 15 51966 1
4 12 28 18 93531 1
7 2 25 23 111149 1
22 15 15 25 46809 1
28 28 12 5 92277 1
15 26 0 24 42612 1
23 0 13 3 50659 1
18 24 10 1 87006 1
9 8 23 5 56734 1
13 8 26 15 47764 1
18 13 8 10 36305 1
18 18 10 24 44067 1
5 1 0 19 86790 1
10 5 23 19 72981 1
9 8 20 1 51970 1
13 20 28 11 77573 1
25 5 27 24 92350 1
1 8 8 26 75522 1
19 26 23 2 67996 1
11 19 23 26 53742 1
27 22 18 27 33684 1
18 8 8 28 71042 1
26 27 23 8 73248 1
15 20 18 28 29952 1
6 23 22 16 57189 1
0 20 10 25 52005 1
20 2 9 2 58199 1
7 3 18 8 56968 1
29 17 4 27 94222 1
23 0 6 18 95148 1
1 13 26 0 102981 1
10 21 13 6 79406 1
25 6 15 26 81951 1
3 18 18 16 62077 1
26 26 23 10 71595 1
6 10 4 20 45462 1
23 2 4 11 63615 1
17 26 28 22 38069 1
14 8 8 0 52671 1
10 5 16 24 80306 1
16 26 20 4 66721 1
10 2 2 16 72926 1
7 25 19 4 88855 1
28 12 29 25 77984 1
1 24 11 12 73925 1
21 27 6 12 78254 1
5 22 7 10 50380 1
19 23 14 16 33367 1
19 13 23 20 36780 1
17 28 28 21 47060 1
3 20 13 17 53000 1
25 18 6 2 99068 1
10 8 19 19 49441 1
7 7 1 24 76209 1
11 14 17 27 55906 1
6 4 9 11 35053 1
20 12 5 15 56326 1
25 19 15 6 69000 1
25 5 15 15 60545 1
19 13 19 29 50162 1
10 4 2 8 44598 1
20 8 5 16 68124 1
24 7 0 29 121094 1
11 2 10 16 68115 1
14 14 6 16 34534 1
19 17 10 1 73841 1
5 0 28 29 141182 1
20 29 10 19 61043 1
8 14 10 26 54716 1
7 26 15 21 37082 1
13 8 1 2 68465 1
8 3 18 10 49820 1
14 0 22 17 70185 1
11 29 1 13 80973 1
23 6 25 16 45307 1
27 2 13 8 50916 1
6 8 26 22 83666 1
2 22 6 7 60233 1
25 11 7 23 84944 1
9 25 0 21 48422 1
4 13 28 25 115750 1
12 29 16 1 88536 1
16 18 14 9 35734 1
24 3 15 27 87354 1
27 23 0 11 103851 1
26 25 9 23 62403 1
4 2 23 8 83646 1
21 29 24 6 77347 1
9 15 26 21 60335 1
8 3 25 1 79445 1
28 0 4 21 125800 1
0 26 9 21 35020 1
26 14 10 19 64544 1
27 7 20 3 47704 1
28 21 20 19 32624 1
29 29 8 23 71682 1
7 25 25 27 54240 1
17 3 15 17 46373 1
27 8 8 4 70894 1
0 29 14 4 125176 1
5 2 29 27 139647 1
5 6 20 16 66991 1
4 10 22 8 53606 1
12 10 0 17 57961 1
27 14 14 6 60046 1
19 14 27 21 45364 1
29 25 6 4 124155 1
13 29 2 5 107656 1
7 5 5 13 42518 1
3 7 13 25 96956 1
29 27 13 16 74268 1
28 22 23 5 74240 1
7 0 19 7 74710 1
27 15 15 15 29640 1
16 22 24 12 49763 1
4 14 17 24 75556 1
29 0 23 8 53952 1
17 5 15 26 61437 1
10 2 3 10 57149 1
6 10 21 5 53600 1
29 21 8 2 113611 1
14 24 7 4 101190 1
0 2 18 7 79586 1
13 4 4 26 97372 1
21 13 28 29 62001 1
27 1 10 24 105106 1
5 0 9 16 78104 1
8 22 20 0 84648 1
22 25 9 2 98000 1
21 6 13 18 58066 1
3 22 18 2 84325 1
27 3 11 19 91766 1
8 0 14 19 96503 1
9 29 25 13 80668 1
9 7 26 28 91577 1
27 29 17 6 81614 1
28 27 24 4 104078 1
20 22 9 12 58396 1
23 8 17 29 68477 1
25 13 7 9 52967 1
20 18 8 0 92295 1
1 19 12 15 55158 1
13 0 6 23 96043 1
18 8 11 4 35644 1
12 1 21 19 69295 1
15 12 1 17 64389 1
20 10 5 14 61425 1
14 26 13 1 93603 1
27 2 13 22 81921 1
28 19 1 7 112457 1
8 8 17 15 41801 1
12 26 21 20 34762 1
19 28 11 10 67811 1
6 17 13 9 46501 1
0 6 26 15 95995 1
2 8 10 11 29404 1
17 1 3 23 94636 1
9 21 14 2 96239 1
5 16 29 28 94911 1
10 8 18 1 37116 1
16 13 25 4 60162 1
17 0 4 16 86537 1
23 28 17 18 38884 1
0 13 12 3 65792 1
14 0 14 24 95509 1
17 12 1 22 82382 1
2 7 22 9 58919 1
5 10 29 11 76019 1
15 28 19 15 41157 1
15 4 13 17 62279 1
19 0 22 17 48792 1
7 2 24 24 112309 1
27 3 12 20 91760 1
28 15 6 6 77034 1
6 0 5 29 104484 1
18 18 10 28 42925 1
0 9 9 12 37835 1
0 6 9 12 52628 1
0 17 19 5 86183 1
9 27 24 8 87652 1
15 14 0 0 98299 1
0 8 7 15 48091 1
18 1 21 14 32131 1
18 21 9 5 65754 1
16 18 11 5 58638 1
19 19 15 28 33121 1
26 18 3 18 90581 1
13 12 26 24 70962 1
16 28 9 2 98422 1
29 23 9 25 63452 1
22 9 3 21 84289 1
19 22 23 8 48654 1
22 23 18 7 48900 1
0 17 14 19 60664 1
23 25 28 13 55334 1
24 1 13 9 45792 1
0 19 11 5 83337 1
13 23 13 10 67125 1
22 12 5 24 74776 1
1 16 20 2 85305 1
16 14 16 25 33465 1
19 15 19 1 35944 1
3 12 9 7 32426 1
10 14 25 22 59757 1
28 19 22 23 37091 1
3 1 27 9 89687 1
8 24 17 22 32352 1
17 15 18 2 29983 1
8 14 26 13 56119 1
19 5 28 27 89038 1
13 15 24 11 41976 1
21 0 25 15 59648 1
20 6 13 10 35919 1
21 10 16 2 31168 1
14 21 0 20 54842 1
6 23 23 1 96831 1
28 7 24 0 51093 1
16 11 18 22 36624 1
20 4 0 12 73890 1
2 15 18 5 64356 1
19 8 10 24 69406 1
17 7 16 26 53696 1
7 15 3 23 43649 1
16 15 7 19 42078 1
20 20 15 1 68299 1
14 13 28 10 58412 1
22 0 2 9 76406 1
22 6 9 8 47984 1
10 22 7 8 61677 1
19 13 1 8 64256 1
18 10 0 17 74402 1
6 15 11 29 59559 1
20 24 25 11 56362 1
18 3 21 23 52284 1
2 28 19 18 68519 1
2 2 5 26 91256 1
25 6 11 26 90859 1
2 4 12 3 61342 1
3 6 10 23 81499 1
21 10 7 29 81771 1
24 1 17 16 55898 1
25 23 19 6 65272 1
24 24 0 8 105625 1
4 20 4 6 62375 1
19 23 7 17 59883 1
13 5 29 27 107520 1
8 6 9 24 80779 1
18 10 11 25 60507 1
8 3 8 21 75089 1
2 9 17 1 69008 1
2 4 27 26 122803 1
5 10 14 3 54360 1
1 15 13 12 51398 1
10 8 28 18 72522 1
20 26 1 0 120991 1
18 4 10 6 41876 1
23 20 2 11 80978 1
12 2 28 14 78926 1
11 10 12 20 57336 1
27 5 19 10 45084 1
1 26 23 27 50880 1
2 20 10 4 76380 1
8 13 25 25 80340 1
16 13 6 7 44954 1
14 19 24 6 70537 1
21 23 27 18 38310 1
24 11 28 26 76119 1
21 9 27 22 48803 1
11 25 3 11 75143 1
0 9 9 3 56784 1
3 11 18 23 70810 1
21 23 9 4 82051 1
3 11 5 20 38666 1
6 13 29 10 73774 1
19 29 0 13 100324 1
19 7 2 17 73020 1
9 10 23 16 51388 1
23 26 22 10 54023 1
17 21 3 26 44168 1
2 26 16 4 98682 1
27 6 15 28 88803 1
23 24 4 17 77239 1
9 18 26 23 71981 1
17 21 19 2 47718 1
6 15 8 26 39698 1
27 0 26 18 84108 1
2 9 22 16 72570 1
15 20 14 3 74008 1
9 6 20 9 36745 1
16 1 24 20 70701 1
29 5 19 27 96904 1
2 6 26 26 113389 1
10 12 4 2 61705 1
10 22 24 0 95029 1
29 19 5 15 85934 1
24 0 28 11 66304 1
9 5 24 1 73445 1
16 10 24 17 41591 1
29 17 15 10 59893 1
28 29 14 15 66349 1
17 10 13 17 36907 1
17 8 26 24 63802 1
22 18 22 6 37832 1
18 10 16 21 33521 1
6 14 26 12 70746 1
28 12 19 21 57196 1
29 27 10 7 104573 1
7 13 25 20 76899 1
9 26 14 14 56199 1
9 23 23 0 96723 1
28 16 1 0 118116 1
12 19 0 3 96330 1
3 14 19 20 69964 1
0 7 5 21 71988 1
4 7 16 15 60738 1
29 4 18 20 79223 1
