4921 3750 3180 3875 4157 4964 4971 4195 4759 3422 5454 4270 3331 5169 3589 4059 5019 3451 5199 4960 5193 3277 4420 5033 4483 3569 5062 4482 3724
4076 4880 5465 3425 3092 4978 5030 4007 4314 4046 2993 5327 3214 5023 5252 5131 5106 4894 3349 5408 4567 3082 5564 4270 5516 4187 3888 3087 3103
7127 8273 7875 6943 8139 7129 7261 6683 7165 6960 6988 8081 7512 7469 8587 6460 8318 6906 6896 8123 7854 7730 7538 6743 8019 7866 8872 6416 7743
6475 6823 6724 7731 6740 6994 6950 5417 5517 6197 7060 7696 6063 6240 5341 5830 6046 6581 7553 6948 7457 5880 6256 5965 6448 7057 6016 5525 5617
6484 6758 5001 5154 6774 4934 5739 6380 7064 6071 7126 6378 5773 5202 5254 5236 4965 6062 5057 7064 5850 7053 5471 7092 5291 5523 6971 4939 7258
3890 3986 4318 4560 4929 5821 5784 4970 5057 4600 5014 5409 3931 3812 4956 3989 4200 4832 4960 5668 5361 4945 3993 5027 4821 5130 4559 5703 6029
2336 3394 2822 2570 3722 3073 3058 1692 2562 2781 1958 2825 3302 2240 1557 3757 1985 2941 1903 1834 3634 1581 3545 3897 1969 2873 2568 2528 1636
6153 6176 5452 5585 6012 4852 4796 5799 6269 4529 6381 6078 4949 5224 4875 5050 6394 5810 4359 5605 5197 4660 6227 5684 6637 6397 4478 4896 5149
7068 5221 5942 6770 5310 6043 5713 5503 6901 6149 7474 6628 5393 5760 5556 6087 5598 7438 7650 5270 5464 6315 6141 7694 5896 5307 5283 6813 5164
1663 2661 3185 2598 3918 3619 1906 1976 3496 2131 2103 2287 2509 2437 3192 3471 3641 2058 1800 3368 2814 3668 3974 4002 2378 1657 3151 2989 1764
8076 7364 6539 6414 8139 6377 7360 8095 6532 7423 6036 7526 6092 7170 6522 7951 8370 7107 7718 7536 8072 7197 7301 7680 7374 8094 7862 6511 7212
5987 7204 6074 6341 6324 6289 6872 6311 5664 4864 6881 6727 7244 5459 6217 5269 6522 5033 6947 6310 5999 6588 5630 6826 6897 5169 5708 6469 5180
7028 7283 8867 8401 6460 8646 8310 8496 7690 7440 7987 6792 8355 7196 7348 6792 6759 7349 8343 7909 8432 7748 7461 7301 7884 6748 7570 7160 7149
7191 6774 6171 6237 8380 8043 6674 7030 8065 7046 8253 7941 8553 6370 7792 7328 7549 6485 6337 6983 7654 6597 8363 6242 7127 7389 7441 6149 7508
5282 5710 6491 6034 7148 5962 7110 7202 7310 6764 6736 7056 7477 5573 5227 7052 5026 6117 6151 6645 5529 5823 6321 7169 6450 4950 4984 7408 6524
3166 3881 3518 3594 3892 2214 2472 2815 2968 3577 2210 4041 4074 4417 3176 3429 4532 3864 2803 4487 3822 2423 3769 3184 4469 4119 4294 3908 2797
2049 2023 2620 2211 4138 4477 3729 2252 2568 3164 3553 2359 2723 3205 3483 2297 3133 3633 3706 2192 2539 3471 3370 3768 2940 2250 3167 2328 2268
5304 6556 4904 5930 6307 6832 4867 4897 5945 6837 6880 5145 5806 6653 6148 4835 5837 6084 6256 4730 5565 7137 5855 5333 5621 6430 5920 6940 5083
6197 7176 4932 5095 5744 6356 5108 6048 6126 6882 6150 5087 6998 4992 5634 6249 6408 5785 6091 7019 6771 6840 6090 5987 5089 6623 5759 5932 6566
3156 3337 3423 3014 3732 2268 2221 3443 2288 1806 2602 1917 2097 1830 1824 3104 3283 2783 2175 3889 2324 3463 1871 2343 2714 3155 1741 3427 3524
5832 6973 6616 5900 7450 7636 6353 5386 7233 6363 6772 7605 7390 7694 7202 6213 7206 5770 6572 6186 7012 7152 6726 6154 6357 5917 5682 7429 7456
4172 4371 5688 3695 4238 5472 5452 4584 3591 4809 4643 5236 5558 3540 3916 5085 5439 5215 4922 3605 5358 3569 5191 3567 3369 4192 3567 5044 4331
6548 7775 6751 7293 7012 8154 6006 7785 6171 6157 6261 8185 7006 6469 7063 7374 7844 7553 6811 7667 6267 6801 8514 8319 6772 7171 6046 6065 6420
6175 6106 4052 4505 6016 4947 4824 6479 6256 6316 6386 6081 4607 5333 5569 6314 4947 4745 4894 5244 5757 4735 5439 4663 6288 6164 4318 6234 4236
5524 5007 4305 4877 4707 5630 4628 4410 4244 6333 5699 6005 6043 5138 6291 4969 4770 6331 4786 5128 4886 6112 6428 5998 4759 5111 4593 5960 6234
3856 2742 2931 3942 1750 3218 3183 1918 3563 1994 3497 3601 3859 3557 3595 3187 2050 3568 3927 2078 2748 3847 2995 3546 1764 2257 3704 3345 3417
5446 6405 6897 5167 5691 6671 4890 5583 5393 5384 5253 5779 5866 6382 5876 6397 6830 6144 5867 6855 5641 7370 5360 4896 6939 6679 5151 6069 6385
5754 5422 7018 5960 6700 7231 7135 6502 6628 5585 5828 7485 7887 6172 6187 6132 7826 6861 7602 7214 6055 5714 5902 7621 7622 6500 7723 6250 5492
2754 3655 1670 2728 3692 1759 2053 4104 2498 2400 1593 2207 2232 2268 3379 3016 1905 2022 4057 3477 4025 2955 3724 2343 3687 3175 2366 3412 3518
3102 1965 2024 3653 2611 3718 2536 2787 3324 3037 3053 3907 2761 2546 2822 1678 1602 2314 3454 3594 3274 2920 3206 2095 3291 1589 4010 3036 3856
6140 6741 4641 5959 5822 4066 3488 3420 4386 6440 3304 6934 3370 4090 4328 4936 6883 5752 4206 7325 3823 3255 3673 4673 5685 7995 7246 3824 3163 8132
6342 5744 4226 8052 5614 4681 3066 2598 4563 5503 3561 6488 5829 4298 3419 2842 5074 6563 2740 6271 2578 2065 5006 3416 5119 6618 6637 5268 1287 6144
6266 5595 4460 6523 5498 2997 3488 4531 6346 6363 4181 6390 3479 2906 4774 3414 5768 7278 2778 7516 3303 2031 4258 4909 4525 6669 5460 6150 2770 8487
6924 5812 5952 6077 5132 3144 3390 3488 5206 6976 3337 5349 4815 3087 4787 4469 4929 7947 3848 6668 3554 4190 3759 2948 4847 6081 5982 3990 3147 6274
6794 6454 3963 8098 5450 4611 2860 3683 5348 7318 2501 6749 5039 2530 3547 4397 6011 7580 4267 5390 3728 2310 3135 3101 5203 6020 6484 3872 3652 6220
5802 5092 5862 8237 4020 4898 2966 3901 5132 7130 3220 6090 5700 2984 4541 2781 4936 8031 3691 6875 3203 1880 4006 3406 3526 6447 6324 5378 3106 6124
5818 5262 5136 6406 6167 3056 4455 3355 4792 6809 1929 5950 5134 4387 5154 3336 5694 6037 4590 5094 1806 3974 4333 3617 4769 8081 5570 4519 3413 5958
5746 6360 6173 7459 3803 4766 4176 4081 4413 5887 3335 5960 4658 3048 4715 3229 6167 7387 2343 6182 1350 3530 5080 4531 4124 6372 6132 5482 2440 7189
5463 5078 4839 7444 5411 5318 3960 2763 5675 7770 2551 7005 5764 3450 5189 3437 6046 5918 2627 6825 3491 3377 3651 3721 3474 7223 6539 3754 1760 5955
6730 5514 3865 8350 5053 5231 4955 2404 6081 6621 4184 6553 4308 2641 4645 3134 6992 6922 2298 6466 1977 2028 4726 2512 3742 6387 6769 5296 3210 8039
5898 4613 4265 7875 5841 4466 3204 4516 4034 6527 3940 7265 4504 4447 3543 3834 6641 6756 3537 6661 1571 2717 4795 3844 5540 7589 7015 4151 1975 8228
6412 5007 6225 7263 5983 5259 4260 3198 6068 6498 3071 6934 3479 2937 5876 3068 6948 6141 2524 7488 2841 2394 3946 3051 3795 6766 7268 4542 2000 8185
5841 4851 5259 7989 4541 4778 5342 4638 4598 6901 2287 6353 5762 4211 5082 4519 6742 6581 3102 6002 3352 4063 3048 4100 3746 6304 5932 4653 2884 8347
5698 6249 5727 6536 4188 4886 2982 2478 5838 7713 3134 5409 3682 4052 3888 3039 6770 7551 3196 7229 3799 2872 3070 2973 4420 7037 7339 4664 2289 7943
7217 5573 4059 6494 3933 3731 4456 2706 5322 6218 2396 7598 3619 2701 3457 3954 6218 6511 4529 7317 2480 2247 4438 3775 3820 7949 6895 4390 1732 8250
6844 4707 4018 8429 4444 4486 4885 4442 5344 5903 3326 7002 4847 4870 5521 2984 5314 6023 3180 6980 3110 1919 5420 3550 5048 7914 6269 4148 3640 6778
5266 5559 4147 7243 5796 3500 3871 3833 5423 6300 3867 6997 3998 3951 4522 3076 5259 5836 4008 5257 1689 3504 5064 2722 5337 6277 6749 5330 3389 6281
7163 6227 4428 8112 4774 4916 4556 2652 5317 5332 1896 6211 3545 4693 4887 3040 5398 7007 2796 7180 1853 1748 3425 3150 4754 6504 5427 4628 3063 7127
6334 4830 4980 7696 4315 5141 4637 4285 5194 6992 1828 7176 4923 4732 4319 4500 5377 6931 2415 6136 2236 2862 4556 4421 3434 5568 7025 3729 1581 7654
6525 5595 5571 5952 3815 4612 4257 2462 5032 7589 3228 7546 4782 4207 5488 2445 6855 7816 3841 6348 2483 3162 3222 3944 3602 6408 7177 5683 2373 6686
7086 5775 5135 7558 4647 3641 4014 3218 6239 6290 2767 7448 4837 4572 4179 2913 4896 5886 3925 7077 2751 3461 2893 4605 5930 8059 5053 4796 1497 7455
6069 4810 5100 6959 5829 4342 4658 3210 4164 6695 3682 6451 4706 4823 4765 4001 5214 7838 3491 5795 1900 2390 4456 2505 5645 8023 6166 4537 2979 6695
4988 4278 4817 7132 3821 3252 3465 3003 5289 5857 3391 5409 4330 3167 4034 2414 4505 8272 3771 5132 1356 3152 3437 3295 5891 5619 5838 6086 3137 6220
6235 5611 4083 8046 6025 4044 3089 4001 4172 7060 4233 7462 5061 4518 3800 3627 4991 7185 2262 5825 2135 3042 2995 3101 5724 7439 5224 6112 1818 6534
5655 5732 4096 7294 4911 4361 3960 4315 5899 6542 3632 5493 4087 2395 3693 3232 4556 7702 4243 5798 2570 2510 3120 3072 5358 6170 6810 5229 3341 6937
5372 6170 4200 7831 5828 3695 3293 2912 5474 7018 3190 7329 4850 2616 4228 4379 4523 6922 3259 7229 1791 1774 5284 2765 3758 6756 5356 4389 2198 5949
7404 4276 6412 7361 3970 5062 4334 2475 4382 7695 2351 7631 5659 3422 3939 3775 4893 7802 3618 5663 1919 2528 4996 4632 3465 6849 7218 5541 1947 8351
5814 5323 5807 7118 5432 3815 4720 4027 5034 7113 2010 5408 4894 3445 5345 2981 6385 6631 3596 7225 2938 2777 4308 3839 5356 5818 6697 4448 1487 6524
5924 6698 4073 6698 5883 4670 4175 4028 5452 7256 2000 7470 4975 4857 4212 4721 4947 8172 2858 5493 1699 2243 4473 4607 5714 7120 5944 5200 3053 6912
4 29 27 24 80794 1
22 7 8 6 49908 1
13 12 16 4 35934 1
22 3 15 24 79990 1
6 27 24 0 132149 1
0 12 27 23 100343 1
20 2 10 3 55218 1
8 11 21 19 65515 1
27 25 19 18 47240 1
29 13 18 8 48661 1
10 2 1 10 51309 1
6 7 10 28 64755 1
19 2 10 7 47406 1
19 6 15 28 67973 1
20 29 28 10 76866 1
22 7 27 22 63789 1
23 2 23 12 46924 1
27 28 3 25 79183 1
26 5 16 13 54068 1
20 25 13 8 73249 1
22 17 3 5 95512 1
4 11 16 13 51635 1
5 17 16 21 39961 1
0 0 3 22 94615 1
11 6 5 12 35966 1
4 15 9 21 29059 1
17 24 4 22 52739 1
3 20 9 7 50205 1
10 3 15 20 70880 1
8 7 22 20 69274 1
9 16 3 21 29528 1
3 16 9 6 46549 1
4 8 17 0 69502 1
12 15 23 23 57242 1
7 24 26 2 118273 1
21 26 9 23 52421 1
12 11 27 3 78376 1
3 5 24 11 84741 1
6 12 8 23 36427 1
17 15 20 0 53023 1
3 18 21 1 107017 1
18 16 22 3 53625 1
29 22 13 26 69907 1
3 20 16 25 51735 1
21 11 14 17 48678 1
22 28 4 5 104597 1
18 19 24 2 73557 1
15 20 6 21 26301 1
5 15 13 4 60942 1
16 9 24 1 58866 1
12 0 19 29 111468 1
3 8 23 26 115727 1
8 25 1 8 76908 1
1 24 28 26 90571 1
18 23 27 11 61893 1
12 24 4 18 45506 1
22 15 28 20 30731 1
22 4 2 4 95961 1
23 16 21 24 40771 1
0 27 27 19 99142 1
0 3 18 25 116487 1
11 25 28 17 71689 1
24 20 19 12 31610 1
4 29 21 25 64029 1
19 3 25 17 52911 1
29 0 22 8 47734 1
18 3 11 16 68887 1
7 21 20 27 54231 1
24 29 22 16 59456 1
12 28 2 22 47184 1
22 1 22 29 101523 1
27 6 4 25 120006 1
13 2 1 4 65878 1
9 29 7 10 58203 1
19 6 13 2 38598 1
3 15 19 13 60451 1
17 29 4 27 45512 1
10 27 13 13 61143 1
1 8 23 10 75972 1
27 8 21 18 52794 1
19 7 27 25 74217 1
23 29 17 4 85611 1
19 1 4 1 81217 1
6 25 22 21 57240 1
8 25 13 11 71740 1
18 28 24 20 33244 1
12 28 3 13 62211 1
27 4 10 26 116942 1
18 11 7 21 63542 1
13 22 4 26 52396 1
10 24 12 5 73150 1
29 18 15 18 43446 1
9 12 5 24 45306 1
3 2 13 3 57710 1
9 2 29 17 99856 1
27 26 23 16 50901 1
22 0 7 15 96266 1
27 18 8 22 59953 1
3 26 11 9 81394 1
20 6 2 27 110531 1
14 26 3 0 122210 1
18 28 28 18 49996 1
11 0 8 13 50130 1
14 10 29 22 66553 1
3 6 24 21 90677 1
3 26 6 11 58633 1
28 21 7 15 68934 1
9 20 25 4 86309 1
0 10 27 9 89907 1
18 6 8 0 60737 1
24 10 3 6 74354 1
1 5 18 1 85607 1
26 1 27 20 63252 1
9 10 0 24 64212 1
9 10 15 14 32305 1
7 5 1 23 65280 1
28 1 22 6 36365 1
7 25 24 17 79306 1
18 20 21 0 68814 1
18 23 22 7 54010 1
7 8 11 15 35211 1
7 22 16 18 38244 1
8 17 4 26 48415 1
20 11 18 22 40791 1
12 20 22 21 29856 1
24 23 9 22 52806 1
3 22 13 0 100266 1
25 5 27 15 36087 1
27 27 5 22 80150 1
8 5 29 28 115088 1
12 6 8 19 52251 1
23 5 12 23 80653 1
13 18 23 20 31071 1
4 3 2 11 51739 1
23 21 0 12 84408 1
12 25 11 6 79582 1
7 22 28 4 100629 1
23 28 2 0 140677 1
27 11 1 20 97735 1
18 14 15 5 37468 1
14 27 18 17 48530 1
18 2 28 3 51871 1
9 8 16 3 37149 1
28 8 11 13 68379 1
20 27 21 10 54793 1
11 2 6 29 87307 1
11 25 29 19 67426 1
18 19 1 13 68360 1
4 0 5 24 81091 1
13 20 0 28 56108 1
3 24 22 13 88225 1
14 13 0 0 87200 1
24 0 16 19 87388 1
22 15 2 21 70193 1
18 16 0 3 98842 1
19 22 0 24 69159 1
24 28 21 16 54689 1
28 23 9 4 98521 1
11 20 1 4 68430 1
7 2 6 15 39298 1
16 28 27 18 55148 1
24 26 7 25 68091 1
11 11 21 2 61587 1
5 29 26 1 139096 1
29 8 5 25 106919 1
27 17 12 8 82083 1
25 22 9 1 97054 1
25 15 13 15 39225 1
15 7 26 10 44140 1
28 29 14 26 48178 1
4 17 27 11 99126 1
12 0 15 16 72200 1
11 10 1 15 45724 1
1 0 8 10 57043 1
3 29 2 18 55332 1
12 1 7 15 59818 1
6 5 25 9 73837 1
9 23 28 29 64235 1
5 7 17 20 62704 1
17 5 4 28 101685 1
18 19 6 17 43016 1
11 8 12 27 78241 1
5 3 28 19 104645 1
3 1 21 13 96171 1
1 10 23 27 109915 1
20 9 5 12 57622 1
11 15 28 13 63447 1
23 29 13 22 51535 1
29 11 13 4 70253 1
29 26 23 15 46391 1
8 26 13 6 79168 1
24 14 19 3 49484 1
17 27 26 7 82130 1
17 29 27 25 45275 1
26 29 8 11 101442 1
6 29 18 9 90000 1
28 28 29 11 51152 1
19 28 3 18 68136 1
17 16 28 12 49874 1
1 22 11 17 41875 1
24 10 16 25 64671 1
12 28 28 27 42767 1
26 14 20 4 56298 1
2 23 16 29 55810 1
3 11 21 11 64500 1
25 28 8 16 78004 1
1 25 29 14 103103 1
16 17 6 17 38500 1
2 7 25 29 118095 1
23 24 2 18 76546 1
18 29 23 3 93064 1
23 29 16 0 97586 1
29 1 1 8 115122 1
3 29 9 25 30932 1
14 9 19 17 36734 1
4 6 15 1 58594 1
8 26 26 17 77378 1
28 7 8 24 96676 1
14 14 23 12 44639 1
24 8 13 10 44288 1
9 27 22 19 60021 1
9 15 8 29 45895 1
19 11 7 18 53393 1
11 5 17 15 54165 1
24 19 14 5 69691 1
9 18 24 13 65696 1
18 6 24 1 45692 1
15 11 27 23 68813 1
1 2 5 20 70328 1
23 0 15 20 86523 1
16 21 21 29 35029 1
20 11 28 26 69354 1
7 28 9 0 82852 1
1 5 11 1 55960 1
14 11 28 19 68873 1
20 12 23 3 47676 1
24 22 23 11 49278 1
4 26 8 10 59873 1
22 5 0 0 109598 1
0 20 9 2 75135 1
8 29 9 4 75469 1
9 1 1 27 97251 1
7 2 8 19 60144 1
22 16 6 9 66452 1
11 18 4 6 51267 1
18 26 9 9 76800 1
23 3 10 9 71543 1
3 13 16 16 49229 1
19 19 11 13 44935 1
0 0 1 17 77544 1
12 12 27 25 89236 1
27 22 10 17 64810 1
28 12 11 19 69869 1
9 29 16 25 27239 1
15 26 28 11 72606 1
11 6 7 14 36289 1
25 18 4 29 87330 1
23 7 9 20 69842 1
12 22 4 26 49348 1
9 12 17 0 59124 1
20 5 14 16 50155 1
6 0 2 10 41249 1
12 18 27 11 74968 1
12 11 6 0 55007 1
8 16 18 4 72047 1
10 9 15 20 51638 1
13 29 3 13 72603 1
27 13 9 0 93418 1
12 2 2 7 55383 1
24 6 3 6 77431 1
7 18 22 20 42180 1
26 7 15 13 51754 1
8 20 0 8 55743 1
20 25 5 20 53881 1
8 12 25 13 70381 1
0 18 22 18 73932 1
21 7 27 16 50347 1
8 9 6 18 31978 1
28 10 18 24 59434 1
2 27 28 4 133517 1
1 19 12 16 52700 1
22 0 6 19 106036 1
11 17 5 6 52161 1
18 13 12 28 63236 1
3 13 25 14 79775 1
27 25 11 8 99013 1
3 14 13 21 47515 1
22 27 26 8 82238 1
27 24 19 1 84590 1
3 9 16 12 51320 1
4 21 28 8 90276 1
23 2 23 29 97198 1
23 2 7 9 82771 1
0 26 28 5 130515 1
5 22 18 13 64396 1
9 22 0 13 49241 1
16 21 6 21 29121 1
17 1 24 12 64824 1
28 2 8 17 104549 1
4 16 8 29 53222 1
5 29 22 12 97220 1
3 28 29 3 133720 1
8 13 1 9 36366 1
26 15 6 22 69154 1
17 13 19 26 44183 1
21 3 8 18 81567 1
1 10 25 2 97314 1
25 20 1 14 79795 1
15 3 1 23 96588 1
24 9 6 3 80836 1
29 24 1 27 86181 1
22 15 0 7 86029 1
3 19 17 5 87954 1
22 13 15 17 38817 1
18 7 9 22 67551 1
17 20 16 2 57132 1
26 21 6 10 73574 1
10 1 17 20 78689 1
9 0 0 20 79459 1
12 2 20 28 99667 1
15 25 4 20 46558 1
20 21 10 22 34685 1
28 0 11 29 120108 1
24 8 6 16 81224 1
15 8 16 24 53303 1
9 25 7 8 57920 1
21 15 28 0 63254 1
21 9 18 18 32659 1
18 26 24 3 89900 1
27 25 21 8 79597 1
18 11 25 4 43875 1
23 17 0 12 93534 1
24 7 12 20 67454 1
20 28 18 13 47031 1
5 8 24 18 84949 1
10 5 14 21 62113 1
16 5 10 13 46255 1
13 5 26 28 97205 1
23 11 6 24 89170 1
10 20 26 2 95405 1
15 1 5 23 91397 1
0 17 25 5 115690 1
6 15 15 8 45254 1
28 9 22 0 54516 1
2 11 20 22 83005 1
27 14 13 16 58315 1
19 0 12 25 93674 1
26 9 0 18 109346 1
9 27 0 12 66897 1
2 18 21 22 61778 1
26 12 14 29 84606 1
13 22 7 26 39688 1
4 27 26 8 118017 1
20 25 5 14 69196 1
22 23 0 21 69354 1
1 18 11 0 85485 1
5 18 22 14 68045 1
5 4 1 23 69966 1
25 9 19 4 33911 1
27 1 17 3 56302 1
7 3 4 24 71552 1
11 16 18 27 61102 1
26 12 9 24 81840 1
15 9 11 27 80034 1
24 5 9 21 83978 1
21 16 20 26 46928 1
4 23 16 18 46942 1
22 25 9 9 84830 1
10 4 27 28 114201 1
1 28 8 11 70811 1
0 6 20 6 74145 1
1 17 28 6 114564 1
1 15 12 28 67716 1
23 12 18 7 34996 1
12 27 7 19 46079 1
25 14 5 10 73461 1
20 22 12 26 48738 1
24 4 12 29 108893 1
6 18 0 28 43457 1
22 8 8 9 57188 1
10 14 0 3 64143 1
4 17 12 11 53653 1
10 15 25 6 73213 1
9 21 16 17 30310 1
10 24 28 12 83132 1
4 19 13 14 54038 1
23 9 6 2 79408 1
24 20 11 1 97289 1
13 26 1 9 96516 1
10 5 29 7 76669 1
4 20 21 3 91905 1
23 21 3 26 82055 1
10 11 3 3 54060 1
24 15 4 2 95519 1
8 2 27 11 89899 1
0 13 29 24 100704 1
26 28 14 18 57766 1
2 26 6 1 91725 1
5 22 25 17 63544 1
20 29 26 6 90593 1
18 16 5 18 53040 1
12 7 10 27 71527 1
4 15 21 28 76061 1
18 5 1 19 94184 1
3 28 1 8 81962 1
6 9 15 11 31818 1
12 6 15 18 54355 1
16 19 18 7 42561 1
3 13 27 18 82450 1
18 9 13 0 56438 1
0 27 10 10 79769 1
28 19 16 21 31637 1
25 2 20 23 79876 1
2 27 12 3 113118 1
13 17 2 9 67658 1
6 0 25 17 99893 1
17 18 3 15 56264 1
4 15 7 24 37024 1
1 24 19 0 114773 1
1 3 14 16 82347 1
20 23 20 6 51121 1
0 29 17 18 79127 1
13 17 25 24 55397 1
25 13 20 0 65511 1
4 21 21 3 92798 1
5 3 24 21 96836 1
6 11 29 8 76547 1
4 22 3 3 74247 1
15 2 15 25 76703 1
16 2 3 11 69329 1
23 9 17 5 39174 1
17 3 26 6 47755 1
20 25 6 17 57356 1
9 13 11 21 27526 1
21 8 20 24 53502 1
9 25 19 7 73620 1
7 3 3 14 48790 1
9 17 17 6 57562 1
17 18 14 0 70666 1
4 22 20 24 57236 1
17 24 29 29 46911 1
10 6 2 13 41871 1
21 27 8 9 88564 1
7 19 1 14 38305 1
4 5 15 7 43957 1
10 8 3 20 54310 1
5 4 21 11 69290 1
29 11 12 27 91358 1
24 10 8 0 79846 1
0 17 6 13 35714 1
18 20 1 6 79484 1
15 27 3 23 48901 1
25 16 29 27 40355 1
4 14 29 0 114359 1
28 29 28 10 55361 1
21 1 27 7 42878 1
22 17 13 12 53866 1
3 28 28 15 98375 1
3 10 21 0 87876 1
5 24 15 29 37964 1
21 20 7 21 38698 1
25 26 17 18 41627 1
10 24 23 7 85867 1
3 7 15 14 58227 1
14 3 2 25 114929 1
7 9 20 27 85483 1
25 23 4 19 68335 1
29 4 11 16 91972 1
7 16 3 4 51005 1
7 21 12 14 41315 1
7 17 12 4 64561 1
12 5 23 16 66455 1
29 16 27 27 39179 1
18 26 26 2 95369 1
12 23 19 11 50178 1
11 24 28 13 75360 1
5 17 24 23 68923 1
16 3 25 24 81965 1
0 20 25 9 99852 1
9 29 18 3 99237 1
21 25 22 13 55392 1
10 12 20 2 65980 1
26 17 26 28 41812 1
5 8 24 27 105134 1
24 8 18 19 55592 1
0 1 2 9 42141 1
16 19 13 2 65994 1
28 18 9 27 72764 1
13 29 4 13 69516 1
22 17 15 27 56236 1
0 25 4 13 58309 1
0 10 16 0 77387 1
29 7 23 22 56662 1
21 22 11 6 76935 1
7 17 20 24 54459 1
27 2 3 18 119808 1
18 17 2 15 67868 1
21 22 26 7 60194 1
13 25 19 21 34776 1
18 14 20 0 47978 1
15 2 20 27 84505 1
9 11 28 1 84749 1
8 24 2 9 66051 1
14 3 24 4 53433 1
25 5 2 8 94247 1
28 18 17 4 71167 1
7 15 16 22 45529 1
4 27 6 4 70507 1
14 27 29 24 54655 1
14 9 24 16 50716 1
29 20 17 3 77823 1
1 27 11 4 99701 1
0 29 23 6 124757 1
26 11 2 24 109678 1
21 6 25 17 49176 1
28 25 29 10 44890 1
24 17 12 8 68629 1
4 11 12 16 48292 1
13 29 20 24 37841 1
10 11 3 24 62143 1
11 21 6 7 45543 1
12 9 0 5 60765 1
24 13 28 4 34416 1
29 12 29 2 30650 1
16 11 8 23 58873 1
18 19 18 1 58113 1
3 20 5 1 65553 1
27 16 14 25 64116 1
12 4 19 14 49703 1
2 11 13 16 61906 1
27 10 19 25 60724 1
25 16 5 17 68633 1
14 0 8 28 110265 1
15 4 25 14 61092 1
17 0 29 22 95133 1
20 28 2 12 89326 1
29 0 27 24 74603 1
18 8 25 18 46995 1
1 24 0 14 46564 1
29 9 7 15 82644 1
11 9 15 16 37099 1
10 11 19 12 36300 1
5 27 16 11 77953 1
3 4 19 19 90096 1
4 21 3 11 46401 1
20 6 29 11 42448 1
1 26 15 25 54961 1
8 25 29 15 81755 1
19 13 0 14 75184 1
14 19 2 24 55537 1
14 23 5 19 42292 1
3 0 16 25 113082 1
15 8 2 0 79715 1
28 4 0 19 119209 1
28 20 16 14 44065 1
2 18 29 28 94744 1
25 1 29 27 81032 1
27 11 3 4 100783 1
5 13 16 20 44978 1
26 13 16 19 45743 1
16 27 28 20 47126 1
26 0 4 29 148374 1
27 8 11 20 77291 1
20 5 0 1 96694 1
18 6 26 2 43980 1
13 13 16 24 45439 1
21 20 6 11 59133 1
0 2 5 27 95274 1
17 24 0 3 109246 1
25 20 3 4 99789 1
3 3 3 18 69960 1
13 23 7 14 49741 1
13 19 8 25 40552 1
22 24 12 20 43697 1
19 14 15 0 51092 1
23 7 8 10 51910 1
0 20 29 21 76560 1
9 12 7 20 27317 1
27 19 4 2 112081 1
27 20 24 2 63224 1
18 27 13 7 72045 1
13 23 19 4 64438 1
2 5 26 11 94114 1
13 15 12 27 64298 1
20 26 25 18 42247 1
2 1 16 17 98932 1
16 22 5 27 51072 1
1 8 12 16 62331 1
12 28 14 16 58070 1
27 19 22 8 58288 1
9 9 29 25 90233 1
8 6 2 22 63399 1
1 4 24 9 95311 1
21 25 8 22 54251 1
20 11 24 17 40353 1
18 6 5 29 101809 1
23 10 13 5 46388 1
24 20 14 14 40981 1
13 3 8 14 59226 1
2 29 15 18 72970 1
29 18 20 0 83839 1
29 28 5 3 126193 1
28 12 4 28 103107 1
9 24 14 6 71576 1
8 2 24 11 80597 1
22 6 6 1 78886 1
10 13 4 8 33178 1
29 20 23 29 41501 1
20 22 16 16 27451 1
26 20 23 7 50501 1
27 4 1 25 134034 1
14 17 3 27 65896 1
19 0 19 13 35304 1
25 3 17 17 68321 1
16 23 21 11 50998 1
8 7 20 8 45763 1
12 23 27 3 99627 1
2 8 18 28 105594 1
9 1 29 0 103704 1
11 27 14 6 88209 1
17 12 2 27 93604 1
5 8 11 12 31492 1
8 6 25 6 64410 1
0 16 7 24 51163 1
3 2 23 19 107648 1
11 25 9 0 84554 1
2 1 28 20 124327 1
17 3 18 25 74564 1
14 6 2 4 58374 1
28 6 14 8 55025 1
3 24 19 18 61799 1
6 22 17 28 46112 1
27 23 3 21 73751 1
16 24 5 1 93378 1
24 24 24 8 62869 1
12 18 4 27 49491 1
25 11 1 9 83020 1
27 22 0 24 89609 1
12 11 6 6 37090 1
29 5 0 12 111876 1
18 23 15 11 48512 1
10 25 7 3 80036 1
3 23 28 11 94176 1
16 8 3 7 47905 1
10 25 28 13 86933 1
14 20 3 16 44726 1
24 5 5 20 92179 1
10 17 22 3 90708 1
29 3 23 9 42405 1
26 25 25 14 40061 1
25 27 8 0 118446 1
25 13 13 16 53705 1
16 1 8 23 88462 1
26 4 11 27 115314 1
18 13 3 23 73390 1
4 27 4 11 63199 1
5 6 26 28 107297 1
4 21 24 20 50004 1
2 3 27 19 122052 1
29 9 17 7 46699 1
2 4 15 1 74545 1
20 13 2 14 72217 1
21 5 11 24 81176 1
0 6 28 21 108230 1
12 12 13 27 75053 1
14 23 7 9 64217 1
6 19 16 19 29803 1
17 21 3 8 76279 1
4 1 27 9 107023 1
24 8 11 29 100141 1
24 26 7 21 70626 1
16 5 29 20 70827 1
18 15 6 12 47749 1
11 0 24 10 84448 1
27 28 12 0 127234 1
7 12 14 25 70081 1
10 12 24 23 76800 1
13 4 22 19 74224 1
14 23 25 17 42971 1
25 9 16 19 55292 1
4 8 15 22 68330 1
18 5 23 18 51635 1
25 13 11 26 82616 1
0 13 23 15 80615 1
22 11 14 19 57897 1
13 26 23 27 45504 1
0 13 9 14 33217 1
14 21 10 28 39103 1
28 25 6 13 83503 1
25 29 1 28 65900 1
12 13 24 2 77866 1
3 29 25 5 129323 1
9 11 16 18 41961 1
8 11 16 22 56293 1
29 17 14 25 60786 1
4 22 4 2 68763 1
6 0 21 13 81149 1
20 5 29 4 39493 1
9 8 18 11 39878 1
15 11 22 4 43176 1
3 5 16 10 54150 1
15 11 15 25 51563 1
1 10 0 26 72442 1
18 13 2 29 98188 1
4 23 22 28 60567 1
25 14 15 26 59800 1
28 22 15 24 45589 1
0 5 18 24 103607 1
15 10 24 23 61529 1
9 3 28 0 95127 1
27 9 16 12 45562 1
5 3 20 3 80971 1
1 23 7 16 39113 1
16 15 9 7 44663 1
4 8 4 27 69442 1
15 17 2 9 70051 1
10 21 10 7 41715 1
22 11 7 9 56282 1
12 26 6 10 70494 1
10 14 13 27 62461 1
8 8 14 25 76949 1
8 10 21 1 69382 1
19 3 26 17 59833 1
18 23 14 3 76145 1
28 19 9 14 65758 1
24 4 29 21 59217 1
15 23 4 20 38905 1
10 23 6 13 35832 1
0 5 26 26 125880 1
25 10 12 19 71942 1
8 21 0 1 82199 1
13 1 5 11 61338 1
4 18 20 20 45733 1
13 17 13 4 65847 1
7 12 21 11 55379 1
21 28 10 9 83580 1
27 6 8 16 90530 1
29 23 7 9 93131 1
25 5 4 28 120559 1
4 23 25 13 81979 1
24 9 8 21 79072 1
18 25 25 4 79684 1
3 14 11 2 61700 1
23 11 19 28 65996 1
29 9 19 11 36123 1
5 6 14 8 40659 1
19 14 3 25 79241 1
17 14 4 24 70129 1
10 0 2 7 52082 1
15 16 2 3 87396 1
21 7 2 25 107000 1
18 24 20 4 58512 1
14 7 1 18 70541 1
27 15 15 18 48355 1
17 2 22 15 51232 1
1 26 23 8 119636 1
4 12 4 22 39860 1
9 7 13 17 47247 1
18 29 12 1 110842 1
21 17 25 24 34839 1
28 19 0 8 107462 1
3 3 1 23 86647 1
25 1 7 24 116815 1
16 27 6 18 50404 1
23 19 2 26 87038 1
3 13 27 29 102193 1
3 7 23 1 94876 1
4 6 25 28 107959 1
7 23 28 17 71850 1
7 12 21 16 62667 1
25 27 16 12 64206 1
22 8 1 9 77149 1
3 24 15 4 92418 1
19 23 1 15 69536 1
26 25 3 14 93258 1
16 20 22 25 36703 1
5 2 21 22 95901 1
29 1 6 3 105337 1
21 18 16 24 32687 1
21 5 29 20 65281 1
10 11 22 0 78924 1
7 5 27 1 98467 1
18 27 2 26 64535 1
24 8 7 1 84781 1
27 2 2 22 124638 1
22 21 2 9 87393 1
1 15 15 21 56105 1
2 6 7 0 36439 1
27 11 7 22 87938 1
22 16 24 28 53222 1
8 9 23 8 62477 1
8 7 0 20 58962 1
15 6 14 20 50772 1
1 10 10 16 47606 1
15 2 2 28 110620 1
8 15 25 19 57956 1
16 3 27 8 56378 1
27 18 22 23 31940 1
17 18 11 24 39521 1
4 11 3 20 44367 1
28 12 6 27 93821 1
11 0 18 14 79912 1
28 4 5 15 97071 1
10 20 5 29 38979 1
24 26 24 12 53875 1
9 21 3 15 33528 1
18 24 6 27 48647 1
18 23 27 7 70716 1
25 2 19 6 35143 1
8 27 5 11 58502 1
11 26 27 28 52045 1
16 18 26 2 75629 1
27 24 8 15 76237 1
22 3 7 2 80542 1
28 14 22 25 56837 1
24 8 26 0 34811 1
17 15 24 2 63616 1
23 28 18 16 48531 1
26 9 26 26 64006 1
15 6 25 17 56628 1
9 24 23 6 87959 1
9 7 21 16 58245 1
6 1 16 9 58040 1
24 25 11 20 55625 1
17 16 4 9 64223 1
4 27 23 2 128803 1
25 21 12 15 51178 1
4 13 23 1 97333 1
22 9 3 16 82803 1
17 23 24 9 64367 1
3 0 10 14 69326 1
8 2 0 4 47468 1
2 20 9 23 30891 1
18 19 12 23 32059 1
17 12 13 18 33377 1
10 10 19 15 36015 1
16 1 24 10 52074 1
15 13 4 23 62870 1
11 23 23 20 38817 1
24 27 2 27 70231 1
14 8 0 1 76877 1
27 23 1 12 96973 1
19 1 0 6 85662 1
11 21 18 13 45432 1
0 18 2 28 48411 1
0 4 12 12 62968 1
23 18 11 2 91445 1
13 16 28 24 68284 1
25 26 23 6 67783 1
20 26 29 21 44318 1
29 22 29 10 33925 1
9 29 21 3 101984 1
24 17 24 28 44126 1
0 17 9 20 35365 1
4 19 14 2 88687 1
7 20 0 29 45250 1
10 4 19 27 91484 1
8 17 17 15 40638 1
20 1 6 28 110781 1
10 3 8 16 50039 1
13 25 11 8 79940 1
19 27 6 28 36803 1
7 12 12 17 40663 1
27 0 11 6 88472 1
9 14 24 29 81514 1
13 25 22 26 54517 1
8 9 25 18 76336 1
20 22 7 14 59695 1
27 6 25 24 61715 1
6 4 26 25 107596 1
20 18 15 26 38105 1
22 19 3 12 77070 1
28 17 16 5 68739 1
16 9 26 22 61333 1
25 2 8 0 85562 1
17 29 27 24 43165 1
9 12 18 14 40982 1
17 15 29 7 57442 1
29 28 11 23 63765 1
7 6 22 11 63512 1
5 9 5 28 57823 1
1 1 27 23 133742 1
5 24 9 12 45306 1
29 25 17 27 44049 1
23 26 2 19 92564 1
6 14 20 5 64707 1
21 8 1 22 90646 1
15 16 26 10 51422 1
12 16 25 22 59581 1
9 5 13 18 46287 1
15 12 0 14 61012 1
9 29 22 1 115781 1
28 23 11 28 56338 1
21 28 8 4 99139 1
21 18 20 3 51930 1
25 15 0 18 84827 1
0 16 14 16 61546 1
23 8 26 18 45801 1
26 5 14 10 51155 1
3 0 22 6 100742 1
1 23 10 19 40916 1
3 5 4 19 57577 1
17 2 22 7 32956 1
4 1 3 24 85702 1
9 14 13 25 54862 1
15 29 14 10 66276 1
12 28 28 16 70920 1
19 19 1 4 93292 1
4 25 11 2 89753 1
22 27 12 4 99388 1
28 9 17 9 41445 1
5 7 13 14 46256 1
29 25 20 7 71831 1
4 17 13 21 38420 1
1 29 13 24 51676 1
23 4 13 19 79771 1
16 18 1 17 54144 1
16 25 6 29 34724 1
19 18 13 1 70742 1
0 18 23 2 122266 1
9 4 22 17 80746 1
22 14 1 28 97385 1
26 13 2 19 91239 1
17 14 12 9 34945 1
5 19 20 21 45750 1
19 9 27 2 51576 1
6 22 18 8 71562 1
29 25 28 13 36609 1
15 21 1 8 75244 1
27 2 9 16 99310 1
15 15 7 28 63708 1
15 24 14 5 64961 1
9 23 14 0 94328 1
3 5 13 20 64687 1
14 28 28 17 63842 1
2 25 8 11 70978 1
8 19 27 18 59746 1
5 21 11 26 40696 1
7 18 0 22 30969 1
9 28 23 16 75121 1
7 17 29 11 87076 1
22 8 24 0 44555 1
21 12 27 5 47450 1
22 9 3 16 82803 1
13 26 9 4 88633 1
18 11 4 10 47787 1
2 10 27 10 77457 1
20 6 0 26 111221 1
14 0 19 12 54382 1
24 22 2 6 100277 1
22 28 24 15 50544 1
17 12 19 22 35240 1
6 14 5 26 37800 1
10 1 0 17 82618 1
2 21 11 28 42170 1
25 20 6 0 97062 1
18 18 2 29 81492 1
15 7 6 2 45384 1
28 24 0 13 99711 1
12 17 28 3 96325 1
15 18 26 0 86579 1
10 4 11 26 81242 1
23 9 9 8 54940 1
14 28 6 19 44400 1
28 27 10 0 126929 1
19 25 4 26 59603 1
22 25 6 24 68010 1
26 12 15 6 55370 1
24 4 11 15 75074 1
16 10 24 16 38230 1
8 2 11 16 52433 1
20 26 0 17 83320 1
27 9 20 0 66287 1
23 2 19 16 55801 1
27 17 21 26 52434 1
8 28 4 17 46205 1
13 7 26 17 66262 1
18 29 27 25 43695 1
18 8 24 3 42601 1
22 16 12 24 60693 1
5 17 2 24 40965 1
0 20 17 14 68932 1
1 22 16 27 62190 1
3 16 24 24 87200 1
14 21 25 1 83499 1
14 23 27 8 76134 1
19 12 8 15 44336 1
26 29 16 3 100400 1
4 22 18 22 49803 1
22 22 8 12 69506 1
22 2 0 29 138504 1
16 25 18 9 56080 1
20 21 9 16 41261 1
9 15 24 14 56290 1
16 4 20 20 55906 1
10 9 16 26 72471 1
9 15 25 9 65384 1
22 8 0 25 112196 1
27 10 18 18 48329 1
15 22 19 10 38163 1
