4435 4360 4382 3668 4187 4390 4580 4194 4279 4623 3536 3364 3779 2984 8534 7836 7023 7021 7001 8449 7897 7634 7120 8041 8024 7849 7152 6949 8312
6383 5240 5335 5173 6490 6779 6014 6175 6506 6735 6643 6909 6662 6103 6788 5549 3249 3179 3727 2410 3197 3670 3306 2399 2330 2204 3102 3816 2365
2287 3220 5656 5208 6179 5049 5488 5780 6244 4851 6059 5670 5471 5814 6249 5305 5875 5570 5850 5109 6285 5311 5723 5001 4949 5475 5503 5615 6318
5835 6632 6180 6781 7224 6972 4356 5182 3864 4840 4593 3435 4896 5003 5116 4987 4592 4382 3743 4974 4616 4105 3471 4977 3898 4573 3469 3854 3778
7540 8100 7972 6761 6331 6445 7010 6951 7715 7577 6499 7254 6379 7337 6412 6382 7185 7010 6637 6965 7929 6972 7781 6341 7386 6533 3972 4948 4151
3254 4520 4063 3284 3308 4884 3892 7871 7538 8119 7386 8190 7566 7963 7554 8271 8545 8616 7565 8162 7422 8402 7931 8769 7636 7930 8407 7334 7140
3108 2425 2629 2587 3400 3524 2128 3142 2784 2945 3718 2108 4160 3751 4327 3098 4548 4389 3093 3423 3738 3916 3413 4786 3297 4144 3531 3853 3497
5205 4977 6409 5936 5428 6112 6059 6264 5628 5170 5311 5009 5833 6491 5559 6024 5987 5488 6190 6735 7262 7399 7510 8084 8529 7371 7762 7190 7427
7454 7215 7806 7073 7846 7260 7761 7128 8118 7168 4039 4454 3947 4811 4533 4356 4762 4499 4781 4391 4445 4332 3496 5095 5196 3997 3630 4565 4815
6488 5584 6027 5369 5979 5907 4908 5463 5427 4894 6291 6185 5435 4936 5465 5768 4926 4934 4907 7282 6803 6104 6855 6458 7265 6421 6694 7677 7442
2882 8272 7316 7614 7957 7383 7902 8531 7356 6901 8420 8136 7545 7002 6890 7055 7249 7319 7385 8227 7595 8202 7070 7580 7651 7734 8527 7041 8037
8170 7851 8181 7470 8109 7421 7935 7591 7554 8629 7660 8664 7223 8912 8120 8806 7705 7446 7214 7681 7974 8728 8257 7301 7238 2524 3421 2734 2347
4927 4628 4107 3452 3692 3204 4073 3261 3391 4630 3562 4395 3119 3788 3702 4320 4832 4879 4295 4694 3127 4772 3895 4240 3738 3561 4160 4593 4089
6809 6148 6921 4126 4201 5161 4542 4494 4792 5560 4344 5254 4940 4769 4358 5345 3927 5448 4825 5428 4222 5548 4128 4842 4703 4870 4881 5355 5386
1511 2995 2852 2671 2541 2416 2223 2547 1466 2105 2836 2187 3039 1554 1887 2683 1756 1973 2669 1665 1570 2763 1486 2721 1722 1820 7780 8554 7499
6267 6788 6794 5776 6669 5995 6201 6882 6359 6949 7815 8083 8140 7390 8639 7097 7141 8598 7907 8725 7944 8691 7547 8260 8412 8693 8134 7607 8028
2097 3489 3005 2129 3503 3308 3462 2050 3316 2459 2700 2601 2586 2101 2939 3092 2134 3327 1907 2908 7113 7412 6859 8204 7867 7108 7531 7373 7814
8423 8497 8006 7344 7720 8218 7188 8515 8842 8210 7698 8561 8807 8445 8425 7250 8250 7602 8386 8394 7721 7680 7167 7912 6953 5587 7027 7093 6071
4226 8478 8279 8416 7645 7503 8507 7444 7711 7883 7289 7225 7604 7625 7486 8227 7828 8660 7646 7885 8434 7413 7393 7390 8424 8310 7626 7852 7168
4539 4548 5511 4852 5051 4921 5094 4400 5047 4211 5569 4777 3959 4740 5211 5189 5252 4647 4650 4967 5056 4466 3700 5238 3926 4382 3862 4681 4578
8408 7634 7385 8609 7808 7801 7782 7954 7841 7724 7857 8709 8186 7942 8115 8138 8685 7576 7111 8469 8424 8419 7511 7466 7008 7439 4370 4311 5232
2782 2582 1719 2392 5323 4728 5698 5422 4102 4521 4840 4460 4200 5053 5266 5257 5451 4789 5473 5664 5735 4687 5196 4123 5337 5609 5487 4607 4308
6603 6268 5354 5910 5931 6494 6185 5826 5021 5347 5464 5337 6023 5725 4150 3459 3738 3328 3907 3454 2930 2953 4063 4003 2870 3459 3745 2935 4377
7374 6789 7467 5950 6973 6394 6997 7480 5809 7213 6969 6936 6998 6987 6523 6647 6741 6297 6025 6346 6710 6442 7317 6623 5966 6163 7285 6894 6518
7650 6642 8034 7367 6963 8036 6419 8077 6750 7092 7100 8083 6446 6801 7825 6684 7695 7477 6797 7878 7260 7110 7955 7214 8114 8015 6553 3740 4811
3352 3464 3183 2750 2644 2747 3122 2874 2550 2220 2791 3748 3343 2486 3109 3343 2228 3094 2464 2416 2865 3296 3298 3945 3564 3271 3492 4262 3519
8460 7956 7883 7737 7971 7932 8479 7477 8482 8073 8913 8693 7271 7680 8728 7433 7049 6873 6599 7787 6914 6454 7682 6940 6319 6909 6465 7531 7593
5989 5035 5840 5884 5251 5429 6637 5060 5647 6680 5572 5725 5509 6057 5277 6192 5717 5934 6695 5121 6550 6146 5763 4982 6607 5360 5429 5554 6169
5163 4487 5753 4421 4576 5715 6099 5267 5282 4584 5591 4499 4521 4483 3788 5177 4742 4414 4591 3837 4884 4988 5234 4515 4548 4640 5002 4671 5481
4841 4988 5144 4829 4692 5342 5212 4987 4021 3945 2691 3110 2631 1720 1917 2148 2261 2525 3320 2853 2708 2563 2818 2872 2176 2570 2911 1770 1704
2473 6863 4329 2258 5344 6208 3818 4361 7892 4170 3966 4559 7775 4534 4479 6514 5932 2002 7372 3769 2478 5130 1980 4465 4389 2470 4734 3867 3505 2336
1560 6732 4012 2500 4964 1943 3940 4349 8103 5194 3331 5565 6889 5574 3949 7006 5571 2287 7145 4502 2885 4661 2895 3827 5981 2852 3313 5088 2645 2575
1063 5811 3617 3160 5621 2700 3136 4184 8462 4876 4314 6140 6057 6828 4755 7576 5406 1805 7039 3977 2263 4592 2703 3074 5842 2604 4076 3616 2244 2810
1887 6266 3401 2867 5552 2287 4329 4400 5608 5550 3651 4891 7456 5577 5203 6602 5766 2603 7740 5263 2842 6319 2982 3265 5562 2205 3506 5139 2596 1983
2134 6422 3355 2435 4870 1675 5896 3857 4945 5157 3505 4989 6903 6739 4027 6064 6065 1797 6986 3821 2789 4930 3094 4259 5126 2115 3633 4594 3773 2405
2726 5489 4718 3541 5878 2732 4816 4268 5235 5268 2645 4609 7270 6278 4971 6891 5789 2065 7582 4270 2218 6258 2196 4365 7242 2129 3309 3956 3283 2216
2488 6858 3601 1837 5588 2183 6239 3673 4818 4985 3796 5561 7488 5584 5398 6179 5497 2556 7286 4383 3511 5259 1470 3618 8659 2996 4707 4325 3635 2799
2793 5460 4146 2361 5193 2083 4830 4238 6045 5195 4064 5617 7180 5385 4180 7475 6703 1745 6989 5046 3203 5232 2464 3719 8579 1312 4439 5109 3317 3300
2036 5444 4746 3105 5080 1894 5207 3366 6230 5065 4142 5452 6073 6188 4915 6735 3336 3052 7095 5056 2498 4871 2169 3568 7268 2691 4600 4383 4500 3042
2816 5768 5023 2531 4384 2040 5917 3378 6220 5763 3276 5551 1343 7073 4243 7705 2836 2472 7138 5069 3366 6015 2602 3711 7337 2928 4330 4511 4529 2264
2051 5964 3356 1940 5041 1814 5412 2980 6071 4158 3028 4953 2373 6218 4356 6534 3210 1474 6609 5978 2953 5118 2813 4033 7299 5673 4412 4503 4394 2359
1850 5410 4631 2564 7030 2982 5615 2952 5964 4778 3530 5191 1387 6329 4103 6396 3801 2934 6672 6536 3420 6051 1739 3984 7608 6207 3788 3738 5984 3285
1790 5755 3902 3353 5714 2633 6332 3210 5533 5832 4325 5051 2889 6288 5350 7522 3793 2500 7155 5751 3386 6325 2095 3441 8451 5671 3716 4514 5136 2673
2221 6101 3968 2205 6812 2623 5251 3648 5083 5084 3461 4856 2446 5433 4080 6729 2459 1810 6632 5655 3282 5483 1809 4196 8529 6857 4434 3677 4893 2124
2525 6518 4859 2533 6118 1779 4818 2884 5463 5517 3287 5793 1657 6114 4606 7338 3789 3158 6955 5274 5037 5509 6615 3399 8774 5236 3591 3535 5961 1797
1980 5842 7807 2119 6814 1838 6319 4496 6008 5509 3309 4631 3064 5982 5180 6887 2169 2580 5735 5033 4069 6231 5383 3049 8008 6212 3645 4109 4457 2864
1994 5486 7412 2086 5841 2517 4890 3262 5527 7648 3708 6257 2025 6819 5409 7697 3733 3296 6746 6690 5359 6274 5134 4093 7862 5587 3905 3794 6009 3014
1540 5216 7761 3287 6724 1998 5727 3103 4734 7073 3103 5484 2937 5407 4322 6707 3352 3655 7311 5832 5229 4811 5505 4028 8051 5773 4722 3727 5605 3833
1394 5761 7904 2747 6174 2432 6418 4926 5501 6791 2913 4573 2818 6199 3425 7397 2447 3341 7155 5266 5183 5141 6443 3591 7375 6235 3843 4970 5922 2266
2985 6746 6694 2300 6496 1853 6224 4466 6481 7982 2625 4612 2890 6225 2146 7804 2502 3594 6062 5663 4944 5991 6183 3789 7291 5229 3236 4352 4275 3316
3000 5219 7791 3769 6367 3046 5829 5620 5863 7043 3260 5341 2589 5930 2994 6619 3563 2739 6539 5871 4182 5362 5763 3731 7835 6082 4720 3712 5084 2395
3080 2884 7108 2573 5619 2466 5021 4610 5070 6813 4074 5305 2377 6266 2386 7424 2868 3681 6642 5223 4352 6363 6604 3767 8441 5231 3113 5148 5330 2233
1582 3622 7161 2055 6251 2908 6114 5681 5247 8097 2811 5233 1692 5993 3184 7636 2198 2564 7203 5134 5351 5410 6523 3140 7228 6887 4213 5116 4628 2870
2784 3151 7096 2323 6492 2653 5616 5901 5504 8303 4310 5960 2634 5698 3215 7198 3824 3263 6567 5775 5330 6223 6099 4366 8169 5461 3993 3630 5152 2570
1704 2554 7887 2247 5515 2747 6281 4729 5450 8157 3454 7226 2751 6758 2171 7695 2175 3511 5754 6028 4257 5590 5619 4205 8777 5400 3372 3690 5732 2317
2951 2505 7409 3309 6292 1843 5632 4172 5091 7684 4237 7023 2260 6249 2811 6640 2564 2958 6976 6300 4840 5696 6681 4091 8940 6369 7482 5078 5241 2848
1534 4119 6740 3007 6675 1578 5939 4885 5744 7401 3316 7277 1514 5859 1935 8451 3108 3956 7050 5177 5399 6119 5425 5129 7232 5612 6929 4428 4677 2501
3083 3330 7433 3302 5819 2852 6381 5863 5303 6658 2820 7059 2101 6212 3439 7092 3680 2425 6623 5072 5402 5971 5325 6248 8086 6979 7132 4544 4837 3190
3029 2817 6631 2294 6868 2828 6289 4896 6426 8090 4216 7335 2214 5904 2614 8034 3838 2668 5906 5801 5334 6218 6827 5801 8323 5461 7555 4622 4930 2557
16 8 20 18 44929 1
24 18 9 3 83852 1
15 23 24 22 41509 1
20 12 22 2 49468 1
26 10 4 15 85101 1
18 21 29 22 60392 1
17 0 5 3 36247 1
24 26 12 21 55406 1
15 19 0 16 48041 1
25 11 29 26 46919 1
27 20 0 22 95353 1
24 29 16 4 98419 1
17 29 16 11 66485 1
27 23 4 4 113366 1
24 0 21 24 88692 1
15 24 2 10 81519 1
0 16 10 22 46846 1
16 7 9 21 56568 1
5 1 15 1 32054 1
2 18 14 14 38709 1
24 17 1 13 82660 1
8 28 0 6 104027 1
5 9 24 8 75528 1
16 25 0 8 99747 1
18 19 15 28 55498 1
16 22 12 0 65918 1
28 19 6 12 89025 1
12 17 28 21 66757 1
19 23 25 19 34873 1
22 16 14 4 51907 1
2 26 11 19 55233 1
5 5 24 5 44474 1
17 28 27 16 75257 1
16 16 24 23 50344 1
4 28 2 13 66174 1
15 0 28 16 74963 1
3 27 13 5 83110 1
18 12 7 10 38751 1
12 27 11 3 70732 1
29 6 22 16 52533 1
16 13 2 29 77853 1
6 10 1 26 62689 1
10 15 2 26 62462 1
14 20 3 22 29766 1
6 9 18 24 80813 1
4 21 3 0 84970 1
6 14 13 21 43876 1
26 7 26 29 75198 1
9 10 25 15 59015 1
9 23 16 10 49494 1
0 8 10 12 54083 1
28 8 3 29 123381 1
15 14 29 29 82136 1
8 19 18 1 75056 1
14 29 3 14 80272 1
15 14 5 19 41227 1
17 18 25 25 58892 1
16 18 16 5 36075 1
13 15 29 6 69491 1
14 17 15 4 35147 1
24 15 17 21 54527 1
17 28 29 6 104400 1
28 17 29 7 32099 1
26 6 17 12 43625 1
19 7 2 17 66870 1
9 22 17 19 34053 1
25 21 26 3 54103 1
9 24 27 15 81251 1
25 6 10 28 96534 1
13 0 29 19 82616 1
3 8 22 8 77781 1
29 6 14 29 106004 1
27 1 5 20 103267 1
0 17 13 13 44415 1
6 12 12 8 35683 1
8 8 23 27 106747 1
3 23 5 5 73267 1
28 24 22 28 42194 1
17 14 1 27 74166 1
16 0 5 9 52173 1
16 12 25 21 48061 1
27 26 23 4 89217 1
20 5 9 3 30222 1
14 25 10 1 66632 1
26 16 5 16 65820 1
25 23 14 3 80368 1
23 25 29 29 35897 1
4 14 15 2 68433 1
28 13 6 7 76416 1
20 7 0 15 88935 1
15 12 7 27 62966 1
9 27 20 7 87285 1
24 13 2 6 79604 1
16 25 15 8 52993 1
2 18 17 25 65987 1
26 17 16 12 40180 1
5 24 24 17 75113 1
5 8 23 3 60087 1
29 9 10 24 89934 1
16 27 29 19 73492 1
3 26 25 29 69026 1
21 2 4 25 95137 1
1 6 22 5 54297 1
19 11 3 12 67345 1
25 4 9 3 43382 1
5 29 7 13 68604 1
9 12 19 27 63314 1
21 19 2 29 92990 1
22 10 4 0 72511 1
6 23 0 3 84749 1
16 25 25 16 62393 1
16 2 17 22 66725 1
6 23 24 27 71589 1
10 17 24 13 50766 1
5 12 19 2 68751 1
3 13 13 21 58066 1
21 14 6 16 55132 1
1 6 13 5 33745 1
18 23 15 2 66317 1
9 19 1 23 39331 1
2 15 17 22 65765 1
2 1 26 11 88562 1
6 2 17 25 87171 1
19 5 1 26 89173 1
26 22 5 0 111880 1
2 6 23 7 66923 1
4 20 9 29 48323 1
11 28 20 0 88169 1
22 20 29 27 53455 1
13 17 1 8 73109 1
24 7 1 3 75373 1
29 29 12 20 78374 1
8 9 17 7 42765 1
12 6 27 5 38118 1
10 25 12 3 75766 1
4 1 25 23 116360 1
14 3 28 9 59919 1
1 14 13 17 42876 1
16 10 20 3 30647 1
14 8 25 7 39292 1
15 20 1 4 74122 1
10 23 26 19 73406 1
14 28 13 17 36533 1
6 0 20 22 97483 1
6 25 27 28 75701 1
23 2 4 14 90783 1
18 25 1 16 71726 1
2 28 20 19 89002 1
2 23 11 4 85295 1
21 26 7 29 52934 1
14 8 25 3 38817 1
12 3 0 23 86911 1
15 13 6 16 37085 1
22 8 24 23 63629 1
0 22 20 19 72767 1
13 23 28 12 60550 1
4 19 13 28 58748 1
4 22 11 4 75768 1
2 7 14 22 75522 1
15 8 14 17 24976 1
29 7 5 26 111946 1
21 1 1 28 113006 1
29 28 29 12 39763 1
9 3 18 24 78589 1
1 6 21 14 78488 1
8 15 22 5 63511 1
1 20 3 28 28913 1
7 8 12 17 50490 1
12 12 29 13 43489 1
23 27 15 25 44738 1
16 5 2 24 77935 1
17 14 11 4 46575 1
21 24 27 16 44934 1
29 7 14 1 56951 1
22 10 27 29 72417 1
27 2 11 4 55787 1
12 0 24 27 104935 1
29 0 9 1 51727 1
6 24 11 7 67870 1
12 25 3 4 85286 1
6 26 15 5 71919 1
17 25 2 9 96353 1
18 20 26 1 87795 1
27 22 19 14 51017 1
6 7 13 24 70669 1
23 1 7 3 47707 1
1 20 16 2 77369 1
8 28 2 0 108747 1
0 14 24 21 100461 1
15 18 24 26 62352 1
2 24 19 27 67611 1
14 5 0 12 61087 1
1 18 17 17 41313 1
0 18 14 4 67363 1
23 14 4 14 75755 1
1 2 19 0 44807 1
28 20 3 26 107423 1
19 21 21 2 82997 1
20 28 23 6 99701 1
1 7 9 14 58159 1
1 24 24 29 74810 1
10 17 24 16 40919 1
11 20 8 6 64340 1
22 3 15 0 22549 1
3 20 6 4 62387 1
6 15 26 25 92882 1
29 28 10 4 109075 1
15 23 20 7 60048 1
18 20 7 25 52353 1
5 7 18 6 43807 1
9 4 3 21 75742 1
10 21 2 26 42931 1
3 4 20 13 70635 1
23 3 9 15 69860 1
25 8 17 10 31320 1
27 20 20 9 62460 1
29 22 17 1 91283 1
22 22 3 4 101485 1
28 21 11 4 95582 1
29 16 5 10 79448 1
13 26 5 12 68520 1
6 10 19 27 85740 1
19 24 28 18 59422 1
2 16 16 21 52305 1
12 18 23 24 60525 1
0 26 21 9 97715 1
12 10 20 27 69429 1
22 23 7 23 51375 1
9 19 25 1 86008 1
27 26 1 25 97298 1
29 21 23 15 38287 1
11 16 25 27 76043 1
24 16 4 28 90082 1
1 26 27 19 104327 1
3 10 26 28 125816 1
5 18 18 25 67650 1
7 1 13 13 56498 1
26 24 4 3 116198 1
27 10 13 25 75871 1
19 13 8 14 41729 1
26 21 9 20 74631 1
4 6 21 15 76490 1
21 29 28 10 72570 1
4 0 24 11 83528 1
21 20 13 13 51602 1
6 11 27 19 91121 1
29 26 10 26 67952 1
20 19 13 5 60312 1
4 15 24 8 91084 1
11 15 21 12 40320 1
25 28 25 9 59235 1
4 24 13 17 47989 1
13 23 17 0 62090 1
16 22 6 0 79952 1
29 8 19 13 40748 1
12 11 0 8 55712 1
15 5 24 13 48142 1
22 27 10 23 56437 1
29 26 9 25 74665 1
14 15 5 18 33663 1
0 14 16 14 62910 1
5 23 9 8 74370 1
12 8 7 22 56460 1
26 7 20 11 36646 1
6 8 24 14 73718 1
24 23 1 9 117022 1
19 27 12 5 73912 1
24 25 6 0 118108 1
17 24 6 24 45299 1
26 2 17 11 62158 1
3 8 18 20 86756 1
10 9 17 23 59854 1
21 9 11 23 63494 1
0 27 16 1 101321 1
20 23 17 6 71193 1
3 11 24 20 100451 1
11 5 23 4 36048 1
7 21 20 8 79835 1
7 2 24 10 72884 1
9 7 25 8 55787 1
0 19 25 20 83131 1
7 13 20 27 82463 1
11 7 24 25 92664 1
20 29 6 5 99483 1
21 29 24 8 80744 1
10 29 28 7 108644 1
8 16 12 27 49703 1
20 22 0 1 113761 1
8 21 27 8 88696 1
18 20 10 22 32483 1
17 25 1 29 62921 1
20 2 8 1 45432 1
20 5 27 25 85304 1
28 14 8 12 57959 1
14 11 29 17 48387 1
19 0 3 17 73710 1
7 1 5 27 99113 1
3 22 11 20 29800 1
20 29 29 9 74694 1
2 1 27 6 74085 1
22 29 15 20 57890 1
29 29 13 23 70083 1
23 5 8 3 41747 1
22 4 10 22 69655 1
18 16 6 20 44247 1
29 2 19 20 90516 1
24 27 0 15 106067 1
6 7 7 18 42625 1
2 6 22 7 63194 1
1 11 2 24 62620 1
14 11 26 13 39152 1
15 8 27 9 56274 1
26 18 25 8 35649 1
28 22 12 19 78647 1
19 0 16 25 76719 1
14 3 5 7 33384 1
3 16 27 26 104753 1
9 23 6 7 64138 1
23 14 29 21 33917 1
19 2 27 16 64177 1
23 8 23 20 54333 1
5 18 5 0 67789 1
20 8 17 1 45455 1
19 4 0 26 98958 1
4 10 19 14 60214 1
0 16 21 16 61436 1
25 25 22 0 80966 1
23 13 3 17 64974 1
11 7 5 22 61867 1
27 1 20 10 50087 1
26 10 24 25 55627 1
1 12 11 13 63514 1
27 0 2 19 105432 1
28 6 15 29 107290 1
23 13 5 20 71632 1
5 7 25 4 57053 1
20 17 26 4 59255 1
21 2 7 8 56761 1
13 26 19 15 45258 1
15 19 20 7 52002 1
7 21 27 27 85891 1
24 21 15 28 67987 1
9 12 12 5 31474 1
12 16 23 9 55144 1
2 29 17 15 80510 1
20 17 21 26 40500 1
9 24 22 29 56692 1
10 24 20 22 51277 1
21 24 4 18 71344 1
10 19 7 12 47551 1
11 25 8 15 55984 1
7 14 27 23 94005 1
13 10 8 3 35128 1
8 8 1 23 72348 1
16 9 1 21 65013 1
6 18 17 10 47581 1
26 26 9 12 88076 1
22 20 8 20 57260 1
7 25 24 21 77908 1
15 3 29 0 41370 1
24 6 14 24 73072 1
7 27 13 9 73521 1
0 26 4 15 51418 1
15 0 2 3 39543 1
24 29 22 10 73426 1
12 22 4 14 52787 1
8 10 7 0 39020 1
22 26 15 5 77642 1
23 29 27 9 76967 1
0 0 8 25 100588 1
14 16 28 12 42472 1
21 4 0 9 74025 1
4 2 13 25 85066 1
6 14 13 18 34154 1
14 29 8 10 76492 1
23 11 14 22 50544 1
1 26 12 11 72559 1
19 13 12 19 40863 1
18 19 11 7 55364 1
8 3 8 22 71476 1
6 16 12 0 63868 1
25 21 1 29 91957 1
15 3 16 24 61222 1
23 20 2 29 89664 1
6 0 13 4 29979 1
3 9 26 17 92406 1
24 12 26 26 52955 1
19 28 13 2 85369 1
3 6 14 21 66494 1
25 8 5 8 67261 1
0 26 23 11 96548 1
18 4 7 17 58463 1
19 16 4 25 60787 1
7 7 15 4 36025 1
29 0 17 29 121837 1
5 20 14 8 51179 1
2 25 7 17 40183 1
1 17 22 10 69724 1
21 19 10 28 73501 1
27 8 3 6 77733 1
21 24 6 26 64090 1
7 3 7 24 81731 1
15 16 29 0 76467 1
14 9 8 18 36788 1
19 26 24 17 47863 1
7 12 1 23 57187 1
9 1 11 12 51634 1
16 18 15 27 37276 1
26 13 5 28 101992 1
28 15 14 29 82637 1
3 19 28 29 102454 1
7 12 29 14 63565 1
26 25 21 5 76646 1
3 2 25 10 78092 1
8 15 25 18 61733 1
23 28 25 12 58796 1
8 7 29 4 64203 1
14 29 1 3 105806 1
29 12 22 27 65819 1
10 23 8 2 81443 1
14 8 26 29 89278 1
3 25 17 22 52238 1
15 15 19 9 33749 1
4 2 15 19 71556 1
6 8 7 26 70345 1
23 24 21 4 83285 1
25 21 14 9 59910 1
17 3 16 25 66051 1
26 1 2 6 73478 1
18 7 27 10 46671 1
29 26 13 20 79146 1
5 21 16 4 71794 1
7 12 27 15 66977 1
15 24 5 3 77896 1
13 18 26 11 56382 1
10 26 20 27 43662 1
29 9 10 22 75284 1
19 25 27 5 87577 1
23 3 11 13 57531 1
7 22 22 5 70959 1
12 23 17 28 39161 1
8 17 22 15 43880 1
14 16 3 2 63285 1
5 13 10 18 39146 1
17 27 25 18 60010 1
11 1 1 12 78426 1
20 6 29 4 35124 1
11 24 24 23 55875 1
3 28 26 26 80458 1
26 2 2 20 108482 1
7 15 15 17 31156 1
10 14 22 0 67549 1
21 20 29 14 42712 1
25 29 19 19 57537 1
29 21 11 20 75190 1
29 12 16 7 43928 1
15 3 22 27 87353 1
10 13 20 0 57408 1
8 21 9 9 58054 1
15 7 27 1 52425 1
2 24 4 7 81083 1
26 4 17 29 104783 1
23 5 20 27 91640 1
19 11 6 24 64197 1
11 10 26 20 71096 1
27 4 6 7 58813 1
3 13 29 28 121181 1
9 27 10 0 89943 1
17 19 22 7 63889 1
20 7 9 22 66221 1
29 24 1 2 125512 1
29 12 12 3 62073 1
22 17 29 0 69889 1
5 23 27 14 81153 1
25 7 3 21 92714 1
12 12 28 23 74123 1
18 7 10 20 54479 1
0 26 17 5 89477 1
25 12 17 18 45638 1
23 24 13 6 80870 1
16 10 29 11 39213 1
26 14 23 4 41065 1
9 16 22 8 64586 1
0 23 16 1 91884 1
3 3 23 13 77705 1
8 14 3 9 37956 1
25 9 29 18 30050 1
6 15 12 6 48787 1
15 8 24 17 55832 1
4 21 25 5 92999 1
8 11 15 14 30164 1
13 15 3 3 61689 1
9 14 29 1 87638 1
20 8 22 27 81484 1
21 15 2 13 78624 1
28 1 6 15 99071 1
12 15 29 5 67062 1
6 10 9 22 50372 1
21 15 8 23 55931 1
3 1 21 18 97048 1
3 29 9 4 103967 1
13 17 6 27 48782 1
4 2 25 20 100638 1
15 22 10 7 52105 1
8 6 13 22 60394 1
1 9 28 14 98472 1
11 24 6 7 79183 1
7 27 17 9 81438 1
16 26 16 14 39370 1
9 3 29 20 88483 1
19 8 1 26 91833 1
14 0 5 9 47668 1
26 23 2 10 110446 1
11 5 5 25 76363 1
24 29 28 10 64897 1
1 0 13 20 76273 1
24 2 16 10 49141 1
28 2 3 22 109774 1
4 22 2 13 49850 1
22 9 2 19 83081 1
8 27 6 4 85623 1
28 7 2 9 94520 1
8 22 22 23 44160 1
1 0 0 9 40948 1
17 11 9 25 64843 1
22 24 16 14 52872 1
16 12 17 23 38307 1
27 27 6 24 84552 1
23 14 8 1 80478 1
7 0 18 24 88911 1
3 1 21 25 117162 1
8 18 23 20 60825 1
17 12 25 27 66902 1
29 6 18 5 32548 1
22 19 29 0 77124 1
5 25 1 2 98038 1
17 29 1 13 98904 1
28 19 13 15 60996 1
12 8 3 22 66202 1
0 27 6 22 31078 1
16 10 3 4 49523 1
25 26 16 18 61184 1
0 5 7 11 41175 1
22 11 12 16 41109 1
20 19 24 9 59092 1
4 12 26 23 108819 1
29 9 19 18 56343 1
5 20 10 9 61012 1
22 23 21 4 79802 1
14 26 25 22 50719 1
29 3 19 7 42994 1
24 19 3 3 102187 1
8 2 16 11 48631 1
20 0 4 10 63913 1
1 5 1 22 78184 1
8 27 27 7 106874 1
17 12 6 7 45332 1
3 6 25 12 75132 1
1 4 10 8 46439 1
8 18 18 10 46493 1
3 1 0 17 79514 1
9 19 17 5 53864 1
4 26 10 22 30978 1
27 11 25 26 52221 1
10 17 9 0 58715 1
2 24 13 26 39630 1
10 10 22 16 52953 1
14 18 13 9 25104 1
9 15 4 9 47065 1
27 11 12 16 52348 1
9 6 13 26 65959 1
17 12 14 20 23972 1
21 24 14 2 76692 1
24 5 16 3 25505 1
22 10 6 25 79921 1
19 4 20 25 86993 1
14 22 2 25 37710 1
14 4 22 23 70813 1
16 20 19 9 40230 1
12 8 5 1 40064 1
28 9 2 5 82353 1
1 26 23 21 84629 1
26 8 11 20 71148 1
11 28 27 0 104804 1
27 16 8 19 63570 1
1 28 7 1 101324 1
24 15 1 0 98715 1
1 7 19 23 99367 1
13 13 28 6 61391 1
25 9 21 29 72744 1
19 4 17 27 78871 1
1 7 18 24 103166 1
17 22 17 1 75700 1
29 17 12 7 64199 1
25 4 6 14 75393 1
21 29 28 3 99049 1
27 13 8 8 74520 1
25 28 11 20 72277 1
25 28 6 26 65721 1
17 17 27 14 39774 1
27 28 3 17 103422 1
10 4 11 29 83537 1
16 27 21 13 66255 1
29 23 4 7 109698 1
10 7 24 18 74198 1
12 8 2 19 67239 1
28 0 16 2 33217 1
1 14 23 27 102711 1
29 29 3 17 103021 1
27 29 12 14 88022 1
0 16 24 20 85539 1
0 18 15 23 53648 1
20 0 11 6 39063 1
10 26 24 25 62932 1
6 26 23 22 74191 1
3 20 11 7 69167 1
0 3 0 18 72672 1
17 7 7 27 82418 1
17 20 22 14 41709 1
29 11 19 19 54357 1
1 23 15 15 56754 1
13 20 0 13 61738 1
10 25 10 14 62512 1
0 3 11 11 62852 1
24 16 16 0 67096 1
27 10 4 25 95986 1
14 14 10 26 41065 1
12 9 12 23 46797 1
27 7 8 27 106874 1
16 0 5 15 74805 1
9 22 22 12 52974 1
1 20 8 4 72218 1
25 29 17 2 108748 1
25 22 20 6 70027 1
29 13 8 5 67920 1
1 20 13 12 51781 1
0 6 10 27 105136 1
7 4 19 19 73523 1
19 10 12 20 43640 1
5 12 20 29 100229 1
25 3 11 19 78350 1
13 18 4 3 63968 1
23 27 19 16 52499 1
28 29 21 4 88262 1
11 23 25 0 86260 1
15 29 2 6 101760 1
1 13 18 20 75257 1
2 3 3 17 64484 1
19 21 5 19 60320 1
8 8 29 2 79988 1
3 24 14 18 42548 1
26 6 19 26 87991 1
4 22 11 19 34499 1
24 0 13 0 25085 1
10 20 13 29 45179 1
2 1 16 29 112641 1
28 13 20 4 52076 1
8 6 5 13 38332 1
9 14 7 27 64922 1
20 19 10 14 55205 1
1 11 16 4 63984 1
18 13 26 10 35867 1
17 5 9 24 67844 1
11 17 14 6 31527 1
25 23 8 1 107944 1
19 1 10 12 51417 1
18 21 6 2 84269 1
2 17 7 6 51218 1
0 15 7 10 47405 1
22 24 16 17 44944 1
2 15 27 13 85629 1
11 7 10 29 73058 1
7 15 14 10 40031 1
21 20 14 10 54231 1
16 25 14 0 67286 1
27 26 6 13 109420 1
8 24 29 23 85731 1
11 25 24 4 89776 1
19 17 5 24 59272 1
20 19 2 22 67892 1
18 19 2 19 60604 1
29 2 10 26 110125 1
7 12 20 13 46376 1
8 7 17 15 50719 1
24 10 18 19 58417 1
12 17 13 7 30018 1
25 14 8 20 66040 1
13 20 16 27 30131 1
28 26 26 0 89098 1
17 25 3 22 48397 1
29 11 19 15 38335 1
28 24 17 16 62573 1
25 16 1 27 89388 1
18 11 10 26 62566 1
14 15 2 24 52058 1
17 12 2 0 60951 1
16 25 25 4 83597 1
12 15 7 9 39512 1
21 6 8 19 70412 1
29 2 23 9 47956 1
1 26 29 17 99299 1
1 15 16 17 43636 1
11 14 17 7 37454 1
0 15 12 7 73067 1
16 22 1 6 85705 1
7 20 19 17 44445 1
11 1 1 5 44465 1
17 1 5 8 53510 1
17 2 26 15 70331 1
10 8 16 27 75320 1
12 26 28 27 65805 1
11 7 12 29 71251 1
26 2 9 1 54943 1
4 29 24 6 115439 1
6 12 28 24 104482 1
23 0 9 18 75473 1
8 1 25 14 81831 1
29 7 2 27 122600 1
0 6 3 27 88684 1
7 9 25 1 73093 1
6 3 21 18 78090 1
21 25 13 11 65228 1
16 3 28 11 57729 1
15 21 27 7 74979 1
9 14 16 29 72579 1
17 9 0 20 71942 1
23 22 7 7 94971 1
3 18 2 29 42829 1
22 0 19 8 37192 1
2 29 2 9 84156 1
10 17 21 2 60314 1
4 11 26 0 85513 1
4 19 9 1 80707 1
1 12 10 21 69986 1
18 21 11 7 62572 1
28 28 12 11 89946 1
27 4 10 8 60869 1
18 13 28 2 65908 1
29 8 2 10 96269 1
28 4 12 27 94484 1
9 10 14 21 41439 1
1 1 5 18 80816 1
22 22 17 4 78733 1
14 4 26 9 47755 1
25 1 29 16 48598 1
24 7 19 2 36770 1
7 29 15 11 68693 1
27 9 14 4 54003 1
13 7 25 20 64706 1
27 22 12 12 73519 1
19 11 26 22 55035 1
22 9 21 27 78810 1
25 2 24 28 82273 1
12 3 7 25 76435 1
7 5 25 12 59283 1
15 28 8 18 56052 1
23 5 0 27 106415 1
11 26 16 15 41133 1
25 12 16 2 51246 1
2 23 11 0 87748 1
19 24 12 19 40579 1
12 15 22 0 62792 1
4 18 11 28 61580 1
17 1 8 2 38980 1
6 28 29 13 99898 1
8 18 9 1 73934 1
22 6 2 1 65135 1
11 4 17 9 39379 1
22 17 17 24 47453 1
20 22 10 23 43697 1
25 7 4 22 85627 1
29 12 13 22 58891 1
25 29 15 22 62741 1
2 15 8 27 61440 1
8 3 27 0 52109 1
17 0 19 11 46105 1
26 23 13 9 75679 1
27 27 23 1 93046 1
16 18 22 8 50782 1
0 2 18 3 51064 1
26 3 1 19 97645 1
23 20 9 24 70567 1
10 20 11 3 59381 1
0 16 19 10 68790 1
17 6 7 15 61207 1
25 12 10 17 47071 1
4 14 22 9 78897 1
21 8 16 23 63747 1
12 16 8 24 40466 1
27 5 1 13 97364 1
14 27 21 0 80856 1
29 29 2 17 104826 1
18 4 23 10 46332 1
5 28 12 20 47463 1
4 21 1 6 80457 1
25 21 0 27 97477 1
28 4 4 9 77341 1
2 2 9 24 99690 1
27 18 1 23 93207 1
3 0 1 17 71686 1
20 12 6 15 52499 1
11 11 8 24 58298 1
8 24 23 28 66319 1
20 19 2 13 81046 1
25 13 25 1 35436 1
28 28 19 0 100494 1
4 17 17 17 31439 1
7 25 13 3 73082 1
3 25 14 26 36511 1
8 17 9 0 64239 1
13 23 10 10 46608 1
10 9 3 18 58736 1
6 24 18 6 78334 1
22 17 10 24 59790 1
7 18 1 1 78179 1
23 8 14 0 54142 1
28 10 5 22 84315 1
8 25 26 3 99293 1
8 15 23 24 74696 1
25 14 7 14 62712 1
21 4 2 10 67676 1
10 13 22 12 36997 1
9 8 16 15 45119 1
15 1 18 25 83653 1
27 27 3 2 136804 1
28 5 11 24 88933 1
21 15 15 21 41954 1
27 15 7 22 72571 1
3 27 20 24 74049 1
27 21 14 6 77961 1
11 28 14 3 68393 1
3 1 13 9 56933 1
20 24 25 14 52788 1
15 15 20 7 43396 1
24 18 12 24 62027 1
19 1 11 9 49469 1
22 25 1 3 113683 1
24 19 18 0 75201 1
29 26 29 9 44828 1
4 2 21 26 107691 1
23 7 6 0 64843 1
18 29 7 3 102047 1
17 14 11 21 41307 1
26 16 25 3 40291 1
7 2 22 22 98995 1
18 21 29 1 103075 1
7 29 12 18 55577 1
1 3 0 26 97063 1
0 11 16 12 62533 1
8 28 17 26 42657 1
6 20 26 18 74661 1
2 26 7 17 42848 1
6 17 27 19 70960 1
24 26 21 9 69369 1
26 24 14 11 72594 1
17 20 14 3 51150 1
1 10 5 4 38009 1
29 10 21 18 46207 1
15 11 15 26 40879 1
18 24 4 7 91715 1
25 15 2 25 86069 1
27 28 12 4 109781 1
15 4 5 28 89255 1
3 26 10 15 63247 1
3 16 7 22 31086 1
10 18 27 2 86523 1
29 29 20 9 79294 1
4 0 13 29 100619 1
17 22 29 6 95151 1
29 17 19 13 37658 1
28 16 26 25 42891 1
2 29 25 13 103703 1
8 11 8 24 57902 1
23 3 29 24 68441 1
19 23 8 22 32873 1
20 25 11 2 90886 1
26 17 16 28 75072 1
5 6 11 18 60270 1
28 17 0 6 104834 1
5 16 18 26 63132 1
18 8 14 21 44854 1
9 20 13 27 37804 1
25 28 1 21 90021 1
12 23 17 4 58099 1
25 2 28 27 79333 1
3 8 25 16 91084 1
20 10 7 9 49941 1
15 6 19 26 67196 1
15 28 24 26 47212 1
17 0 25 19 70713 1
21 12 6 8 56573 1
29 10 7 5 70408 1
1 25 0 4 84199 1
24 21 27 29 39586 1
27 19 9 4 92829 1
12 21 25 22 54618 1
11 3 29 14 68988 1
20 27 7 11 83202 1
22 6 5 29 105931 1
10 11 17 25 61754 1
15 4 17 21 61038 1
7 8 19 20 80436 1
27 21 19 28 60064 1
10 13 13 29 66004 1
3 17 29 14 75801 1
25 0 3 25 109583 1
27 2 14 29 111055 1
13 4 4 14 57088 1
8 15 13 21 36720 1
3 15 18 0 81895 1
0 29 4 1 111783 1
8 20 27 25 84138 1
8 4 26 2 61402 1
19 26 19 7 78152 1
13 14 6 4 46105 1
28 23 21 9 64629 1
13 16 4 6 56506 1
6 11 4 26 62824 1
23 7 4 18 89849 1
24 15 18 7 57720 1
4 4 25 12 72204 1
27 24 5 7 116432 1
8 3 4 20 66330 1
29 8 13 21 73569 1
22 10 8 7 51931 1
12 17 17 28 47960 1
24 1 28 21 71037 1
0 18 5 23 36640 1
12 22 10 11 42694 1
24 12 25 3 28197 1
14 27 6 9 72897 1
28 22 7 25 91278 1
3 14 0 25 45475 1
25 4 2 16 88268 1
25 19 10 8 78746 1
8 11 22 16 54551 1
27 22 21 3 75394 1
21 25 14 2 82029 1
8 29 17 25 44833 1
13 5 12 18 38511 1
3 25 19 20 64316 1
6 22 17 1 75729 1
16 4 6 19 59844 1
18 7 11 16 43428 1
20 3 8 2 38438 1
29 8 12 9 66729 1
15 16 14 4 31273 1
26 9 8 27 100077 1
19 24 22 8 81424 1
2 18 21 8 77556 1
20 12 0 16 64435 1
2 1 26 25 129746 1
7 9 29 5 70153 1
25 3 12 25 84747 1
6 16 20 14 52138 1
24 21 8 28 82318 1
19 28 6 11 87173 1
12 1 28 16 83062 1
4 3 27 25 124657 1
6 5 20 0 43240 1
10 22 22 11 55709 1
23 7 20 16 51722 1
13 9 22 8 43087 1
26 8 4 6 69175 1
17 14 0 8 77995 1
27 6 14 2 43151 1
17 12 22 26 64294 1
15 13 29 0 72668 1
13 17 25 10 46702 1
9 10 24 25 94356 1
12 14 17 25 49360 1
21 5 9 29 85614 1
0 14 12 16 49687 1
2 7 18 19 88376 1
11 6 16 20 52486 1
13 18 1 26 56569 1
5 26 23 1 107434 1
1 7 24 26 126451 1
27 3 11 25 97270 1
21 21 26 10 54605 1
28 11 10 25 87024 1
5 28 12 13 73481 1
2 12 5 3 47733 1
22 8 11 9 53092 1
13 24 2 29 48757 1
29 18 15 5 65738 1
2 0 6 25 92247 1
13 16 18 29 56292 1
18 15 17 6 43382 1
10 4 23 5 38846 1
29 17 24 4 46977 1
21 11 27 0 52880 1
27 24 8 26 86903 1
29 7 5 11 86994 1
10 13 27 14 54649 1
16 8 21 23 64522 1
29 2 7 3 63154 1
2 2 27 2 70941 1
12 10 5 3 40879 1
13 13 23 10 39902 1
