5760 6456 5986 5924 7052 5853 6079 7113 6808 7082 6383 6720 6655 7123 5961 6956 7253 6920 7222 6429 7110 6187 6567 6605 6826 7042 5896 6808 7276
4686 4774 6042 4999 4993 5438 5652 5106 4626 6117 5414 5945 5205 5857 4936 6052 5924 5238 5287 5365 4855 5481 5867 5946 6105 5344 5536 4740 6164
7464 7660 6200 6461 6580 7358 7501 6875 6454 7107 7337 6088 6866 6269 7041 7092 7177 6183 7517 6786 7223 7564 6167 6348 7369 6086 6439 7365 7510
6352 7121 6419 7353 7050 7435 6734 7255 6827 7322 7495 6877 6893 6742 7472 7650 6963 6829 6795 7516 6350 7429 6762 7212 7594 6164 7038 7296 7442
4756 5117 5450 4690 5814 5540 5097 5482 5329 5198 5588 4728 4695 5064 4695 5741 5797 5865 5007 5748 4750 5797 5430 5169 4800 5952 4597 4701 5648
5704 6825 6213 5609 5660 6824 6375 6634 6751 6858 6476 5883 6871 6160 6878 5675 5771 6367 6207 6057 6304 6773 6657 6596 6113 5623 6975 6899 6199
4304 3408 4108 4074 4357 3884 3407 3747 4108 3718 4190 4466 4407 3373 4566 3880 4490 4304 4060 4574 4169 3950 4099 4717 3565 4171 4261 4718 4462
7986 7664 8004 8748 8133 7605 7400 8203 8721 7952 8078 7511 7928 8749 8214 8676 7464 8070 8017 7662 8530 8669 7276 7738 7769 7200 7818 7452 8639
2978 2800 3475 3635 4093 2992 3527 3592 3942 4362 4079 3022 3940 3191 3391 4127 3204 3928 3098 3476 3930 3055 3858 3225 3284 3179 3154 3229 3360
8397 7398 7055 8506 7332 7382 7566 7854 7961 8331 8319 7867 7271 7919 7333 8309 8185 7348 8157 8114 8537 7074 7816 7377 7294 8398 8584 7258 7750
6650 5545 6838 5943 5963 6123 6333 6450 6507 5410 6798 6755 5824 6374 5613 6686 5367 6528 5754 5428 6575 6818 6541 6006 5640 6713 6139 5937 5378
8231 7271 7830 7987 8263 8013 7956 8041 8066 8056 8186 7186 7502 7202 7015 6934 7895 7316 7238 7399 6870 7253 7752 7646 7775 6937 7484 7488 6856
7172 6533 6991 6813 6813 6368 6812 6408 6797 7474 7642 6947 6852 7653 7333 6445 7509 7193 7043 6329 7188 6392 6432 6391 7727 7237 7598 7137 6241
3270 2797 2425 3415 3314 3449 2751 3279 2405 2468 3098 2376 2561 3257 1977 2775 2322 2479 2375 2379 2698 2236 2855 2331 3038 2211 3361 3150 3410
6601 6340 6391 5527 6603 6905 6063 5594 5996 5828 5914 5571 6565 6134 5704 6642 5423 6182 6778 6054 5454 6516 6443 6439 6615 5935 6874 5470 6978
2694 2416 2424 2525 3440 3423 3623 3541 2574 3312 2410 3585 3054 3587 3697 2884 2218 3106 3235 3534 2437 3491 2636 2402 3615 3674 2304 2257 3076
4859 4352 4357 4934 4233 5257 4945 4246 4520 5350 5121 5492 4257 4846 4430 5456 4408 5314 4210 5356 5398 4156 4340 5456 4649 5267 5391 4636 5221
7032 6673 6648 6496 6128 7571 7375 7434 7434 7357 6395 6840 6376 7259 6202 7009 6966 7060 6656 6913 6715 7093 6608 7385 6951 6264 6265 7486 7307
3765 4709 3998 3677 3923 3831 4567 4113 3581 3883 3919 4609 4253 4297 4258 4870 4669 3606 4197 3715 4297 3849 4689 3702 3853 4004 4783 4304 3985
6500 7206 6286 6139 6336 7328 7116 6099 7222 7457 7655 6614 7386 6489 6615 6132 6251 6439 6205 6966 6305 7369 7178 6978 6487 7059 6129 6905 6423
6053 5529 5732 6333 6833 6543 5533 6260 6405 6273 6659 5692 5755 6539 6583 5808 6642 6487 5691 6225 6898 5568 5755 5616 5646 5510 5753 5626 6511
5528 4700 5619 4662 5370 4413 4265 5533 4286 4299 5118 4892 4986 5582 4186 4262 4578 4735 4193 5508 5479 5245 4825 4355 4259 4670 5032 4960 5540
6625 5468 5934 6305 5556 6562 5936 6450 6179 5440 6706 5926 5503 6439 6060 5728 6311 6230 6400 6043 6331 6761 6234 6716 5772 6400 6619 5679 5409
1392 1851 2151 2285 2429 1472 2384 1827 1348 1271 2292 2505 1983 1553 1711 1409 1081 2510 1541 1605 1197 1558 2024 1811 1415 1506 1535 2043 1239
4872 5283 5329 4351 5083 4737 4492 4976 4903 5149 4687 5374 4284 5367 4748 5006 4301 4654 4289 4547 4629 4320 5474 4083 4576 4234 4565 5161 5554
4795 4772 5039 5018 5126 4255 5441 5084 4881 4977 5247 4887 4037 3951 4857 5113 5366 3933 3932 4420 4449 5164 4993 4866 5388 5245 4955 4513 5376
3645 3644 3176 3530 4247 3638 3130 3175 2980 4343 3009 4393 3815 3430 4166 3100 3316 4096 3826 4303 3645 3782 3683 4059 4425 4374 3737 3854 3483
5758 5389 4661 4774 5615 5574 5120 5348 5868 4353 5623 5718 4378 5063 5754 4443 4497 4861 5112 4588 4352 4940 4947 4450 4570 5275 5132 4364 5297
3801 4961 3932 5100 3660 4487 4421 4240 4478 4346 4373 3926 4104 4953 5191 4364 4424 4420 4120 3684 5074 4284 3884 3769 4073 4201 4346 3959 4775
4872 5180 4653 5058 4760 5247 5328 5055 5331 5749 4555 4899 5152 4272 5179 4596 4304 5205 5173 4437 5729 4983 5003 4896 4857 5564 5268 5392 4446
8331 7521 4790 3855 4407 4191 6726 4050 4921 2651 6733 3308 4867 2831 6674 5410 4948 6786 3858 7053 3477 4611 3982 6935 1765 3229 4678 4687 2166 3138
7025 8582 5575 4771 4517 4765 6108 4343 5200 1418 6947 3620 4997 1451 8051 6326 4917 6394 4804 6452 3821 4735 3442 7594 1356 3409 4184 5078 2187 3250
7863 8788 5238 4748 4184 4684 7389 3559 3859 2432 6983 2675 3602 2201 6685 5557 5277 6925 4444 7348 3932 5656 3426 7586 1502 4520 5286 3919 1918 3192
6904 8390 5639 4810 4153 5052 7567 3981 4140 2452 7372 3602 4630 2709 8113 6052 5557 7159 3799 6999 3438 5681 3880 7035 1911 4360 4168 5163 2480 2201
7629 8692 5218 4207 3092 5462 7541 4067 4817 1766 6772 3538 4256 2155 7811 5262 4757 5691 3834 6483 4171 5238 4269 6906 1681 4050 4466 4572 3077 2862
6973 7359 5249 3825 3613 5494 6727 4002 3786 2703 6705 2123 4390 2214 7901 6440 4568 6544 4586 6488 3288 5149 4574 7434 1907 3414 4762 5170 2737 2471
7734 8433 5393 3765 3409 4522 6947 3765 5005 1570 6840 3451 3710 1845 8100 6266 4459 6586 4286 6285 3444 5157 3906 7397 1573 4262 4504 4576 2843 2409
7773 7562 5277 4342 4464 4276 7622 3146 4797 2760 6592 3115 5072 2264 8107 4956 4501 5638 4170 6774 4557 5329 3434 6935 2266 3375 5324 3947 2844 2271
6990 8491 5220 3477 3907 5064 6279 3008 5248 2055 6552 2831 4162 2523 7007 6285 5569 6004 3477 6364 3597 4666 4097 7163 2037 3712 4636 3949 2946 2202
7298 8704 4763 4653 3708 5636 6196 4290 5145 1694 7030 3607 4002 2537 7217 6181 5528 5948 3986 7449 3396 5928 3686 8053 2477 4027 4405 3959 3087 2503
7197 8824 5221 4272 4341 5537 6425 4045 4135 1952 7134 3356 4099 1606 6731 6266 4424 6594 4705 6919 4042 5124 3764 7506 2557 3552 5011 4593 3069 1996
7528 8118 5284 4166 4500 4252 6678 3332 5243 2224 6753 3100 4251 1781 7528 6273 4979 7006 3801 6637 3756 4634 3957 7237 1800 4129 5376 4696 3029 1893
7847 8130 4737 4371 3350 4972 7171 3796 4998 1936 7655 3591 4282 2244 8084 5277 5507 7068 4313 7631 3568 5824 3902 7492 1884 3620 4766 5210 2848 2919
7435 8865 5744 4840 4493 4358 7026 3656 4975 2446 7674 2535 4077 2741 6888 5861 4350 6297 4963 6873 4447 5747 3675 6758 2759 4596 5329 4651 1695 2866
8015 8092 4252 4301 4243 5384 7401 3577 4743 1916 6255 3208 4577 2608 7734 5551 4186 7130 3780 7031 4466 5937 3928 6953 1392 4096 5468 5268 2341 3301
8197 8296 5682 3861 4352 5292 7652 3277 4922 2063 6358 2104 4588 2763 7890 6056 5180 5874 4220 7321 3557 4643 4076 7045 2532 4597 4335 4140 2802 2302
7611 8464 5527 4052 3266 5248 7599 4506 4511 2391 7506 2754 4424 2067 7282 5904 5399 5737 4193 6090 4508 5228 4729 7580 2454 4174 5005 4432 3137 3298
7087 7653 5256 3581 3180 5503 6742 4507 4963 2763 6782 3189 4833 2902 7146 5444 5639 5882 4278 6508 4808 4707 3711 7663 2781 4016 5087 4992 1589 1940
6973 7812 5495 4261 3290 5267 7112 3927 4646 1502 6772 2881 4078 2180 7573 5504 5651 5788 3765 7046 4470 4546 4487 7808 2498 4366 4306 4412 2904 2168
7935 7955 5703 4389 4166 4390 6491 3771 4319 2790 6353 2814 4976 1477 7530 5693 5568 6004 3837 7197 3826 4688 4483 8129 2798 3999 5025 4272 1741 2122
7230 7382 5329 4168 3437 5629 6368 4065 4640 2915 6246 3228 4740 2330 7883 6022 4319 6163 4830 7356 3582 5250 4721 7403 2611 3664 5520 5071 2551 2292
6898 8571 5576 3785 3416 5666 7312 3031 4014 2513 7143 3427 4143 1630 7097 6182 5512 7046 3773 6933 4662 5066 3772 6785 1480 3198 5554 4330 2273 2093
7127 8861 5772 4855 3199 4685 6584 3726 3752 1458 7452 2414 4116 1357 7914 5586 4280 6785 4007 6216 4022 5364 4013 7936 2006 4744 4526 4993 1935 3229
6811 7429 5250 4302 3655 4338 6973 3890 4625 1652 7049 2080 4998 1558 8218 4864 5162 6575 4208 7423 4054 5751 3676 6783 2870 3534 4857 4529 1605 2602
7395 8746 4678 4745 3556 4412 6537 3393 3868 2761 6352 3186 3566 1664 7350 5230 4567 6134 4412 7299 3557 5439 4393 6730 1730 3252 4626 4084 1792 2508
7239 7804 5023 4185 3667 5386 6790 3588 4095 1465 6423 3028 4605 2543 7093 5159 5636 6095 4868 7378 3976 5108 4646 6949 2411 4553 4012 3864 1674 1932
7272 8827 4844 4626 3532 5522 7522 3025 4919 1620 6742 2558 3746 2075 7294 5779 5220 5653 3725 7589 3367 5837 4672 7308 2384 4086 5536 4980 2116 2680
7789 8257 4479 4640 3939 5708 6354 3853 5067 1499 7587 2853 4597 1737 7297 5286 5317 5820 4942 6224 3952 5264 4309 6673 2462 3358 4560 4245 1601 2988
7265 7366 5095 3872 3739 4614 6254 4126 4543 2305 6559 2792 3915 2443 7661 5788 5534 5907 4495 7588 4396 5047 3699 6689 2434 3401 4465 4065 2917 3209
6 7 25 3 65595 1
21 21 1 14 76479 1
17 24 8 28 32738 1
0 21 14 1 114426 1
26 8 23 24 34909 1
1 26 14 21 47569 1
1 18 28 27 98309 1
27 29 2 14 87863 1
26 18 15 5 61359 1
1 29 8 17 59432 1
4 0 25 26 121624 1
11 11 3 13 27943 1
14 26 0 27 53879 1
4 17 20 2 100333 1
23 19 2 20 77864 1
11 3 15 27 79081 1
15 11 28 2 60484 1
15 29 13 4 72257 1
26 21 26 8 43551 1
5 28 1 9 90257 1
5 27 8 13 59489 1
11 10 26 10 45194 1
23 25 26 11 32197 1
8 6 21 8 43994 1
22 27 8 5 82171 1
13 7 8 18 44719 1
10 15 13 7 33805 1
17 16 18 26 46220 1
25 14 28 2 51591 1
7 9 13 20 40688 1
29 26 2 27 82769 1
25 15 0 26 86725 1
7 7 24 8 49271 1
25 6 14 3 50566 1
12 19 24 20 53972 1
3 7 14 12 45471 1
26 0 29 15 62431 1
28 25 19 7 59749 1
12 11 22 3 48514 1
14 25 15 4 66784 1
8 10 8 29 65730 1
22 27 13 7 63941 1
22 21 3 28 69184 1
29 6 12 25 83036 1
10 8 13 18 35932 1
4 2 15 26 100166 1
27 4 27 27 67971 1
17 9 23 22 36157 1
3 29 24 22 64115 1
2 15 11 22 67746 1
13 1 17 12 45617 1
15 3 0 17 88567 1
1 2 15 3 66590 1
13 17 5 23 40450 1
11 27 24 28 37629 1
12 28 3 17 73123 1
14 8 6 27 72158 1
23 22 27 1 59493 1
24 14 8 1 75650 1
3 25 16 25 38674 1
25 15 20 23 36543 1
11 13 27 15 44737 1
24 10 4 15 62238 1
12 14 16 8 31345 1
9 27 9 8 76642 1
6 10 6 25 62810 1
13 14 29 9 44665 1
23 21 14 2 64855 1
12 4 8 22 70955 1
12 10 28 0 77296 1
0 5 10 29 110140 1
11 24 26 23 38065 1
9 18 25 25 63191 1
25 24 4 21 62489 1
19 3 21 23 62834 1
4 2 4 27 117340 1
0 5 6 19 77238 1
19 9 26 4 30014 1
7 5 1 28 103147 1
5 26 10 4 92668 1
5 21 8 4 75283 1
4 4 9 16 62219 1
27 14 11 29 68592 1
14 3 16 16 51136 1
20 5 24 24 51932 1
18 22 24 8 49665 1
0 16 28 17 97887 1
10 2 17 17 76129 1
2 0 26 1 127434 1
21 1 7 13 73005 1
26 9 11 16 54479 1
6 28 6 4 96252 1
22 23 6 8 73232 1
20 18 3 2 107815 1
21 17 12 4 66727 1
19 6 15 29 78117 1
26 21 12 12 55540 1
21 10 5 5 57916 1
26 6 20 10 28322 1
13 3 19 26 80881 1
18 1 12 14 64089 1
20 19 5 5 92159 1
5 7 28 11 66073 1
0 14 11 12 38961 1
15 13 0 13 33710 1
1 27 16 1 114069 1
19 20 12 26 42475 1
18 25 13 2 74996 1
27 27 26 13 41815 1
1 12 17 10 52668 1
28 10 11 5 57208 1
0 4 8 16 71435 1
23 1 6 10 56413 1
2 25 10 1 108976 1
1 4 14 14 70155 1
3 15 21 7 74088 1
1 24 2 4 104957 1
21 20 5 29 66815 1
1 4 23 29 107323 1
1 19 21 4 105005 1
29 7 21 9 25659 1
7 23 18 5 86617 1
2 5 25 18 97536 1
19 23 27 2 73812 1
5 28 25 4 95592 1
26 29 15 19 48440 1
13 24 0 28 43853 1
1 0 11 20 106669 1
12 5 3 24 75136 1
16 10 3 12 46399 1
23 10 24 26 32558 1
21 28 16 6 66801 1
14 23 28 4 80851 1
29 21 13 6 79680 1
1 3 23 4 87993 1
0 12 4 4 55123 1
14 8 28 0 70841 1
23 12 10 4 56214 1
21 1 4 26 108240 1
1 13 11 26 68605 1
15 7 29 20 67273 1
5 20 20 3 100530 1
22 11 2 25 77177 1
27 10 21 21 42939 1
24 2 19 22 58351 1
26 7 22 27 47533 1
13 16 28 16 54149 1
29 2 1 0 135294 1
28 22 19 5 71313 1
11 2 21 2 51518 1
0 19 3 2 108520 1
17 18 0 26 68883 1
13 0 26 19 83491 1
13 9 1 10 31079 1
13 19 19 15 41504 1
8 29 21 9 74412 1
24 6 9 13 49831 1
19 8 7 23 78752 1
0 2 15 11 75701 1
29 17 14 23 68582 1
13 25 3 7 74677 1
16 8 14 20 43459 1
23 21 14 6 54808 1
5 4 26 15 81476 1
12 3 28 26 91923 1
8 11 11 1 56172 1
22 11 15 3 43498 1
22 23 28 28 24009 1
14 5 7 20 66408 1
14 18 28 18 58838 1
20 19 10 14 58830 1
28 17 11 13 54589 1
7 26 25 6 87803 1
20 20 27 15 41444 1
14 7 29 24 68429 1
5 5 24 10 64389 1
11 28 2 4 104560 1
15 4 1 28 100837 1
21 11 3 17 74839 1
21 6 5 3 74463 1
13 27 29 18 68307 1
16 2 21 8 45284 1
15 29 18 19 42480 1
29 1 13 13 76545 1
21 14 15 24 45729 1
21 15 16 3 58835 1
16 17 4 21 61046 1
0 25 8 6 85734 1
0 4 28 7 95656 1
27 18 21 14 34046 1
25 2 26 15 45236 1
23 5 11 5 50896 1
14 1 6 29 102250 1
12 27 23 27 33371 1
5 5 20 4 63942 1
24 8 3 16 76305 1
7 6 29 3 87304 1
6 9 11 4 34432 1
2 23 9 17 47762 1
25 7 2 29 96305 1
3 15 14 28 76119 1
18 3 4 7 64453 1
29 4 22 22 57777 1
9 13 3 8 36004 1
23 5 1 20 98894 1
19 14 8 8 46056 1
1 22 17 2 110072 1
16 13 3 26 68898 1
12 9 18 19 50168 1
14 23 25 12 52250 1
18 10 14 4 31944 1
7 24 27 10 74234 1
28 20 15 28 50927 1
24 29 13 10 58430 1
3 20 29 11 96458 1
3 28 22 2 104146 1
17 14 29 12 36307 1
24 28 13 25 33295 1
2 29 18 12 87107 1
3 29 26 0 116988 1
18 22 18 9 54422 1
7 25 26 20 58902 1
19 26 7 2 102662 1
16 7 4 18 68090 1
28 16 12 7 64373 1
0 24 16 21 42039 1
25 22 5 14 67463 1
1 18 20 0 122037 1
10 9 4 28 79401 1
15 19 10 3 66001 1
7 1 21 3 68229 1
28 5 12 5 66236 1
16 7 19 16 48561 1
13 14 25 6 49262 1
7 4 23 25 82694 1
13 26 6 22 28659 1
3 0 5 21 108471 1
10 19 28 25 66155 1
3 1 20 5 90398 1
29 13 19 19 42936 1
14 22 3 28 46443 1
23 13 10 13 27686 1
27 26 3 26 75653 1
18 18 14 10 43487 1
9 1 8 12 48010 1
14 4 23 22 61455 1
29 24 15 5 71898 1
21 29 19 18 39243 1
23 8 1 3 79881 1
9 2 22 2 65602 1
29 3 12 17 84111 1
6 12 17 20 53749 1
23 16 9 25 52546 1
19 9 27 24 45122 1
28 18 5 8 83312 1
12 24 9 1 86479 1
4 24 24 6 79101 1
22 9 9 11 40519 1
19 19 27 24 39043 1
2 24 19 6 90098 1
1 4 24 22 99426 1
15 6 21 11 32430 1
25 29 19 14 44131 1
6 6 18 29 90052 1
4 18 21 25 72357 1
9 23 3 3 97862 1
11 14 19 23 60305 1
28 25 4 20 78229 1
18 27 12 15 52285 1
22 21 5 16 71213 1
10 20 24 6 70593 1
0 26 28 14 94425 1
26 4 11 28 81733 1
5 17 10 23 47187 1
16 5 1 29 106341 1
8 18 14 25 39031 1
24 11 26 25 36004 1
1 27 17 9 86939 1
9 0 23 18 86957 1
9 16 6 23 37699 1
4 5 24 29 99256 1
2 23 21 26 56697 1
24 10 20 4 26313 1
23 25 3 5 95383 1
25 19 3 10 80058 1
12 6 26 0 72696 1
7 12 9 27 61061 1
17 2 25 0 50312 1
2 24 5 12 61980 1
4 27 27 20 78386 1
6 23 23 13 60622 1
29 13 25 29 42868 1
14 16 25 14 38233 1
10 26 1 24 27700 1
28 2 2 19 126066 1
20 6 12 24 70776 1
22 29 7 9 72396 1
13 10 25 15 42120 1
29 16 18 27 66274 1
8 24 9 8 63076 1
22 6 2 2 95747 1
7 24 25 5 78164 1
19 26 27 2 79883 1
18 27 28 17 58518 1
23 25 10 20 46212 1
3 11 18 5 59033 1
20 1 12 10 64303 1
8 9 4 23 66482 1
27 20 23 6 39974 1
10 29 7 16 53186 1
26 14 17 17 42145 1
29 9 27 23 51198 1
9 22 5 29 34537 1
22 3 18 16 47050 1
11 0 26 29 106068 1
22 17 14 27 51987 1
0 20 17 10 87167 1
0 25 23 24 54853 1
0 29 8 16 65774 1
27 15 6 21 86439 1
20 8 24 28 47052 1
0 8 16 20 74958 1
28 21 13 6 74633 1
24 7 28 17 43625 1
10 25 24 4 74358 1
6 9 28 19 78999 1
3 11 13 29 75048 1
16 21 3 13 55435 1
17 4 29 9 41450 1
10 29 26 19 62165 1
15 27 26 26 33851 1
1 19 27 28 87462 1
29 6 19 6 48912 1
10 26 28 14 74435 1
28 13 9 15 55052 1
26 1 8 16 82194 1
29 6 5 2 96898 1
0 7 11 4 53481 1
3 13 29 16 70000 1
8 14 28 24 65794 1
10 6 18 19 71422 1
10 13 19 8 35940 1
21 19 8 13 52983 1
21 7 7 11 50022 1
20 1 0 16 112719 1
1 11 26 11 71107 1
2 0 19 0 107248 1
4 2 22 14 88179 1
25 17 0 10 83966 1
23 6 13 23 57252 1
16 15 23 12 25202 1
9 9 12 16 31825 1
8 3 27 22 94002 1
1 6 27 18 96631 1
21 27 29 19 48108 1
7 12 3 28 74322 1
20 22 24 5 46091 1
4 23 26 0 107046 1
19 17 9 18 47633 1
25 24 1 0 124686 1
17 19 1 8 75452 1
16 6 25 24 60694 1
19 6 21 17 51978 1
26 27 9 21 64294 1
25 3 22 16 37796 1
3 15 1 26 71574 1
28 18 25 9 42883 1
18 29 26 22 34395 1
2 11 17 23 79075 1
29 17 4 5 101287 1
23 16 11 26 52029 1
14 21 24 11 53909 1
9 15 17 11 38958 1
1 14 22 7 68394 1
6 29 27 6 95299 1
29 14 0 24 82319 1
18 0 2 4 77948 1
20 13 24 25 28266 1
27 29 15 4 78507 1
24 28 13 18 46289 1
16 25 5 29 38942 1
3 26 12 17 57523 1
20 11 4 23 75457 1
3 11 24 11 59762 1
19 19 2 29 80815 1
0 5 25 17 99246 1
22 2 12 14 59671 1
25 8 3 18 87032 1
27 3 4 26 106790 1
21 25 23 12 27728 1
4 23 21 29 56345 1
0 12 10 13 29385 1
11 23 5 11 63905 1
6 15 20 23 73253 1
27 18 19 11 41848 1
15 10 17 21 43618 1
15 13 0 23 64354 1
8 0 20 7 67866 1
17 13 3 15 45159 1
25 11 5 18 71808 1
23 19 5 5 75444 1
28 18 19 22 45045 1
21 28 11 14 61989 1
1 25 10 6 90433 1
16 9 4 14 41161 1
1 21 24 12 87398 1
22 4 3 8 63355 1
18 21 27 9 51818 1
2 9 29 7 67989 1
24 20 1 13 63049 1
11 28 6 18 51046 1
5 29 6 3 105150 1
6 25 7 12 54899 1
16 29 28 17 61191 1
3 5 12 3 45647 1
26 16 13 8 49674 1
11 10 7 20 53914 1
24 3 27 20 50462 1
10 25 20 21 45273 1
2 12 25 8 70345 1
23 0 14 5 44809 1
8 4 23 23 75004 1
15 8 20 0 54010 1
15 29 28 27 33430 1
2 9 25 0 77646 1
14 9 5 12 32551 1
27 9 9 4 61352 1
15 20 3 10 65414 1
25 2 27 10 34872 1
23 13 3 24 61404 1
0 0 26 24 133652 1
11 11 2 25 68276 1
24 7 19 28 48115 1
5 7 23 5 55836 1
3 11 17 25 75384 1
23 18 9 13 38487 1
27 12 24 1 43172 1
9 26 5 19 41218 1
22 10 10 19 67046 1
12 8 17 20 52448 1
14 17 17 2 64252 1
1 24 13 5 73022 1
28 3 20 29 74312 1
9 23 23 3 77202 1
6 6 22 4 60869 1
12 10 21 11 33466 1
25 12 6 13 44114 1
23 18 1 29 72782 1
9 11 24 16 50481 1
14 4 14 21 56203 1
23 29 2 17 93748 1
14 6 6 4 41468 1
14 13 29 27 60625 1
27 9 8 7 47650 1
22 14 25 21 29831 1
11 19 29 4 89816 1
11 7 21 13 42383 1
18 12 1 3 78516 1
15 8 14 28 58578 1
5 21 11 16 46546 1
5 13 9 5 40843 1
4 12 18 12 41198 1
9 19 12 28 47604 1
29 15 5 26 89874 1
6 12 5 29 70356 1
1 17 28 26 104432 1
12 0 23 13 65760 1
14 15 7 10 39419 1
18 19 1 6 88578 1
26 9 20 18 34803 1
20 4 6 24 83468 1
6 25 17 2 93467 1
14 18 12 10 33463 1
23 16 10 1 77306 1
3 8 1 16 50203 1
24 21 18 2 61052 1
8 28 11 0 104268 1
20 7 11 9 31131 1
13 2 6 10 38947 1
13 24 0 18 59610 1
19 15 19 29 55372 1
17 22 27 23 37340 1
0 14 20 20 81215 1
0 1 12 11 81230 1
10 15 11 29 60248 1
26 3 9 18 83589 1
11 12 19 9 29556 1
1 2 13 28 111765 1
25 11 12 28 60069 1
2 0 27 2 128634 1
17 15 15 7 36419 1
29 25 5 18 86898 1
14 6 27 15 60858 1
28 9 19 23 50921 1
20 4 27 14 40466 1
27 22 10 14 65612 1
21 20 12 21 42186 1
28 22 5 9 83563 1
4 4 11 12 54264 1
0 3 15 24 101969 1
15 2 8 28 87700 1
1 4 0 21 96621 1
23 17 13 4 51760 1
10 7 22 11 45591 1
7 3 18 11 54115 1
18 22 7 13 55572 1
25 14 18 6 38663 1
29 23 7 3 103979 1
7 27 5 11 67152 1
13 21 24 4 63483 1
1 13 10 4 56003 1
15 13 1 21 71961 1
8 10 23 23 59976 1
18 19 3 2 104410 1
27 12 19 29 47692 1
16 22 19 10 57487 1
4 2 0 23 115130 1
22 20 17 28 30104 1
1 11 16 19 65951 1
2 12 11 14 34122 1
14 4 0 19 94811 1
26 14 20 27 46045 1
1 15 16 7 60580 1
6 25 24 11 66038 1
2 1 19 13 94271 1
17 16 2 10 67250 1
8 9 19 15 47504 1
8 16 25 17 61918 1
21 15 5 22 77799 1
29 7 28 23 63365 1
5 13 26 27 72493 1
6 15 21 14 47389 1
9 14 14 22 42260 1
14 22 22 1 78785 1
2 9 27 15 73009 1
14 26 25 22 43821 1
18 17 7 24 51204 1
21 17 8 11 55329 1
10 12 2 7 46639 1
29 24 12 13 56590 1
23 17 5 17 64767 1
14 16 18 10 32959 1
7 28 21 25 50529 1
20 16 12 9 48107 1
19 0 21 13 57367 1
23 11 12 10 35730 1
12 13 9 26 51782 1
29 7 27 18 53203 1
14 19 24 14 49389 1
23 18 9 15 53739 1
8 28 10 2 98068 1
19 19 5 13 60516 1
20 2 16 10 48578 1
19 7 1 13 59233 1
15 25 29 16 66842 1
26 19 2 7 93259 1
14 7 26 9 33965 1
12 8 19 25 65727 1
4 8 0 27 101739 1
4 23 23 29 54400 1
2 17 26 0 116097 1
17 20 3 7 78497 1
19 14 3 10 60687 1
7 19 18 17 55194 1
24 6 17 14 38743 1
15 23 29 2 88872 1
6 13 13 2 46341 1
3 14 25 23 77902 1
27 9 2 25 85824 1
20 10 7 15 53310 1
7 26 27 4 95774 1
17 8 11 17 50364 1
16 13 25 26 44347 1
25 9 26 21 39106 1
28 8 21 15 34281 1
21 7 19 19 48899 1
28 18 4 28 87838 1
12 8 26 3 54028 1
23 5 6 16 63756 1
12 21 22 8 61292 1
17 26 25 23 33803 1
29 5 10 14 73348 1
22 9 6 18 66977 1
6 16 20 1 92015 1
27 15 12 24 60963 1
7 11 21 15 49604 1
11 15 3 24 54093 1
28 1 19 19 80295 1
21 15 29 26 51100 1
28 26 2 23 71385 1
11 16 11 29 50143 1
5 18 26 11 74836 1
28 8 14 24 60078 1
8 26 9 0 98373 1
2 1 10 8 67046 1
3 24 16 21 37416 1
21 10 2 19 92361 1
17 15 1 21 82299 1
11 21 5 17 43783 1
22 14 14 27 57317 1
13 27 24 6 69529 1
17 23 9 0 102594 1
26 7 16 5 45343 1
20 24 5 25 38787 1
9 19 26 10 75618 1
18 5 9 28 89651 1
0 17 21 21 99668 1
17 9 11 23 57428 1
10 11 15 25 50434 1
9 27 15 8 69444 1
29 25 14 26 51065 1
6 3 17 16 74367 1
25 19 7 12 62574 1
6 20 26 18 78064 1
12 16 6 27 51773 1
19 17 23 2 52550 1
1 23 9 14 60441 1
20 26 12 7 75207 1
22 21 23 10 24751 1
1 7 12 13 47441 1
5 5 2 29 110468 1
9 19 27 5 92201 1
0 10 27 9 64950 1
4 4 21 11 67453 1
19 12 4 20 71978 1
9 28 24 5 78920 1
4 16 12 12 39277 1
23 13 15 21 41404 1
5 18 25 4 86776 1
23 3 24 24 40666 1
27 7 6 7 59861 1
1 14 22 18 65713 1
16 8 2 18 73524 1
15 5 11 12 33998 1
2 25 13 19 41463 1
14 10 17 25 56576 1
3 18 16 8 69080 1
26 4 14 27 79345 1
11 5 21 21 74953 1
10 1 20 22 99304 1
4 0 27 28 122906 1
14 25 27 29 42224 1
26 28 10 26 49061 1
25 24 9 23 44006 1
16 5 4 22 89783 1
16 3 0 27 110016 1
19 7 4 13 52872 1
13 21 2 23 35365 1
11 16 16 26 45936 1
7 8 17 21 67888 1
18 6 5 26 89119 1
16 21 2 0 119239 1
11 7 19 13 38576 1
14 15 21 10 41550 1
2 29 9 9 87553 1
6 19 22 13 60171 1
26 6 22 16 32167 1
22 0 1 21 113873 1
24 15 13 29 52477 1
17 18 12 3 62741 1
24 14 27 0 56581 1
23 0 29 28 61394 1
14 1 15 11 37780 1
22 7 27 0 42156 1
25 0 14 4 54434 1
2 7 25 16 82083 1
8 17 4 25 36797 1
5 20 19 26 58898 1
26 3 10 25 85111 1
0 26 23 0 105085 1
21 17 2 14 68024 1
3 25 13 25 30380 1
3 18 20 25 74932 1
3 6 9 17 65645 1
8 10 28 21 79177 1
18 16 10 9 43121 1
16 6 23 21 50701 1
7 29 25 3 93504 1
15 20 1 28 56804 1
15 15 24 5 43410 1
26 14 12 12 38093 1
19 1 15 23 90047 1
12 6 3 19 80536 1
25 20 6 23 56823 1
19 6 20 24 57032 1
0 9 24 22 76262 1
21 8 13 1 46907 1
14 29 3 18 70108 1
28 23 24 2 60823 1
17 28 3 4 104474 1
8 7 27 17 73633 1
5 1 23 2 87901 1
1 27 19 22 64732 1
0 26 26 7 99979 1
14 28 7 3 87626 1
22 22 8 0 89881 1
13 20 6 23 29431 1
7 26 16 10 68131 1
2 25 16 23 41103 1
7 22 6 7 62422 1
3 3 16 8 60844 1
20 26 22 2 62638 1
14 18 6 20 36077 1
21 21 4 12 68956 1
18 8 4 1 70816 1
15 7 28 26 70692 1
13 22 6 12 41705 1
24 7 22 27 42565 1
5 27 1 7 99725 1
18 7 18 29 64565 1
4 28 21 27 50200 1
1 25 15 25 36822 1
12 8 26 5 48961 1
17 8 0 15 67404 1
14 5 17 14 42995 1
3 1 27 16 115788 1
20 10 6 18 66494 1
6 17 0 2 84516 1
17 14 7 2 68335 1
19 1 10 22 96125 1
24 15 11 24 46595 1
8 4 7 18 55560 1
28 18 15 19 58293 1
26 2 13 5 57940 1
7 27 4 12 65220 1
7 6 28 21 94139 1
28 11 8 5 63939 1
25 17 19 28 37288 1
18 8 0 19 90280 1
29 12 7 5 75906 1
5 11 25 27 78920 1
0 22 25 13 82421 1
20 24 17 14 43232 1
5 14 29 28 81433 1
16 23 14 8 56283 1
23 0 9 5 67952 1
23 24 27 18 26949 1
18 21 6 15 66231 1
18 25 26 15 45235 1
7 23 8 12 46050 1
7 9 28 2 71745 1
6 18 17 2 83037 1
29 14 18 8 39102 1
22 6 9 21 83112 1
10 15 7 25 51026 1
1 24 19 13 65896 1
0 16 22 28 95812 1
4 15 16 13 37040 1
24 13 19 1 52043 1
14 26 10 19 37492 1
16 6 5 2 63483 1
17 9 3 29 85900 1
0 26 19 5 109709 1
29 24 6 9 77290 1
3 20 23 11 80547 1
17 2 8 1 49230 1
18 1 17 28 84895 1
1 17 25 29 97149 1
18 7 7 29 86414 1
15 22 11 6 61372 1
11 6 15 25 66721 1
15 29 0 17 85402 1
5 24 14 21 29670 1
11 10 18 1 55905 1
28 12 17 8 40916 1
29 29 11 26 55772 1
26 9 23 17 19683 1
14 16 1 6 63208 1
29 0 14 2 79358 1
19 0 18 29 92022 1
19 0 13 27 101224 1
20 10 8 17 55685 1
9 3 9 17 60578 1
23 28 28 20 31995 1
24 6 16 23 59692 1
12 5 25 28 75560 1
16 11 0 1 84261 1
4 23 10 16 51467 1
21 27 2 24 55381 1
9 28 18 1 105669 1
14 16 21 19 38826 1
16 2 3 24 89874 1
0 7 28 24 99409 1
1 14 9 19 47999 1
26 3 16 23 72003 1
23 24 18 17 33554 1
2 26 26 10 92152 1
0 26 6 6 97307 1
13 6 16 24 53305 1
22 23 5 25 49594 1
25 22 17 4 60433 1
19 15 1 4 88420 1
3 15 25 4 81757 1
24 9 0 6 69232 1
27 21 13 17 63102 1
7 14 6 28 61932 1
5 3 27 8 77716 1
22 25 6 19 63180 1
18 1 10 12 64263 1
27 13 3 6 78834 1
8 22 14 29 35874 1
1 14 16 17 54996 1
0 14 20 2 95351 1
27 26 8 5 91962 1
18 14 27 12 25489 1
25 27 4 28 57358 1
21 21 8 23 48230 1
4 12 29 7 75658 1
11 10 7 3 39880 1
22 1 1 9 72327 1
26 8 15 12 36560 1
13 6 4 14 43171 1
20 25 20 15 43935 1
13 20 2 6 72441 1
17 23 15 2 77513 1
20 20 10 12 57186 1
24 3 21 27 55877 1
25 25 9 28 46871 1
4 0 29 22 130780 1
2 27 7 0 123427 1
26 0 25 12 46432 1
13 18 24 24 41055 1
8 3 14 9 34088 1
29 19 7 2 110351 1
13 15 22 7 42241 1
7 21 28 28 64820 1
17 27 27 23 40823 1
1 13 8 8 34184 1
15 1 2 28 106015 1
28 14 12 26 65856 1
5 19 26 8 84925 1
7 24 6 11 53731 1
9 23 3 8 75902 1
9 2 19 7 58809 1
5 6 13 26 75616 1
25 0 16 15 62615 1
5 4 21 24 89601 1
3 22 18 5 98519 1
15 13 3 3 65751 1
0 22 13 20 48008 1
1 12 24 22 70631 1
5 16 2 1 87484 1
24 22 2 11 74765 1
14 23 26 26 42801 1
21 26 8 21 49647 1
5 18 13 16 38125 1
24 26 23 15 22514 1
26 28 17 23 33129 1
1 18 7 12 46854 1
6 22 22 1 97380 1
17 17 6 2 81725 1
29 4 11 18 82578 1
17 12 8 23 58219 1
23 10 17 20 43560 1
13 29 18 21 39303 1
5 24 29 28 58016 1
25 15 15 18 44228 1
0 1 0 18 101657 1
18 8 7 19 64067 1
18 29 5 2 111724 1
12 29 22 13 55153 1
15 13 19 29 52180 1
11 24 21 2 78290 1
23 26 8 20 51055 1
8 21 24 2 88288 1
24 18 6 23 56566 1
3 24 20 7 83452 1
2 24 12 26 31610 1
29 11 12 12 49297 1
11 5 1 6 55271 1
25 17 13 1 73106 1
23 0 17 21 66166 1
19 5 21 18 51496 1
5 9 15 20 53874 1
24 5 7 7 54667 1
13 14 6 4 47454 1
1 9 11 11 33336 1
21 0 27 28 70901 1
27 21 13 1 85359 1
23 21 12 11 43190 1
3 14 12 7 48603 1
1 1 18 27 129337 1
14 24 7 6 68887 1
7 12 24 26 67536 1
4 22 2 4 97535 1
23 20 18 1 58813 1
6 13 22 21 54826 1
16 0 28 22 95758 1
9 5 25 1 79409 1
0 2 3 13 66988 1
18 6 2 6 68214 1
29 10 28 1 43333 1
18 2 11 17 73888 1
26 18 7 23 67294 1
27 2 13 8 57050 1
28 26 26 10 53922 1
15 11 7 17 40922 1
3 2 16 4 63251 1
6 8 4 21 62345 1
19 18 22 9 34220 1
24 22 25 5 41673 1
27 19 4 6 95965 1
19 5 12 2 38816 1
16 22 25 4 68803 1
2 5 18 3 72056 1
6 11 0 1 65790 1
25 1 14 5 56266 1
17 5 24 12 43790 1
23 13 29 25 37148 1
1 13 9 25 60318 1
26 16 4 23 75354 1
29 6 5 17 94080 1
23 10 17 2 41170 1
0 15 18 24 81047 1
25 6 12 27 79081 1
0 3 22 15 99289 1
11 6 23 29 77314 1
14 4 23 20 58700 1
8 10 3 20 54354 1
28 26 7 28 57884 1
18 10 20 22 48426 1
22 10 29 22 53168 1
7 19 6 3 71023 1
19 0 1 15 101253 1
19 20 16 11 48347 1
10 8 2 29 92895 1
12 8 24 0 54110 1
28 7 13 5 52356 1
12 17 23 17 45208 1
1 7 8 28 91565 1
18 18 12 7 53515 1
15 22 25 19 42819 1
15 22 9 29 33645 1
29 22 4 10 94226 1
3 28 20 22 66167 1
6 7 14 20 54560 1
7 26 10 3 92151 1
5 7 24 22 74697 1
21 20 10 27 59624 1
1 23 14 29 46933 1
24 11 10 15 46241 1
8 28 18 7 81061 1
3 13 29 16 70000 1
15 14 23 2 42240 1
12 2 15 15 48911 1
27 2 24 9 32946 1
10 18 6 8 49145 1
21 17 4 12 61540 1
25 5 3 17 93076 1
11 21 26 17 68511 1
4 10 6 19 44053 1
3 22 17 29 57133 1
26 11 8 18 63369 1
16 3 22 11 44255 1
15 20 10 13 32108 1
9 15 18 14 40798 1
14 21 3 28 50751 1
20 8 0 29 105132 1
28 6 5 25 93071 1
0 22 19 14 87322 1
15 26 6 10 66987 1
0 29 29 12 101356 1
25 20 2 6 94203 1
9 26 21 12 71138 1
29 5 24 25 62237 1
18 22 17 1 90264 1
0 0 28 8 114065 1
4 11 18 1 71449 1
11 22 9 0 88745 1
6 26 27 19 71773 1
21 19 12 21 47694 1
20 26 21 17 39170 1
28 19 9 27 76812 1
9 28 4 14 67817 1
13 0 28 5 70473 1
25 13 6 3 71798 1
29 14 10 0 95575 1
9 21 19 25 45696 1
26 4 29 24 60680 1
27 8 1 17 91771 1
9 1 16 15 74299 1
23 7 19 19 42142 1
14 28 27 3 82317 1
20 8 0 25 92005 1
5 27 18 28 41866 1
7 1 12 7 42759 1
14 23 3 1 105913 1
5 29 14 3 95474 1
29 22 23 28 29708 1
6 15 18 13 35820 1
18 2 15 26 87143 1
26 4 12 16 63960 1
27 24 19 7 53214 1
3 18 19 26 76153 1
6 27 13 5 76662 1
29 8 16 2 59268 1
26 12 2 5 88851 1
27 19 20 26 43051 1
5 20 14 13 49136 1
19 8 0 12 65325 1
