2758 3159 2180 2663 3866 3740 3790 1944 2628 3721 2931 1742 2151 2547 3701 3774 2953 1743 3065 3407 2927 2860 2702 2279 3185 3537 3067 3458 2824
7298 7465 5567 7088 5754 6927 6236 7045 5931 5881 6738 7422 5794 5795 5719 5807 6958 7650 6143 5912 5991 6527 7054 5958 7586 5582 7762 5557 6588
5363 6766 6056 5497 5418 6142 6686 6492 6988 6036 6887 6903 5819 6596 5964 7151 5216 5812 6245 5538 6666 6221 5284 5591 6092 6033 5235 5850 6164
3552 3890 4139 4248 3608 3585 3933 3349 3319 3980 4405 3962 4378 4767 2871 3289 4422 4229 3624 4245 4730 3793 4342 4253 3253 3965 3555 4766 3280
7478 6056 6211 6518 6938 8000 8017 6633 7752 7868 8026 6681 7069 7873 6009 6763 6923 7773 6835 6835 6831 6253 6052 8097 7610 6020 7308 5983 5977
2874 4463 3125 3995 3564 4332 3480 4342 4719 3957 3673 4763 4429 3831 4504 4166 3878 3088 4475 4345 4739 3362 4855 4232 4063 4315 4670 3827 4011
5207 4690 6090 6340 6360 5193 5440 6220 5879 6397 5088 5782 5488 5765 5843 4936 6367 5174 4732 6212 5277 4911 6484 6390 6375 4790 4375 5690 4596
6087 5425 4955 5300 5088 4519 5535 4645 4145 5653 5720 4267 6267 5170 5905 5787 5793 4090 5477 6128 4891 6034 5174 5238 6178 5457 4418 4151 4128
4367 5397 4324 6440 6146 4426 6315 5706 4560 4407 5364 4664 6017 5342 5924 4857 4885 5156 5740 5176 6398 5151 6064 5384 5657 5751 5180 4591 5011
2429 3293 2903 1462 2222 3041 1991 1766 1911 1832 2417 2854 2387 1491 3203 1651 1314 1295 1869 1730 2792 1868 3091 2532 3406 2988 3159 3067 2030
4879 3770 4779 3624 5490 5366 4843 4243 3560 4868 5620 5105 5021 4972 4588 3959 5334 3997 4504 3685 5345 5171 5590 5414 5650 5238 4996 5671 3626
5456 5199 4056 6058 4336 4638 4805 4832 4712 4457 5887 6003 4601 5478 5458 5939 5006 6005 5595 5833 5476 4302 4174 4817 4167 4703 5298 5805 5888
2975 3227 3391 1680 2850 3321 2632 3492 2192 1587 2383 3102 3508 1933 2846 1914 3364 1861 3601 2011 3191 2094 1792 2269 2971 3081 2285 2026 3146
6647 8099 7278 7173 6556 6612 8002 7200 8180 7666 6669 7303 6840 6441 7565 6888 8159 7871 6843 6902 7523 6350 7242 6559 6210 6270 6330 7612 6299
1422 2724 3044 1436 2939 1323 1619 2046 2275 2936 3253 3027 2673 1785 3049 2531 2401 2843 2334 1198 3056 2858 1336 1659 1210 2491 1142 1178 1412
5329 6273 6377 5876 4705 4863 5786 6169 4225 5368 6134 4896 5185 5625 4680 4774 5130 5516 5983 5074 5273 4776 6188 4769 4363 6326 5246 5860 5938
6196 5906 5031 5181 4795 4709 4817 5126 5891 5502 4965 4939 4244 6045 5223 5683 5567 5625 4321 5903 4269 4930 4135 6232 5915 5879 4197 5168 5101
7739 7390 6049 6965 6381 7796 5909 7294 6268 6837 6124 6224 6265 6033 6964 6012 7065 6362 6237 7584 7912 7848 7679 6624 6320 7956 7317 6886 6060
2798 2335 2971 2161 2714 2664 3257 2553 2061 2658 3394 2656 2909 3434 3353 3128 3857 2189 2943 3056 3826 3799 2427 2369 3634 2144 1831 2760 1961
2967 3644 3767 3660 3995 3926 2427 3083 4053 2551 3006 2345 2683 3553 2495 3898 3966 2586 2414 3687 2240 3369 3281 1959 3867 2000 2260 3690 1962
2421 2463 3834 3752 2751 4413 3598 4491 2832 3574 2757 4138 2888 2417 4556 4369 2668 3343 3630 2875 2787 2822 2684 2428 3704 2975 3613 2766 4193
3021 2351 3347 2249 4122 3432 2127 2213 2872 3466 2853 3300 2866 3638 3167 3733 2515 3006 3982 2763 3458 3242 4116 2790 2471 3717 2015 4070 3572
2065 3154 2135 1862 2313 2684 3569 1528 2230 2703 3641 1593 2126 1670 2296 3244 3341 1883 1866 2410 1940 3275 2371 3380 3186 2207 2615 3363 3486
8199 8181 7615 6949 7748 7987 7281 8301 7469 7593 6987 6909 7110 6537 8386 7714 7758 7550 7483 7907 8045 7005 7275 7928 7361 6659 7387 7701 6801
5752 6197 5315 6202 6444 5373 5780 5946 4958 6705 5137 6596 5590 7053 5976 6677 5744 5420 5982 5874 6123 6835 5411 5217 7056 5856 5681 6678 5360
6905 7354 7369 6478 8177 8528 7679 6911 7929 7294 6870 7700 7544 6396 8513 7706 6871 7913 7774 6662 7194 7863 6933 7439 7823 7994 8118 7078 7584
6265 5457 6038 6396 5065 5221 5742 6277 6413 5542 5044 7035 6963 6884 6931 6634 6205 6928 7042 6394 6790 4993 6391 4902 5019 5818 7018 6689 6387
4959 3880 4482 5613 5613 5115 5203 5171 4956 5463 5651 5389 5583 5309 4852 5119 4236 4449 3880 5830 3932 5123 4297 5867 3771 4522 4515 4317 5537
5282 4735 5076 4527 4493 3691 3311 4236 4615 4355 5364 3611 4007 3485 3537 5014 3783 5097 4794 3399 3497 5334 5329 4726 4990 3613 3921 4097 3706
7494 7579 6733 7462 7736 7799 8225 7033 8455 8051 6930 6605 8116 7007 6723 8090 8269 8205 7980 7369 8031 6719 6537 6344 6576 8374 6578 7839 6501
4849 4032 5196 7592 3091 4555 5196 6552 3808 3027 2818 2583 4467 1397 7056 3655 4886 5747 5418 3954 4965 4913 2522 5091 1304 3779 3244 7238 7082 6954
4321 4787 4086 7485 4500 3390 6070 4956 2817 3576 2730 3579 2734 1557 6640 4057 4722 6049 6937 2634 5290 5534 3536 4110 1852 4930 2616 8021 7211 7310
5674 5430 5487 6449 2535 4467 7086 5961 2892 3765 2185 3542 4221 3462 6806 4395 3507 5951 6016 3694 5682 5283 1734 5823 3160 4752 2943 6700 6367 7760
4809 4813 4580 6672 4297 3545 5567 5865 3033 3570 2059 2282 4397 2267 6771 3159 4812 6293 7261 2853 4996 6240 2946 4350 2249 4957 2224 7597 6458 6541
5564 4046 4102 7125 2716 4499 6785 4900 3990 2218 2850 3146 4516 2514 7744 3007 3799 4321 5942 2872 5517 5399 2405 4359 2147 4635 2955 7155 5293 7480
4534 3639 5328 6700 3182 4461 5680 5012 3834 2191 3368 3803 4177 3497 7764 3916 5127 6069 7168 2682 5330 6460 2655 4859 1779 3953 1711 7624 6497 7683
5236 4979 4643 6837 2787 4935 6066 6134 4533 3693 3199 3512 2668 1627 6086 3813 3570 5451 7076 3376 6091 5242 1879 5750 3234 4560 2575 8275 6901 6379
4697 4549 5331 7270 3319 3862 5058 6577 2921 2416 2578 4072 4594 2108 7377 3794 4074 4271 5677 2746 5574 6505 2411 4055 1221 4689 2081 6571 5241 6883
4637 5308 4562 7900 3619 3119 5555 6558 4802 1944 3338 4204 2483 1387 7550 4654 3477 5593 6564 2970 5022 5610 2579 4641 2348 5027 3035 8244 6255 6700
4669 4264 4029 7719 3293 3478 5006 5208 4722 1606 3191 3957 3507 2507 6488 4694 3271 5703 5569 2920 6014 5673 3345 4279 1500 2912 1684 8334 5289 6459
4492 4273 4405 7803 4074 2931 6602 5513 4024 2458 3025 4374 4000 2706 7228 4397 4000 5729 5424 1877 5801 5567 2107 5551 1823 3066 2052 6594 6669 7449
4744 4001 5010 7686 4439 3949 5341 6491 3313 2045 1960 3818 4010 2236 6216 2727 4019 5252 6396 1974 5480 4584 3654 5593 1447 4150 2066 6332 5702 6152
5754 5351 3434 6710 4480 3640 5932 5137 3384 2176 3357 2335 4512 2613 7504 4227 4393 6302 5309 3797 4929 5479 3604 3970 1433 2981 3328 7961 6692 6415
4805 4302 3748 8035 3239 3020 5831 5222 3203 3190 3041 2573 3052 3096 6304 3240 5121 6022 5750 3800 5959 4721 2469 6015 2373 4996 3429 7096 5469 7140
4447 3537 5581 7098 4374 3056 5485 5955 3305 2693 3109 2361 3962 2922 8043 3253 3225 5037 5764 2722 4827 6654 2106 4852 3021 3107 2458 6879 6226 6639
3936 5519 4016 7403 4394 3404 5655 5824 3674 3499 3829 2724 2501 2949 6373 3061 3203 6181 5404 4029 5060 6433 2260 4489 2490 3391 3550 6474 5758 7716
4358 5060 3536 7163 3268 2908 7117 5088 4250 3503 2601 4073 3582 1779 6763 3269 4088 5810 5974 2536 6213 4501 2939 5223 1705 4738 2395 6997 6969 6822
4828 4755 3486 6418 2772 3495 6454 5711 2905 2963 2277 3799 3424 1734 6196 3141 4141 4756 5500 3521 5126 5649 2098 5280 2428 4123 2780 7184 6668 7589
4596 5107 4481 8157 3870 4031 5637 5377 2933 2580 3397 2717 4665 3249 7650 3641 4725 6288 6938 3771 6432 4755 3538 5638 3287 4950 3029 8275 5811 7361
4899 5065 4782 7416 3696 2929 6765 5292 4808 3475 3176 3461 3628 2398 6616 3513 3449 4650 7177 2617 5721 4494 2257 4213 2527 4536 3508 7812 5611 6399
4802 5099 3473 6599 2926 4484 5088 6250 3636 3464 3670 4289 3323 2429 7465 4799 4707 4413 6111 2951 6050 4786 2011 4827 1947 3550 2526 8363 5764 6412
3944 4916 4208 7675 3960 2852 5183 4926 4512 2324 3587 3326 2638 1547 6703 3706 3470 5694 5424 2396 6292 6088 2179 5196 1232 3911 3115 7269 5478 7839
3862 5389 5324 6216 2959 3545 5539 4892 2989 2184 3677 2730 3138 3171 6097 4164 4568 4775 5977 3845 6158 6064 2560 6088 3136 5044 2593 7760 7184 6582
3902 4253 3478 8227 3901 3659 6059 5573 4782 3731 2287 2863 2808 3240 6537 4321 4875 5967 6610 3607 4787 6594 2599 4739 1817 4897 3300 7156 7122 8351
5319 5260 5151 6780 3583 4890 6082 6195 4146 2303 3289 3705 3520 1370 7359 3647 4467 4262 7320 3663 6482 5511 3425 4418 2970 3343 2159 7144 5842 7514
4154 4378 5288 6579 3080 4940 5495 4988 4892 3224 3473 2367 3575 2627 7878 4117 3640 4861 7291 2787 5788 6308 2734 4297 1525 3631 1782 6224 5675 7089
4287 3362 4679 6705 4144 3110 5876 4948 3371 2201 3760 3102 3569 2934 6474 4142 3234 5292 7296 3483 5469 5993 1884 4826 1683 4709 1471 8300 6566 7447
4686 3526 5326 8234 2802 4284 6820 5121 3314 2919 2460 4364 2963 3218 7455 3043 3230 5341 6305 3263 4600 5612 3293 5184 2611 3200 2451 6336 6920 7372
4873 3917 4291 6975 3503 3129 5654 6183 3844 3466 3412 4263 2892 2580 6575 4398 4268 5936 6287 2498 5482 4988 1888 5703 2878 3569 1871 8213 5634 6450
26 8 12 14 54567 1
4 27 20 13 74716 1
14 4 29 21 87930 1
21 5 12 21 67019 1
15 4 21 15 48480 1
27 5 9 19 83206 1
0 22 28 0 129858 1
27 23 4 8 95490 1
7 5 29 12 78843 1
0 24 12 4 72216 1
25 12 1 7 83391 1
12 17 22 12 36899 1
16 8 11 17 40509 1
6 23 26 1 111549 1
10 14 10 4 31193 1
28 24 17 2 82824 1
24 7 17 10 31001 1
4 1 14 5 47776 1
6 13 15 0 49362 1
28 6 8 13 72339 1
5 17 14 10 47109 1
29 2 3 0 118812 1
21 15 15 1 57097 1
9 29 16 9 64643 1
6 6 13 0 47344 1
4 28 20 19 64839 1
23 5 23 26 59281 1
2 26 15 7 77216 1
5 7 17 21 73555 1
7 21 20 1 88123 1
18 18 7 22 41499 1
8 21 28 17 79582 1
18 24 18 11 39946 1
24 9 17 24 55075 1
1 11 18 25 70982 1
11 23 0 13 46655 1
22 23 17 10 44086 1
21 14 4 6 71355 1
8 1 19 5 49100 1
5 0 20 10 70735 1
3 6 10 17 49485 1
5 27 19 12 69408 1
8 16 29 28 79982 1
28 12 10 13 50225 1
3 18 25 4 96941 1
17 20 2 12 64061 1
1 13 9 24 41255 1
21 13 24 1 40727 1
17 23 12 4 64441 1
8 10 27 17 75391 1
27 6 4 20 103505 1
25 0 17 29 101105 1
2 19 11 27 48634 1
4 10 21 18 69668 1
28 10 20 18 47257 1
13 4 26 0 58952 1
12 23 3 13 40082 1
27 14 0 19 88415 1
13 27 5 6 75591 1
2 6 7 19 59748 1
1 9 17 10 47006 1
20 27 28 0 98960 1
10 3 6 17 50312 1
14 25 7 9 46472 1
14 8 24 9 32691 1
8 24 13 15 33442 1
13 13 7 25 42645 1
5 22 25 20 66733 1
4 4 7 11 38098 1
1 2 14 9 60286 1
29 26 1 0 133007 1
0 8 10 13 35496 1
5 28 27 16 90751 1
0 17 29 24 82110 1
28 11 18 3 52697 1
2 28 0 12 57776 1
23 28 0 17 84045 1
5 6 28 7 84174 1
23 19 6 20 58060 1
13 27 23 22 36882 1
21 4 17 27 77640 1
22 3 26 23 63883 1
3 6 7 26 70469 1
29 1 3 22 123876 1
25 24 18 1 75854 1
0 15 6 27 50509 1
12 22 1 6 68809 1
15 9 29 2 68495 1
22 25 18 6 58272 1
8 28 26 27 65253 1
24 1 18 24 75849 1
28 1 20 9 51431 1
13 0 12 28 74741 1
2 25 8 16 40951 1
12 0 6 28 88345 1
23 25 13 1 85514 1
5 4 17 8 48364 1
6 26 21 11 71337 1
7 18 16 24 37293 1
4 5 14 12 47599 1
21 11 5 29 85556 1
0 4 15 19 74242 1
5 1 7 22 67114 1
17 17 12 11 35554 1
1 5 25 13 85550 1
22 19 25 28 42017 1
25 11 2 9 70832 1
26 21 8 1 100049 1
26 2 5 11 89310 1
24 14 7 17 63152 1
21 22 9 27 38333 1
11 22 5 6 54940 1
18 13 16 4 30906 1
25 27 22 19 34939 1
15 14 27 2 71859 1
29 1 10 18 106311 1
12 13 23 15 32846 1
7 27 23 6 91490 1
19 0 11 29 97628 1
4 28 9 5 70621 1
3 18 0 5 48641 1
1 17 25 21 91430 1
11 28 19 16 54069 1
15 26 20 5 69569 1
29 9 10 21 83207 1
23 19 28 29 48094 1
1 9 8 28 74574 1
7 28 29 21 76140 1
25 0 15 0 44446 1
1 20 10 19 32659 1
9 22 26 19 56094 1
11 19 18 1 63746 1
20 3 24 11 34899 1
17 26 8 12 48386 1
6 1 17 12 61484 1
24 0 3 1 94521 1
29 17 14 1 86617 1
26 9 7 5 63108 1
26 4 9 19 78898 1
1 3 15 5 56339 1
8 26 10 0 67442 1
16 6 2 11 55399 1
4 16 0 6 41062 1
28 21 23 1 76771 1
26 24 27 3 82791 1
0 0 15 14 78794 1
22 11 2 23 74990 1
0 13 9 7 32983 1
26 18 20 5 62654 1
4 10 18 23 65784 1
7 0 8 15 49190 1
25 5 0 18 98867 1
21 22 2 14 71630 1
13 3 22 17 61120 1
22 10 10 19 51446 1
29 18 12 28 75303 1
26 12 22 19 29467 1
21 10 18 3 27387 1
0 1 27 5 104591 1
4 14 14 21 48451 1
11 25 14 13 34470 1
15 12 12 28 45854 1
0 20 11 24 33385 1
1 13 29 15 78564 1
10 7 7 16 32271 1
16 17 0 3 81510 1
2 16 22 14 61669 1
21 2 12 11 47695 1
16 6 27 27 87587 1
19 28 7 22 43052 1
9 21 27 28 60234 1
15 5 15 15 30295 1
21 0 12 8 48043 1
25 12 5 10 63898 1
0 0 26 20 123850 1
9 12 9 25 28629 1
14 5 24 13 44570 1
26 17 10 23 66112 1
0 27 17 10 81060 1
24 3 6 3 77827 1
10 19 20 9 51772 1
19 16 22 2 42704 1
15 1 4 11 53438 1
24 3 29 17 73764 1
25 14 3 28 95327 1
19 9 26 22 50202 1
29 16 4 27 100015 1
1 24 15 5 72110 1
11 28 4 24 31564 1
27 9 10 25 80249 1
3 22 11 18 31657 1
10 22 16 9 47715 1
14 3 3 7 45813 1
16 19 29 14 58239 1
15 0 17 25 72660 1
10 9 0 20 52102 1
3 25 15 13 52779 1
4 4 22 3 66185 1
24 25 10 24 37722 1
22 11 17 0 46498 1
29 26 6 18 74070 1
7 3 18 10 49079 1
18 2 4 29 107336 1
14 22 6 3 67449 1
8 18 29 19 70490 1
16 20 1 11 62568 1
28 2 3 27 128843 1
16 25 2 1 97168 1
29 19 21 13 38993 1
28 8 1 12 87618 1
22 6 16 29 79309 1
22 23 27 8 52958 1
26 27 9 28 58998 1
14 25 21 28 28822 1
22 9 15 3 41402 1
17 26 13 18 30295 1
1 2 25 4 97023 1
14 12 6 17 38805 1
9 20 26 3 87024 1
15 16 9 12 26135 1
1 21 28 27 82331 1
10 23 11 0 64252 1
28 21 3 22 71271 1
4 15 13 13 30023 1
0 6 5 29 82086 1
16 25 28 4 89573 1
10 21 12 13 28400 1
22 6 18 25 57693 1
11 20 27 25 52171 1
25 7 22 17 41032 1
1 13 0 22 28374 1
14 2 26 11 57161 1
29 18 12 10 75761 1
1 27 23 18 79944 1
17 13 23 22 35842 1
27 28 24 9 69184 1
27 18 7 17 73204 1
20 11 26 15 31217 1
11 19 20 5 60525 1
23 6 3 22 87182 1
24 21 9 4 81933 1
25 15 5 6 78577 1
22 20 13 3 67279 1
25 23 1 4 112013 1
10 10 21 27 67869 1
27 7 20 1 46157 1
28 19 0 4 113442 1
24 19 8 20 53115 1
10 3 20 0 52142 1
27 11 19 27 59995 1
4 24 15 1 75473 1
9 4 8 22 40213 1
20 12 1 5 74709 1
23 18 24 28 44864 1
5 14 25 27 84062 1
5 14 17 0 64984 1
18 1 4 4 57423 1
12 12 2 13 27819 1
26 26 10 0 100453 1
28 15 3 14 73914 1
15 10 9 5 25912 1
13 29 13 15 38029 1
20 16 17 7 36885 1
12 4 14 13 28662 1
6 0 26 21 111740 1
24 11 12 18 45946 1
11 10 11 21 36258 1
20 2 5 11 66584 1
10 20 11 5 42036 1
29 11 6 2 94963 1
23 25 12 21 36828 1
16 19 3 20 42863 1
28 6 10 1 81076 1
29 0 19 1 47315 1
25 17 14 29 56194 1
28 14 15 3 69143 1
14 27 0 29 46434 1
8 2 4 18 61652 1
4 10 15 13 39071 1
19 1 27 7 51222 1
13 17 1 9 56421 1
27 22 11 11 68560 1
1 14 10 25 53368 1
13 20 29 10 70825 1
6 19 4 5 58990 1
29 8 18 15 51147 1
7 10 27 23 80621 1
13 9 28 19 69034 1
9 24 9 9 32326 1
16 3 4 2 57603 1
17 8 5 3 52359 1
18 17 26 11 38432 1
18 18 15 4 51261 1
9 5 21 21 69613 1
7 7 24 8 59127 1
3 24 6 15 43381 1
8 7 24 0 75048 1
13 5 13 15 30246 1
23 13 7 11 48853 1
15 2 7 6 41518 1
1 18 10 5 61629 1
19 9 11 15 36433 1
6 19 4 5 58990 1
13 22 0 17 49379 1
23 12 15 17 39074 1
13 2 13 28 66859 1
25 1 10 2 68121 1
7 16 21 24 50023 1
6 8 10 25 51682 1
6 14 3 28 62240 1
23 1 13 27 90923 1
21 1 13 8 41638 1
5 3 15 12 49809 1
0 7 27 28 110512 1
14 24 5 21 27085 1
13 28 24 14 66293 1
0 22 19 24 45782 1
25 22 6 8 81463 1
0 1 19 9 75692 1
10 6 14 12 28688 1
17 21 29 28 56038 1
19 19 15 6 54836 1
10 11 19 21 56249 1
27 28 24 4 82453 1
28 4 1 0 114824 1
12 17 19 3 56373 1
26 27 3 22 69956 1
15 11 3 6 43981 1
28 0 15 0 57573 1
15 2 20 23 72089 1
29 11 18 23 61450 1
5 24 20 18 47465 1
15 22 11 9 40784 1
26 2 28 18 76175 1
24 26 6 12 71945 1
20 12 7 17 48600 1
10 28 8 14 46629 1
7 18 24 27 67386 1
18 10 1 25 77545 1
3 22 16 20 43619 1
9 1 16 14 51192 1
4 14 18 10 50507 1
21 7 17 21 56038 1
21 26 7 21 48816 1
5 2 14 22 71411 1
12 7 5 14 33733 1
29 1 12 7 79309 1
6 16 26 6 89568 1
13 17 3 4 63899 1
1 14 27 10 80225 1
26 1 21 25 80197 1
25 6 16 9 43316 1
23 14 4 1 86928 1
10 10 12 26 44507 1
3 1 7 14 61283 1
14 6 2 21 66948 1
18 7 6 11 44782 1
11 25 0 17 45767 1
23 27 23 17 37273 1
14 28 7 21 31244 1
1 11 2 25 47682 1
17 7 8 28 82144 1
19 29 24 5 74439 1
10 8 25 8 52077 1
0 8 17 8 53847 1
18 10 29 4 50797 1
1 5 20 3 75622 1
6 29 14 15 57538 1
29 10 7 7 73455 1
13 23 13 0 64928 1
12 5 26 4 49643 1
7 11 29 6 82879 1
13 26 28 0 109000 1
19 20 26 15 38234 1
0 17 17 10 64300 1
0 29 10 13 60708 1
21 12 9 18 42438 1
24 0 1 23 114748 1
28 9 29 19 45545 1
10 7 4 24 51940 1
29 27 13 15 69691 1
6 8 20 22 68689 1
28 21 23 8 57126 1
24 26 9 3 83218 1
9 10 14 22 38621 1
24 2 26 25 77329 1
16 28 14 3 66582 1
24 0 15 8 52123 1
13 19 20 12 36662 1
22 2 29 13 45524 1
27 8 10 22 81385 1
15 2 17 13 39802 1
21 16 13 11 36271 1
2 12 29 21 97452 1
22 11 23 29 52834 1
21 19 16 11 38687 1
4 25 24 20 64399 1
23 2 27 19 63393 1
19 8 24 27 65655 1
23 25 10 26 40843 1
14 16 22 20 34531 1
13 25 20 0 84785 1
18 12 2 10 50657 1
19 11 9 25 54693 1
16 10 2 27 77750 1
23 13 17 7 33035 1
7 27 29 6 113002 1
28 5 7 9 72751 1
8 9 17 27 62267 1
27 5 6 4 76268 1
9 25 27 17 67704 1
19 17 1 16 72259 1
3 11 19 10 51371 1
26 3 4 6 93891 1
1 25 4 0 95848 1
26 7 27 25 76773 1
29 10 8 22 81675 1
14 6 24 18 61857 1
21 11 3 25 73483 1
15 9 28 12 49287 1
7 18 15 12 40988 1
10 8 23 14 49415 1
28 15 27 24 43584 1
19 19 5 1 86681 1
24 26 3 28 64715 1
0 10 14 11 40592 1
24 7 1 27 110436 1
17 26 6 27 33028 1
18 20 26 26 36641 1
14 0 6 11 46338 1
17 0 13 7 32470 1
19 5 5 1 60624 1
15 12 22 4 42024 1
17 0 28 18 85357 1
21 20 9 21 40956 1
19 25 28 17 53488 1
13 0 15 28 72819 1
17 1 4 18 84791 1
1 2 22 10 87490 1
25 13 15 28 64085 1
12 2 27 22 87867 1
3 11 23 18 72316 1
7 10 26 1 82377 1
13 7 21 20 59898 1
9 6 13 25 48716 1
7 3 6 16 50125 1
23 27 27 2 93198 1
2 13 8 5 38180 1
27 14 10 24 69784 1
22 20 11 24 32851 1
8 7 12 14 28857 1
16 2 20 27 83985 1
9 19 19 12 39297 1
26 22 13 15 51167 1
29 15 17 28 77403 1
7 29 6 8 69571 1
2 7 6 20 64278 1
7 2 29 13 84023 1
11 25 15 11 42531 1
23 7 8 20 68453 1
11 9 18 17 39779 1
14 11 28 10 47704 1
18 5 7 8 40106 1
15 29 0 23 44221 1
25 9 13 25 68544 1
23 6 12 5 42042 1
20 26 8 0 87978 1
20 1 2 28 117723 1
6 14 21 27 67907 1
3 21 29 27 79102 1
15 10 22 6 30535 1
5 24 3 15 41323 1
11 21 19 15 43857 1
22 8 5 27 85392 1
11 2 2 18 71182 1
15 16 26 13 40005 1
23 10 14 0 49709 1
20 14 13 22 41972 1
4 19 16 26 44944 1
18 28 19 7 64444 1
10 21 7 11 34535 1
5 6 14 28 69708 1
13 11 2 6 46133 1
11 3 26 11 68618 1
27 18 0 19 87957 1
20 9 3 16 64005 1
12 10 4 4 34250 1
9 13 19 12 28474 1
9 14 22 29 63415 1
22 3 19 14 34176 1
9 11 27 13 50748 1
17 25 29 13 63566 1
9 21 15 12 35138 1
9 1 27 22 91632 1
22 15 4 14 55137 1
7 21 9 3 49343 1
6 29 14 21 43175 1
27 29 12 20 62856 1
29 2 19 1 48746 1
2 14 20 20 70720 1
29 12 28 23 50168 1
1 29 5 15 67008 1
10 4 26 16 78678 1
27 11 15 18 55866 1
8 13 3 0 57557 1
29 14 15 9 55651 1
21 14 28 21 44751 1
6 16 26 9 71136 1
0 11 27 19 87559 1
26 26 29 13 62043 1
9 23 19 22 27044 1
7 25 17 13 51023 1
15 16 6 15 37302 1
14 21 21 15 39040 1
10 25 24 6 85531 1
21 26 15 9 63225 1
5 3 20 16 74548 1
1 0 21 22 110110 1
17 20 21 29 41153 1
21 4 11 10 41676 1
24 28 23 8 66603 1
0 1 8 4 34429 1
8 28 16 12 61637 1
22 12 11 14 34556 1
14 25 12 13 31892 1
16 6 26 21 76934 1
12 19 12 2 45657 1
14 16 4 16 40851 1
6 26 19 12 63027 1
28 28 14 15 66020 1
3 20 6 9 50110 1
25 6 25 26 76191 1
6 22 3 2 72810 1
29 19 10 14 72076 1
26 1 5 6 93618 1
0 14 5 7 35031 1
20 5 14 23 61751 1
5 15 22 29 76389 1
22 3 3 5 72761 1
4 4 23 27 101466 1
2 12 20 22 68160 1
12 24 13 5 51028 1
29 26 0 0 128158 1
13 21 26 17 57132 1
10 5 3 27 68264 1
10 10 12 21 33645 1
15 8 25 23 69342 1
24 23 11 21 42709 1
21 26 16 16 45337 1
15 1 13 9 24133 1
16 28 2 21 55034 1
29 17 6 0 113597 1
10 23 21 16 51621 1
18 26 5 16 56199 1
7 25 2 2 86798 1
7 27 28 25 61243 1
29 18 21 21 39743 1
22 2 18 28 73253 1
29 29 26 11 80383 1
0 15 17 24 60796 1
0 11 22 22 74060 1
26 8 9 16 66428 1
21 13 7 29 75293 1
27 22 25 7 65608 1
0 12 20 23 70812 1
9 20 21 8 58528 1
4 0 15 29 98833 1
13 29 3 6 82108 1
24 0 19 5 29546 1
10 17 9 26 27274 1
19 0 4 16 83585 1
7 18 1 14 42642 1
16 1 1 19 82077 1
19 3 29 21 83461 1
3 25 5 17 36745 1
19 21 10 13 48100 1
0 17 10 21 42784 1
3 8 26 24 88338 1
8 12 7 1 38032 1
11 16 27 6 74464 1
1 4 28 0 111081 1
16 1 13 23 67757 1
23 22 11 13 51437 1
9 14 2 23 37615 1
2 1 15 25 93777 1
20 28 4 6 98272 1
9 16 19 24 37998 1
17 20 10 25 35259 1
5 15 21 16 58110 1
26 25 12 2 91887 1
26 12 12 25 66001 1
3 10 5 26 63682 1
3 19 26 13 70895 1
2 18 18 15 64340 1
18 5 14 15 36370 1
2 8 7 26 66079 1
7 18 23 7 72073 1
3 11 28 16 82501 1
29 14 9 2 81137 1
29 22 8 0 103879 1
2 9 8 0 45452 1
0 1 4 15 51728 1
2 7 5 22 64888 1
5 10 18 6 46205 1
15 12 18 1 38931 1
5 1 12 7 43023 1
1 22 25 16 83337 1
27 16 17 20 47791 1
8 11 2 22 43267 1
19 19 1 27 67325 1
25 17 6 3 92245 1
1 21 3 11 42627 1
16 28 5 13 58036 1
11 9 14 19 31566 1
8 29 4 1 93143 1
19 9 21 1 29652 1
1 29 4 18 57170 1
11 15 6 8 36313 1
2 29 26 24 76218 1
25 18 24 4 61588 1
16 17 3 5 70265 1
1 3 4 29 100326 1
14 14 10 28 47908 1
10 10 21 24 59666 1
20 5 13 23 67766 1
25 11 25 0 50265 1
16 4 11 20 57474 1
0 21 27 23 71346 1
29 13 4 24 82502 1
21 29 14 21 39103 1
10 4 25 25 89115 1
7 4 20 19 71746 1
24 28 11 12 79801 1
16 11 1 25 69987 1
0 27 13 22 41518 1
0 28 0 14 42658 1
21 11 10 10 35700 1
25 20 4 7 95976 1
17 14 9 26 51733 1
9 9 26 27 81784 1
27 24 8 24 40692 1
6 24 26 23 48366 1
20 4 8 9 43256 1
17 9 6 18 55307 1
6 18 15 28 46660 1
20 14 4 3 71207 1
28 11 9 10 61348 1
14 4 5 18 58239 1
18 12 7 16 39347 1
26 7 16 2 56157 1
15 27 8 9 54251 1
3 15 20 18 65666 1
16 24 28 28 40293 1
21 25 1 25 54028 1
0 9 7 25 62944 1
5 4 18 21 77493 1
6 21 13 15 39908 1
5 13 13 28 51521 1
29 1 3 12 109566 1
19 7 11 5 33856 1
16 12 19 26 50321 1
25 24 13 3 83172 1
3 0 0 19 69900 1
29 23 24 4 76092 1
23 18 1 19 70581 1
2 2 17 10 68358 1
4 5 4 24 72640 1
14 13 3 4 51538 1
15 20 22 23 29702 1
10 26 22 23 35993 1
22 1 22 26 62607 1
25 4 7 24 89032 1
22 23 12 5 69115 1
7 25 22 20 45921 1
14 6 21 26 66472 1
16 7 27 24 72688 1
3 12 14 26 52891 1
10 15 28 9 63244 1
23 24 26 17 40126 1
3 15 14 22 48612 1
7 20 2 8 54400 1
23 19 22 8 30438 1
4 3 10 29 86507 1
28 8 12 16 62649 1
23 11 26 24 43573 1
6 22 4 2 68632 1
23 21 3 21 62574 1
23 23 24 11 39696 1
21 9 19 1 31363 1
1 10 14 4 45702 1
4 25 17 23 39696 1
4 22 0 6 56622 1
27 2 1 22 119672 1
9 1 28 22 94925 1
20 22 5 3 83484 1
14 18 26 9 53121 1
18 26 3 15 63945 1
16 17 3 8 59398 1
14 20 11 13 24086 1
5 13 20 28 67831 1
6 15 20 8 59240 1
9 21 18 5 56436 1
13 29 21 20 41477 1
13 1 2 4 47910 1
14 22 15 0 57219 1
4 20 25 28 84619 1
25 0 5 2 91026 1
22 23 11 14 54053 1
27 27 27 5 89107 1
26 27 18 3 84870 1
29 11 23 26 62775 1
2 1 6 17 76979 1
10 26 6 20 30758 1
12 17 3 5 56964 1
17 14 8 10 37837 1
20 28 6 20 59056 1
3 29 19 28 58903 1
20 14 1 17 69144 1
15 5 26 0 52857 1
4 4 23 14 74015 1
11 20 10 11 30651 1
17 26 27 14 63709 1
4 16 20 11 59199 1
27 0 21 25 84506 1
22 4 8 26 84449 1
21 21 1 21 62302 1
21 8 6 0 72112 1
5 28 25 2 117263 1
11 18 12 4 43381 1
1 11 11 6 47699 1
16 8 3 20 62786 1
16 14 11 24 37006 1
1 17 23 25 79467 1
2 19 17 0 84550 1
6 14 27 15 66555 1
25 14 22 3 38426 1
19 29 11 14 59913 1
4 10 16 13 42020 1
2 5 16 5 52366 1
5 24 16 12 51344 1
27 17 27 4 59905 1
2 18 24 24 71318 1
17 27 25 23 38205 1
28 11 3 2 100106 1
14 10 24 15 40411 1
8 26 2 7 70416 1
13 5 14 16 29537 1
1 29 7 10 78729 1
21 4 7 25 86311 1
11 14 22 10 39790 1
20 5 12 23 67639 1
2 15 29 29 109416 1
1 23 9 11 48457 1
15 12 11 2 40032 1
17 15 4 29 73938 1
5 1 15 3 51564 1
17 3 0 14 72079 1
27 5 16 15 62691 1
0 2 9 5 37111 1
29 16 8 22 80143 1
17 8 5 13 43088 1
4 1 11 8 46302 1
25 21 13 23 43186 1
8 5 20 6 44373 1
7 22 14 28 25210 1
4 29 26 29 95017 1
24 6 2 4 81431 1
20 19 4 29 70816 1
1 3 18 27 102591 1
27 7 3 2 98984 1
14 21 11 3 57225 1
21 9 10 13 40596 1
15 28 23 2 88012 1
23 12 15 29 63393 1
28 15 25 28 70326 1
3 4 10 19 54084 1
0 6 20 12 69800 1
27 7 1 23 109214 1
13 24 23 2 78138 1
27 19 10 15 66628 1
6 28 18 29 48050 1
10 0 6 24 64816 1
11 1 20 6 46045 1
29 29 0 12 109339 1
20 11 4 16 59199 1
4 7 21 6 65069 1
27 25 29 14 57467 1
7 8 1 14 40644 1
3 18 17 28 66686 1
6 14 13 28 53789 1
6 26 9 1 65000 1
19 3 4 5 61001 1
27 19 22 12 33811 1
3 29 14 18 52814 1
1 27 21 14 88124 1
24 22 2 16 77531 1
20 9 6 15 56408 1
11 8 25 25 79122 1
4 27 0 3 84200 1
11 27 26 25 50326 1
29 12 21 0 55886 1
29 20 19 14 52852 1
25 12 2 26 87364 1
25 25 26 16 51181 1
28 16 13 15 55677 1
12 19 17 24 22379 1
4 9 21 4 56700 1
20 3 23 12 34037 1
22 14 5 12 46883 1
21 19 2 17 67818 1
9 16 2 20 31209 1
3 8 29 25 100561 1
13 3 1 27 94829 1
19 2 26 11 46793 1
17 24 22 17 28546 1
6 2 19 24 83665 1
28 29 26 17 59496 1
16 9 0 21 69897 1
17 28 7 13 59881 1
25 15 0 14 70626 1
7 18 17 14 48036 1
15 2 28 28 103006 1
25 28 18 8 77917 1
20 17 8 28 61101 1
9 23 22 24 29745 1
2 11 13 12 40751 1
22 26 3 28 58822 1
4 7 11 20 55148 1
21 8 29 29 80258 1
7 13 28 23 72012 1
17 17 8 20 43006 1
12 16 25 10 48022 1
20 25 11 5 73973 1
24 0 4 5 84334 1
29 3 12 16 85230 1
3 10 18 13 47592 1
5 6 29 11 87916 1
16 14 11 27 48975 1
22 20 9 10 56533 1
14 9 26 26 70803 1
21 9 3 1 76780 1
5 22 26 23 56710 1
10 16 16 23 36390 1
17 20 8 22 37536 1
0 19 2 0 64226 1
16 6 21 18 53210 1
18 13 18 26 40159 1
4 28 1 11 66747 1
16 29 28 9 88544 1
10 7 20 23 66821 1
0 18 22 13 66699 1
11 16 15 7 36934 1
13 6 13 25 54916 1
27 20 17 4 73075 1
18 22 16 1 69809 1
5 0 15 27 90602 1
6 22 21 10 63719 1
27 29 21 18 50821 1
25 28 14 22 50273 1
3 28 16 27 45666 1
15 18 26 18 48461 1
15 17 12 9 29381 1
13 11 0 4 53391 1
19 4 27 29 91712 1
14 25 0 4 78951 1
4 20 6 4 62450 1
15 14 28 2 74169 1
27 17 10 6 82598 1
5 20 13 22 30335 1
13 12 23 20 47600 1
10 27 0 15 58078 1
22 26 29 20 41952 1
13 10 18 23 45879 1
4 2 27 24 105730 1
2 15 11 6 52199 1
19 5 24 20 57965 1
18 5 9 17 48750 1
22 14 0 18 68369 1
26 15 13 3 70784 1
9 5 12 19 35793 1
5 0 7 18 68980 1
10 16 8 8 25610 1
29 27 25 7 85755 1
1 1 6 6 42391 1
6 2 3 28 90675 1
26 11 1 17 86087 1
0 18 9 29 51184 1
8 26 25 6 97132 1
22 23 2 27 58967 1
29 8 8 12 70583 1
8 7 20 3 54934 1
3 13 8 21 34355 1
16 14 0 28 72870 1
2 12 28 13 70724 1
6 20 2 1 84175 1
24 6 14 3 44111 1
8 19 21 10 53430 1
12 20 0 26 40132 1
25 12 16 14 30773 1
0 12 19 27 73552 1
15 2 17 23 67931 1
5 5 19 16 68352 1
19 29 25 18 51750 1
7 8 16 15 40340 1
17 24 11 10 47217 1
15 13 19 28 51835 1
13 22 25 3 82839 1
6 12 3 20 40834 1
3 25 17 28 49781 1
25 1 25 18 76781 1
2 1 3 15 57388 1
6 17 25 28 86346 1
0 18 0 0 51991 1
13 13 19 27 48319 1
20 13 8 25 56662 1
4 5 26 17 99695 1
26 14 11 18 60322 1
14 10 19 26 51916 1
6 5 2 19 62131 1
19 2 26 8 43363 1
22 20 7 16 53350 1
15 9 20 23 54519 1
19 13 14 2 39204 1
29 24 9 25 47239 1
20 22 0 14 68524 1
1 25 10 22 34544 1
1 28 22 3 115956 1
29 15 14 28 74195 1
16 22 28 11 59797 1
9 12 25 25 67788 1
14 2 27 15 69081 1
23 5 20 19 43266 1
8 0 0 9 52055 1
11 29 9 5 65466 1
8 5 3 13 34718 1
17 3 2 29 112109 1
11 6 20 11 41670 1
28 19 18 24 43017 1
4 4 19 20 81501 1
5 0 11 6 40633 1
22 14 10 16 41098 1
8 23 3 4 65286 1
22 28 6 3 97906 1
12 5 20 14 43260 1
29 27 3 27 76261 1
0 7 25 5 88803 1
10 3 26 6 71061 1
15 12 17 29 60295 1
7 9 21 12 44317 1
13 16 26 27 63688 1
24 16 29 22 41287 1
27 24 2 27 66718 1
29 7 16 8 52655 1
17 2 21 23 69626 1
26 24 17 12 53080 1
4 14 9 23 39310 1
17 14 7 17 44364 1
3 18 14 27 46555 1
12 26 9 10 41316 1
25 1 16 27 96090 1
10 29 23 22 53212 1
5 2 5 25 75929 1
0 14 6 25 48139 1
26 22 21 4 59590 1
16 29 6 1 96115 1
23 12 7 9 49318 1
10 23 23 21 44212 1
29 2 25 13 60356 1
9 16 28 9 65135 1
11 8 0 20 59272 1
17 2 28 28 96249 1
8 18 21 28 58700 1
1 20 14 19 44107 1
11 22 2 27 39449 1
24 10 7 5 60333 1
11 15 6 28 51383 1
1 28 24 20 86193 1
9 15 26 15 57074 1
15 0 24 5 47356 1
8 1 11 14 44078 1
28 24 17 22 29629 1
0 0 12 29 98204 1
28 22 14 26 42579 1
1 29 13 12 80624 1
8 6 22 16 58127 1
5 25 23 23 49326 1
4 17 29 20 92098 1
24 26 6 27 53879 1
3 23 17 23 39647 1
2 13 22 11 52746 1
16 23 24 15 45601 1
19 27 2 6 94794 1
13 25 19 12 46572 1
18 5 12 13 36072 1
0 27 1 13 43144 1
28 4 7 7 81817 1
17 17 3 11 59844 1
29 9 2 1 104562 1
3 8 16 25 67961 1
5 9 0 21 47540 1
