2852 3110 3323 3083 2464 2547 2426 2425 2524 2873 3084 2942 3117 2657 2629 2973 3206 3148 2472 2883 2679 3229 3129 2443 2619 3294 2682 5548 4634
6089 5939 5326 5806 5631 5572 6139 5459 5373 5505 5744 7696 7653 7016 7319 7642 7794 7649 7331 7472 7845 7130 7169 7772 7260 7242 7177 7896 7045
5498 6166 5625 5437 5482 5366 5681 5351 5478 6036 6130 6210 6003 6252 5376 6060 6089 5977 5584 5365 6097 5767 5517 5709 6097 5646 6110 6134 5891
7855 7906 7939 7340 7901 7345 7854 8173 4682 4816 5145 5352 5010 4707 5307 5269 5004 4610 4982 5226 5513 5115 5186 5231 4759 5052 5143 4957 4736
4977 4611 5050 5427 5089 5419 4962 5130 5326 5287 5366 5673 5664 5145 6069 6016 5917 5141 5428 5389 5146 5845 5596 5999 6085 5641 5149 5326 5553
8268 2206 2272 2472 1985 2048 2463 2383 2593 2523 2250 2507 2789 2361 2335 2524 1907 2411 2466 1971 2291 2148 2743 2049 1996 2223 2767 2176 2621
2795 3299 2824 2713 3338 3008 2772 3298 3176 3000 2715 2131 2342 2706 2962 2394 2123 2780 2875 2587 2608 2067 2731 2950 2030 2514 2469 2430 2659
6796 2405 3136 3212 2894 2691 2786 3202 2555 2475 2641 3023 3034 2680 3014 2323 2365 2958 2750 3125 2424 2617 3073 2781 3224 2722 2368 2380 2676
7503 7441 7062 7254 7261 7427 7229 7264 7165 7155 7937 7284 7264 7004 7128 7254 7127 7620 7571 7047 7488 6903 7220 6866 6973 6949 7340 7462 7211
1762 1938 1696 1947 2051 1309 2006 1801 2185 2027 2108 1338 1423 2152 1455 1691 1624 1808 3281 3575 3288 3946 3212 3067 3363 3244 3885 3331 3561
5284 5354 5318 5595 5355 5751 5821 5521 5542 6102 5389 5646 5593 6097 5701 5330 5966 5599 5656 5787 5810 5714 6164 5459 5877 5283 5343 5997 4582
5481 5173 5498 5774 5892 5537 6168 5901 5897 6065 5610 5863 6184 5862 5923 6076 6057 5977 6214 6252 5495 6007 6223 5503 6288 5789 5852 5817 5933
3807 3989 4778 5130 4727 4416 5051 4791 4443 5128 5171 4562 5101 5053 4962 4916 4722 5040 4690 4994 4924 4966 5007 4597 4440 5277 4639 5250 5211
1398 1311 1331 1967 2148 1752 1838 1904 2109 1822 1972 5394 5357 5725 5772 5047 5927 5609 5851 5184 5780 5347 5768 5168 5655 5408 5422 5038 5529
2172 2976 2849 2472 2222 2515 2277 2344 2405 2273 2818 2718 2961 2485 2432 2507 2242 2260 2936 2595 2665 2670 2791 2281 2362 2668 8049 8813 8774
2346 2072 2531 2450 2067 2171 1745 1817 2595 1983 2326 1721 2294 2204 2411 1994 2556 1673 1832 1680 1746 2293 8199 8477 7937 8442 8438 8348 7767
2078 2037 1663 2248 1659 2210 1591 1440 2040 1853 1856 1670 1493 2357 2205 1585 1885 1532 1581 1461 4579 4251 4624 4323 4574 4520 4695 4999 4743
6802 6684 6697 6637 7087 7143 7031 7092 6612 6463 6943 7070 7262 7168 7177 7316 6715 7298 6751 6808 6796 6524 6494 1983 2779 2545 2865 2121 2473
5874 6218 6170 5823 6372 5724 5544 6126 6116 3196 3719 3768 3390 3092 3119 3786 3752 3598 3209 3567 3677 2937 3005 3169 3826 3359 3700 3158 3444
5833 5897 6262 6519 5959 6059 6431 6159 5797 6309 6490 6651 6375 6716 6188 6818 6267 6730 6808 6755 6116 6023 5912 6427 6136 5956 6071 6816 6557
6737 6989 7439 7486 7196 7334 7040 7294 7459 7721 7568 6917 7731 7374 7618 6858 7741 7471 7322 7313 7493 7622 7757 7245 7577 7536 6962 7633 7045
6402 6015 6080 6099 5779 6519 6257 6139 6717 6290 6327 5978 6647 6036 5867 5936 6522 8303 8237 8146 8189 8036 7750 8524 8403 8276 7791 8093 7981
8180 8622 8005 7868 8704 7876 8622 8637 8040 7808 8560 7882 8606 8675 8411 8519 8467 3219 3618 3793 3893 3560 3266 3201 3334 3793 3769 3449 3481
7992 7731 8225 8201 8061 8128 8189 7773 7584 8257 8139 7939 8120 7801 8236 8714 8428 8550 8875 8559 8848 8083 8859 8112 8474 8275 8718 8808 8166
4258 3796 4555 4467 4119 4709 4144 3927 4208 4434 4020 4650 3941 4481 4691 4026 6103 5841 6537 5815 5723 6273 5879 6524 5777 5921 6373 5876 6205
7077 6872 7024 6027 5604 5558 5859 6395 6072 5697 5827 6316 6473 6404 6196 6031 5770 6235 5756 6137 6073 5878 5932 5993 6118 6206 6142 6352 6152
6569 6727 6576 7038 7002 6546 7082 6691 6783 7222 6649 7404 6633 6649 6922 7372 6790 7396 6689 6994 7383 6915 6968 7340 7286 7210 6717 6849 6794
4108 3789 3754 4515 4423 3873 3967 4123 1934 1888 2007 2010 2409 2520 2267 2297 1729 2159 2113 1779 2411 2102 1799 1912 2172 2422 1969 1914 2487
1485 1841 1706 2016 1863 1715 1291 2071 1501 2732 2481 2842 2518 2526 3274 3313 3018 2724 3307 2666 2691 2685 3263 2469 2584 3221 3167 3130 2466
7317 7781 7257 7797 7904 7628 7580 7194 7385 8049 8020 7462 1777 1659 2082 1816 1970 2229 2449 1811 1673 2347 1774 2487 1807 2033 2486 1856 1619
4926 1998 6851 2636 6869 4942 4835 3700 7264 5655 1842 4601 5062 3472 5243 6070 2538 6167 6833 7605 3587 3713 4205 6989 4408 2331 2069 4006 3630 1639
4944 1545 6902 2520 6288 5273 4895 3479 7584 5484 1316 5153 5052 2785 5138 6469 2922 5913 6650 7655 3234 3741 4303 7493 5228 2351 1400 3854 4159 2024
5979 1665 6236 2800 6433 5211 4970 3483 7233 5941 1968 4814 5042 2873 5410 6186 2950 6091 6460 7602 3210 3562 4151 7184 5114 1972 1862 3725 3277 1982
5369 2114 6205 2649 6599 4967 5384 3943 7142 5978 2032 4608 5506 2808 6010 6202 2758 5835 6432 7071 3283 6552 4377 6667 8887 2330 1893 3296 3338 2470
6063 2102 6218 2450 6830 4697 4687 3946 6964 6252 2045 5224 5436 2598 5288 6574 2421 6089 6947 6767 3921 5902 4942 7367 8672 2534 1198 3175 4199 1847
6076 1938 6139 2544 6294 4391 4809 4140 7385 5522 1396 4656 4800 2961 5706 6053 3163 6410 6725 6910 3215 6419 4030 6964 8430 2324 1239 3446 4012 2237
5998 1533 6672 2631 6225 4700 5331 4116 7376 5883 1531 4903 5675 3488 5918 6619 2282 6736 6996 6796 2992 6164 4220 6718 8472 2836 1596 3076 4086 2486
6226 2231 6639 2089 6225 4509 5175 3583 3788 6042 1851 5055 5054 2841 6064 5832 2321 5971 6488 7288 3024 6408 4216 6915 8392 2545 1933 7064 3721 2348
6164 1706 5924 2926 6589 5293 4751 3789 3554 5354 2126 5418 5119 3435 5151 6298 2444 6127 6315 6818 3796 6716 4797 7399 8910 2616 1417 6639 3413 1867
5987 2303 6726 2796 6076 4914 5067 3342 4116 6029 1604 5425 4898 3306 5267 6402 2573 6411 6191 7646 3231 6482 4081 7484 8790 2614 1233 6449 3840 2170
5398 2127 6299 2112 6686 4603 4721 3400 3430 6028 1659 4786 4974 4864 5769 6323 2759 6444 6692 7218 3863 6734 4341 6936 8718 2246 6118 6814 4116 2122
5429 2015 6346 2478 6747 5095 4612 3678 4126 5900 1719 5008 4854 4666 5218 5825 2381 6319 7055 7076 3299 6303 4192 7322 8760 2695 6399 7184 3989 1901
5543 1523 6202 2252 6165 5194 4950 3973 4159 5770 2142 5047 4742 4864 5366 5909 2513 6105 6661 7109 3280 6295 4558 6785 8420 2821 6373 6484 1802 1674
6083 2256 6425 2789 6594 5198 5015 3436 3699 6453 2131 4834 3681 4423 7956 6571 2401 6099 6353 7214 3596 6056 4436 6870 8758 2442 6516 6973 1809 2000
6121 5552 6288 2844 6940 4869 5167 4068 4150 6786 1945 5194 3800 4835 7419 6156 2730 6650 6262 7441 3307 6269 4608 6941 8752 2078 6453 7070 1295 2460
6165 5516 5993 2851 6643 2829 4857 7500 3280 6969 1606 5355 4244 4492 8086 6061 2470 5834 6579 7185 3557 6680 4435 7185 8893 2132 6508 6895 1737 3801
6209 5792 6032 2379 6534 2867 5206 7875 3760 7169 1777 5072 3621 4038 7653 6535 2610 6674 6089 7528 6577 5848 4127 3373 8867 2125 5638 6385 1839 3905
5785 5459 6764 2834 6681 2915 5695 7737 3282 7199 2096 5159 3975 4638 7735 6170 2506 6340 6795 2851 6930 6150 4110 3381 8456 2102 5801 6477 1921 3486
5306 5627 6452 2181 6073 3111 5567 7207 3372 7396 1498 7117 3657 4325 7992 5812 2392 6729 6507 2397 6558 6623 4795 2989 8096 3798 5768 6385 1576 4087
5472 5385 6274 6718 6612 2590 5157 7248 3940 6974 2050 7309 3769 4529 7381 6348 2897 5839 6350 2771 6896 5821 3870 2628 8848 3619 6413 6895 1187 3731
5404 5954 6578 5946 6361 2742 5300 7210 3492 6648 1691 7346 3776 4293 7754 5982 2667 2134 6629 2346 6925 6219 4704 3410 8672 3237 6504 6861 1165 3479
5898 5533 6497 5974 6227 2592 5660 7798 3847 7144 1378 7761 4198 4816 8212 6555 2978 2264 6290 2697 6426 6636 4300 2951 8440 3393 5760 7186 2026 4296
5569 6027 5854 6044 2121 2856 5720 7484 3922 6834 1205 7521 4381 4588 7345 6181 3108 2116 6162 3243 6695 6566 3875 2704 8620 2943 6106 7086 1464 4333
5472 5384 5930 6373 1768 2575 5154 7919 3754 7141 1370 7086 4215 4324 8102 5748 2504 2807 6493 2296 6482 6669 4443 2930 8764 3063 6154 6892 1400 3719
5717 5245 5899 6669 2213 2747 5560 7919 3933 6762 2111 7596 3807 4949 7589 6668 2881 2670 6783 2526 6900 5976 4676 3157 8609 3103 5929 6724 1208 3496
5911 5159 6540 6622 1999 2838 5394 7929 3754 6845 1773 7207 4316 4079 7758 6360 4999 2965 5991 3112 6663 6755 3961 2751 7975 3300 6105 6878 1592 3536
6194 5934 6553 6026 1856 2973 4839 7047 3807 7318 2007 7999 3710 4838 7387 6501 5096 2396 6024 3173 6643 6280 4645 2680 8581 3566 6526 7134 1775 3476
5562 5089 6729 6697 1547 2450 4828 7613 3695 6654 6598 7964 3923 4943 8044 3463 4979 2358 6000 2526 6216 5997 4154 3549 8243 3682 5940 6608 2007 4215
5522 5553 5903 6634 1758 2659 5495 7757 4133 7273 6949 7712 4279 4733 8169 4188 5282 2475 6566 2800 6060 5825 4680 3436 8052 3111 6012 6702 1564 3818
17 11 8 15 34508 1
14 22 24 8 51531 1
0 7 17 0 61763 1
0 29 28 7 101458 1
13 23 4 7 66172 1
10 19 25 26 70393 1
0 7 10 20 47615 1
10 29 10 12 54974 1
1 4 23 17 86181 1
23 8 19 22 64948 1
19 8 3 11 43239 1
25 9 20 0 62464 1
9 12 23 17 48522 1
5 27 10 18 41765 1
5 21 14 14 38822 1
12 15 26 1 76195 1
9 16 25 26 73228 1
20 12 17 21 39548 1
0 16 21 29 83452 1
11 13 25 11 46848 1
2 16 15 22 45476 1
5 3 23 6 60020 1
23 3 23 17 58118 1
24 6 13 28 82589 1
10 13 27 28 73213 1
18 0 19 11 42674 1
2 9 15 18 47364 1
20 22 27 0 81161 1
22 1 22 22 91391 1
3 12 13 23 65502 1
7 16 21 22 57943 1
8 23 23 10 62801 1
3 26 21 15 70438 1
21 8 11 8 37260 1
26 3 11 20 78518 1
29 19 4 26 72185 1
12 23 25 24 52011 1
8 28 26 4 95005 1
13 12 20 29 62463 1
10 18 8 6 32560 1
10 3 29 5 55148 1
15 18 8 10 30505 1
14 4 6 2 24640 1
18 5 7 6 41623 1
2 22 27 5 93847 1
29 17 12 26 60208 1
4 14 29 19 78611 1
19 13 4 14 52925 1
11 26 23 19 54865 1
14 9 23 25 64130 1
5 28 28 27 51896 1
5 29 11 12 56572 1
10 27 29 6 92263 1
22 24 10 3 78940 1
25 20 7 26 71489 1
8 15 14 0 42508 1
24 29 21 8 71622 1
13 7 25 26 75231 1
12 21 4 27 41936 1
27 13 11 8 43280 1
10 12 1 25 50998 1
29 6 22 3 28445 1
10 14 29 12 56269 1
15 16 27 21 45744 1
21 29 13 8 70188 1
4 1 11 19 58214 1
11 5 0 28 78079 1
17 26 26 16 49877 1
6 11 19 25 66054 1
28 5 14 27 79525 1
28 25 7 20 71265 1
9 23 12 2 56391 1
4 21 10 2 58765 1
23 22 15 17 43440 1
29 17 1 28 86029 1
10 22 4 2 62641 1
0 26 10 7 60359 1
5 0 12 19 63633 1
4 18 2 4 55834 1
2 5 21 5 65262 1
26 15 0 10 65583 1
7 1 28 29 95123 1
26 27 28 1 63231 1
1 6 18 11 51588 1
22 14 2 15 75206 1
27 5 2 4 76361 1
2 9 22 17 64815 1
21 18 18 7 56124 1
4 26 12 21 37192 1
14 19 11 11 34961 1
18 4 3 14 58657 1
16 19 24 28 41320 1
11 22 24 9 60509 1
10 14 16 4 35887 1
10 17 18 11 38600 1
20 10 10 23 58161 1
22 5 7 3 43861 1
12 29 26 22 45840 1
28 11 8 8 48607 1
20 10 19 27 62181 1
28 3 12 9 48381 1
8 2 29 19 77458 1
4 14 15 22 47494 1
19 11 0 27 78353 1
17 1 15 11 26465 1
15 3 22 10 26382 1
20 7 22 16 52757 1
3 4 10 24 77086 1
4 14 24 23 80783 1
12 6 15 14 25244 1
22 18 5 17 55021 1
19 16 2 2 67895 1
26 5 6 19 74765 1
7 26 21 26 46779 1
28 26 8 23 64131 1
28 11 2 15 75198 1
29 10 12 21 68792 1
29 19 2 27 80976 1
8 4 18 20 60884 1
3 24 27 4 97748 1
5 12 12 15 32848 1
25 21 17 8 63345 1
3 20 9 27 30724 1
21 7 6 25 80649 1
28 0 7 12 62908 1
22 29 11 3 82053 1
18 19 29 4 60287 1
10 24 29 5 87548 1
18 23 5 5 69417 1
29 18 14 13 53305 1
1 26 15 1 79566 1
11 5 29 14 60007 1
21 29 12 15 60328 1
25 1 20 13 69291 1
22 14 27 26 55423 1
6 9 22 24 74190 1
0 5 2 24 63022 1
28 13 11 0 60297 1
7 0 7 22 58864 1
6 29 15 7 67632 1
21 1 20 23 87247 1
5 12 29 8 55073 1
6 14 12 25 43659 1
12 22 25 13 67461 1
28 2 1 22 101285 1
11 23 27 23 59318 1
10 26 27 16 67722 1
3 26 21 10 67591 1
13 16 13 6 28126 1
4 15 6 1 41699 1
12 1 29 23 74698 1
24 27 6 15 75351 1
8 29 0 4 74040 1
5 12 27 23 71025 1
17 12 7 6 34948 1
18 13 8 22 54969 1
14 3 21 14 51614 1
20 1 5 11 59939 1
5 27 24 19 68428 1
1 11 12 4 44871 1
5 28 17 12 64543 1
20 3 4 23 83640 1
20 22 20 7 68898 1
16 19 26 24 52393 1
2 5 27 13 71977 1
20 19 29 5 54157 1
23 26 10 11 81296 1
15 26 3 14 67997 1
25 6 20 29 77811 1
15 26 27 16 56927 1
0 5 28 13 71122 1
13 13 12 25 39912 1
6 14 2 5 38175 1
29 4 7 4 65996 1
9 2 4 22 53535 1
15 12 11 0 33324 1
16 12 1 23 73813 1
3 17 13 21 50134 1
11 22 3 7 58403 1
20 14 19 29 68253 1
2 4 3 28 79254 1
29 2 1 3 86245 1
29 10 29 28 47738 1
4 19 27 2 89963 1
3 22 18 19 62758 1
23 19 11 13 55408 1
6 27 4 9 48011 1
21 7 11 9 43486 1
9 24 3 6 60905 1
12 15 22 14 48010 1
24 11 13 2 37638 1
23 7 6 8 57724 1
26 20 1 3 93485 1
12 4 29 12 54595 1
20 18 21 6 66367 1
27 17 29 26 23443 1
12 29 23 8 85285 1
17 19 24 27 47943 1
11 12 21 9 36418 1
19 3 0 13 58491 1
29 6 25 22 50783 1
6 3 15 23 65101 1
6 20 9 0 46301 1
29 23 20 9 51611 1
28 27 29 15 29862 1
11 13 19 20 51106 1
21 28 1 1 97105 1
17 8 21 18 46716 1
19 25 26 2 88736 1
16 0 24 5 31933 1
26 27 19 4 86127 1
0 1 12 20 64640 1
20 6 26 26 81181 1
11 19 17 11 44132 1
24 25 13 17 55149 1
29 3 15 13 50010 1
11 17 9 0 40278 1
22 28 0 28 51295 1
14 3 9 22 51142 1
3 8 19 4 57271 1
28 18 11 23 73242 1
3 27 5 3 61672 1
23 20 19 10 52613 1
3 22 11 20 33879 1
3 0 19 26 99599 1
14 0 10 18 47524 1
8 6 7 24 49795 1
18 28 28 12 51290 1
24 12 12 19 57467 1
16 5 22 25 64497 1
14 28 25 0 97348 1
3 0 19 18 79384 1
26 12 5 19 66650 1
1 19 21 19 77634 1
14 17 10 6 38122 1
21 22 12 24 40555 1
5 26 29 1 99917 1
27 18 27 0 44465 1
18 25 24 13 60484 1
20 11 22 24 64128 1
0 11 17 22 62579 1
15 22 25 23 36446 1
2 22 22 10 70337 1
17 3 1 12 55421 1
18 23 13 15 37635 1
1 26 1 3 69551 1
25 2 12 25 92943 1
27 22 17 7 57967 1
7 19 24 29 66033 1
3 22 26 18 90362 1
23 23 5 24 54295 1
3 20 16 29 51256 1
13 25 16 0 58519 1
5 28 6 4 61653 1
18 13 18 0 44508 1
7 8 14 21 44499 1
26 9 6 24 74912 1
17 6 26 25 66338 1
5 15 15 22 39871 1
2 12 8 17 35283 1
2 8 28 4 70682 1
2 28 15 0 91316 1
29 24 18 2 78222 1
0 7 23 19 76732 1
21 3 4 26 89685 1
23 16 0 22 78401 1
1 18 24 9 77001 1
3 21 22 1 104121 1
0 24 23 26 68965 1
29 15 22 0 62025 1
22 18 10 9 53547 1
5 26 27 4 90348 1
14 13 20 9 27190 1
29 15 23 8 36024 1
1 13 7 19 31802 1
0 27 27 11 87455 1
15 19 9 26 33818 1
7 0 29 26 98137 1
15 18 11 10 25116 1
28 16 8 13 58055 1
23 21 1 0 101695 1
26 24 11 10 66121 1
11 11 5 18 32798 1
23 2 9 6 61918 1
0 3 29 26 104893 1
3 15 17 21 55371 1
13 9 2 12 34235 1
13 19 26 10 47967 1
7 9 29 8 49864 1
18 17 13 25 36913 1
5 14 26 29 81225 1
16 12 28 23 53633 1
7 17 25 6 65441 1
23 9 5 11 41912 1
7 20 12 5 47873 1
0 22 14 3 74579 1
25 2 9 12 66674 1
25 15 10 10 52718 1
24 4 4 2 63489 1
15 6 21 1 39799 1
7 25 17 29 34318 1
16 14 9 8 24394 1
17 2 8 18 53456 1
28 23 7 12 72554 1
11 15 29 17 58216 1
28 16 9 22 74966 1
11 11 18 27 63528 1
24 3 15 19 59665 1
23 24 6 2 97093 1
11 4 20 10 37147 1
15 28 20 19 37604 1
23 28 28 20 27693 1
12 19 24 7 61366 1
25 10 19 26 65619 1
27 8 17 26 62113 1
8 24 16 13 54646 1
10 28 17 13 62351 1
28 14 4 14 66845 1
19 29 15 4 70181 1
20 8 16 23 49326 1
18 26 13 15 42046 1
15 9 25 8 29229 1
1 28 24 15 93943 1
2 2 18 11 56813 1
11 13 21 20 57614 1
11 16 12 27 45276 1
15 23 0 17 62341 1
29 22 6 19 80982 1
17 29 28 16 45915 1
23 18 28 9 42588 1
15 25 6 4 71359 1
19 1 9 19 62280 1
16 24 13 13 39739 1
2 11 21 24 87133 1
10 13 27 29 75700 1
8 6 19 20 61271 1
23 9 29 16 35071 1
5 24 20 16 56428 1
1 24 6 5 67596 1
22 16 9 8 44234 1
20 17 0 6 68473 1
26 9 0 1 70769 1
5 0 2 25 70797 1
23 2 28 26 75555 1
23 10 1 9 44271 1
24 3 19 12 50344 1
10 10 7 19 24609 1
16 16 20 3 38319 1
17 29 27 8 59600 1
4 15 21 25 70649 1
0 5 22 19 78462 1
4 26 28 25 60327 1
9 13 16 10 17675 1
4 22 27 18 83144 1
14 23 0 19 55588 1
27 3 14 16 55841 1
22 7 21 17 61303 1
22 17 2 3 77100 1
2 22 27 25 77928 1
1 0 23 27 115492 1
6 5 8 29 65979 1
27 7 4 7 58056 1
11 1 2 19 66301 1
21 24 25 17 40417 1
3 24 21 6 92666 1
27 13 18 27 48116 1
21 5 20 25 72092 1
10 19 22 1 86798 1
26 9 15 7 32172 1
28 19 0 18 89590 1
2 4 26 17 86104 1
14 29 18 1 87376 1
23 17 29 27 36767 1
8 4 12 13 35673 1
28 23 3 14 87476 1
22 1 12 12 66729 1
0 22 18 11 71524 1
2 25 11 1 68585 1
19 13 26 6 47036 1
13 27 1 13 69793 1
8 11 14 19 33542 1
24 5 29 13 31697 1
14 4 14 23 48105 1
26 20 1 7 87324 1
12 27 29 21 47407 1
24 29 20 8 75114 1
16 15 10 27 48507 1
5 22 0 29 26537 1
2 27 22 10 76941 1
25 18 6 6 76351 1
26 4 21 9 33994 1
5 15 29 27 79298 1
28 3 18 0 57677 1
19 7 24 21 71710 1
23 29 23 8 70419 1
22 11 10 14 44144 1
13 8 22 10 20103 1
1 19 21 13 85882 1
23 9 2 26 80293 1
28 27 29 10 50862 1
3 10 12 1 34386 1
3 2 21 26 109372 1
14 6 22 15 48585 1
8 21 9 6 38478 1
15 5 9 13 26380 1
4 8 16 12 35316 1
24 21 2 28 82246 1
2 4 15 1 40998 1
19 10 14 0 31663 1
11 21 24 15 54681 1
4 28 15 3 77752 1
18 21 0 11 65784 1
4 29 15 20 47734 1
10 21 15 2 58055 1
21 14 13 16 32476 1
8 12 24 16 51329 1
4 25 23 14 86661 1
22 1 0 6 85886 1
5 28 22 11 79381 1
10 16 29 24 69669 1
29 11 1 12 75748 1
8 9 29 26 77825 1
23 0 15 27 109849 1
2 8 22 8 62855 1
25 7 6 7 59823 1
9 0 17 7 36439 1
21 1 23 9 56114 1
7 7 27 15 55184 1
18 11 26 26 59436 1
4 25 29 29 59089 1
23 0 10 14 83143 1
26 23 9 15 68025 1
6 21 18 25 39030 1
8 11 3 3 32189 1
1 27 2 18 41851 1
16 14 29 3 49439 1
8 20 1 0 62134 1
22 5 14 19 49755 1
6 24 25 10 65917 1
23 15 8 16 48143 1
17 4 5 0 42217 1
8 3 6 11 24475 1
12 29 5 8 62754 1
18 23 17 14 37974 1
15 10 25 10 16782 1
8 26 6 2 63574 1
4 25 9 20 26788 1
0 7 7 11 22593 1
18 12 0 13 49178 1
16 15 15 5 21498 1
2 24 15 3 79320 1
6 17 27 10 51099 1
17 7 2 17 60609 1
5 9 2 28 55251 1
28 29 10 4 91681 1
17 15 10 12 37266 1
1 23 21 5 94678 1
8 22 21 18 63755 1
8 21 0 26 32082 1
6 23 19 8 62098 1
26 7 13 20 61361 1
24 13 12 23 67519 1
21 26 3 10 83944 1
9 4 23 16 54509 1
14 29 22 0 112277 1
11 23 7 11 48952 1
9 25 8 6 50101 1
5 10 16 19 35874 1
6 21 14 7 46464 1
11 18 23 22 64203 1
22 20 22 6 71132 1
27 16 9 0 63994 1
25 11 16 24 56405 1
23 13 13 29 77278 1
24 8 11 25 66923 1
14 24 9 3 56560 1
17 17 3 10 43512 1
8 2 0 4 30464 1
25 7 20 2 46723 1
7 17 4 10 23338 1
8 5 21 23 74151 1
12 21 25 19 48780 1
4 25 26 19 74725 1
4 27 1 16 39198 1
1 3 22 29 104608 1
1 1 28 21 90950 1
18 16 2 18 53348 1
28 11 6 4 64526 1
28 13 6 8 53904 1
21 16 16 9 26091 1
5 0 22 26 103174 1
26 18 1 3 88974 1
26 29 8 3 91968 1
9 28 25 18 66262 1
22 1 13 22 83726 1
27 5 17 27 70470 1
11 7 4 21 50080 1
23 19 25 1 66820 1
20 11 14 6 27839 1
29 22 18 24 38128 1
14 24 12 10 40623 1
20 2 8 0 46950 1
3 18 26 6 83683 1
24 28 12 8 71256 1
26 28 1 8 96671 1
28 22 2 28 72670 1
1 23 29 28 76480 1
19 9 26 13 31158 1
23 9 12 16 41232 1
2 4 20 4 62173 1
3 11 11 7 28881 1
15 7 0 6 43950 1
28 4 3 6 73156 1
29 13 16 29 55742 1
14 12 8 19 36543 1
16 23 11 4 60805 1
11 4 14 15 39589 1
12 19 12 29 49305 1
17 12 1 2 57686 1
25 11 14 16 37369 1
23 29 19 19 46563 1
22 24 28 0 66530 1
10 8 2 6 38598 1
28 11 11 14 58898 1
11 2 20 5 34102 1
9 15 18 22 41500 1
15 1 0 4 42124 1
5 16 3 8 28341 1
11 15 23 9 49689 1
25 12 9 21 62091 1
28 11 11 1 53437 1
10 12 2 18 42024 1
3 23 14 7 64353 1
18 18 22 25 34467 1
7 8 14 13 26759 1
1 7 20 29 98820 1
10 15 23 21 60424 1
16 0 23 28 74903 1
11 29 16 24 29824 1
5 25 0 5 56746 1
5 26 21 11 70827 1
14 15 26 23 56214 1
23 22 10 5 78923 1
12 12 18 25 50047 1
26 14 10 8 56423 1
17 21 1 10 55123 1
17 27 14 19 27109 1
21 23 24 9 55100 1
29 13 1 10 60023 1
14 14 9 23 38300 1
11 19 16 6 47840 1
26 5 13 12 49735 1
10 26 24 10 65810 1
22 13 17 19 41370 1
15 2 15 25 56204 1
6 27 11 18 46741 1
27 8 6 21 65771 1
13 20 6 8 45812 1
5 23 28 25 65397 1
25 2 13 9 57926 1
26 20 5 29 67482 1
8 19 5 5 42612 1
26 5 5 12 61434 1
20 25 24 6 76895 1
16 3 9 12 29293 1
14 10 24 4 39052 1
25 17 2 3 83632 1
27 26 20 2 85053 1
17 2 0 18 73405 1
3 28 28 27 58328 1
1 2 3 28 81663 1
19 1 16 24 67996 1
23 8 4 2 67978 1
29 13 25 5 28950 1
16 1 6 1 26762 1
21 24 28 15 45549 1
14 18 5 29 48111 1
27 22 18 7 56324 1
18 15 26 28 56361 1
5 5 28 28 90674 1
17 17 29 26 56966 1
26 27 10 14 78096 1
27 12 19 4 46933 1
12 22 3 5 68881 1
26 7 0 26 97086 1
13 28 28 12 59891 1
10 9 21 15 47478 1
11 1 23 8 49427 1
8 5 18 4 38449 1
19 5 16 29 71150 1
28 23 12 27 42984 1
3 2 11 20 63958 1
9 19 21 23 52894 1
7 1 3 29 73268 1
4 19 22 13 74374 1
21 22 14 13 47975 1
22 1 10 7 63665 1
1 10 19 14 51807 1
18 14 5 8 41613 1
29 26 4 24 67897 1
1 12 13 15 51420 1
27 3 23 27 73293 1
6 23 22 25 48279 1
7 16 22 13 55378 1
9 28 29 23 49981 1
23 5 0 4 68030 1
22 14 5 27 84086 1
8 22 25 5 79421 1
25 24 29 4 55241 1
21 27 14 20 40577 1
5 19 28 19 76431 1
27 5 14 13 46048 1
27 13 16 29 53257 1
27 0 28 23 58218 1
26 17 28 0 39140 1
6 7 28 26 85333 1
26 27 26 7 57531 1
28 24 22 2 75454 1
21 0 5 19 86962 1
10 14 2 20 37792 1
9 17 6 27 35845 1
4 22 24 0 103896 1
7 14 27 24 75101 1
29 29 14 15 59679 1
0 8 16 7 39643 1
14 10 6 12 19609 1
22 12 5 24 76659 1
21 1 19 11 55794 1
19 3 29 0 49064 1
0 21 9 18 39797 1
6 20 21 14 60114 1
26 27 17 14 67410 1
5 2 26 27 100616 1
19 22 0 12 74426 1
14 8 2 5 47722 1
10 22 22 9 62874 1
12 15 8 6 35566 1
19 6 27 10 38281 1
21 23 3 3 88000 1
28 11 27 21 26449 1
9 14 29 15 56520 1
6 28 21 6 90062 1
9 27 21 27 37700 1
21 8 3 28 89607 1
17 24 2 15 65951 1
17 22 27 14 49417 1
13 27 10 6 71623 1
8 25 24 12 74427 1
29 18 9 12 57509 1
25 15 16 0 60335 1
27 10 22 17 28193 1
25 7 14 28 75954 1
16 22 8 17 39323 1
15 15 17 23 26206 1
25 12 10 12 46692 1
17 15 5 16 36157 1
28 7 26 22 40036 1
24 0 2 22 112424 1
17 2 8 5 35108 1
17 8 2 17 55054 1
14 22 4 8 57146 1
25 3 18 29 80714 1
10 20 28 27 61124 1
7 1 8 12 29462 1
5 28 19 26 44754 1
24 5 8 24 87066 1
2 28 22 6 104972 1
20 1 14 12 47066 1
8 11 6 21 33497 1
3 19 17 6 65088 1
23 20 17 9 55482 1
0 26 24 21 74911 1
26 4 19 9 37754 1
24 3 2 15 87131 1
13 9 0 14 36853 1
27 27 7 0 95532 1
21 0 26 21 86068 1
1 18 4 10 37747 1
2 0 28 1 81333 1
3 8 24 21 87116 1
6 5 4 29 62783 1
5 20 22 12 67428 1
23 2 2 20 102805 1
4 13 18 24 65202 1
22 22 8 7 70608 1
1 9 1 21 42850 1
6 18 20 22 60424 1
23 27 3 11 93735 1
24 14 1 26 85071 1
26 15 6 11 57699 1
10 0 18 3 27288 1
26 13 4 9 57262 1
28 2 28 12 20218 1
26 20 1 11 79704 1
18 15 5 20 45694 1
20 26 7 26 42802 1
7 6 17 14 42830 1
19 12 9 29 71824 1
1 21 27 6 92826 1
7 5 19 26 80846 1
23 6 18 28 79142 1
25 16 10 21 57714 1
10 24 1 16 49845 1
7 27 14 24 24142 1
14 7 0 29 76385 1
22 12 10 12 46765 1
29 4 8 18 67891 1
26 18 4 21 84797 1
14 5 9 11 23177 1
15 11 11 23 46416 1
28 25 1 9 86900 1
17 28 2 4 96169 1
12 14 24 3 66356 1
19 1 16 14 39970 1
13 25 17 1 62233 1
17 29 25 21 44459 1
29 20 19 26 44738 1
6 0 23 22 89906 1
28 14 9 26 76472 1
26 15 5 16 64951 1
29 8 2 14 72393 1
25 10 13 11 22830 1
17 16 20 2 46747 1
8 18 15 21 34591 1
27 24 27 3 50033 1
3 11 5 22 35542 1
7 22 26 10 60926 1
24 2 16 20 62148 1
21 18 10 24 59496 1
29 22 22 13 46933 1
5 11 21 24 77208 1
5 2 26 13 68669 1
24 26 10 17 73233 1
28 1 22 26 71474 1
27 20 16 8 44139 1
6 29 12 24 27743 1
11 28 18 4 80504 1
15 0 13 14 42367 1
1 2 22 12 76154 1
8 18 8 5 34535 1
2 7 11 25 67966 1
0 11 29 6 67327 1
27 2 14 22 73053 1
28 3 9 15 56711 1
5 2 17 7 44291 1
22 10 13 15 34026 1
0 23 17 7 80269 1
23 6 28 23 58909 1
23 25 8 20 58917 1
10 17 0 9 37182 1
29 21 11 3 71142 1
1 15 28 18 86624 1
10 25 8 7 49747 1
13 26 21 4 74246 1
17 20 24 12 45937 1
18 29 18 12 56180 1
19 28 18 3 68496 1
19 18 13 22 37680 1
1 1 17 4 42710 1
26 0 0 27 118709 1
8 21 26 25 68015 1
6 22 24 12 66795 1
8 27 2 14 53878 1
19 7 15 17 36658 1
21 5 9 17 47956 1
3 26 24 19 68752 1
27 10 7 1 52659 1
20 6 28 23 71698 1
14 11 17 20 30571 1
29 19 17 9 48392 1
29 14 2 5 81206 1
21 6 28 11 37341 1
13 22 20 12 45756 1
11 22 3 2 72520 1
9 21 9 0 42465 1
8 19 24 18 63980 1
0 22 13 24 45367 1
8 1 5 11 27820 1
6 14 7 5 25134 1
9 10 20 1 50785 1
29 6 7 19 71141 1
21 7 8 9 48065 1
7 7 2 16 34054 1
11 12 3 16 31982 1
24 1 3 14 85688 1
26 21 6 23 75545 1
22 8 23 24 69441 1
29 24 29 6 46766 1
19 7 24 15 47742 1
18 25 29 25 33556 1
24 27 8 29 38368 1
13 19 26 15 56766 1
16 26 22 17 45022 1
12 24 24 27 40184 1
2 18 28 5 84928 1
4 4 27 8 63313 1
15 12 25 16 35916 1
25 9 19 15 39900 1
25 25 6 29 54582 1
5 17 11 12 28710 1
22 25 29 17 37255 1
17 5 9 15 33283 1
9 3 18 19 52675 1
4 16 19 24 63913 1
11 15 9 24 35209 1
26 18 16 11 44234 1
14 8 21 18 47292 1
9 25 11 17 38395 1
17 25 12 11 51915 1
7 4 5 12 24287 1
12 29 28 0 88503 1
24 6 18 1 45111 1
23 5 15 24 70704 1
6 15 15 7 35959 1
26 2 13 8 59395 1
0 5 11 8 40660 1
24 29 18 15 59766 1
7 0 11 26 75619 1
3 24 26 12 89471 1
15 29 5 6 73734 1
18 12 1 19 73148 1
11 1 24 17 63349 1
21 18 16 6 45987 1
20 28 18 13 53717 1
5 23 28 29 59883 1
4 4 29 20 86052 1
16 15 10 20 28946 1
22 5 0 10 54864 1
4 28 14 22 38823 1
11 16 15 10 22975 1
6 19 17 3 53218 1
4 25 23 11 75533 1
17 20 20 4 52015 1
25 24 12 27 47845 1
12 15 20 10 33617 1
4 13 10 20 33547 1
29 2 16 3 47514 1
27 28 6 9 78261 1
5 5 10 19 43440 1
14 27 18 6 65800 1
15 9 22 18 39832 1
14 16 27 25 56459 1
7 18 24 12 54796 1
23 8 12 26 73259 1
28 9 11 2 56948 1
28 21 7 2 80633 1
10 11 25 23 68580 1
27 7 1 14 72237 1
12 14 3 5 51336 1
11 23 7 0 70027 1
13 10 4 20 40177 1
20 0 20 26 97860 1
9 29 25 11 82798 1
4 1 28 5 65767 1
23 17 12 16 34088 1
22 29 7 18 63195 1
28 24 15 10 54182 1
26 20 19 0 83008 1
10 15 2 9 33863 1
28 22 2 8 86182 1
23 28 13 20 39570 1
19 28 25 4 69667 1
13 28 21 10 62537 1
11 28 9 4 67126 1
26 17 6 14 62646 1
25 22 29 0 61436 1
18 12 16 23 35149 1
13 27 15 9 52022 1
29 6 28 15 26731 1
12 27 26 21 49616 1
23 16 1 4 81365 1
10 0 24 28 90297 1
25 29 2 28 59113 1
9 11 23 15 53758 1
16 26 29 22 41952 1
17 7 22 19 49962 1
16 13 25 11 26022 1
4 9 22 11 46092 1
21 6 24 26 82823 1
24 15 9 21 57091 1
6 7 17 13 36845 1
3 20 0 1 61094 1
25 5 20 27 77109 1
10 17 19 2 57705 1
28 25 8 14 79302 1
1 22 17 5 76151 1
24 18 29 5 44364 1
17 15 1 1 60716 1
7 8 18 24 62679 1
11 15 29 27 70780 1
27 15 13 4 47424 1
27 8 4 19 69512 1
4 4 8 10 25603 1
17 10 18 27 50152 1
20 1 24 27 101339 1
3 28 4 18 37314 1
9 7 22 22 66819 1
11 8 26 11 41496 1
18 19 3 0 75788 1
7 16 27 25 73851 1
23 17 15 11 37068 1
1 16 17 23 60830 1
18 19 8 18 42951 1
21 19 25 11 46165 1
24 18 6 19 65274 1
3 8 14 9 32007 1
16 26 17 0 69524 1
1 26 27 9 82585 1
29 26 11 15 73266 1
4 27 11 13 51825 1
0 23 12 4 79117 1
16 23 27 19 41045 1
17 18 24 24 46483 1
25 29 21 17 47469 1
17 21 1 23 70129 1
18 24 2 18 67992 1
25 0 21 22 88562 1
0 9 26 7 65062 1
16 1 25 4 36187 1
11 16 2 7 41274 1
2 26 9 8 51747 1
13 13 8 18 32745 1
17 13 17 29 48237 1
1 24 10 9 64512 1
29 18 6 26 72197 1
28 4 0 13 71469 1
24 17 29 0 50297 1
20 20 27 11 44210 1
28 11 10 15 55719 1
5 3 15 5 29978 1
7 25 28 19 68165 1
15 12 20 19 31918 1
12 16 1 0 55763 1
23 26 22 17 37783 1
16 3 28 0 44937 1
3 0 9 24 70407 1
26 21 20 6 70528 1
5 14 29 23 80928 1
28 12 6 25 79667 1
18 14 14 24 35751 1
6 23 2 6 58694 1
18 18 10 6 49524 1
29 21 17 18 42973 1
29 9 14 18 55639 1
8 5 21 3 47471 1
8 9 29 20 65704 1
11 29 6 14 48148 1
4 26 12 6 63527 1
1 0 14 19 68115 1
21 11 5 23 64559 1
1 23 29 9 106090 1
29 19 17 12 50853 1
20 29 13 9 65978 1
24 10 20 4 39383 1
20 5 25 21 71103 1
10 9 13 27 65737 1
9 1 15 17 43666 1
23 13 12 4 53420 1
22 0 2 10 78648 1
24 16 14 4 50415 1
11 20 13 1 50855 1
26 8 11 15 56322 1
26 20 3 6 86632 1
27 12 6 17 55116 1
17 23 17 8 42105 1
17 27 4 27 38917 1
20 20 28 23 38346 1
16 2 18 19 41247 1
27 11 6 24 71704 1
26 5 16 6 30043 1
27 22 3 10 68546 1
16 23 4 28 44496 1
10 0 8 20 48798 1
16 2 13 19 45722 1
21 11 0 12 50378 1
3 13 5 21 23672 1
18 28 26 16 42970 1
24 19 2 13 74663 1
22 11 21 20 61106 1
28 23 24 6 53755 1
22 15 16 2 50439 1
11 29 23 1 109173 1
9 14 28 4 53240 1
1 15 23 2 99865 1
12 24 1 24 38763 1
12 10 27 12 30797 1
29 5 5 10 53919 1
20 4 11 15 57550 1
29 4 24 20 50352 1
21 14 2 1 75933 1
28 24 17 29 30358 1
20 11 25 6 35485 1
5 18 28 28 69036 1
23 5 28 11 25374 1
10 25 5 14 37776 1
19 19 8 15 43590 1
29 17 12 8 52800 1
8 0 2 27 78531 1
27 2 2 27 109680 1
13 26 7 7 65324 1
