5317 7697 7361 6604 7695 6702 4755 7004 7274 5844 4724 5000 7756 7463 5122 5747 6985 7149 4748 6426 4679 4512 6034 3114 3873 3700 1704 4820 3678
3263 4738 6263 3507 5185 3968 3582 6152 6472 5729 5008 6459 4883 4338 4148 6469 6307 4953 6449 6175 4183 4995 3936 3369 5627 7455 4713 4772 5312
4342 2777 2781 2506 2280 4326 2434 2419 3821 2533 5075 3742 2740 3947 3137 4268 3843 5191 5373 5260 3177 5777 6383 5151 5273 6511 4454 3938 6095
2547 2917 2629 3513 3682 2569 3255 3816 5577 2759 4652 3539 2891 5175 3536 2704 5598 4197 5011 3770 2874 4386 3052 2814 3423 4578 5658 2512 4289
4465 6045 4530 6644 7591 6331 6980 7484 5891 7232 7434 4287 7111 6194 5998 5398 5096 5600 7313 6974 5247 6977 6151 4717 5926 4566 5198 4580 7280
6271 4749 6735 6378 4221 6696 6748 4754 6677 4186 7354 6468 4278 4795 5223 5006 5294 5639 7820 5862 7574 5596 5742 8155 5819 8209 6131 5676 7312
3565 4945 4124 4690 5415 6434 4868 5074 3757 4799 3883 4720 4799 5740 4839 6520 5076 6685 3489 5630 4397 4571 6440 5365 6662 4765 7022 7918 6946
2252 4682 2645 4605 4907 5043 3068 2076 3648 2944 3514 2450 4788 2269 2852 2313 2065 3351 4378 2939 4776 4718 5890 6039 5011 4640 6068 4749 6387
7725 5658 6715 7737 8119 5515 6448 6417 7558 6700 5450 6128 6467 3393 2314 4037 3223 2522 2930 3826 2606 1972 4980 4930 3595 2080 2047 3324 3606
7834 5221 5721 7617 5988 7638 6916 3199 4250 4191 3762 2856 2389 2187 3793 4782 3205 3260 4853 1719 4495 3146 4837 3036 4298 2129 3544 4650 4291
4051 5588 4394 4615 6318 3954 6311 6222 5613 4743 5412 5497 5965 5081 4251 2726 5110 3185 3277 3235 3879 5322 4490 2784 3364 2645 2596 3449 5176
7513 5566 5401 6264 7756 6729 6531 5949 8064 6510 8183 5969 8211 4411 5847 5474 3854 6595 5679 6864 6814 6990 5630 4468 5089 6248 5011 4266 5083
5544 6163 6732 6808 3685 4418 4005 3889 6615 5538 4310 6387 5400 4280 6461 4605 5164 4709 6857 5575 5342 4220 6823 5848 6714 4453 4375 5827 6673
5465 6233 4193 5620 6484 6484 6130 6570 6730 5817 4130 6713 6274 6688 6740 3811 4272 4283 6881 5710 4478 5794 6608 5365 7060 4792 6056 7054 4834
3234 5025 4390 5770 6313 4807 3801 3529 3924 4817 6382 5222 5052 5992 6418 6118 5257 4746 5195 4778 4207 4257 8518 6195 6592 8101 5470 5196 5610
3034 2612 3005 3535 5494 4074 5278 3025 3913 4048 4105 4405 4008 5050 5471 5199 3456 3097 4751 3115 2958 2874 3607 2921 5166 5052 6077 4989 4763
3724 2220 2173 3757 3799 4603 4799 4460 3903 4186 2607 2363 3965 3854 4573 4182 3663 4494 7174 6899 5812 7134 5717 5414 7826 7997 7197 4993 5117
4089 4211 3126 4893 5212 3209 2181 3934 2212 3057 3135 4245 3955 2587 5121 2568 4583 4780 3313 3819 3368 4820 4337 4685 5373 4010 4662 4745 2890
4728 4366 4174 6696 5470 4068 3568 5500 6279 3653 6146 4160 6573 4047 5575 3428 6030 3565 5780 5189 3896 5323 4199 4643 6571 5403 6406 5272 5567
2301 4132 4397 2927 3870 2435 3127 4224 3857 4048 3819 3970 3019 5867 8162 8178 7487 5862 7302 6871 5531 7206 6784 7866 7322 6485 7772 8582 7651
3942 5465 5562 6433 6374 3900 4624 4823 6806 4220 4854 5280 6988 5180 3877 5682 4305 5682 4399 5168 5751 6097 6271 6103 7300 6071 6985 6403 5844
6861 7365 5512 6719 5971 5503 4364 5983 4826 6863 7288 6487 7257 7420 6445 5504 4192 6451 5899 3704 5743 5022 3667 4863 5498 4123 6537 5738 4200
4336 1293 3982 3579 3940 3167 1360 1355 2981 3534 2149 3371 2621 1984 4173 3304 3613 2650 4358 4200 2725 2267 2280 4009 2587 3229 2976 3922 5021
7451 4433 6832 6553 5588 6747 4611 5597 6268 6464 4326 6047 2841 2415 4625 3447 2417 4816 4092 5402 4133 5271 4972 3427 3133 5175 2316 4594 2997
4554 3580 4062 3109 3535 5116 3167 3514 6062 5119 3394 4091 3223 6029 5119 5828 2735 5937 3048 5490 5739 2923 4626 3180 4782 4347 4282 5897 3037
6134 6771 5503 8452 8067 6970 6273 6357 3581 4954 5342 3240 5994 6093 3223 6284 5100 4577 3589 4915 4533 4288 4474 4724 3817 4920 5725 3319 3325
7825 8003 8679 6721 7481 6775 6902 6975 6237 7178 7866 8890 7337 7180 7873 6469 6465 8343 7480 6997 8751 6881 7342 8003 7001 6465 5995 5078 7616
4368 2881 2332 3045 4183 3508 5655 5044 3052 4516 5534 4507 4914 3919 4424 4149 4114 4893 2389 2976 4881 3921 5545 5363 4060 4554 2512 4807 5150
5141 7192 5366 6281 5822 6709 8076 8142 6067 7111 5632 6557 6463 7174 5923 7652 8097 6924 6652 7965 5432 6807 7832 6873 8264 6052 5639 5125 6682
4703 3403 5368 3368 6086 4098 3030 4041 4826 3723 5653 7532 7762 6151 5587 6911 5933 5253 7928 7417 4992 6376 7078 7277 7306 5205 6920 5695 5625
5974 3740 3896 3242 3906 3663 3580 6819 5063 5219 2021 3234 3476 6990 3715 5654 4079 4234 2481 5732 2482 5191 5493 5112 1949 4361 1156 3652 4540 3940
7696 5317 2496 5146 3975 5517 4184 5851 5571 4726 2451 3319 4333 6970 3304 6202 2768 5112 3962 5236 1861 4277 4509 4359 2654 4934 3400 5393 3761 4819
7213 5142 2314 4583 4249 2901 4694 5587 5853 5105 4076 5011 3004 5670 4539 6600 2723 5986 4416 4595 3960 5471 3835 4198 1386 6352 2351 5414 5792 5217
6886 3830 4868 3186 6737 4415 3808 6175 3407 5529 2998 4474 1463 4591 4543 8458 5057 3377 4636 3946 2355 3280 3287 5720 3360 6109 4102 6314 3222 6969
4939 5493 4418 3678 7076 3896 4863 6898 4289 5737 2885 5282 3376 5129 4060 8411 5497 3718 2390 6238 4164 5531 5376 5602 4329 3242 2178 3938 4583 6414
7552 3872 1898 5304 4991 3413 3292 6821 5988 5158 4542 3410 1862 5604 2994 6246 3922 6132 4037 5526 3947 3257 3580 4075 2866 5592 1252 3307 3300 4570
5689 3850 4905 2871 7475 2425 4396 5368 5890 6846 2611 5684 1228 3541 3025 5954 2488 6138 2783 4837 2863 4264 3462 7021 4108 4789 3821 5671 5527 4123
6443 5621 3123 4220 4258 3172 4832 6462 5513 5014 2887 3956 4238 4729 3874 8079 2353 3720 2354 6685 1771 4244 4953 7174 2380 5825 2179 4259 5811 3993
4749 6117 2028 2305 5110 3768 3733 4133 3769 6199 4469 3989 3246 2722 3899 8456 4627 4093 4792 6260 3773 3585 4169 3266 4396 4639 4372 3453 5486 3873
6737 4025 4944 4886 6619 5459 4359 5162 4815 7503 3979 6320 2101 3932 3643 7671 4274 5145 4123 6104 2559 4287 3215 2597 3546 6340 4002 5276 4056 4986
6391 5226 2237 3970 5421 3732 2413 5272 3060 4877 2896 4521 3254 3471 3146 6592 6743 6247 4398 5492 2788 3312 5237 2107 1642 4774 4288 5479 5423 5672
7379 4754 2863 4627 6028 3684 3545 6450 4629 6671 3030 5024 1743 4840 5744 7857 7724 5267 4682 4322 2889 5068 7553 3423 3579 3534 3068 7534 3187 6376
7990 5225 3640 2059 7372 4882 3011 5910 5632 5570 2791 5913 3260 2689 5591 8331 6846 5178 3960 6812 3703 2938 5899 3420 1927 3304 2573 5401 4782 5828
5596 6689 4589 2484 4508 3319 3084 4739 2959 5755 4681 5936 2613 3423 3239 8232 7365 6430 4092 4685 2209 3818 6727 3242 4319 4678 3875 7700 4641 4816
8268 6009 2099 4370 6792 2296 3373 4803 4152 5805 3484 3876 2866 3101 4211 6366 5849 5634 4187 4347 3973 5110 7266 2577 1409 3619 1713 6563 5508 4151
5493 4537 4157 2549 4271 2846 3264 5128 4621 5538 1389 4019 1275 4224 3944 8858 6126 5005 3474 3979 4328 3807 5101 4861 3402 3154 2944 4745 3392 5576
5371 6581 4496 3072 6515 2269 3719 5164 3782 5380 1848 5877 2829 4517 5731 6022 7036 5118 2887 4047 1950 2740 8262 4054 3162 3211 1094 5897 3291 6000
7926 3696 1669 3736 7206 3365 3834 4592 2994 7090 4458 4710 2026 5137 4820 6837 6999 4522 2874 4304 4236 5854 6522 2167 3895 5613 2770 7446 6215 6523
7320 6392 2041 2897 7490 2415 4806 4784 5477 4796 4041 4788 2319 5233 3598 7125 6414 5389 4524 4766 3632 6988 7492 3650 3920 5261 4551 6448 4517 7000
8292 6618 2907 3446 5842 3410 3717 4715 3745 4256 4257 4839 2532 5775 2821 6566 6400 3526 3777 4846 2365 6393 6073 4945 2532 6285 2746 5573 5445 4009
7112 4929 2197 3033 4465 2301 3416 6303 5133 4620 2239 3633 1939 4213 4054 7061 7974 5143 3646 5723 4913 7920 5608 4894 1375 4090 1861 6514 6123 5351
8264 4136 4019 3724 4842 4604 4267 6673 7507 6980 3406 3268 1835 2626 3766 7959 7685 4060 4461 3188 4114 7711 6086 1788 5395 3913 2234 6756 4930 4003
5110 5976 1759 4894 6276 4691 5039 4019 6255 6655 3219 6167 7169 2625 4531 8227 6927 3201 3408 4472 2806 8051 6266 3430 6916 3669 3086 5112 3217 5030
5288 3907 2310 2141 6088 2140 3323 3791 5283 6206 3182 3114 7977 4975 3908 7047 5589 5953 5489 5785 1959 7776 6691 3023 5758 5555 2171 5659 6116 4139
7335 4650 2529 4523 6892 4083 3311 4187 6310 6753 4517 5397 7436 2945 3052 7029 6941 4580 6515 6338 4186 7042 8037 3362 6789 4484 2560 6699 3453 5771
6489 4359 3996 4758 6059 2649 4384 4862 7453 5161 3359 3199 8330 5532 3082 6928 8771 5469 5500 4843 2549 5226 5820 2183 4941 3971 3147 7056 2896 4536
5906 6170 3709 3004 6930 2954 5913 5459 5888 7036 2069 3229 5361 3609 3964 6220 6697 4895 5874 4118 3747 5492 6238 1870 6220 3061 1413 6760 6017 4939
5749 5081 3517 3355 6809 2287 6060 6385 5025 6958 4090 4058 5430 2993 3314 3628 8561 5958 5847 5842 2692 7431 6154 3530 4382 4751 2536 6774 3939 3126
6526 3823 2455 2278 4597 2851 6019 4145 5303 6396 2883 5926 6425 4967 3098 5099 7324 5818 5730 4317 3224 6724 5476 1799 4800 4285 3223 7458 4069 5811
21 6 0 12 75835 1
1 7 2 27 86764 1
12 26 13 17 51167 1
17 27 18 17 44826 1
18 27 13 4 105682 1
6 7 4 29 93377 1
5 27 20 12 87691 1
7 24 24 23 54588 1
21 15 23 25 42226 1
28 15 16 0 80285 1
29 1 7 7 88259 1
10 12 22 23 62666 1
19 25 4 27 55991 1
3 16 14 23 59081 1
17 5 5 10 53200 1
17 12 0 16 59230 1
24 18 20 26 34495 1
17 14 21 25 56844 1
4 4 8 25 84687 1
5 23 27 5 114668 1
29 1 0 9 119602 1
20 7 13 24 82636 1
18 26 17 12 60089 1
7 7 29 14 80787 1
3 17 25 4 101084 1
23 18 10 15 61391 1
16 18 17 3 56247 1
20 18 24 26 39019 1
21 1 6 18 90817 1
4 23 16 17 65645 1
15 9 25 19 60515 1
1 22 18 18 68277 1
2 6 24 24 112841 1
8 18 8 3 56467 1
3 27 13 21 54405 1
1 28 16 26 54871 1
2 0 27 29 156891 1
13 21 5 5 75497 1
7 18 24 21 67024 1
7 15 11 28 52499 1
29 12 1 29 149459 1
29 19 11 18 78056 1
16 19 2 6 86671 1
27 25 14 26 36844 1
5 27 1 13 69884 1
0 20 9 12 50730 1
28 5 7 10 80761 1
26 12 15 4 65593 1
13 12 20 22 62390 1
9 28 11 20 35373 1
9 13 25 5 61812 1
11 1 14 14 69923 1
10 4 16 20 83632 1
11 18 26 25 79273 1
21 19 24 27 34024 1
21 13 7 29 96299 1
3 14 16 15 52983 1
20 24 4 25 56144 1
25 11 3 9 75004 1
10 24 7 1 84513 1
28 7 13 15 78698 1
28 7 22 24 79047 1
21 4 11 22 98266 1
19 29 7 10 102279 1
18 20 1 22 62507 1
23 24 13 5 84386 1
8 3 18 22 103229 1
28 17 21 25 49244 1
20 19 1 18 74885 1
29 7 17 28 108998 1
3 15 26 6 88414 1
28 13 11 21 88598 1
1 11 7 7 32626 1
9 21 7 2 67817 1
4 17 24 25 90471 1
21 20 27 16 33733 1
20 7 0 12 72464 1
29 12 11 19 98230 1
14 4 10 11 46001 1
2 24 5 17 34585 1
5 16 10 26 45128 1
5 8 1 17 50207 1
20 6 6 12 56383 1
19 26 11 28 31865 1
12 0 9 9 54812 1
10 16 9 3 61460 1
17 9 29 3 57009 1
4 12 24 27 98081 1
2 5 4 25 82153 1
12 6 23 10 48940 1
12 19 0 19 47413 1
1 15 7 24 58325 1
19 10 29 16 54672 1
26 18 27 5 64103 1
18 14 8 9 48311 1
8 27 28 2 127367 1
5 8 12 3 50815 1
8 11 11 29 73452 1
3 3 22 3 66417 1
26 1 27 10 40386 1
5 8 28 9 94262 1
2 1 11 20 81473 1
9 26 24 27 47258 1
25 13 5 3 90422 1
14 16 5 8 67154 1
12 24 28 12 91431 1
18 15 27 1 70782 1
15 6 0 2 62788 1
12 20 19 7 70089 1
16 24 19 9 67280 1
15 12 20 29 80028 1
8 8 22 24 87604 1
29 14 1 18 103490 1
16 7 17 17 39162 1
20 18 0 12 80936 1
25 14 18 29 77592 1
5 9 11 21 57552 1
18 16 10 20 41441 1
19 1 7 28 118141 1
7 28 26 20 81257 1
0 1 8 5 38763 1
23 16 2 2 96659 1
8 26 2 17 52704 1
15 11 23 15 31446 1
28 4 0 17 118766 1
27 24 7 10 97446 1
20 12 27 20 45924 1
27 26 25 10 72815 1
17 8 1 7 68459 1
7 29 10 12 62561 1
25 28 16 6 93995 1
15 20 10 29 42466 1
26 3 12 0 60380 1
13 14 3 13 40179 1
0 29 0 11 82122 1
9 16 14 0 77411 1
4 16 9 9 39895 1
4 0 18 7 72394 1
27 11 0 12 81295 1
7 28 15 22 44076 1
3 2 21 4 70069 1
12 18 3 6 69514 1
12 6 13 17 60344 1
28 17 6 29 107258 1
29 22 12 23 61873 1
25 18 3 4 109068 1
10 29 5 19 49878 1
29 13 0 8 105081 1
9 0 16 10 63624 1
27 19 4 28 96133 1
11 24 27 15 77211 1
28 4 21 8 38015 1
11 3 18 25 104519 1
14 11 29 18 73667 1
17 5 9 20 64711 1
2 27 25 24 78982 1
10 11 8 3 47258 1
0 1 24 12 105344 1
2 1 24 26 132960 1
19 15 27 20 52211 1
21 22 15 4 80944 1
7 24 29 23 67332 1
23 7 25 23 61399 1
0 26 20 25 64506 1
5 16 7 0 60466 1
3 26 12 10 77545 1
22 18 3 7 84693 1
19 29 24 4 97565 1
29 8 20 24 79589 1
16 10 14 1 38944 1
3 15 25 10 74045 1
4 9 27 10 82982 1
1 22 7 8 65839 1
10 29 29 29 78267 1
5 22 15 0 103448 1
20 13 5 2 81712 1
3 17 2 29 50943 1
19 26 29 4 96499 1
25 7 6 18 81357 1
3 1 25 14 99534 1
26 5 21 29 91402 1
17 22 9 9 69443 1
15 27 22 5 86194 1
26 5 5 12 72646 1
28 4 1 6 101708 1
3 25 14 0 121416 1
14 11 25 14 37464 1
15 9 23 23 61492 1
9 28 19 8 93993 1
27 25 5 22 82279 1
9 7 21 26 95084 1
13 24 0 2 101321 1
7 26 0 15 66373 1
14 26 6 9 78118 1
3 13 20 9 58683 1
2 25 9 12 62212 1
4 15 5 1 66838 1
19 16 29 19 59498 1
21 0 10 23 113563 1
10 18 11 29 45547 1
16 7 17 20 51074 1
1 4 15 17 88043 1
20 21 27 3 81921 1
10 21 25 10 79656 1
29 6 23 27 93072 1
15 26 24 21 42027 1
22 28 13 23 44056 1
17 18 4 15 61670 1
11 29 5 13 71248 1
8 12 10 22 40290 1
0 11 21 6 78321 1
12 23 20 2 95359 1
11 24 27 20 58690 1
15 9 9 3 47221 1
12 19 24 21 51502 1
24 23 26 0 94529 1
11 2 21 11 62479 1
25 7 11 26 98816 1
1 28 14 3 129951 1
27 28 2 2 144622 1
14 1 28 26 114040 1
15 12 10 1 59081 1
20 27 1 6 122688 1
2 12 24 9 66049 1
5 4 5 23 78910 1
10 26 13 13 59354 1
20 8 7 0 67147 1
12 9 29 23 89705 1
25 13 7 28 102303 1
18 25 2 5 110120 1
9 11 28 8 67907 1
15 7 16 28 89803 1
16 27 16 16 52216 1
10 8 22 10 48876 1
7 23 18 21 46688 1
16 16 9 26 54706 1
27 19 19 0 86610 1
14 2 14 15 59683 1
25 27 27 15 56107 1
13 4 9 27 102605 1
2 20 19 24 64520 1
3 11 6 28 74939 1
23 5 10 24 94596 1
6 10 17 18 59594 1
26 2 6 8 83141 1
13 27 4 18 58497 1
25 22 4 19 84923 1
29 21 19 12 59364 1
29 29 5 16 112174 1
27 28 2 5 137055 1
11 22 2 2 86775 1
9 3 11 26 94008 1
22 11 2 28 105728 1
5 28 18 24 56011 1
22 24 9 1 111228 1
14 9 17 20 48215 1
4 4 6 21 72093 1
17 13 2 13 45053 1
24 20 28 1 83351 1
9 0 19 18 100148 1
10 26 10 2 95935 1
25 11 9 2 79435 1
16 6 1 1 66894 1
14 8 3 8 49951 1
26 9 14 11 49396 1
29 10 4 11 77668 1
1 8 12 27 94346 1
2 25 22 25 67714 1
19 22 21 2 83047 1
22 10 20 19 36371 1
23 12 10 0 80239 1
10 25 2 7 76818 1
18 21 21 11 51040 1
12 25 0 4 100640 1
2 14 9 11 27960 1
8 7 26 17 87089 1
3 23 8 12 52834 1
14 29 21 20 57400 1
17 3 23 27 91064 1
28 4 2 18 113992 1
23 6 29 10 37250 1
17 4 16 27 92795 1
29 29 13 17 94535 1
29 17 18 15 62814 1
23 22 16 17 45031 1
22 14 7 14 47306 1
29 21 3 15 107759 1
13 6 7 21 69324 1
2 11 28 28 120386 1
12 3 14 26 102411 1
7 6 0 17 55847 1
4 29 6 18 58522 1
4 20 19 0 101969 1
0 2 14 27 119456 1
28 15 10 22 87697 1
6 17 14 5 67270 1
6 11 9 24 48534 1
16 17 9 21 38450 1
11 28 14 4 112710 1
5 19 24 25 81016 1
21 11 2 17 71529 1
18 25 18 0 102599 1
18 4 9 15 55727 1
25 5 22 20 55734 1
27 1 29 19 83218 1
20 24 1 29 76752 1
16 0 13 29 119207 1
19 24 15 12 58085 1
23 18 0 4 105273 1
15 17 7 14 46266 1
16 6 1 11 64511 1
21 16 6 16 70026 1
5 8 14 25 86109 1
16 19 17 9 41391 1
6 2 2 24 92046 1
17 12 2 2 70275 1
20 3 0 10 83654 1
23 15 15 22 50221 1
16 26 9 12 68517 1
24 7 14 13 43064 1
6 24 16 16 59163 1
5 18 25 17 81435 1
11 19 22 28 67314 1
5 20 16 27 58453 1
29 16 28 26 58827 1
5 21 21 27 71393 1
15 5 2 4 49642 1
23 17 16 0 68716 1
20 21 10 16 52631 1
7 6 26 10 75573 1
12 3 2 0 47109 1
4 10 29 21 107136 1
29 12 19 21 74046 1
5 3 10 20 72238 1
8 20 0 16 41038 1
13 28 7 4 98027 1
11 4 29 16 98526 1
15 7 3 25 93433 1
16 7 25 11 47104 1
0 24 17 21 59799 1
1 25 27 4 134429 1
22 4 15 14 45670 1
21 6 8 2 53127 1
24 16 9 9 62723 1
4 22 19 14 82323 1
28 15 18 11 42504 1
3 0 9 12 56868 1
7 9 21 21 82322 1
18 22 11 7 84412 1
14 27 1 13 89960 1
12 15 2 14 45928 1
14 6 2 7 48464 1
29 7 25 28 102287 1
27 15 4 5 96644 1
4 4 12 23 87555 1
11 23 21 25 39367 1
14 29 22 2 109607 1
16 0 29 19 102361 1
0 9 21 17 87897 1
6 16 10 26 41206 1
29 1 18 8 59258 1
12 20 10 3 78844 1
2 29 4 16 59416 1
13 28 14 12 76611 1
27 23 10 19 65475 1
17 29 0 4 128236 1
9 9 24 7 62370 1
3 25 10 14 58043 1
17 24 7 27 39363 1
9 22 29 26 68080 1
8 15 20 19 60111 1
9 2 21 17 88130 1
11 0 1 14 80663 1
21 21 7 5 96157 1
26 11 10 7 73489 1
6 29 21 15 99549 1
4 19 13 0 99594 1
4 1 15 1 45180 1
21 16 20 5 44589 1
13 3 26 28 115609 1
6 22 11 27 36126 1
20 18 23 25 33927 1
0 12 8 23 55026 1
22 5 11 17 70319 1
20 27 24 21 34907 1
24 0 0 1 88589 1
29 2 6 16 99952 1
19 24 17 5 75954 1
25 19 2 20 80358 1
1 16 27 1 112404 1
0 29 17 27 63232 1
4 22 27 14 101535 1
1 20 7 29 53450 1
20 21 3 4 108660 1
0 3 14 5 58070 1
16 28 9 19 55562 1
1 23 5 29 38697 1
14 12 28 3 62638 1
13 26 23 13 67792 1
16 24 28 8 90169 1
27 14 29 28 66596 1
0 15 12 10 52986 1
26 26 0 24 80577 1
21 29 26 8 92348 1
17 13 8 2 63707 1
3 20 14 27 58588 1
2 20 27 20 81739 1
27 14 6 23 99019 1
15 23 5 18 46098 1
12 21 25 1 102970 1
28 18 16 19 53585 1
11 22 18 10 70669 1
6 29 10 23 32797 1
25 26 16 9 74453 1
13 7 19 19 65546 1
20 23 17 6 70272 1
6 20 25 18 69521 1
19 9 23 25 62308 1
17 15 13 9 34833 1
22 5 12 1 47965 1
19 10 2 24 89014 1
12 18 23 3 83175 1
3 9 0 20 51989 1
23 29 12 20 63656 1
20 20 12 18 35965 1
14 29 9 2 120078 1
7 8 18 23 80554 1
4 3 1 18 63993 1
0 3 4 28 105264 1
7 10 17 2 59278 1
16 14 3 0 81799 1
8 15 14 8 43525 1
2 15 25 7 84220 1
21 26 13 9 80055 1
16 5 26 17 68999 1
3 28 13 13 81735 1
14 9 25 27 85682 1
1 6 19 10 72456 1
22 24 13 7 78404 1
24 29 28 14 73546 1
8 23 3 12 44213 1
11 27 9 1 104287 1
10 1 19 18 89360 1
5 6 24 0 81404 1
14 6 4 14 58900 1
19 3 14 16 60840 1
6 20 21 6 81570 1
11 19 23 20 47982 1
1 11 29 11 90531 1
13 29 3 12 83140 1
4 1 29 14 116822 1
0 3 29 21 139421 1
8 24 28 8 106866 1
2 26 21 17 88643 1
7 25 2 17 51188 1
8 18 27 29 89533 1
19 4 15 10 27480 1
20 2 29 25 102136 1
7 3 25 13 83497 1
14 4 15 13 40418 1
16 2 11 7 35849 1
6 23 1 8 74901 1
22 23 10 6 85510 1
29 7 26 19 62524 1
23 14 4 17 70854 1
27 22 21 11 57591 1
9 24 29 19 77013 1
20 2 8 26 105861 1
5 10 27 1 96448 1
0 12 20 28 112692 1
25 1 18 14 60322 1
5 12 24 25 89756 1
9 13 6 25 51606 1
28 9 9 9 74237 1
17 12 13 4 39187 1
22 6 8 16 60168 1
25 16 10 8 71205 1
6 22 17 26 47606 1
10 13 16 7 38495 1
18 16 9 29 71516 1
27 25 2 2 138392 1
15 12 3 11 34789 1
9 6 2 29 102514 1
1 3 20 19 111638 1
7 16 3 24 39188 1
23 18 14 19 38149 1
14 10 7 13 33835 1
23 16 12 11 45614 1
1 25 9 15 59251 1
29 10 8 15 70220 1
7 4 9 18 52434 1
6 8 1 13 36080 1
16 6 25 4 40225 1
1 16 25 3 101717 1
14 28 27 0 125549 1
8 23 13 14 50433 1
13 26 27 21 56947 1
6 11 19 0 75329 1
14 19 1 5 88534 1
5 18 12 9 51476 1
0 2 7 11 50118 1
2 9 28 13 85659 1
7 10 25 27 101582 1
1 27 18 15 92156 1
27 23 15 24 38805 1
17 2 29 28 113955 1
0 23 0 7 83587 1
3 19 1 9 47697 1
16 12 13 5 32141 1
5 23 0 4 91536 1
3 6 5 25 82134 1
16 0 28 3 43263 1
27 17 6 16 84613 1
29 11 23 28 87566 1
27 5 7 16 82205 1
0 25 3 14 47804 1
20 4 15 17 61362 1
29 6 22 9 34616 1
1 19 10 1 93700 1
7 18 21 18 53770 1
28 1 6 5 83856 1
0 1 20 0 79577 1
25 17 17 6 58052 1
28 27 8 21 75877 1
9 5 18 24 97949 1
0 16 29 11 104342 1
6 22 28 16 98605 1
25 15 19 2 56385 1
19 25 19 7 78279 1
28 10 13 2 70995 1
21 1 10 3 42436 1
9 1 27 13 95351 1
17 24 18 13 49118 1
7 21 4 6 59982 1
1 21 1 7 63244 1
9 7 25 22 93525 1
13 4 18 16 59552 1
0 24 11 19 49274 1
10 7 26 2 65494 1
18 3 21 19 63817 1
10 29 5 6 87549 1
4 16 5 7 48340 1
21 0 14 16 82040 1
4 29 5 5 101958 1
0 8 18 4 81125 1
13 25 1 15 75202 1
12 3 3 27 116562 1
19 25 5 7 106329 1
28 15 4 22 106777 1
26 16 9 26 88782 1
6 6 7 18 39734 1
24 23 29 11 68031 1
27 27 14 22 57101 1
19 25 8 4 111416 1
21 15 2 29 112826 1
9 18 19 3 70716 1
9 17 7 4 49541 1
10 18 25 24 69423 1
2 1 24 23 124331 1
18 0 4 19 101635 1
13 8 26 29 103633 1
16 18 5 8 72446 1
9 11 13 20 40983 1
21 18 21 28 41944 1
5 19 25 1 106702 1
19 13 0 3 83076 1
9 14 7 28 53969 1
1 3 23 28 137117 1
12 27 3 8 87127 1
13 9 3 14 47828 1
16 15 29 9 58434 1
17 26 28 11 85806 1
28 20 10 21 62918 1
29 6 9 26 122391 1
21 10 15 28 82192 1
14 5 12 21 77842 1
22 18 12 24 48422 1
14 3 8 21 84844 1
19 29 13 22 55424 1
1 24 13 1 115418 1
25 10 0 5 97286 1
5 29 5 0 120720 1
2 10 12 25 74946 1
25 10 5 18 76445 1
15 4 28 1 47380 1
28 21 10 11 84262 1
29 28 14 7 107185 1
22 7 13 9 43490 1
29 12 18 9 54100 1
17 27 0 21 73773 1
23 0 15 7 49524 1
1 19 2 9 44887 1
22 29 5 28 73069 1
15 17 18 5 49235 1
22 7 14 20 65018 1
5 29 23 10 108484 1
24 11 9 25 89244 1
7 29 16 28 43146 1
13 7 29 6 62606 1
10 5 5 10 35767 1
17 4 14 23 74061 1
26 11 15 25 84635 1
6 13 26 3 84646 1
8 0 18 3 48145 1
5 28 7 14 58891 1
10 5 21 19 81180 1
14 22 9 4 87600 1
11 7 26 6 62624 1
20 17 11 12 44502 1
19 3 11 21 87038 1
3 18 13 19 44356 1
5 24 8 4 82476 1
0 12 26 25 113320 1
1 26 20 18 82721 1
1 29 19 17 97439 1
26 20 19 2 76944 1
4 19 10 5 68739 1
24 17 14 20 48451 1
27 4 0 10 100915 1
27 25 18 11 70251 1
29 19 22 0 86842 1
20 3 6 0 56325 1
18 12 8 1 67436 1
26 8 19 17 60850 1
21 1 24 29 95979 1
24 14 1 29 120856 1
21 27 8 18 68990 1
26 13 2 8 82878 1
5 26 13 28 34850 1
7 4 0 12 46392 1
29 2 9 5 73080 1
28 29 3 9 128927 1
23 15 0 6 89083 1
9 5 21 3 47543 1
19 27 11 9 98948 1
14 6 27 28 102978 1
22 0 11 10 63509 1
16 6 4 21 84179 1
12 21 25 9 82645 1
11 12 18 29 90065 1
26 28 12 23 60335 1
1 27 15 26 47887 1
12 13 22 19 50679 1
10 1 27 29 137865 1
26 23 6 13 90146 1
28 20 4 15 97180 1
11 5 6 16 53020 1
0 28 8 7 92590 1
5 4 0 25 94074 1
1 21 29 26 98100 1
1 18 18 20 63720 1
19 12 26 24 59961 1
23 24 1 13 99257 1
20 21 15 15 41229 1
27 14 13 22 79474 1
11 27 23 16 68363 1
25 17 1 8 98388 1
0 7 23 22 117430 1
2 0 8 26 96858 1
26 2 18 18 74765 1
24 26 16 14 68545 1
16 14 22 3 46735 1
7 8 26 8 83058 1
29 14 17 5 60703 1
1 13 19 26 97562 1
28 21 28 4 79827 1
5 0 5 13 59536 1
5 20 8 2 69788 1
19 18 8 18 43993 1
6 20 20 6 79632 1
19 4 15 13 36344 1
22 29 9 22 61863 1
26 16 1 18 106652 1
11 12 4 24 60853 1
12 23 2 2 90527 1
7 28 15 2 112447 1
12 22 7 16 36075 1
23 27 13 6 91768 1
15 7 26 16 62066 1
14 17 3 12 57221 1
21 9 2 8 76343 1
21 21 24 29 37434 1
5 20 11 25 33517 1
24 4 9 6 55091 1
22 7 12 17 61876 1
5 5 12 12 43163 1
15 16 29 18 70559 1
14 28 9 23 35468 1
9 6 19 15 66436 1
21 3 17 23 80779 1
21 19 11 18 44002 1
4 14 2 0 54649 1
26 4 20 22 82550 1
29 9 16 1 64545 1
10 19 28 24 75220 1
8 19 16 25 43227 1
6 2 16 9 61303 1
28 29 5 1 155945 1
0 11 10 13 35033 1
2 10 28 24 115614 1
8 0 7 17 62564 1
4 12 17 21 64591 1
27 2 15 14 67534 1
8 26 25 10 94520 1
12 9 4 23 77305 1
11 10 20 7 39531 1
1 7 12 25 89570 1
13 21 3 28 56917 1
10 17 4 0 82168 1
16 0 13 24 92863 1
16 15 8 4 68896 1
28 27 15 20 61330 1
29 15 1 15 96814 1
13 5 25 17 71991 1
22 29 27 12 76041 1
19 2 0 22 115385 1
25 11 22 20 44061 1
25 19 28 3 80162 1
16 14 17 26 53524 1
1 15 17 7 65689 1
22 6 6 27 104809 1
14 1 5 13 70717 1
12 9 2 8 46265 1
1 22 11 22 41623 1
0 11 14 2 74123 1
1 8 1 24 72845 1
5 16 20 18 61950 1
22 16 13 29 71972 1
11 11 29 7 72635 1
10 15 21 29 87975 1
25 29 15 26 38386 1
5 6 14 9 43919 1
25 8 16 11 40816 1
18 8 12 29 98117 1
27 0 11 10 79432 1
3 26 17 4 104757 1
22 8 9 11 45483 1
4 19 21 23 73949 1
26 27 12 21 66645 1
8 16 12 7 46278 1
23 25 28 5 80886 1
17 27 19 5 89734 1
28 22 17 24 43603 1
21 1 15 26 97047 1
4 28 16 14 86313 1
0 27 11 6 99713 1
0 14 25 5 91546 1
21 23 6 5 99207 1
20 15 22 29 59414 1
2 7 6 17 48309 1
8 25 17 10 69340 1
3 17 22 27 88038 1
23 18 21 7 41816 1
4 3 25 27 138476 1
23 28 0 0 151213 1
3 27 4 13 61367 1
13 21 6 10 55491 1
21 8 2 1 86526 1
17 28 7 4 107552 1
29 27 22 6 83806 1
7 22 29 0 125249 1
21 8 5 19 80941 1
24 23 9 9 82029 1
26 10 23 22 57958 1
16 24 2 8 87313 1
20 7 7 23 88986 1
25 25 18 2 93113 1
7 11 3 17 30283 1
16 4 11 9 40430 1
11 21 11 6 67884 1
1 21 19 27 80895 1
29 17 19 19 55238 1
26 9 2 12 75562 1
4 17 13 4 79701 1
18 1 6 17 82532 1
22 24 5 19 69205 1
16 2 22 22 76517 1
25 15 12 2 76175 1
6 13 23 0 84130 1
14 7 9 26 84394 1
27 15 11 29 94654 1
10 26 25 5 106548 1
5 28 24 2 130628 1
8 7 28 19 100461 1
14 6 1 11 60671 1
23 28 23 6 73785 1
10 28 0 24 41728 1
20 21 2 9 93165 1
9 29 26 5 122412 1
9 8 0 7 47998 1
23 25 24 6 67277 1
16 1 27 25 104308 1
8 2 22 9 62737 1
28 14 22 26 58603 1
7 3 12 22 80552 1
21 10 22 24 47110 1
12 22 7 17 34010 1
11 0 5 8 59061 1
14 6 15 26 83802 1
9 19 6 4 59765 1
22 10 24 20 37188 1
19 29 0 19 99418 1
21 22 16 12 51461 1
18 9 25 14 36410 1
27 23 12 11 77924 1
18 6 27 20 73106 1
15 28 20 11 82320 1
15 9 15 24 58189 1
18 1 27 10 55774 1
8 22 14 14 48692 1
5 25 20 4 111003 1
2 25 28 25 85450 1
22 24 18 8 64478 1
3 6 1 16 41578 1
7 14 23 1 78311 1
28 20 7 28 87696 1
21 29 27 4 98539 1
8 15 28 16 78752 1
28 6 1 3 103847 1
22 24 16 8 64723 1
14 27 6 11 76162 1
22 5 19 14 33109 1
20 21 0 3 119169 1
21 25 8 19 58691 1
13 2 8 27 102671 1
19 1 24 24 86481 1
23 0 16 13 57602 1
1 3 23 8 90471 1
21 18 8 16 57161 1
28 27 8 4 134536 1
22 9 29 3 38241 1
10 24 27 18 65697 1
24 7 6 5 66284 1
4 12 7 0 48300 1
0 14 10 9 46681 1
22 5 10 5 39123 1
4 15 6 6 44317 1
21 13 4 25 96069 1
9 18 11 6 51562 1
20 18 10 6 75453 1
17 3 21 21 77000 1
19 5 25 26 80049 1
14 24 29 26 47963 1
2 14 28 26 111674 1
8 25 9 1 90081 1
3 0 3 15 53057 1
26 3 2 20 117652 1
28 20 11 10 78667 1
26 22 24 5 75243 1
10 13 26 6 65263 1
14 20 20 10 57368 1
26 2 3 3 75287 1
20 18 14 23 36601 1
5 18 9 3 63238 1
16 12 0 9 54662 1
1 13 24 5 82973 1
6 10 27 15 72742 1
17 16 7 1 81238 1
6 13 25 14 58594 1
0 20 14 24 53075 1
11 12 21 2 55213 1
13 16 21 11 46298 1
8 15 17 14 37272 1
20 11 11 13 34322 1
16 3 11 8 36123 1
25 5 4 28 126121 1
15 5 24 27 91278 1
8 12 24 16 55160 1
24 15 14 4 63036 1
1 3 7 9 40383 1
11 24 22 6 85096 1
19 6 11 2 36785 1
11 27 13 16 58666 1
16 6 16 18 46652 1
15 26 8 6 88989 1
22 24 23 1 73794 1
3 14 25 24 102785 1
11 2 25 27 118736 1
3 8 23 19 88377 1
7 10 29 2 92386 1
28 5 21 24 77547 1
19 4 0 18 95473 1
7 14 15 8 43541 1
15 9 24 6 43278 1
15 0 21 26 99883 1
25 22 19 9 62818 1
9 24 14 15 54766 1
18 8 8 22 64098 1
19 25 20 14 55270 1
14 12 0 23 77627 1
10 7 16 29 108568 1
22 3 25 22 70111 1
18 22 1 12 83619 1
16 20 9 16 35486 1
3 23 6 12 49824 1
8 10 1 3 45294 1
27 13 3 12 68312 1
21 21 1 13 93563 1
7 22 29 27 83362 1
3 9 1 19 47424 1
4 5 27 22 121505 1
8 10 13 2 50658 1
24 7 6 11 65224 1
25 21 18 10 58523 1
26 23 9 12 76765 1
7 5 12 0 39059 1
13 26 4 3 103727 1
25 13 16 29 83901 1
15 12 27 26 71132 1
10 2 22 15 72209 1
17 1 13 24 92363 1
8 14 1 0 64278 1
17 4 28 20 82678 1
0 1 18 3 67262 1
9 14 1 25 60644 1
9 9 10 19 37577 1
19 23 11 16 57904 1
0 17 26 24 114683 1
8 6 26 9 78277 1
12 13 15 3 48281 1
13 29 27 28 59750 1
22 2 19 11 37619 1
12 14 15 21 41088 1
10 10 5 0 57539 1
23 1 3 11 85154 1
28 6 27 15 47625 1
11 2 20 9 52249 1
27 19 2 26 92808 1
19 28 9 23 49910 1
3 0 19 19 112786 1
8 3 22 21 99327 1
23 17 0 16 88031 1
24 15 13 3 68540 1
16 22 25 2 90635 1
3 24 9 8 70612 1
1 24 17 25 53432 1
12 5 16 21 74419 1
23 12 3 26 98783 1
19 7 21 15 41040 1
15 18 14 2 66445 1
24 9 14 11 39883 1
8 29 6 15 51911 1
11 3 14 21 90815 1
7 8 18 29 101871 1
18 27 10 1 124863 1
22 5 12 11 47798 1
1 26 22 15 96110 1
18 0 1 26 129290 1
4 23 1 1 90574 1
3 0 20 19 115977 1
26 17 19 3 69135 1
27 10 2 13 73615 1
29 27 27 9 87338 1
15 6 9 2 36480 1
11 17 20 0 89588 1
8 23 23 22 54862 1
19 25 13 10 78656 1
12 23 11 10 60286 1
28 1 7 12 89759 1
10 21 20 13 65706 1
14 3 18 24 88778 1
0 28 9 17 60497 1
9 26 6 6 71109 1
8 25 28 24 69544 1
26 15 16 25 74217 1
24 9 2 13 68789 1
17 3 0 9 81895 1
2 23 15 13 76004 1
27 20 20 0 85868 1
18 13 29 16 55135 1
26 17 29 9 47152 1
13 15 3 5 70195 1
0 2 17 8 75021 1
29 27 20 1 108832 1
6 16 8 24 31480 1
12 24 11 4 94243 1
3 19 23 17 79289 1
13 3 16 17 60876 1
15 19 8 9 63877 1
2 7 12 9 48684 1
18 13 6 22 68860 1
26 17 11 1 100866 1
5 29 27 25 80685 1
6 14 10 23 38115 1
9 27 1 2 97735 1
15 0 23 23 91254 1
5 3 8 16 53755 1
15 1 6 15 76487 1
8 16 19 28 75235 1
8 13 6 2 48767 1
25 16 2 1 107831 1
16 24 11 19 35400 1
8 4 21 22 107965 1
16 26 21 15 57317 1
10 13 11 3 54711 1
27 22 15 0 104601 1
28 0 21 27 109490 1
15 25 28 12 88942 1
10 9 3 12 29971 1
18 2 29 18 91406 1
