3728 5909 5762 5592 4902 6073 3975 3801 6073 5003 5011 4339 4391 4852 3859 5125 5547 4399 5178 3864 3956 4991 4108 3805 4225 6016 3830 3636 5660
4402 5172 4997 6756 5179 4622 6554 6215 7009 4489 4917 4319 5407 5131 5800 6351 4808 6292 5510 6271 6392 6359 6127 6006 5849 4490 4215 6053 6866
1738 2242 3702 2227 2410 3930 3883 4140 1704 3661 2945 3663 3542 2316 3288 1832 3884 3693 2019 3897 2959 3308 1612 2773 2773 2023 3437 4008 1844
3747 1909 2564 3634 3399 1310 2113 3858 1934 2172 3327 1892 3725 3209 3461 3737 3367 1637 1212 2928 2508 1760 2756 1706 1698 2657 3880 3116 1822
8537 6402 7692 5894 7154 7532 6101 7535 7362 7408 6749 6041 8141 7058 6694 6668 6952 7236 8211 7605 6066 8082 6248 6622 8035 8403 5992 6790 7724
2461 2362 2673 3711 3285 3089 4913 2615 3489 2874 2326 4768 4569 2977 4881 5117 3960 2372 4288 4957 3275 5056 2774 3999 2854 2554 2416 2809 2681
5097 6197 7140 5553 4642 6723 5070 5606 4844 5635 6844 4654 4729 5377 7041 7207 6731 6036 5125 5764 7115 4571 4697 4772 5877 4485 6137 6451 6104
3314 5125 3513 3827 5788 2993 2981 5351 4542 5278 4502 4930 5359 2960 5047 5034 4690 5537 4701 4433 3754 3063 5693 3416 3231 4899 3208 5781 3425
6513 5043 6251 7008 5396 7303 7387 5584 7559 6948 5551 6549 7175 7282 6551 6429 7173 5159 5379 5933 6581 5847 6234 6674 6538 6612 5911 5432 5874
6108 4888 6939 7043 7160 4624 5303 4562 5641 6067 5730 5624 5535 6452 6901 4975 4966 5089 6777 6847 5132 5831 7305 6821 5897 6305 6757 7145 5939
4141 3642 2354 3448 2069 3585 3218 3254 2670 4579 3011 3944 3603 4880 2401 3000 4352 4687 4410 2624 4783 2365 3565 2035 2704 2051 4406 2397 3060
4407 3093 3135 3746 5144 3005 4243 5038 3791 2941 3206 4862 4916 5069 5221 4161 5417 3506 5325 4471 4421 2820 4653 2666 5366 4632 2903 4951 5071
3795 4014 2814 3409 2784 3462 2901 4865 2883 4061 4948 2349 2719 4785 3882 3076 4650 4095 2434 4122 3631 2775 2245 3787 5086 4653 4089 2855 3871
3427 4210 3249 3258 3541 3373 2918 4156 4954 3429 5140 4086 3619 4987 3576 3389 5011 4412 3132 4290 4533 2739 5367 3541 2727 2794 3025 3027 3889
4034 2416 4819 2494 4593 4830 3164 3322 2889 2761 4106 3539 3180 5038 5182 3283 5167 3536 4769 3934 3376 3890 4579 4361 4264 3906 4970 3559 5247
4494 6219 5289 5439 5323 4691 5101 6068 5806 4519 5193 3887 6344 5885 3724 6062 4779 5767 3981 4943 4805 5203 5531 5054 4136 4876 5309 4405 5311
3982 3830 2385 4774 4052 3264 2669 5015 3662 2645 5035 2279 3176 4195 4951 4807 3260 4865 3154 2906 2162 4501 3857 2656 4368 4744 2280 3797 4661
5914 5240 6074 4265 5622 5546 5193 5714 5192 4178 4249 4659 4421 6773 6221 6731 6690 5131 4272 4385 4485 4762 4222 4890 4639 6492 6655 4560 6169
3608 1485 1972 2464 3487 1615 1031 2804 1528 2123 2006 3443 2986 2478 3791 1948 3536 2328 2884 2980 3157 2907 1416 2337 1890 3277 2968 3176 2256
2448 3333 4672 3304 4134 3310 4214 4075 3318 3476 3174 3497 3338 3297 4357 4113 3153 3495 2474 3457 3973 3978 2533 2421 4320 4271 3763 4600 4510
7229 5271 6067 6803 6718 6655 6899 7186 6485 6089 4429 4831 6810 5041 5162 4719 7088 6951 6952 6406 4482 6830 6010 4693 5022 5946 6884 6343 5520
7485 6187 8235 6041 7794 6700 6713 7127 5514 7294 5882 7170 7498 5673 6870 7934 6838 8082 6562 7822 5995 8389 5623 8115 6773 6888 5657 7321 7481
3985 4525 4152 1922 4050 3670 2966 4483 4657 2593 2220 2554 3702 4507 4143 2691 2197 3747 4078 2931 2581 3084 3365 2333 3566 4452 1814 4568 4548
5948 6502 4817 6249 4816 5693 7530 5662 4899 5264 6397 6089 5263 5379 6026 6250 6072 6871 6837 5690 6810 7344 6561 5417 4839 4662 4671 4969 5599
4878 3900 4288 5560 6120 4475 3806 4946 3732 5857 4130 5835 5107 3656 4742 3446 5562 4195 6046 4177 5275 5798 5384 3357 3360 3348 4929 3684 6052
6982 6486 6459 7358 5542 7404 5653 6098 6536 5547 6310 5536 7976 6273 5716 6988 5695 6293 7479 8059 5885 6146 6015 6704 7676 8048 5993 8001 6732
3226 2941 3043 1234 3332 2102 2614 2472 1240 1534 1982 3792 1216 3730 2143 1161 3262 1268 3680 3825 3270 3084 2086 3808 3547 3759 3560 2116 3367
2899 2680 4172 2725 4464 2589 2724 2366 3470 5027 4728 2904 4394 3711 2368 3903 3332 3439 4179 4942 2484 3406 4593 2795 4284 2692 4599 4345 5053
3194 4479 2731 4328 3565 3464 4639 4112 3690 3100 3832 2699 3396 2244 2858 2930 3167 4383 3510 4908 4574 2500 3928 3068 4930 3625 5072 2244 2961
2710 3042 4548 2563 2771 4178 2912 5285 3683 2592 3535 2797 4734 2801 3760 4385 2727 4474 3282 4678 4261 3413 2960 4121 3088 4357 3834 3893 2511
3967 5443 5264 8649 4151 2007 4061 3227 5003 4876 7442 4437 5843 2233 5720 2894 6139 3603 6598 5019 3467 4146 2995 5063 1994 4627 5872 5563 7147 2890
4095 7065 3743 8490 4017 3638 2787 3677 4893 3972 6209 3671 4869 4637 6763 5166 7259 3251 5919 5537 1771 4872 2987 4243 3260 6487 6787 6496 6649 1883
3016 6328 4336 8002 4552 4264 2536 4030 5530 4826 5172 4611 6281 4826 5782 2904 8046 3624 6913 4651 3634 2296 4633 4844 3176 5077 6157 6745 5454 2065
4540 6157 5006 7790 6353 2687 3078 2289 4959 4143 5723 2520 4772 2436 6359 5119 6886 3433 7630 5563 2751 4525 4903 2577 3563 4565 7192 6012 5535 3124
2423 6909 4265 6338 4799 3611 2762 4252 3689 3320 5069 2597 7153 2440 5247 5291 6187 3075 4943 4590 3442 2880 2828 5370 2187 6602 7683 5099 7671 3254
2629 8177 5433 7353 4019 3884 3310 2557 5542 3536 7372 2885 4994 2686 7504 5146 5446 4431 6975 4054 2743 4896 3999 3612 1554 5400 5986 5585 6521 3214
4044 6249 5732 8240 4986 2506 3657 2240 4364 4800 4975 3491 5807 3531 4694 2940 5664 1878 6578 5098 3629 2456 5334 5000 1600 4492 7002 6450 7704 2111
3265 7492 5817 8881 5747 3354 1811 2924 4276 3998 6932 2440 4555 3225 7473 2810 6120 3570 5387 4365 2453 2154 4336 4913 1645 6513 5964 7165 5901 2343
4095 6807 4905 8074 4530 2228 2264 3447 4750 3521 6276 2206 4734 2779 5689 4553 6690 2062 6831 4873 1819 3313 5177 4134 3807 7005 7365 6203 6847 2998
3065 6253 5737 8313 4288 4495 3889 4162 5497 3369 5017 4400 5641 2204 5701 4570 6356 2689 6201 5838 3221 4594 3545 4534 2898 6638 6353 6980 7297 2001
3844 8121 4634 6690 5416 1860 4457 1700 5852 5336 5099 2463 6723 2800 6839 4840 5689 3558 6089 5593 3016 4620 2696 3208 2728 5754 7563 7784 6570 2309
2757 7182 5859 8789 6140 1734 2964 2306 3657 5786 6960 4044 4624 3299 6616 2714 7097 4314 6759 5566 1608 5010 3804 4774 3322 6531 8621 6696 7592 1695
3413 6112 4606 7635 3900 3813 2655 1429 4131 3466 7096 3201 4987 2085 6563 5083 5365 3337 5452 4640 1586 2163 4089 3650 2041 4369 7857 5299 6454 1314
3045 6684 5523 8014 4239 2439 2092 2750 3918 3951 6668 3320 4535 2376 6211 4275 5982 2509 5961 4181 1940 3442 5026 4497 1970 5566 8081 7753 5845 1234
3628 5951 5325 6455 4854 3027 2218 1534 4473 3134 5308 4005 6859 4017 4895 5418 5901 3284 5706 5113 1905 3365 3385 4911 1368 4990 6231 6887 5329 2024
2674 6164 5741 8723 3561 3440 3100 1840 6412 3726 6873 4723 5724 3095 5702 5360 5469 3850 6592 5711 2651 2118 4091 5210 3557 4336 6228 5045 5286 3152
2375 5349 5409 7868 5545 2522 3108 3640 3623 3273 6742 3139 6921 2095 5705 2772 6677 2862 6776 4602 3746 3643 4227 4690 3047 5901 6489 6564 6106 3220
4615 8033 5984 6065 5131 4490 3120 3272 4892 5131 7209 3361 6697 4041 4772 2805 6404 3939 5414 5625 3598 3378 3510 5149 1443 5967 7802 5338 5838 3008
4102 6356 5676 6001 4841 2673 3818 4131 6423 4979 5976 3653 5137 3074 5226 4099 6179 2704 5523 5234 2578 3978 3865 3051 1214 4911 6110 6027 7475 2545
3752 7106 4088 8303 4691 2323 3709 2928 4226 3946 7103 3671 4791 4381 6719 4170 6922 3901 6229 4090 2189 2676 4593 4612 2681 4882 5848 6416 5458 1233
3922 7251 3688 7496 5646 3322 3715 2068 4467 5200 5046 4147 5476 3266 6937 2976 5851 4098 7617 4350 2726 2104 4812 4531 1388 4546 6049 6538 7891 1251
2544 5913 6181 6373 5147 3730 4357 2503 4798 5068 7136 2777 6549 2548 7164 3018 7592 3639 7191 5775 3501 2646 4224 3792 2720 5850 6957 7642 5290 3363
2161 6684 3982 8854 4346 2611 2721 4106 4842 3858 5558 3890 4961 2942 6274 3440 5465 2036 5235 4857 2638 3734 2892 4207 2964 5672 7529 7784 6865 2620
3139 7514 5760 6989 5926 2210 2629 4135 3632 5046 7376 4510 6212 4400 7454 5209 7858 4353 6415 5596 3048 4619 4319 4086 1754 6554 8529 5832 6748 2658
3934 8029 4732 7449 4015 3365 4189 3521 5126 3383 7292 2500 7164 4533 6248 3236 6754 2052 5988 4968 2827 4451 3202 4094 2181 6335 7255 7612 7028 2427
4611 7411 5915 8106 4542 2967 3465 2419 4379 4858 6112 3874 6984 3067 5728 3903 5480 1657 6201 3728 1897 4216 4710 3725 2529 4352 6126 5566 7264 1621
2673 8238 4830 7449 3886 2205 2760 2672 5527 5025 6034 2758 4937 2957 5508 4442 7194 2167 6411 4175 2718 4424 3573 2543 1298 4658 7554 6033 7841 1352
3380 6969 3852 8383 3521 3604 2502 2993 5917 3440 7186 3549 6008 2857 5925 4971 7997 2690 6837 4910 4081 3001 5077 2897 3538 6184 6133 5597 7370 1540
2222 8132 5582 6569 5704 4080 2888 2237 3674 4335 5485 4105 6690 4264 4801 2868 5739 4143 5478 6101 3420 4572 4324 5084 2469 5560 7487 7243 5459 2309
0 25 0 14 47375 1
10 13 17 1 58175 1
28 18 29 6 41560 1
6 13 21 28 91386 1
4 17 16 6 67627 1
20 18 8 10 65622 1
14 9 0 9 54989 1
29 17 5 22 81423 1
14 23 4 13 62040 1
17 16 0 21 66069 1
17 12 14 23 50768 1
5 4 19 22 87085 1
29 28 20 5 88815 1
20 16 20 2 54480 1
3 8 9 3 39754 1
23 29 15 8 81354 1
21 2 27 23 74462 1
25 20 8 23 58058 1
19 28 14 0 91774 1
28 26 11 18 66151 1
10 8 3 22 60235 1
22 22 3 0 110512 1
23 18 4 19 66700 1
28 29 13 6 93498 1
0 27 1 4 81804 1
1 29 5 11 56136 1
21 21 13 3 71007 1
29 18 18 20 39583 1
16 8 21 29 68959 1
20 29 19 15 44937 1
21 0 0 20 111253 1
21 20 2 23 57325 1
14 6 8 26 89081 1
5 11 25 18 84860 1
27 4 23 11 29497 1
21 23 19 14 40676 1
1 28 19 8 107067 1
25 21 19 9 60645 1
15 27 7 0 116038 1
19 4 5 4 49884 1
23 8 1 7 69004 1
4 21 11 24 28941 1
26 13 3 6 80502 1
28 16 20 26 53549 1
10 19 23 27 56312 1
13 13 8 21 45374 1
21 9 6 29 95421 1
29 8 26 22 49776 1
20 16 18 8 31343 1
6 0 5 27 85605 1
1 11 23 19 90487 1
11 20 26 7 69743 1
1 1 6 9 41122 1
23 18 16 24 36100 1
1 29 12 28 30868 1
5 3 22 27 108519 1
15 25 7 12 66498 1
9 5 8 24 77221 1
29 25 29 12 48684 1
1 16 3 26 30545 1
13 20 22 5 63369 1
6 27 16 17 61065 1
9 27 4 12 70093 1
7 17 9 5 55313 1
7 14 11 27 62782 1
0 29 28 20 92164 1
6 3 24 24 102720 1
12 18 25 10 71714 1
26 15 22 4 38028 1
25 21 23 5 52049 1
20 15 26 10 34645 1
24 17 24 28 44761 1
5 12 24 6 69819 1
15 19 24 24 36158 1
29 28 13 10 97186 1
11 29 18 7 73866 1
4 29 29 0 135195 1
7 15 25 9 76648 1
5 28 22 18 67988 1
28 1 11 26 113216 1
15 23 29 14 68390 1
20 24 19 8 52166 1
19 2 4 21 91150 1
5 2 2 21 60653 1
16 9 4 7 39818 1
9 28 4 6 86049 1
7 9 18 8 38087 1
21 1 8 27 116680 1
26 12 19 20 39111 1
23 4 26 12 29094 1
17 16 24 9 47863 1
25 21 16 27 45471 1
22 20 5 7 79630 1
24 24 17 15 39019 1
11 25 22 20 41480 1
22 15 28 5 44422 1
6 25 24 12 90783 1
3 21 22 7 89081 1
26 19 3 27 78469 1
19 7 5 18 73854 1
16 20 12 5 62965 1
9 20 0 15 40014 1
14 27 18 20 32372 1
21 16 9 29 69074 1
1 23 21 19 68550 1
5 29 12 3 98497 1
8 23 2 15 41070 1
22 22 8 22 47499 1
6 2 22 0 65267 1
25 12 4 19 92135 1
19 8 11 10 36747 1
3 11 9 7 27589 1
17 21 13 8 58562 1
26 25 3 10 94933 1
2 13 21 20 68322 1
0 1 27 3 105646 1
23 9 14 0 53582 1
4 25 22 7 96718 1
8 4 22 26 95940 1
2 17 15 9 61871 1
27 3 21 8 36464 1
9 10 1 6 40596 1
4 12 2 23 37772 1
5 1 25 14 96472 1
24 23 24 5 58612 1
22 16 29 7 42729 1
9 28 5 14 70598 1
17 8 7 17 61046 1
13 16 0 6 67842 1
28 29 15 6 89188 1
11 20 2 19 30605 1
8 1 7 23 97398 1
14 26 22 24 25588 1
20 18 5 13 62414 1
14 0 0 9 71458 1
13 4 3 21 73702 1
14 19 7 4 74914 1
4 1 27 14 102691 1
29 26 27 15 44500 1
13 7 25 24 72590 1
3 8 25 2 83492 1
22 11 24 21 41484 1
15 4 2 16 70967 1
8 28 26 23 63635 1
8 25 1 8 66946 1
10 20 13 11 39937 1
6 13 18 1 61881 1
15 2 12 18 69703 1
4 8 13 29 83339 1
5 1 28 23 120140 1
12 9 7 4 31717 1
21 14 12 6 48608 1
23 5 24 15 38506 1
28 0 21 23 79082 1
8 28 2 17 50055 1
24 9 27 24 49380 1
28 25 23 9 62758 1
21 0 9 25 100361 1
17 8 20 18 41159 1
29 21 3 2 122376 1
2 14 25 1 106789 1
0 10 15 16 72612 1
24 25 1 13 86899 1
1 13 21 14 68966 1
3 1 27 18 109220 1
13 17 27 20 48758 1
15 19 9 3 79035 1
11 14 26 18 61150 1
27 9 16 23 69443 1
21 29 22 10 66444 1
18 22 28 29 37930 1
24 10 9 16 72500 1
8 3 19 23 87641 1
1 10 21 18 92463 1
0 7 8 1 51033 1
14 20 12 29 34781 1
20 13 14 7 32631 1
0 9 22 25 100409 1
13 24 26 27 39682 1
17 29 20 18 41130 1
19 16 29 25 51690 1
2 6 25 16 95552 1
12 19 27 15 58590 1
26 23 22 14 36342 1
11 29 27 6 95572 1
8 29 18 13 66284 1
6 12 16 2 59408 1
24 6 20 18 56751 1
0 6 2 26 64658 1
26 17 10 6 70032 1
18 5 28 27 83192 1
14 17 8 8 53639 1
25 22 17 15 43553 1
27 26 14 0 99311 1
8 17 4 10 43546 1
6 14 22 0 83932 1
1 13 16 3 73149 1
22 4 11 23 82430 1
1 8 29 5 89141 1
11 9 0 4 50634 1
13 25 14 13 48711 1
11 12 18 15 31321 1
15 28 8 2 112510 1
11 13 2 22 49764 1
12 27 0 5 95653 1
26 17 2 7 92715 1
11 26 11 10 64636 1
27 10 28 25 53441 1
10 12 1 29 68306 1
27 7 16 22 69016 1
21 12 22 22 40005 1
14 14 27 13 49454 1
27 10 12 28 89327 1
8 19 25 29 69186 1
11 24 1 9 67216 1
3 6 10 14 43202 1
13 0 26 16 76540 1
22 0 23 11 43113 1
14 15 18 0 53176 1
12 14 24 6 56720 1
14 20 12 4 61542 1
1 10 12 25 73634 1
15 14 4 1 77389 1
15 11 2 2 63165 1
1 22 18 1 98096 1
1 3 13 17 82170 1
19 20 2 1 96023 1
9 5 29 11 72326 1
27 15 9 13 63259 1
6 27 22 18 70764 1
12 9 18 16 40003 1
7 5 7 21 68679 1
1 29 14 23 48797 1
22 24 1 20 57981 1
8 25 11 6 79349 1
15 7 22 22 60246 1
5 10 24 10 72782 1
19 29 6 16 73312 1
5 6 25 20 90962 1
11 23 29 14 75448 1
8 11 1 28 69897 1
7 3 16 0 41738 1
26 7 14 27 83539 1
1 12 4 21 36165 1
16 9 7 24 74850 1
6 28 21 19 71372 1
12 12 0 16 50878 1
2 15 18 22 59971 1
8 6 17 23 75306 1
7 16 21 5 70301 1
17 16 4 4 76631 1
11 7 15 21 61368 1
21 29 23 19 41462 1
26 17 21 11 32669 1
13 12 20 9 35688 1
11 16 24 29 71489 1
22 16 29 13 32615 1
22 13 0 8 83236 1
4 17 19 25 60204 1
23 25 29 18 40675 1
0 3 20 11 79953 1
6 15 2 6 39437 1
19 11 24 4 37749 1
20 25 3 11 79545 1
4 25 23 22 57029 1
24 1 24 14 50364 1
24 14 3 6 81612 1
19 2 4 13 71198 1
21 29 8 8 94912 1
18 7 17 22 44409 1
17 11 26 15 43264 1
23 8 28 22 52673 1
12 24 25 13 65241 1
5 17 19 15 51866 1
23 27 3 25 63567 1
9 25 18 17 46280 1
22 16 20 3 58027 1
1 29 26 26 67710 1
28 11 19 23 57312 1
19 20 28 2 71138 1
10 8 18 2 32294 1
21 20 7 8 76683 1
14 23 9 9 64855 1
2 15 29 17 91571 1
25 27 22 20 35330 1
14 29 6 22 40589 1
24 29 19 22 33405 1
29 16 12 19 61452 1
27 15 8 8 78747 1
13 18 7 22 27942 1
7 29 26 2 112174 1
10 0 24 2 54749 1
14 20 7 7 66098 1
9 0 24 26 107180 1
9 0 10 13 46583 1
29 18 22 6 51102 1
24 14 13 11 47554 1
14 22 11 0 85597 1
28 28 21 18 55698 1
17 0 21 12 46155 1
5 23 6 11 47943 1
15 28 17 12 63189 1
2 14 24 1 101441 1
9 23 20 14 62177 1
15 29 23 13 68920 1
22 27 3 19 66223 1
26 19 19 5 52724 1
3 9 15 23 73134 1
12 5 6 22 76058 1
7 3 0 29 90716 1
27 8 16 29 83834 1
16 6 9 19 64477 1
24 3 7 18 97774 1
8 16 23 5 78226 1
21 9 29 12 37864 1
17 24 25 27 33413 1
7 6 27 17 80163 1
11 23 0 22 36040 1
9 4 19 21 72123 1
25 14 0 11 91960 1
15 3 26 23 87389 1
3 5 28 2 85582 1
17 17 23 7 46318 1
29 5 23 14 44220 1
24 2 2 19 111401 1
15 11 9 20 50074 1
10 9 20 21 66046 1
8 11 28 9 75865 1
22 4 26 28 76454 1
11 24 0 1 95555 1
27 17 21 25 42032 1
28 22 20 6 65176 1
21 5 29 27 81600 1
22 6 26 25 62196 1
18 1 14 12 38957 1
15 23 5 5 88647 1
25 18 6 25 76566 1
1 14 23 14 78604 1
21 19 20 2 64089 1
29 4 17 0 53492 1
3 7 26 12 77173 1
12 24 26 25 34404 1
0 23 26 21 75374 1
18 5 17 24 48741 1
2 23 26 6 105155 1
24 21 9 26 55722 1
16 15 1 17 56932 1
25 5 19 16 52166 1
11 27 19 16 53515 1
17 16 21 25 40005 1
11 17 29 15 62357 1
15 8 3 8 41516 1
18 12 3 10 55039 1
6 15 16 22 52075 1
1 10 4 0 41551 1
1 11 23 9 79996 1
18 22 23 7 56635 1
1 26 7 7 69875 1
23 20 4 25 62440 1
1 21 0 4 64369 1
11 18 21 10 62409 1
14 19 29 16 57738 1
12 19 27 1 92092 1
11 8 10 19 43678 1
21 14 5 13 54627 1
11 25 22 3 87432 1
21 21 13 6 60835 1
2 7 9 13 38035 1
19 23 15 0 70692 1
0 29 16 22 58764 1
23 16 6 13 64235 1
20 20 15 29 37531 1
4 7 23 22 92439 1
0 5 19 8 61880 1
12 3 3 24 79433 1
7 2 24 23 106504 1
22 15 7 18 60741 1
26 23 26 2 52070 1
24 14 1 12 80613 1
23 4 12 21 76013 1
22 29 4 12 94857 1
4 1 22 12 83239 1
5 20 2 9 40725 1
18 7 0 9 59064 1
28 15 2 8 97475 1
14 2 2 8 55790 1
20 4 27 21 66146 1
22 20 4 6 85211 1
19 2 13 13 46149 1
15 0 15 29 92925 1
7 27 6 6 76694 1
28 13 10 0 83895 1
18 23 27 15 46356 1
28 13 15 3 66031 1
10 19 3 22 26950 1
29 25 23 4 71884 1
11 17 2 26 47175 1
25 10 2 20 97317 1
4 3 11 24 83417 1
10 22 28 24 47343 1
28 5 29 16 40930 1
14 27 22 17 52677 1
23 14 14 4 57198 1
23 5 25 19 44466 1
15 6 1 15 64771 1
7 12 19 29 83249 1
7 20 17 10 61180 1
25 17 9 27 74180 1
1 18 29 6 116422 1
8 19 2 5 64888 1
13 22 21 25 32349 1
6 10 9 3 44084 1
0 24 24 25 61241 1
16 15 4 12 51824 1
22 4 9 2 53031 1
10 14 18 23 47686 1
22 7 13 16 53486 1
1 29 19 25 57537 1
6 22 26 21 62998 1
18 0 12 26 83448 1
13 10 16 1 37939 1
0 7 10 3 42319 1
15 16 2 12 57633 1
16 3 13 22 74431 1
18 9 26 29 71605 1
5 19 6 1 72446 1
25 15 13 15 46778 1
16 25 7 0 103969 1
13 28 4 20 47983 1
15 6 20 19 49765 1
6 1 0 12 58278 1
1 22 28 15 92338 1
26 2 7 0 71108 1
15 24 4 22 32534 1
9 17 27 29 75596 1
17 20 10 17 28173 1
16 11 28 19 59859 1
19 26 11 12 64619 1
0 22 6 29 35821 1
28 27 14 19 60227 1
11 5 4 25 77769 1
29 16 17 1 75763 1
0 27 8 19 52182 1
23 19 13 26 44060 1
17 12 4 3 68851 1
2 2 13 0 41071 1
23 2 14 9 45297 1
5 27 23 2 112256 1
7 6 8 15 43760 1
3 1 14 19 83530 1
16 24 8 8 80290 1
21 0 3 17 97051 1
6 16 15 13 40939 1
26 27 1 5 121541 1
5 24 26 17 69432 1
24 4 4 11 73337 1
21 12 17 3 40540 1
23 11 16 6 33858 1
4 24 1 16 29753 1
20 12 8 13 39994 1
29 5 4 12 89479 1
14 17 2 29 64415 1
19 6 4 13 59802 1
20 28 28 26 32629 1
25 19 13 4 78584 1
2 13 3 22 24989 1
12 24 2 16 45319 1
9 18 3 0 72896 1
18 12 22 26 48769 1
15 29 20 16 53735 1
18 16 11 25 43659 1
16 28 3 2 105638 1
4 20 24 22 60895 1
10 29 13 10 72216 1
6 7 3 29 66049 1
18 18 27 23 37205 1
12 13 10 4 33851 1
7 8 8 25 74046 1
22 7 7 1 62529 1
23 1 6 18 104258 1
17 26 14 19 35844 1
15 7 5 20 70999 1
8 23 25 10 92029 1
15 10 8 27 86911 1
21 15 2 5 80433 1
6 22 13 11 58211 1
0 6 6 18 58034 1
13 9 19 26 69340 1
16 11 0 9 61468 1
1 22 13 28 47466 1
1 13 29 29 106694 1
19 25 7 4 88620 1
20 14 27 10 38291 1
24 28 0 21 82308 1
11 22 21 0 86548 1
8 24 15 14 57207 1
27 15 18 16 36441 1
4 18 19 8 78285 1
1 29 19 1 116913 1
29 28 12 9 100545 1
1 7 23 2 76849 1
13 13 19 23 46100 1
12 1 2 2 41453 1
25 15 8 6 74977 1
27 22 22 2 65906 1
12 0 16 8 35747 1
11 26 12 17 36409 1
12 16 2 13 41969 1
18 11 13 18 39038 1
6 8 2 21 48669 1
15 19 22 14 43772 1
19 12 18 25 38064 1
25 29 19 14 61613 1
4 2 13 14 66660 1
5 23 16 27 41881 1
19 11 0 4 70690 1
10 19 3 26 35767 1
19 15 3 24 64322 1
4 5 8 12 37883 1
15 17 14 27 44869 1
11 25 6 17 42762 1
29 22 23 11 49988 1
5 6 18 25 83162 1
9 12 19 2 57815 1
2 18 7 29 41782 1
6 19 2 2 63764 1
5 1 9 29 96671 1
1 16 29 13 100063 1
5 17 24 16 68576 1
14 21 3 7 68043 1
4 16 26 24 78921 1
10 9 1 27 79932 1
25 19 23 29 42856 1
12 21 3 2 77792 1
17 16 11 8 49272 1
9 4 23 0 59179 1
19 7 10 27 77420 1
11 29 7 21 34953 1
3 12 25 12 79716 1
28 5 11 19 84739 1
2 6 20 29 103303 1
29 12 17 21 61600 1
20 27 28 25 41154 1
17 19 19 9 38127 1
8 10 5 3 40199 1
6 8 22 22 88344 1
6 28 23 10 104145 1
7 0 13 8 41621 1
27 18 11 14 65488 1
8 16 16 2 72597 1
16 26 18 4 64387 1
11 11 6 19 46003 1
25 5 27 23 49971 1
5 20 28 9 91377 1
17 24 29 29 37929 1
1 12 22 13 69615 1
16 0 22 13 50811 1
23 25 23 3 79179 1
7 29 2 16 46404 1
9 19 1 22 34783 1
7 8 24 1 72815 1
22 25 9 5 85096 1
20 9 3 3 64055 1
13 12 2 11 38944 1
28 6 7 19 92561 1
10 1 26 6 60141 1
22 8 16 26 72359 1
23 25 5 9 95474 1
22 23 5 10 87001 1
22 10 21 29 66444 1
18 22 15 11 42323 1
27 29 11 13 83407 1
26 20 15 13 50580 1
19 24 24 10 61232 1
21 17 18 6 38377 1
6 24 11 10 62268 1
10 4 24 7 46320 1
24 14 10 20 60079 1
10 26 1 25 34294 1
26 15 18 18 31191 1
5 5 11 11 36542 1
24 10 13 15 56242 1
13 1 27 3 60353 1
16 20 1 18 48233 1
13 15 27 20 57158 1
6 27 5 0 88561 1
21 23 13 25 26890 1
17 17 18 27 30083 1
18 8 17 22 41605 1
15 15 5 11 45084 1
14 29 18 0 85285 1
0 9 11 7 42293 1
27 18 6 29 82104 1
16 20 4 29 53299 1
7 22 1 5 67166 1
25 26 11 28 53605 1
2 7 25 2 83664 1
0 13 8 1 68493 1
13 29 26 7 87189 1
11 23 22 20 38780 1
21 27 2 21 69849 1
20 0 7 15 77819 1
29 10 15 2 70756 1
4 23 5 10 42212 1
14 16 8 5 54159 1
21 19 12 6 61080 1
29 21 3 1 124285 1
22 10 6 24 80933 1
12 11 5 28 71394 1
27 16 17 20 39274 1
21 20 3 13 67152 1
22 24 26 0 71473 1
6 8 21 26 100446 1
0 16 18 1 90652 1
0 2 9 25 90475 1
13 0 17 6 31576 1
19 8 7 22 72814 1
5 24 2 12 38743 1
8 3 17 5 36730 1
4 18 22 3 95332 1
13 17 23 12 49671 1
10 11 25 10 59714 1
7 26 19 11 75627 1
25 8 16 1 54189 1
25 1 19 25 86767 1
1 21 8 3 77794 1
8 27 19 0 106236 1
20 14 9 15 48155 1
26 14 16 0 63889 1
22 1 16 14 53954 1
11 14 23 20 55370 1
3 7 18 4 46475 1
25 5 5 10 65659 1
18 5 12 13 34635 1
7 4 21 18 83862 1
28 19 13 12 67511 1
11 28 3 18 48252 1
15 1 18 22 70719 1
27 27 26 5 61142 1
6 0 15 23 105768 1
16 8 7 22 71951 1
19 2 14 23 74538 1
23 10 29 24 60775 1
24 7 22 21 50236 1
2 1 18 12 70514 1
19 3 19 18 45599 1
8 15 19 15 46489 1
26 20 0 20 70384 1
29 17 29 6 39211 1
4 10 7 25 55083 1
19 25 13 6 64855 1
19 22 27 26 29445 1
24 18 6 11 77825 1
21 24 26 16 36431 1
28 21 6 9 102114 1
19 23 10 15 48336 1
9 24 1 28 36422 1
1 14 2 1 47128 1
2 2 22 10 79731 1
26 17 16 1 72502 1
27 28 4 21 80338 1
21 27 0 22 74874 1
12 27 3 19 48790 1
2 16 20 12 65718 1
18 18 12 5 49757 1
13 13 21 26 64330 1
24 17 12 2 76492 1
20 16 28 28 66515 1
10 0 27 6 66974 1
10 11 3 20 45707 1
18 16 21 1 53315 1
0 11 26 29 112169 1
10 4 1 28 93781 1
21 21 29 6 57706 1
21 2 13 13 53925 1
14 23 18 17 31650 1
12 23 12 11 40763 1
5 20 26 6 89238 1
24 11 12 18 63554 1
4 28 26 27 64176 1
6 26 29 17 87240 1
27 23 21 17 33493 1
12 11 21 8 42522 1
16 7 0 22 82572 1
23 11 13 25 67289 1
16 19 13 29 38439 1
20 12 9 27 76582 1
13 14 26 14 52552 1
22 3 14 17 61244 1
9 24 28 25 49571 1
26 17 0 6 100182 1
18 5 2 4 52764 1
17 27 1 16 76386 1
28 13 4 8 83966 1
14 12 26 25 67168 1
9 28 26 26 52657 1
25 14 14 17 50669 1
10 4 19 3 35505 1
19 24 14 13 44224 1
4 8 14 1 49799 1
5 26 3 18 24028 1
13 5 3 13 48772 1
27 17 15 6 60869 1
8 16 3 28 49418 1
12 0 29 18 96689 1
19 13 11 25 54950 1
7 1 21 6 62921 1
24 12 13 7 49472 1
15 23 15 3 79718 1
1 5 9 14 51782 1
7 16 15 23 49064 1
13 9 10 27 70188 1
27 15 26 29 46235 1
22 5 22 25 66068 1
27 0 10 3 67326 1
22 17 11 20 38784 1
13 19 21 15 40717 1
15 3 29 2 63036 1
27 11 2 0 96145 1
12 8 6 19 59052 1
28 9 11 2 72304 1
18 19 23 10 44268 1
4 16 9 5 55684 1
29 9 7 21 93094 1
5 2 15 6 40157 1
0 6 18 20 86674 1
21 15 8 22 60614 1
26 22 5 19 66630 1
13 15 5 29 63783 1
15 4 1 2 57307 1
0 28 9 18 63716 1
19 19 15 25 28035 1
22 20 3 5 89594 1
18 6 23 23 60097 1
24 18 8 29 71797 1
4 18 16 13 54250 1
24 2 4 19 112585 1
28 17 19 3 60071 1
13 29 1 12 74911 1
2 28 27 23 73671 1
5 24 25 23 51152 1
27 4 13 26 89275 1
28 5 3 6 74111 1
17 24 12 15 42682 1
21 26 22 12 54334 1
19 23 8 12 66442 1
4 6 14 14 53931 1
19 2 17 29 77472 1
6 5 7 14 41402 1
19 21 16 2 62255 1
4 22 18 19 48054 1
15 29 7 27 25124 1
22 6 8 16 75517 1
2 2 9 22 80102 1
27 6 5 1 79818 1
13 12 13 29 62689 1
4 23 21 24 45072 1
16 8 17 29 66938 1
27 0 20 27 96106 1
7 22 20 4 83339 1
13 11 9 25 61253 1
14 11 29 22 76343 1
7 1 5 10 38002 1
7 4 27 6 67185 1
21 20 29 6 55980 1
29 14 6 19 84695 1
17 12 26 29 69509 1
12 29 22 11 76806 1
14 15 26 13 50835 1
12 1 29 22 105073 1
27 28 13 21 57255 1
19 27 0 11 95062 1
7 9 12 21 60634 1
19 8 24 21 60382 1
12 4 5 16 59321 1
2 7 2 20 40584 1
2 14 26 7 88792 1
18 9 11 26 67066 1
19 0 15 28 89381 1
17 21 28 23 34459 1
9 25 11 0 95259 1
20 3 10 19 78456 1
11 21 24 9 74642 1
0 23 11 25 37583 1
16 27 25 12 72830 1
25 4 27 23 54878 1
12 21 19 10 52085 1
8 5 16 16 59998 1
23 13 8 12 52177 1
24 3 14 18 75309 1
18 15 6 2 72665 1
26 0 26 21 53067 1
0 10 5 4 36731 1
23 19 13 0 84991 1
6 17 26 23 71708 1
25 0 13 23 98794 1
22 28 13 25 36515 1
2 2 10 6 34684 1
29 9 18 28 81383 1
22 20 2 22 59214 1
13 29 5 21 43128 1
8 16 14 28 60166 1
19 10 27 7 35221 1
22 15 4 9 73758 1
4 14 7 28 57454 1
3 22 28 19 77487 1
12 8 21 10 43722 1
23 16 25 5 44235 1
10 5 2 14 48507 1
19 7 23 24 59750 1
13 6 25 29 88985 1
28 25 0 1 139500 1
19 12 1 20 71870 1
25 22 16 7 68819 1
27 0 16 3 48025 1
29 23 7 7 102513 1
9 18 13 10 41919 1
28 11 2 6 84337 1
8 15 23 13 56423 1
17 5 20 22 56493 1
16 27 29 2 101353 1
26 17 24 9 27061 1
20 14 29 27 65611 1
14 27 16 19 34147 1
16 8 9 15 46320 1
27 20 21 5 53622 1
9 12 26 27 89606 1
4 1 21 26 121572 1
17 1 2 17 90540 1
16 1 23 22 79085 1
1 6 11 22 73797 1
19 4 23 12 39677 1
27 6 27 22 45287 1
1 29 21 21 68777 1
14 5 5 15 57509 1
12 23 19 1 77322 1
15 29 10 19 38566 1
21 18 6 23 64058 1
8 0 5 25 87944 1
14 15 14 29 55390 1
4 13 1 1 44285 1
20 29 1 24 59901 1
10 26 4 17 39949 1
6 9 23 0 72226 1
20 14 12 5 48172 1
24 29 13 7 84925 1
23 1 13 4 52115 1
0 23 24 4 118780 1
18 14 19 3 30125 1
16 27 5 4 101827 1
3 4 28 18 104747 1
5 7 22 16 71914 1
13 8 24 10 51368 1
22 8 0 8 71190 1
15 8 8 29 89215 1
28 3 10 12 75478 1
22 0 9 6 55560 1
8 9 21 2 55306 1
10 23 1 16 45479 1
19 10 12 6 29755 1
26 4 5 13 81692 1
15 18 28 17 45715 1
1 27 6 8 70500 1
22 1 15 20 74173 1
14 19 7 23 32087 1
22 12 17 6 29414 1
5 27 10 17 43797 1
12 19 26 9 68545 1
28 7 3 3 82274 1
17 23 11 0 85633 1
17 11 2 7 56194 1
6 17 21 19 54965 1
19 12 0 7 66887 1
14 14 13 25 46603 1
10 19 25 11 72029 1
3 18 24 22 67786 1
26 12 5 12 72229 1
22 7 7 12 57591 1
25 7 9 27 99020 1
28 15 27 26 40249 1
16 0 29 8 61110 1
27 19 10 10 76936 1
22 24 10 15 55625 1
3 6 12 8 32855 1
20 8 0 14 81782 1
17 0 2 17 91406 1
22 14 10 20 50831 1
9 8 25 27 103817 1
9 2 18 7 37988 1
18 6 24 22 59736 1
23 2 12 16 72532 1
14 8 19 15 38866 1
16 6 4 29 96174 1
0 4 22 23 110489 1
13 12 4 15 39377 1
26 7 0 10 89878 1
16 24 14 3 72354 1
19 0 10 7 38235 1
26 4 19 19 58285 1
10 16 20 17 38610 1
5 6 26 15 80540 1
22 26 20 8 68518 1
22 15 13 17 35674 1
28 0 27 25 73680 1
6 21 8 10 56892 1
2 14 11 15 38564 1
15 3 24 6 41132 1
13 1 1 3 53238 1
7 10 1 4 40373 1
2 21 22 10 86602 1
21 4 8 21 85264 1
12 0 6 6 35616 1
22 29 29 15 60518 1
20 16 27 22 42304 1
12 15 19 1 59066 1
6 22 20 1 98675 1
2 29 28 20 87391 1
14 10 17 23 56647 1
19 15 27 27 57896 1
20 28 16 20 38708 1
1 15 15 13 48618 1
29 10 6 0 99189 1
5 24 11 11 60616 1
12 18 25 0 89735 1
2 2 27 6 86688 1
27 6 22 29 74602 1
29 16 26 26 40054 1
10 6 0 4 36892 1
5 15 7 26 47082 1
1 24 12 7 76091 1
18 1 15 13 35565 1
8 10 20 21 70613 1
20 12 13 2 48492 1
24 4 10 11 57620 1
21 28 18 13 55839 1
14 23 23 3 86663 1
5 4 27 6 71072 1
5 27 29 0 126555 1
3 28 8 0 90691 1
8 21 0 6 66429 1
26 14 2 17 83421 1
27 19 11 28 71234 1
25 13 7 26 87771 1
4 26 12 3 90980 1
3 16 11 12 37424 1
13 1 21 18 77728 1
25 12 11 28 91233 1
26 21 29 2 59062 1
5 16 11 4 59947 1
18 29 7 23 44340 1
5 24 23 7 91368 1
5 3 27 23 112208 1
0 25 22 26 65406 1
23 12 2 9 80440 1
9 15 26 10 70860 1
2 12 11 20 47337 1
11 7 23 2 45571 1
11 0 2 22 88526 1
5 8 24 23 97146 1
2 24 20 24 43801 1
23 0 14 22 85857 1
16 18 6 21 32469 1
16 8 3 24 82051 1
23 28 4 7 111973 1
4 4 10 14 54264 1
29 24 24 4 67327 1
21 24 0 15 73920 1
28 1 7 28 128760 1
19 26 21 1 84665 1
23 1 10 15 80671 1
7 9 13 5 28538 1
3 6 19 12 58066 1
23 2 12 24 86878 1
27 28 19 5 84620 1
0 5 20 2 73686 1
28 18 7 7 86587 1
27 13 20 3 50903 1
15 6 3 26 82667 1
28 11 18 2 49375 1
1 11 4 29 56624 1
7 29 16 22 41530 1
3 19 16 23 46212 1
12 23 4 18 41328 1
17 29 18 0 76889 1
8 1 19 20 85349 1
0 3 21 17 101514 1
27 4 15 25 84552 1
2 8 19 11 60626 1
8 14 17 13 32032 1
0 24 19 5 95131 1
4 10 22 14 69877 1
29 24 22 6 65818 1
28 27 26 1 77146 1
3 22 23 6 96528 1
12 17 27 20 50199 1
15 5 20 12 33500 1
2 22 18 8 80251 1
28 8 24 28 72027 1
0 26 27 5 123306 1
9 26 5 13 59715 1
