7551 7511 7561 7713 7519 7461 7761 7528 7577 7693 7602 7786 7788 7455 7750 7775 7795 7578 7552 7768 7655 7605 7555 7802 7607 7776 7661 7783 7615
6072 5965 6063 6099 6065 6082 5989 5859 6014 6074 6023 6032 5890 5979 6140 6002 5903 5862 5991 6019 5841 6023 6016 5840 5987 5882 6122 6060 5851
3311 3384 3299 3236 3431 3166 3419 3203 3343 3509 3477 3166 3413 3314 3347 3234 3418 3172 3163 3229 3239 3500 3258 3297 3486 3333 3389 3399 3442
3917 4122 3919 4021 4019 3962 3990 3895 3927 3917 4201 4174 4110 3984 4166 4096 3903 4062 4117 3895 4021 4171 4180 4188 3895 3973 4078 4024 4134
6271 6296 6317 6372 6078 6347 6229 6200 6331 6125 6216 6191 6171 6261 6071 6254 6259 6332 6413 6290 6096 6219 6376 6274 6407 6156 6204 6404 6148
1450 1717 1600 1469 1630 1674 1485 1390 1486 1543 1526 1520 1499 1502 1418 1703 1710 1438 1400 1377 1413 1593 1620 1405 1473 1610 1619 1498 1719
1592 1633 1770 1692 1480 1798 1693 1730 1515 1778 1563 1479 1736 1677 1644 1775 1578 1596 1625 1564 1653 1787 1826 1574 1692 1687 1743 1610 1508
5428 5263 5338 5489 5393 5408 5474 5412 5421 5270 5272 5373 5451 5446 5282 5221 5266 5496 5429 5393 5451 5394 5289 5275 5293 5301 5246 5457 5427
6999 6907 6744 6799 6869 7012 6910 6809 6852 7063 6945 6846 6781 6980 6801 6784 7057 6951 6732 6975 6879 6903 6901 6875 6987 6921 6769 7029 7033
6033 5879 5784 5842 5798 5736 5981 5912 5766 6050 5855 5887 5906 5740 6037 5931 5995 5734 5875 5863 5810 6079 6000 5887 5930 6044 5985 5763 5966
4831 4626 4569 4605 4750 4764 4627 4528 4809 4801 4692 4584 4824 4593 4608 4719 4599 4794 4663 4765 4754 4667 4548 4572 4801 4634 4569 4709 4545
5994 5980 6115 6087 6219 6209 5924 5937 5926 6066 5970 6062 5937 6077 5902 5956 6116 6193 6107 6080 6139 6106 6031 6244 6232 6125 5927 6082 5982
6321 6225 6263 6396 6444 6295 6117 6182 6335 6171 6225 6275 6294 6117 6229 6283 6297 6162 6172 6216 6453 6194 6305 6293 6429 6302 6198 6222 6330
3536 3658 3433 3533 3443 3512 3553 3605 3625 3451 3697 3422 3528 3509 3489 3444 3549 3687 3426 3632 3493 3493 3539 3574 3407 3499 3479 3509 3496
5241 5201 5400 5281 5189 5279 5359 5375 5365 5146 5321 5419 5218 5476 5393 5450 5291 5208 5250 5134 5203 5260 5255 5298 5296 5325 5387 5140 5170
6074 5812 6050 6009 5820 5993 6097 5946 5832 6019 6073 6014 6093 5785 6041 6099 5780 5932 5885 5807 5976 5896 5995 5956 5792 6110 5858 5794 6048
3665 3349 3355 3571 3616 3411 3609 3505 3433 3550 3680 3678 3393 3448 3632 3493 3468 3624 3635 3672 3359 3591 3570 3591 3485 3426 3570 3397 3458
1870 1638 1871 1772 1597 1667 1717 1861 1796 1806 1649 1855 1880 1910 1668 1891 1629 1571 1610 1832 1596 1852 1849 1784 1769 1734 1773 1783 1570
8199 8028 7999 7921 7966 8107 8201 7929 7870 8122 8004 8216 7924 7978 8018 8048 8152 7970 8155 8183 8158 8155 8168 8073 8180 7935 7987 8014 8216
3088 2896 2917 2965 2912 3019 3144 3173 2928 2965 2901 3137 3173 3055 3163 3028 2887 2904 2920 3047 3027 2995 2884 3130 3128 3066 3197 3181 2917
2971 3006 2906 3058 2866 2903 3039 2950 2813 2893 3097 3024 2871 3056 2767 2757 2935 2948 2793 2981 3034 2890 3087 2960 3001 2895 3023 2760 3072
2313 2268 2362 2480 2363 2517 2483 2356 2542 2223 2372 2267 2546 2245 2218 2389 2280 2269 2403 2396 2291 2399 2408 2447 2302 2280 2379 2397 2382
4226 4199 4168 4261 3971 4055 4061 3945 4050 4144 4186 4251 3991 4209 4083 4152 4249 4145 4207 4050 4180 4143 4145 4113 4257 3956 4098 4113 4082
6611 6570 6628 6678 6471 6638 6658 6666 6388 6646 6431 6618 6436 6501 6647 6370 6484 6417 6631 6657 6493 6660 6383 6382 6582 6674 6520 6527 6613
4402 4258 4237 4315 4571 4452 4567 4282 4472 4433 4264 4414 4500 4428 4254 4321 4241 4582 4459 4361 4442 4378 4357 4517 4363 4330 4248 4276 4581
6434 6220 6221 6166 6433 6106 6375 6225 6262 6237 6348 6187 6426 6153 6132 6149 6420 6122 6099 6208 6383 6181 6189 6404 6089 6268 6341 6361 6242
8383 8177 8337 8332 8294 8194 8330 8379 8410 8174 8137 8407 8066 8163 8350 8244 8125 8239 8266 8302 8277 8158 8256 8273 8070 8145 8215 8106 8163
8065 7950 7950 7910 8001 8085 7818 8040 7787 7843 7946 7945 7860 7817 8014 8042 7906 7885 7865 8054 7909 8130 8065 8117 7843 8052 7987 8103 7924
1892 2040 1947 1959 1790 1772 1935 2058 1949 1918 1759 1788 1763 1813 1732 1966 1995 2053 1834 2024 1915 1737 1812 1931 1774 1871 2029 1814 1833
1450 1429 1699 1629 1716 1591 1683 1600 1473 1585 1472 1717 1780 1466 1521 1661 1619 1461 1490 1490 1493 1691 1436 1774 1564 1526 1483 1458 1432
5782 1635 5805 1338 6222 8397 7158 5018 6431 3722 4438 1943 1725 1370 2603 4148 1578 6640 8754 1891 4181 5093 3069 8602 6900 1431 6186 6820 7058 8135
5757 1398 5821 1307 6357 8280 6995 4723 6463 3901 4454 2203 1932 1489 2853 4375 1693 6947 8520 1966 3945 4988 3098 8667 6802 1397 6026 6583 6852 7998
5712 1480 6000 1159 6251 8363 7238 4844 6479 3774 4206 1904 1878 1558 2771 4256 1638 6870 8547 2016 3977 4920 3160 8730 6905 1544 6240 6687 6807 8131
5686 1554 5810 1061 6532 8265 7004 5061 6337 3928 4233 1931 2012 1569 2581 4356 1751 6890 8489 1986 3947 5053 3152 8552 6957 1621 6060 6621 6966 7987
5722 1449 5728 1178 6504 8365 6940 4988 6464 3773 4393 2041 1989 1501 2780 4316 1741 6767 8613 1946 3942 5193 3274 8640 6778 1557 6032 6762 6911 8043
5742 1556 5867 1262 6382 8152 7034 4899 6574 3751 4158 2043 2018 1512 2574 4377 1558 6843 8787 2049 4181 4971 3220 8470 6853 1578 6262 6653 6809 8027
5711 1489 6011 1015 6312 8194 7176 4840 6344 3749 4330 1977 1806 1251 2741 4499 1667 6964 8701 1868 4171 4983 3105 8798 7068 1631 6079 6573 6813 8090
5660 1423 5834 1255 6441 8271 6997 4881 6560 3678 4219 2131 1758 1330 2848 4409 1439 6905 8700 1874 4222 5147 3309 8458 6872 1458 6112 6777 6971 7897
5921 1593 5836 1262 6455 8152 7242 4776 6400 3756 4223 1964 1812 1427 2749 4473 1740 6922 8772 1782 3975 5063 3419 8528 6967 1514 6339 6581 6974 8033
5944 1563 5895 1340 6282 8186 7150 4867 6397 3668 4440 1965 2007 1393 2702 4398 1553 6701 8631 2106 4066 5194 3361 8565 7043 1436 6253 6749 6776 7936
5660 1518 6065 1206 6283 8316 7041 5031 6370 3914 4348 2077 1827 1291 2767 4287 1465 6742 8571 1784 4160 5134 3158 8457 6791 1385 6263 6787 6927 8173
5641 1512 5993 1362 6414 8416 7040 4918 6465 3747 4392 1866 1793 1377 2755 4431 1615 6883 8772 1893 4162 4997 3271 8734 6778 1617 6086 6766 7070 8196
5780 1501 6063 1127 6479 8269 7062 4979 6363 3832 4252 1977 1877 1463 2812 4278 1563 6754 8536 2105 4110 5154 3406 8522 6746 1601 6102 6586 7014 8146
5682 1593 5762 1166 6398 8272 7232 4729 6390 3688 4257 2052 1693 1355 2561 4389 1588 6624 8755 2069 4148 5164 3129 8486 6737 1494 6028 6867 6799 8031
5769 1356 5807 1259 6394 8311 6913 4776 6363 3797 4396 2173 1905 1293 2706 4208 1413 6889 8638 1920 4209 5080 3360 8709 7063 1394 6120 6800 6942 7948
5980 1593 5984 1044 6292 8380 6986 4726 6492 3938 4374 1867 1969 1422 2586 4287 1735 6678 8629 1976 3999 5010 3340 8517 6971 1348 6118 6583 6946 7986
5964 1481 5765 1137 6527 8478 7013 4840 6337 3940 4428 2111 1990 1444 2615 4304 1715 6826 8735 1920 4093 5199 3337 8688 6834 1584 6206 6732 7009 8164
5726 1645 6057 1021 6246 8470 7158 4923 6534 3745 4343 1875 1872 1381 2825 4231 1731 6715 8811 2026 4007 5109 3139 8751 6931 1628 5994 6594 6847 7948
5757 1613 5876 1033 6241 8459 6914 4754 6589 3852 4104 2055 1954 1351 2825 4406 1458 6650 8592 2022 3939 5009 3348 8597 6790 1617 6103 6667 6890 8109
5811 1551 5875 1314 6226 8265 7220 4981 6520 3891 4226 2112 1713 1485 2878 4181 1447 6874 8714 2045 4036 5139 3412 8693 6804 1371 6014 6736 6813 8011
5686 1342 6014 1093 6200 8468 7152 4844 6342 3856 4238 2035 1850 1433 2671 4289 1430 6942 8762 2076 4113 5245 3250 8467 6893 1560 6083 6739 6942 8193
5692 1577 5942 1024 6532 8263 7051 4741 6460 3759 4111 2200 1929 1447 2854 4157 1602 6821 8589 1847 4010 5191 3077 8460 6904 1611 6149 6598 6961 8019
5757 1370 5954 1165 6356 8449 7195 4932 6558 3857 4298 1945 1996 1417 2820 4246 1606 6821 8515 2075 4241 5029 3330 8453 6959 1558 6081 6806 7040 8216
5697 1417 5893 1051 6531 8366 7192 5020 6296 3914 4257 1964 1738 1292 2733 4241 1544 6949 8666 1948 4016 5187 3201 8692 6792 1599 6093 6705 6984 8167
5666 1402 5799 1258 6201 8269 7051 4773 6335 3727 4283 2131 1842 1521 2666 4293 1513 6672 8637 2080 4250 5026 3107 8754 7037 1420 6249 6828 6953 8065
5895 1445 5870 1059 6289 8203 7163 5057 6556 3723 4212 1930 1721 1582 2598 4310 1736 6683 8793 1801 4154 5085 3246 8552 6831 1472 6152 6696 6771 8022
5931 1628 5893 1234 6297 8295 7197 4935 6343 3720 4342 2059 1721 1580 2897 4261 1748 6679 8549 1816 4184 5031 3409 8750 7032 1531 6059 6832 7012 7916
5647 1661 5905 1283 6197 8154 7246 4915 6561 3810 4332 2134 1700 1282 2586 4388 1438 6620 8808 1858 3931 5107 3382 8657 6875 1500 6108 6817 7000 8130
5958 1475 5791 1124 6528 8461 7090 4951 6449 3937 4273 1869 1770 1256 2774 4347 1511 6674 8522 2013 4071 5212 3301 8671 6740 1321 6003 6788 6811 8111
23 21 27 12 36401 1
5 0 6 15 24822 1
8 28 11 17 47699 1
16 14 9 18 29786 1
15 6 22 0 33615 1
3 5 21 21 65194 1
2 12 24 2 45975 1
2 4 20 12 42328 1
18 8 19 20 32894 1
3 2 13 27 58630 1
0 5 3 25 57727 1
21 26 4 11 49608 1
19 14 12 28 48022 1
24 6 0 8 68221 1
28 14 26 23 30303 1
14 4 10 11 36300 1
25 24 9 26 36356 1
9 2 1 10 36588 1
29 1 20 22 54008 1
14 23 29 29 39007 1
25 5 11 2 34768 1
10 27 20 18 39194 1
1 7 12 19 49437 1
16 16 4 11 27019 1
19 28 24 11 50222 1
21 9 25 15 26539 1
2 25 13 3 47825 1
11 6 5 1 29172 1
20 9 6 3 34170 1
27 24 20 9 50646 1
20 23 26 28 37938 1
28 8 4 24 64863 1
2 23 26 7 79812 1
26 22 7 3 65761 1
4 3 20 2 21887 1
22 2 27 20 45774 1
28 2 20 11 31392 1
28 13 28 25 21243 1
28 1 14 23 64973 1
17 18 25 25 24656 1
0 25 15 12 43772 1
26 8 18 6 47147 1
8 20 25 2 64669 1
17 10 25 28 57096 1
28 12 0 7 66260 1
4 21 11 4 45803 1
23 6 5 10 50079 1
5 14 19 8 34519 1
0 16 2 8 30074 1
0 0 2 11 36463 1
26 20 6 18 49144 1
0 24 7 15 36418 1
29 10 0 16 51578 1
25 27 13 4 71673 1
9 3 24 4 21657 1
19 9 28 26 48061 1
12 10 12 29 68797 1
10 14 13 7 30052 1
25 0 12 16 52374 1
25 12 4 19 43376 1
15 19 25 15 27186 1
4 26 2 3 44314 1
3 4 13 23 58735 1
15 9 18 23 41227 1
10 18 27 13 40445 1
12 7 2 9 47784 1
29 8 16 26 49891 1
19 7 11 17 40846 1
15 16 26 21 40662 1
23 0 22 15 46957 1
22 16 6 18 28335 1
9 15 14 5 52452 1
15 16 19 27 28450 1
20 3 8 29 75190 1
4 22 29 11 53910 1
23 5 15 18 57459 1
2 6 3 18 41926 1
6 24 22 29 41787 1
24 20 12 3 52012 1
14 17 14 0 46403 1
3 21 24 8 67318 1
19 26 11 6 69409 1
19 6 7 25 58568 1
22 27 6 14 50617 1
4 6 7 17 30503 1
3 2 26 28 90211 1
29 28 4 14 60025 1
23 25 18 14 31221 1
0 10 26 6 76761 1
10 26 16 15 35757 1
16 19 10 27 32228 1
5 21 26 20 52358 1
18 17 2 3 48991 1
3 15 20 6 52156 1
2 18 14 15 31358 1
14 8 0 14 47593 1
19 1 5 10 31879 1
29 4 26 13 18735 1
4 0 16 29 74070 1
16 21 3 22 39266 1
22 29 2 28 56516 1
7 19 24 3 49101 1
8 27 17 19 37745 1
10 17 5 22 21487 1
28 12 18 29 53303 1
18 0 1 2 36308 1
15 29 28 3 74106 1
24 10 3 10 48586 1
20 4 3 1 27181 1
29 26 9 24 37503 1
20 22 9 7 64621 1
1 1 4 25 44029 1
18 3 28 3 11514 1
1 28 20 28 53029 1
10 29 3 25 29252 1
10 2 13 26 59696 1
17 13 0 14 29956 1
0 24 12 14 48907 1
18 19 17 29 19568 1
10 22 5 28 24591 1
10 8 6 27 48975 1
4 5 11 1 23715 1
4 23 22 9 58579 1
3 20 15 13 30690 1
23 4 14 5 27238 1
24 12 5 7 39381 1
2 27 7 12 34550 1
22 1 9 8 48494 1
15 16 26 8 46771 1
15 7 18 29 56182 1
11 14 18 3 33052 1
12 1 3 7 30070 1
28 17 7 3 50217 1
8 14 9 1 31638 1
20 23 4 22 36389 1
21 23 29 19 24932 1
23 21 24 9 48330 1
17 11 27 7 35039 1
18 23 3 2 64097 1
5 26 6 12 22910 1
27 23 21 10 44844 1
7 17 20 2 47940 1
17 6 5 1 22788 1
1 19 13 27 35993 1
19 7 12 2 26090 1
8 3 1 14 29549 1
21 28 15 8 55093 1
20 18 10 11 33846 1
19 11 1 24 54381 1
29 21 15 12 35067 1
28 6 19 5 21879 1
3 19 13 13 24147 1
25 28 23 8 75520 1
26 19 17 10 33583 1
1 26 24 26 45315 1
27 23 15 2 65512 1
5 20 22 11 39769 1
14 14 9 4 41440 1
15 3 27 23 59462 1
19 9 18 18 31011 1
2 16 21 0 50814 1
4 23 7 14 26299 1
1 1 25 14 57878 1
2 3 26 27 84908 1
17 8 25 4 23739 1
27 27 8 10 76104 1
4 4 26 24 78255 1
7 0 6 15 30105 1
22 6 6 2 32715 1
29 9 0 8 70533 1
27 17 10 22 56384 1
9 18 1 7 49529 1
23 29 15 5 83897 1
27 24 7 18 57065 1
29 12 1 4 53364 1
4 24 25 1 67871 1
12 10 23 22 51828 1
23 18 23 7 46940 1
19 12 8 9 34735 1
28 7 5 29 68062 1
8 4 18 19 47607 1
0 10 23 2 57540 1
0 14 27 16 51240 1
15 13 3 8 31408 1
29 19 23 5 45622 1
17 7 28 5 23037 1
19 5 15 11 25774 1
29 24 0 17 66465 1
25 5 0 22 80522 1
27 14 6 28 60247 1
19 28 8 16 42568 1
26 10 2 4 55659 1
22 19 16 8 34858 1
29 28 8 13 52625 1
4 24 29 21 50657 1
27 12 11 10 38207 1
11 21 19 5 59912 1
6 28 15 29 41755 1
21 11 0 6 63761 1
12 20 29 13 42933 1
24 9 29 19 30976 1
29 19 8 14 45690 1
15 26 26 10 58773 1
23 3 17 29 52071 1
9 9 21 23 58961 1
11 26 2 14 39809 1
10 24 6 7 40632 1
5 14 12 4 31822 1
24 18 6 8 48227 1
16 28 15 18 32440 1
19 29 5 29 40092 1
16 26 25 21 37239 1
14 16 26 26 42336 1
0 7 29 18 73481 1
15 27 27 18 52683 1
25 22 12 27 45432 1
17 5 28 1 19891 1
19 18 10 26 32707 1
28 14 12 19 35751 1
18 13 21 0 30385 1
2 10 3 20 29370 1
2 15 16 19 34098 1
24 17 7 15 36106 1
1 14 22 1 51120 1
28 11 26 26 35970 1
18 21 4 23 41921 1
0 9 25 5 64225 1
2 15 6 3 27773 1
9 5 20 17 51921 1
3 4 28 16 56759 1
11 17 20 26 38748 1
17 7 11 13 19201 1
11 15 9 29 57076 1
11 18 27 19 37726 1
18 29 14 14 41766 1
23 21 26 5 64329 1
19 0 6 11 36277 1
12 2 24 4 24012 1
25 27 29 18 29371 1
3 0 2 26 51566 1
12 20 27 12 45049 1
25 9 16 24 55022 1
27 4 28 23 41810 1
13 16 0 8 48304 1
13 3 1 26 55104 1
6 27 0 9 46564 1
4 24 8 2 48855 1
8 22 21 16 39776 1
12 4 4 16 36684 1
20 14 1 19 40916 1
11 13 10 24 37523 1
20 16 26 29 53060 1
1 3 17 5 22509 1
15 17 0 15 37557 1
11 26 26 15 52966 1
6 27 20 26 27403 1
15 3 6 17 34130 1
6 10 25 6 52523 1
17 5 0 14 44187 1
9 20 29 25 50506 1
12 28 9 17 53499 1
12 23 28 17 52090 1
11 14 21 17 27297 1
9 16 18 5 40817 1
26 9 10 25 61913 1
1 24 28 14 64300 1
21 27 26 1 59475 1
20 15 1 1 51018 1
17 4 11 18 43235 1
17 8 4 14 29826 1
1 15 23 26 60227 1
3 29 21 16 57933 1
1 23 22 25 43773 1
1 5 22 23 81405 1
13 22 23 9 51399 1
13 16 13 5 38835 1
1 19 9 10 33739 1
1 26 5 5 42176 1
19 6 15 22 45012 1
27 10 13 17 40882 1
21 12 27 6 31300 1
28 23 23 28 29466 1
24 10 13 17 36305 1
0 7 13 10 48846 1
9 3 25 28 78953 1
5 11 24 9 44846 1
18 16 1 19 33244 1
28 28 10 25 33004 1
22 28 13 3 63121 1
8 11 26 14 41285 1
22 7 21 17 28179 1
5 24 16 20 32456 1
29 19 22 7 39642 1
18 19 20 6 36874 1
28 25 17 28 22157 1
27 3 28 23 37372 1
20 4 0 11 43086 1
22 2 6 14 40967 1
7 11 0 1 27056 1
10 21 21 26 37467 1
17 8 3 19 38647 1
1 28 21 4 76345 1
14 25 1 14 41249 1
14 1 10 29 75380 1
26 12 9 18 47267 1
12 4 23 7 36106 1
22 3 14 0 18665 1
14 10 18 3 26358 1
5 7 0 17 29783 1
0 0 18 22 68862 1
7 8 28 24 66044 1
28 20 14 15 35472 1
24 28 0 4 88868 1
25 11 21 17 22185 1
11 14 2 8 33497 1
12 21 18 6 50165 1
22 26 9 24 29532 1
23 0 3 8 53286 1
6 5 20 0 27634 1
26 26 8 12 61230 1
26 28 11 19 59158 1
18 12 19 22 25798 1
14 18 0 26 46987 1
12 20 0 29 62871 1
7 23 15 28 40229 1
10 11 28 23 52510 1
10 6 20 11 42327 1
10 3 0 5 27409 1
23 22 20 5 51840 1
1 19 27 17 55234 1
23 7 1 8 64728 1
10 10 14 29 68591 1
26 21 12 2 67209 1
9 24 28 5 69463 1
23 11 12 14 26443 1
12 3 20 14 30606 1
24 24 13 1 63400 1
26 0 10 4 37591 1
15 15 24 14 26403 1
1 27 4 0 61790 1
16 18 20 24 23854 1
1 4 8 22 48424 1
9 18 12 29 54266 1
16 14 9 4 37608 1
15 15 13 3 34375 1
10 19 23 3 48196 1
9 5 27 26 79152 1
9 15 6 28 30712 1
11 28 14 10 63340 1
9 23 19 1 67136 1
23 16 14 29 50114 1
26 0 9 13 53323 1
2 16 4 4 30010 1
23 16 8 11 36530 1
27 25 12 1 62425 1
10 2 20 15 40510 1
22 18 2 21 49985 1
13 29 22 25 27590 1
25 5 1 7 57366 1
26 6 5 27 81223 1
7 13 1 21 29338 1
3 25 5 4 34983 1
12 10 20 22 45164 1
23 22 5 3 63721 1
5 28 24 12 53196 1
21 20 24 9 35819 1
19 4 9 27 67468 1
20 12 25 26 44807 1
5 3 20 29 67680 1
12 28 0 8 78474 1
4 10 20 27 55564 1
6 20 21 2 47919 1
29 9 7 4 40998 1
15 3 26 23 64040 1
22 10 11 8 43319 1
16 0 1 22 64550 1
15 16 23 6 44872 1
11 3 3 12 25064 1
3 28 13 5 65332 1
14 9 8 25 50398 1
4 10 10 19 27548 1
17 5 24 11 24682 1
13 8 29 21 51939 1
13 3 0 10 39656 1
3 8 3 21 38735 1
21 11 27 16 21414 1
12 14 17 7 22682 1
0 4 21 3 32652 1
24 6 19 27 69059 1
1 15 21 6 54661 1
14 20 3 13 34665 1
5 2 20 22 58657 1
10 15 0 17 28872 1
4 26 2 9 41575 1
4 3 22 2 25266 1
15 16 7 12 22681 1
14 19 10 11 33953 1
8 9 7 25 35605 1
24 7 10 29 83864 1
16 25 14 10 37752 1
16 14 22 28 41620 1
21 10 8 22 49194 1
18 13 28 7 25625 1
0 28 24 16 72051 1
19 9 8 0 42225 1
28 15 12 7 50611 1
7 28 22 1 71808 1
9 5 2 25 54430 1
20 12 29 3 30733 1
6 8 6 28 33102 1
28 2 5 21 56100 1
16 21 5 13 35464 1
16 15 26 20 36240 1
4 0 22 10 50460 1
1 9 25 21 74487 1
7 19 16 4 43834 1
9 16 28 15 31866 1
26 12 1 28 73727 1
1 26 5 3 45275 1
17 13 26 21 41241 1
23 23 1 4 80908 1
20 0 16 18 43165 1
12 24 26 4 70761 1
25 8 10 0 55117 1
15 8 6 10 35985 1
5 21 23 28 51125 1
16 19 10 26 27659 1
22 3 1 22 61380 1
4 2 9 10 33048 1
7 22 18 13 34431 1
0 12 19 29 62733 1
21 3 28 27 49331 1
11 6 21 23 70079 1
26 25 7 21 42160 1
27 25 14 5 65302 1
5 14 9 21 26675 1
13 14 22 27 44717 1
29 21 8 4 59808 1
14 0 21 24 60219 1
2 8 8 3 23385 1
8 4 11 12 33007 1
16 3 24 19 43055 1
20 2 4 15 43167 1
10 10 17 1 36189 1
29 21 20 27 25955 1
29 19 24 1 36203 1
12 0 16 7 28947 1
26 8 4 15 61646 1
5 15 6 4 19204 1
4 4 22 5 35702 1
28 7 18 8 35139 1
5 17 18 25 31387 1
10 14 14 22 38379 1
25 25 6 2 65868 1
18 14 12 22 33046 1
24 29 18 5 72041 1
16 4 28 10 30624 1
21 5 24 28 64975 1
16 6 2 29 72191 1
22 22 0 14 58567 1
8 22 19 26 34279 1
15 20 29 13 36897 1
21 2 0 7 47649 1
10 3 9 26 51633 1
9 27 24 19 48609 1
23 25 9 17 43479 1
7 17 27 23 60372 1
3 20 13 18 26714 1
15 8 13 21 46189 1
6 6 27 6 43445 1
8 27 15 13 48950 1
5 29 24 15 54065 1
28 2 24 21 46906 1
29 15 6 7 44861 1
11 1 18 13 31526 1
16 23 12 12 33385 1
0 11 8 4 32556 1
15 21 21 14 29120 1
1 10 18 26 60646 1
11 0 0 25 59069 1
20 26 0 16 47381 1
24 25 10 4 62411 1
12 20 23 24 42236 1
15 28 29 0 75721 1
26 20 9 6 78292 1
24 10 15 22 43072 1
5 4 9 18 36132 1
8 22 9 1 45685 1
0 29 27 26 75877 1
18 0 20 17 41745 1
5 5 27 1 35464 1
5 15 21 27 44007 1
17 15 5 24 32898 1
29 26 1 5 81401 1
12 21 1 14 44439 1
1 13 27 13 37164 1
22 28 0 13 63533 1
9 12 0 17 29443 1
22 13 9 9 38116 1
2 9 23 6 60011 1
21 28 14 25 17558 1
8 17 27 6 63100 1
0 13 21 19 42493 1
17 18 28 19 23204 1
29 20 1 16 50698 1
0 7 8 25 54887 1
1 8 15 1 44529 1
11 0 16 23 58605 1
26 7 0 14 66812 1
26 12 7 11 37660 1
3 21 24 12 51436 1
26 20 17 29 41011 1
28 11 22 27 41928 1
20 2 0 13 43418 1
19 22 15 3 41827 1
2 24 21 1 65008 1
5 16 13 28 36136 1
7 7 29 16 51362 1
21 1 29 17 36341 1
23 19 16 24 27838 1
28 22 20 26 20663 1
5 15 12 2 33107 1
16 14 29 4 36169 1
26 5 4 2 48407 1
10 16 25 10 41614 1
20 13 10 21 37682 1
24 5 11 1 29132 1
26 23 3 24 55292 1
0 15 16 17 36980 1
24 16 7 17 31910 1
2 11 18 14 30188 1
11 0 4 4 25795 1
15 2 7 22 51510 1
2 17 17 8 38715 1
29 19 15 7 46658 1
28 19 16 25 29644 1
12 26 21 14 39888 1
14 1 15 23 53770 1
2 7 14 1 33507 1
27 21 18 0 61287 1
13 26 15 13 33146 1
14 13 21 9 19217 1
16 17 16 28 31838 1
10 0 22 8 41884 1
14 20 22 24 33195 1
8 21 0 5 60824 1
29 2 23 29 69457 1
15 22 27 2 59038 1
2 2 15 10 42150 1
25 15 7 16 34306 1
14 18 6 2 46459 1
25 8 19 20 50580 1
11 27 4 19 31881 1
25 0 15 2 27237 1
5 8 26 1 38385 1
29 10 13 13 27510 1
13 8 18 17 36524 1
19 24 16 12 31204 1
11 29 11 8 82116 1
25 4 12 0 32479 1
26 16 16 10 29062 1
3 0 8 15 39200 1
23 3 10 1 20713 1
23 1 1 14 52490 1
14 17 8 27 49595 1
14 11 7 2 35611 1
5 8 24 29 72045 1
28 25 28 3 37357 1
19 3 7 27 61344 1
18 8 26 3 25166 1
11 13 6 19 16587 1
9 16 28 5 48829 1
29 11 21 16 20843 1
8 24 19 11 48986 1
21 13 22 0 34582 1
25 0 6 23 67653 1
13 8 26 3 32270 1
29 23 11 10 54106 1
2 17 10 19 21962 1
21 13 10 16 22213 1
17 15 26 14 23076 1
9 8 14 15 43184 1
4 13 11 22 33837 1
3 17 21 25 45040 1
23 5 17 13 37399 1
1 6 1 18 53878 1
24 5 5 23 61418 1
20 4 5 3 20861 1
12 28 10 19 44421 1
27 16 4 29 62784 1
19 4 11 17 43833 1
7 7 4 27 44196 1
22 19 4 15 39896 1
6 18 18 2 45835 1
6 24 29 26 37868 1
24 21 28 5 42693 1
22 8 27 25 50081 1
22 14 15 26 38061 1
6 15 20 28 46426 1
0 13 9 16 18514 1
21 6 24 19 36463 1
6 29 18 12 45337 1
8 12 26 28 75028 1
11 3 12 13 30611 1
19 17 24 3 36846 1
12 20 8 6 53085 1
26 14 10 18 44831 1
11 18 25 28 59423 1
10 13 6 2 23635 1
4 16 9 2 32164 1
20 8 8 5 42755 1
6 12 9 24 32260 1
7 7 9 28 57027 1
27 8 16 8 43561 1
16 17 6 0 45801 1
27 16 25 0 39614 1
9 21 21 25 39960 1
11 3 25 4 22220 1
28 14 2 25 56916 1
2 25 18 20 35619 1
24 24 18 7 52038 1
11 5 1 27 70947 1
22 24 8 29 51041 1
16 19 1 13 34874 1
23 18 15 25 32336 1
14 8 21 15 34343 1
20 26 2 0 69936 1
27 25 13 24 24594 1
3 18 7 7 32233 1
4 20 29 5 60976 1
4 26 1 3 45621 1
6 11 5 1 17563 1
17 26 2 2 59745 1
26 27 26 12 43976 1
16 0 13 28 63523 1
7 6 18 9 39474 1
14 25 18 6 45009 1
19 5 2 22 60728 1
27 26 17 1 61380 1
14 23 24 18 39070 1
3 9 5 19 22960 1
24 11 8 0 52269 1
14 27 22 20 37071 1
9 21 17 19 27446 1
22 3 23 27 65123 1
18 24 4 26 34382 1
19 17 23 29 49861 1
9 16 20 12 25204 1
28 5 7 10 45473 1
19 11 2 15 35512 1
4 26 23 13 50766 1
1 28 1 5 71838 1
9 4 7 14 30256 1
13 22 29 28 38995 1
22 26 14 2 59144 1
9 6 28 15 61723 1
17 6 24 13 22370 1
15 10 4 17 40915 1
0 12 11 15 31036 1
26 1 0 12 53996 1
26 16 8 24 49919 1
0 1 25 26 80779 1
22 24 11 7 69218 1
27 0 19 23 66591 1
16 14 24 11 21097 1
19 22 9 8 58831 1
6 16 11 24 28551 1
12 25 0 2 57497 1
17 9 8 13 19655 1
9 26 5 13 30277 1
25 9 21 15 27809 1
9 0 5 26 50087 1
5 22 26 22 51713 1
8 17 29 23 50888 1
19 19 14 28 34908 1
7 4 9 19 36503 1
18 0 21 27 60501 1
27 6 7 20 66863 1
0 17 19 27 57173 1
21 25 24 2 56675 1
26 22 11 28 56347 1
13 23 17 12 34144 1
21 6 12 17 42219 1
24 4 4 15 48909 1
3 25 5 17 14897 1
28 5 8 22 67072 1
14 25 28 11 44609 1
23 9 5 10 43777 1
26 16 10 27 49185 1
0 2 14 24 65888 1
0 0 17 29 76558 1
17 27 17 13 24468 1
28 14 0 10 54785 1
1 2 26 10 59793 1
17 5 0 1 28637 1
4 6 29 20 61682 1
9 19 15 9 41120 1
3 12 23 22 53999 1
8 18 19 27 44477 1
14 23 11 13 39205 1
28 28 10 15 53886 1
0 14 23 10 50995 1
8 12 11 5 36676 1
29 4 18 5 27127 1
17 13 7 29 49675 1
7 0 19 6 34443 1
25 15 13 20 34807 1
26 11 13 10 30147 1
29 1 13 17 49856 1
13 6 18 14 34604 1
6 1 5 25 37939 1
21 1 2 6 36757 1
6 13 6 24 18299 1
14 25 4 8 45804 1
21 5 23 21 48017 1
7 25 29 27 36028 1
27 27 9 11 67554 1
18 25 6 7 47436 1
25 29 24 3 71906 1
26 9 13 5 43110 1
16 16 3 7 40972 1
4 0 21 5 34228 1
28 26 17 25 18738 1
27 20 7 6 66835 1
1 0 22 13 54147 1
12 23 19 18 35125 1
1 26 9 15 37765 1
0 21 18 11 53836 1
14 16 8 25 30614 1
18 27 1 3 66120 1
10 15 0 11 29155 1
26 2 4 14 52294 1
6 28 7 1 46046 1
17 26 7 15 38273 1
25 23 6 1 78614 1
22 7 10 0 37939 1
3 14 15 10 35155 1
22 28 22 16 36575 1
14 7 4 27 65144 1
23 6 19 17 42919 1
27 23 7 10 67463 1
5 27 22 28 41223 1
15 1 16 11 22559 1
0 18 21 28 57510 1
10 11 18 17 31671 1
6 20 16 10 35812 1
8 22 20 11 46136 1
19 19 5 28 37497 1
25 22 2 22 58172 1
29 12 19 18 27794 1
0 18 12 22 44033 1
20 2 6 23 52636 1
15 14 20 7 28641 1
17 25 3 14 39951 1
15 28 18 19 31631 1
27 23 0 6 99100 1
17 21 20 1 39625 1
0 4 6 29 55156 1
15 24 7 14 40377 1
7 23 1 18 29352 1
12 10 9 25 46014 1
25 2 9 0 36287 1
2 18 22 5 59717 1
18 21 29 10 40812 1
11 21 23 3 58631 1
2 22 24 14 53932 1
14 4 13 18 45477 1
20 12 25 23 44098 1
28 5 9 0 37943 1
18 8 28 11 33893 1
28 2 9 19 58134 1
2 16 1 29 44842 1
6 5 2 11 17996 1
15 4 25 8 44413 1
13 27 27 26 36217 1
13 13 8 27 46302 1
5 25 18 4 55727 1
21 26 22 16 25077 1
26 24 19 21 30798 1
5 22 22 6 58870 1
28 12 24 4 26077 1
16 9 15 28 51014 1
13 1 29 21 51638 1
26 13 20 6 28899 1
16 18 13 25 22057 1
23 9 28 23 43297 1
18 29 29 24 34560 1
12 2 8 27 66596 1
22 16 12 13 20114 1
18 21 16 5 41523 1
14 28 20 16 40306 1
28 21 17 4 46847 1
9 27 18 25 25516 1
4 27 26 21 62290 1
1 4 21 16 54119 1
22 7 6 15 43064 1
26 2 10 29 85796 1
9 2 1 22 52038 1
20 16 26 3 37723 1
13 29 5 13 44255 1
16 16 24 21 29367 1
6 27 18 13 39848 1
5 29 11 5 59366 1
10 26 28 20 41093 1
7 12 17 13 18588 1
15 20 27 25 32309 1
6 5 24 2 28283 1
24 18 21 6 37216 1
15 24 12 8 58759 1
22 8 13 11 28684 1
23 20 29 27 30402 1
15 29 3 12 61845 1
8 14 20 28 53659 1
10 29 12 10 65907 1
3 27 25 12 61540 1
15 20 22 1 48138 1
22 21 22 4 51883 1
29 27 28 14 22236 1
25 18 15 11 38055 1
15 14 19 25 27497 1
24 21 7 3 62879 1
16 3 15 12 20816 1
17 15 10 1 35241 1
20 19 28 13 25726 1
27 11 17 12 21885 1
8 15 17 19 25981 1
25 4 10 13 42370 1
27 1 16 6 29665 1
0 9 27 0 66728 1
29 16 1 3 53693 1
25 9 7 2 51955 1
26 0 11 4 37867 1
25 1 26 27 63119 1
10 29 1 6 76967 1
20 0 28 9 28480 1
13 21 24 8 55030 1
18 19 14 13 16464 1
22 21 3 16 45400 1
0 19 9 2 44776 1
28 5 18 27 61775 1
10 8 21 12 37669 1
27 15 25 5 42734 1
19 28 17 13 33650 1
7 0 5 22 40358 1
16 14 11 8 35121 1
20 3 29 25 45203 1
28 10 14 23 51932 1
10 9 19 16 36009 1
25 17 11 15 34336 1
19 15 12 23 39184 1
17 26 12 13 29672 1
8 28 19 7 73493 1
25 11 3 4 50877 1
23 15 1 16 41518 1
15 2 16 24 51857 1
8 18 29 14 50341 1
14 29 22 19 46046 1
26 22 9 14 56409 1
2 14 13 22 41640 1
11 24 18 5 58932 1
16 27 24 4 59157 1
10 25 5 20 15121 1
20 17 28 8 30240 1
1 13 8 4 31670 1
8 23 22 17 52528 1
14 8 6 2 34373 1
12 1 12 12 36187 1
0 6 21 25 82197 1
10 19 4 5 39098 1
18 29 8 17 51744 1
26 22 15 6 65913 1
21 26 17 14 27507 1
25 11 24 23 44244 1
16 6 27 4 30897 1
28 11 9 0 49334 1
4 5 26 20 73547 1
13 27 17 21 20052 1
12 9 17 17 30016 1
6 18 22 29 51816 1
12 25 23 15 38557 1
17 10 0 17 42761 1
21 14 24 29 48005 1
14 7 3 3 30838 1
29 21 25 2 39368 1
24 7 17 11 31637 1
13 15 25 29 61831 1
26 0 15 23 70516 1
29 20 5 11 47312 1
27 10 16 5 38572 1
4 29 20 10 61973 1
24 1 24 18 48402 1
13 25 16 17 25681 1
11 25 16 6 49295 1
9 17 20 10 36985 1
19 18 17 9 21639 1
1 19 24 6 67781 1
24 26 4 27 43305 1
23 29 17 9 60000 1
28 15 7 2 52202 1
8 26 25 9 70251 1
21 12 10 29 58037 1
18 16 3 14 29264 1
11 0 0 11 40470 1
18 28 18 10 42825 1
22 26 27 17 34736 1
19 2 5 10 30083 1
17 4 1 21 58004 1
15 17 10 27 44348 1
3 15 29 2 56044 1
9 11 12 19 30489 1
1 7 22 4 45554 1
20 13 29 14 14276 1
18 28 13 22 28477 1
11 2 8 25 51396 1
5 22 7 11 20258 1
20 18 16 6 35284 1
20 16 6 25 36590 1
24 17 18 21 28406 1
3 29 17 14 55426 1
11 14 19 17 25027 1
4 20 8 1 37289 1
18 3 28 12 28442 1
15 7 6 25 55450 1
13 10 21 13 21285 1
13 19 25 2 50944 1
13 23 19 2 54835 1
1 14 13 21 41000 1
29 14 14 3 34811 1
22 13 3 11 30646 1
18 1 7 23 58084 1
23 23 23 10 49069 1
14 6 21 28 64741 1
28 4 9 21 69819 1
11 2 25 1 26933 1
13 11 18 26 40627 1
18 10 7 27 54767 1
24 8 20 2 29426 1
17 16 10 2 35939 1
9 3 27 17 54320 1
14 23 25 8 66109 1
11 2 12 22 62941 1
3 15 9 11 21828 1
26 28 17 13 56740 1
12 0 18 22 53652 1
25 23 29 13 33133 1
22 20 9 15 37454 1
7 25 27 10 61205 1
24 25 17 0 54884 1
14 2 28 29 66279 1
14 22 21 14 30800 1
4 5 25 3 34858 1
6 15 28 14 35951 1
17 9 11 27 49241 1
19 12 29 6 27510 1
12 15 23 19 31074 1
0 3 26 27 87553 1
27 27 4 27 55615 1
28 27 18 29 35575 1
18 12 3 25 41540 1
17 9 5 25 41800 1
22 14 29 19 23357 1
3 6 27 16 60845 1
8 25 22 20 35406 1
4 15 26 22 60672 1
11 19 25 4 54887 1
26 28 15 25 39525 1
1 21 18 11 48743 1
16 11 12 23 44282 1
20 6 5 15 44047 1
27 1 0 7 58756 1
27 4 28 22 39998 1
4 24 27 1 70944 1
29 8 4 27 69655 1
13 24 27 11 51644 1
23 17 10 11 39085 1
12 3 14 15 38361 1
13 26 27 13 44769 1
28 24 4 16 51851 1
13 6 21 13 35519 1
0 4 26 8 63144 1
27 25 11 18 44039 1
9 10 7 23 38435 1
1 4 29 2 40597 1
22 29 22 14 46113 1
27 4 21 21 51266 1
24 3 24 22 52255 1
1 11 11 16 25143 1
3 11 19 20 40923 1
3 6 22 4 38422 1
25 20 4 3 65564 1
3 12 16 11 27547 1
7 20 18 4 52750 1
23 20 28 25 27125 1
11 21 23 18 42824 1
24 28 13 13 50273 1
6 19 12 10 31315 1
10 22 22 22 39227 1
15 1 15 16 33102 1
28 14 18 13 16203 1
2 22 25 21 64353 1
