1256 3181 2638 1931 3111 1769 2115 3372 1866 1718 1414 2789 1767 3245 2536 1138 2775 1821 2357 2048 1960 2902 3186 1409 2614 1854 3319 3320 2603
4358 4735 4347 3597 4317 4708 4216 4340 3759 4344 4356 3223 4054 4161 3211 4489 4033 4257 4957 3430 4615 4699 4247 3467 3280 3839 3571 3470 3125
5372 5281 6745 5027 5422 6590 6709 5969 7271 6349 5146 5378 5219 7250 5648 6311 7327 5529 5696 6101 6234 7071 6479 5411 5955 7282 5218 6019 7280
5881 5369 5533 4146 5237 5185 5327 5488 5789 5227 4077 4202 5709 4759 4168 5703 3927 5888 4765 4742 4785 4218 5416 5872 5807 5483 4467 4367 4315
6085 5206 4283 4888 4278 4618 5934 5377 5977 4240 6438 5930 4372 6195 5171 5958 5496 4536 4415 4270 4758 5405 4129 5749 5688 5505 4851 4796 6063
4040 3372 3425 3123 2314 2771 3760 2985 3233 2217 2556 2283 3446 4259 4428 4267 2162 4188 4086 4303 3089 2500 2820 3622 4065 4177 3971 2635 4035
6265 6942 7194 6194 7192 7151 6525 6583 6794 5475 6353 6195 7718 5575 6520 6604 6988 6593 6856 7235 5489 6710 5996 6490 7750 5917 6906 6355 5844
3466 1891 1808 1387 1370 2362 1402 3006 2606 2109 2640 3023 1996 1323 2600 2638 2131 3102 3003 1710 3254 1419 1684 2030 2337 1305 1927 3030 3167
3594 4169 4548 4490 5397 4605 3479 4762 3902 5476 3735 3535 5052 5370 4043 3595 3473 4834 4373 4541 4834 4775 4444 4923 5351 4386 3847 4109 4749
7509 5546 5577 6066 6353 6518 6844 5983 6967 5536 7587 6591 7524 7635 7043 5608 7181 5389 5991 7026 7596 6893 6768 6649 6487 7557 6530 5841 7272
5692 6935 5560 6075 7425 6940 7250 6413 6993 6788 7340 6989 7117 6782 5448 6805 6865 7292 6000 5464 5423 6888 5745 7578 6326 5579 7145 7132 5706
7549 7878 8036 6059 6719 6400 6497 7601 7648 6144 6419 6095 7907 8044 8020 6695 7264 6437 6963 6728 6004 6689 7305 7184 6558 6797 6336 6736 6599
5894 5813 5044 4304 5837 5259 3890 3722 4864 3751 5133 4342 3961 3672 4981 5473 5457 4444 5481 4071 4991 5463 4218 5632 4032 5852 5659 5673 4206
5437 4730 5273 5568 4719 5550 4090 4169 5893 5414 4933 4296 5258 5574 4345 4010 4585 3917 5086 5737 5568 5803 5400 4118 4804 4958 4305 3747 4388
5653 5119 6393 5677 6155 6061 7111 6218 5446 7056 6617 6497 5042 7055 6045 6552 4955 5473 6365 4921 5678 5692 6580 6755 5146 5407 5594 5886 6081
6002 5693 5585 6924 7034 6680 5776 6816 5924 6172 5633 5774 7276 7369 5784 6815 7060 5951 5859 5798 6527 5417 7458 7107 7308 6087 7461 6195 5454
4733 5387 5300 3461 3176 4677 4431 3396 4202 3663 5036 5165 4106 4753 5051 5153 4011 5377 4320 3779 5439 5185 3532 4270 4515 4673 4681 3323 4321
3412 2002 4030 2448 3839 4164 3428 3750 3028 3366 1954 3783 4004 3156 2725 2478 4037 3135 2759 3768 4019 2605 2029 3179 2503 3892 3644 3971 2674
4893 4812 5321 4377 5234 4308 4233 4434 4845 5018 4608 4586 5605 5420 5681 4432 5718 6172 5652 6188 4146 4852 5122 6351 6381 5423 5314 4404 4271
3274 3286 2455 1813 2860 2114 1791 2631 1982 3014 3048 2921 3510 2735 3077 1672 3882 2388 1607 2160 3917 2730 3132 2300 2315 3162 2319 1685 2946
3631 3488 4872 3713 4828 4560 5004 4275 3380 3514 3270 3601 4655 4591 4674 3192 3065 2972 4667 4494 4727 3621 4738 3589 3613 3259 5011 2945 3044
8452 8218 6532 8382 6691 7171 7149 6364 6945 6631 7847 6884 6933 7414 7239 6785 6196 7091 7364 7117 6877 7866 6414 8169 6477 8389 7392 6767 6676
3882 3233 2443 3298 3915 2057 2563 2573 3066 2777 3123 3803 3047 3981 3198 3985 3719 3860 3290 3856 3157 3346 2889 2587 4177 3968 3102 4196 3840
7740 7300 6634 7515 7645 7016 7607 6781 7284 8010 7165 6737 6580 8435 6658 7044 6439 6530 7904 7763 7294 7650 7042 7026 7671 8264 7347 6751 8584
3907 3206 4896 5203 4065 4597 3372 4983 4642 4499 3788 3283 4632 4263 3118 4703 4509 4992 4963 4976 4223 4963 3129 4111 3024 4487 3377 4891 4772
5449 7183 5469 6801 6308 6787 5614 5672 5350 7488 5764 6748 5706 5602 6573 5636 6554 7407 5920 6324 5594 7394 6984 6865 5386 6135 6520 6129 6716
7231 6714 7424 7930 8167 8304 6184 6235 7396 8351 8015 6265 7451 6164 6777 8020 6159 6941 8031 6413 6470 6175 8318 7640 6460 7697 7550 7813 6339
3796 4827 4305 3134 3590 4626 3674 3715 3199 4502 3220 3551 4175 3969 3309 4708 2892 3813 4632 2838 4836 4175 2942 3651 3810 2961 2778 2948 3225
6860 5421 6889 6872 6557 5436 6057 6572 7166 7048 5955 6622 6568 6146 7365 6130 5761 5535 6893 5819 6365 5395 6788 6283 7076 6445 6121 5778 6098
5743 6387 5085 5443 6795 5415 4609 4911 5172 5411 6518 6279 6183 6479 4682 5661 4716 4632 6846 6529 5654 4771 6353 5433 5424 6042 5467 6511 4956
3442 3140 5442 5144 4875 2844 2307 3520 4261 5734 6055 1462 2078 4455 8656 5409 2974 3258 8222 6545 5863 3920 4710 6374 6314 6216 7621 3603 5170 7134
3603 4599 6733 3443 5912 3526 2685 2973 2976 5737 6198 1442 2416 5932 7373 5850 3658 2418 7752 7964 6201 3927 4104 6991 4995 6800 6809 3219 5757 7530
3944 3342 4509 4281 5100 2795 2496 4313 2569 6500 5755 1465 2573 5303 8214 5278 3089 2030 8087 7241 5831 3285 4645 7163 5642 5434 7393 4322 6045 6046
3478 3660 4999 5700 5770 2648 2850 3375 3891 7003 4118 1700 2806 4879 7197 4934 4491 2059 8043 7508 5742 4499 4187 6326 6638 6631 6057 3999 5009 7779
3829 2500 6477 4052 5072 2831 2980 3260 3960 5732 6015 1442 3133 6384 7312 5068 4487 2276 7026 7497 5182 4658 4049 5520 4636 5949 6922 4058 5755 6983
3377 3964 5773 5666 5602 3154 4233 3529 2122 5166 5361 3334 1755 6520 6644 5738 4403 2223 7360 8322 6833 4409 3909 7153 6008 6401 7376 4865 4930 6710
2251 2970 5458 5003 5713 2131 2680 3111 3130 7138 5989 3227 2770 5108 7045 4785 3455 3490 6267 6578 6702 3027 3810 5449 6577 5815 7219 5091 6001 6740
2454 4552 5168 4130 6114 3717 4104 4906 2566 5732 4866 2518 3071 4519 8495 5726 4848 3737 7883 6604 4882 3247 3926 6420 4868 6284 7379 4159 5913 5702
2318 3631 6009 4404 5529 2678 3368 3034 4108 5503 5017 1585 3057 4548 8196 4602 3186 2231 6291 6910 4751 4791 4622 6776 5893 6076 7750 5187 4387 6351
2637 4422 4557 3808 4717 2829 2923 3088 2479 5018 6140 1605 3018 6418 8505 5097 3326 3470 7569 6582 6702 2965 3867 6474 6173 5664 7537 3594 4394 6122
3131 3260 4898 3488 4711 2432 2252 3015 3886 6741 4117 3153 2363 4422 6919 5483 3040 3693 7352 8363 5587 2701 5284 6737 4402 5604 5816 3580 4188 7697
2611 2882 6508 5036 5855 2033 3014 4676 2882 6271 5938 2877 1627 6534 6623 5263 4691 2456 6348 8463 5765 3733 4878 6578 5724 6513 5670 4019 5880 7159
3300 4457 5552 3493 6459 2275 2810 3838 3036 6499 5154 3368 1941 5025 7459 6692 4364 2644 7511 6487 5590 3275 4210 6402 5555 6488 7191 4629 6010 7235
4185 3420 6307 4716 6386 2213 3653 2981 3114 5386 6079 2527 1444 5449 8335 4728 3753 3536 6438 7928 4744 3854 4501 5046 5568 6005 7835 4702 5252 5890
2172 3203 5782 3511 5200 2678 3428 4515 2918 5736 5725 2240 2977 5248 6965 5658 4184 1812 6661 6838 5785 4052 3798 6540 4858 5583 6682 5152 4192 6592
4139 4250 5813 5612 6145 3455 2213 2993 2245 7130 4901 1645 1508 5547 7657 5350 3749 1833 6664 7051 5052 2789 5547 6002 6588 5367 7839 4316 5602 5636
2727 3910 6160 5311 6123 2093 3143 3881 3168 7079 4499 2196 2886 4535 8051 5606 4602 2130 8237 8393 5939 4289 3879 7149 6483 7431 7339 5091 5959 6727
3958 2666 6210 5295 5913 2028 4224 3334 4119 6131 5633 3691 2344 5907 7345 6205 4695 2375 8068 8148 5550 3069 5557 6390 6320 7322 6958 4854 4217 6492
3632 4531 5698 5568 4745 2144 3888 3228 4127 5427 6179 3410 1749 5957 7522 6118 4044 2107 7759 6632 6779 3421 5495 6155 4897 6404 7207 4459 4540 6941
2840 4395 5327 4610 5387 2984 2361 5087 3995 5336 5546 3630 2006 6376 8793 4953 4259 3288 8104 8456 5193 2651 4889 6135 5624 6282 5642 3403 4273 6657
3290 3880 5307 3633 4832 2124 3440 3778 2395 6403 4263 1508 2535 6133 7691 5849 5201 1939 7866 7314 5328 4451 4428 6747 6186 6881 5900 3578 5435 6557
3248 4151 5568 4535 6414 4092 3057 4886 3065 5220 5910 2732 1902 4394 7497 4839 5060 1755 6061 7936 4928 4490 4719 7195 5151 5554 7612 5064 4466 6406
2599 3006 6553 5063 6148 2638 4016 2858 2382 5802 5502 2619 3348 5492 7571 5133 4082 2507 6985 8275 6518 4336 4898 4995 5514 6837 6430 3682 4612 5777
2536 4407 5271 5365 5706 2790 2249 4970 2579 5935 5996 3235 1615 5952 6987 5089 3993 1928 8105 7298 6018 4673 3968 6554 4698 5898 6374 4398 5177 7858
3067 2633 6257 4486 5089 2425 3408 4995 3811 5106 5419 2431 3044 5690 7541 4474 4334 3409 6808 8260 6996 3288 5645 6472 6065 5916 7590 3763 3900 5996
4404 2774 4911 3545 4794 1835 3876 3744 3460 5800 6089 2832 1967 5668 8233 6254 5183 3796 6721 6874 5939 3017 5724 6347 5720 5799 6742 4479 5942 6774
3521 3601 6075 3807 4768 3943 4254 3307 2607 7088 5415 2088 3059 5075 8129 6520 4046 2540 6223 8530 4850 4196 4152 7239 5792 7286 5656 5042 5534 7254
2148 3923 5016 4743 5718 2811 3230 4080 2448 7080 5287 2229 3306 5499 8415 6345 3059 2834 6727 8430 5214 2908 5887 7235 5727 5270 6332 4389 3838 5631
2584 3723 4732 3775 6699 1880 3260 4251 2679 6884 4360 1773 1359 5942 6853 5428 3988 2273 6070 7155 6620 4214 4002 4975 4901 7465 6340 5108 4470 6051
21 16 28 24 54745 1
2 20 9 8 57144 1
28 14 12 18 61367 1
18 24 12 29 49583 1
23 22 20 0 78294 1
14 1 19 27 86261 1
9 6 1 12 34410 1
21 6 0 9 66286 1
2 23 7 15 44336 1
16 16 0 19 51355 1
2 18 14 17 39374 1
20 13 4 2 70772 1
27 5 23 19 66948 1
12 3 25 17 74230 1
25 8 2 2 83511 1
4 19 23 7 79857 1
3 7 10 28 73942 1
2 2 26 17 106655 1
3 2 15 16 81153 1
23 7 6 24 85696 1
23 1 22 18 57647 1
14 10 8 26 65184 1
16 4 6 9 44000 1
5 5 17 27 92196 1
28 20 4 24 100968 1
9 15 26 5 78977 1
9 1 1 7 37922 1
16 1 3 20 93812 1
7 19 15 17 29684 1
9 10 23 10 50794 1
16 15 25 16 36036 1
20 2 11 13 54339 1
16 16 3 13 56242 1
11 28 23 22 75499 1
24 8 3 17 72495 1
24 16 12 27 74230 1
22 14 15 23 50464 1
10 9 19 20 60380 1
29 19 22 25 51814 1
7 17 0 27 41224 1
15 7 16 25 69516 1
9 17 12 0 56877 1
7 17 16 11 35229 1
15 7 15 23 67787 1
14 8 1 26 84862 1
4 5 23 5 50529 1
5 3 23 29 122088 1
28 7 0 26 117334 1
5 2 6 24 64762 1
8 17 27 13 64327 1
27 18 1 10 84900 1
29 8 5 13 74044 1
2 13 25 8 73826 1
26 22 21 3 85292 1
23 8 12 27 94375 1
23 27 13 16 60135 1
1 4 11 3 39989 1
29 3 1 28 140980 1
23 15 1 5 79204 1
26 3 12 13 67543 1
5 13 18 12 34207 1
29 20 24 8 65998 1
8 10 1 16 34774 1
14 29 2 25 72590 1
11 1 25 5 55666 1
9 20 24 4 91620 1
6 15 15 9 45405 1
3 8 2 24 56046 1
0 11 15 21 64694 1
20 24 16 18 35847 1
1 15 8 8 36522 1
3 8 18 23 85600 1
5 4 17 2 44319 1
26 29 8 23 105313 1
0 18 28 9 95090 1
11 7 2 1 40699 1
1 11 10 17 32983 1
5 3 11 8 30531 1
11 24 12 12 61362 1
10 21 21 27 54122 1
0 11 21 0 77932 1
27 11 24 2 45303 1
9 3 14 24 91797 1
6 22 10 1 63195 1
18 17 28 21 42296 1
26 16 24 27 55609 1
0 8 15 2 65966 1
18 13 3 26 86780 1
12 26 11 7 85500 1
0 18 28 8 93657 1
12 23 12 5 79712 1
3 13 1 1 40535 1
6 6 14 3 35051 1
16 10 6 19 52948 1
19 11 5 25 72308 1
24 29 10 6 114277 1
6 11 7 0 27274 1
8 23 9 5 54823 1
17 6 1 28 98105 1
9 5 25 27 106475 1
4 24 19 15 68863 1
19 29 4 10 88061 1
4 5 24 13 69208 1
5 20 16 25 59434 1
18 22 15 10 50523 1
16 25 29 25 75641 1
24 15 2 28 102778 1
22 23 29 12 56026 1
19 12 16 20 34959 1
24 27 6 11 95117 1
7 2 20 12 51625 1
23 11 15 14 35598 1
14 16 2 6 65561 1
27 3 11 26 126925 1
23 27 3 27 87482 1
28 12 13 28 95080 1
2 0 27 11 92816 1
18 5 13 13 37811 1
14 23 4 21 48932 1
12 21 6 15 38060 1
17 4 8 0 39112 1
5 8 22 14 56270 1
2 13 16 17 54356 1
22 23 0 13 86852 1
23 23 16 2 82954 1
29 6 23 28 101367 1
7 27 21 21 59990 1
26 18 26 1 74478 1
5 2 21 29 115596 1
9 1 17 16 67963 1
21 28 6 7 96630 1
24 27 16 17 52767 1
10 10 22 21 68582 1
9 21 21 11 64895 1
16 4 29 26 109310 1
1 17 9 20 31944 1
27 12 15 9 42998 1
28 10 14 18 60830 1
23 19 5 2 96414 1
26 1 13 18 84301 1
7 24 12 12 40026 1
7 25 16 29 50214 1
23 0 18 24 81173 1
8 3 0 19 52854 1
17 15 9 13 35173 1
20 18 10 12 39975 1
29 27 4 5 135071 1
24 19 27 9 49536 1
16 21 4 23 48723 1
15 25 7 15 68168 1
17 10 12 15 29107 1
28 16 20 7 54655 1
28 8 23 29 94941 1
25 15 5 9 67459 1
23 17 19 9 33348 1
28 9 22 14 37427 1
25 11 28 26 67514 1
1 12 15 25 89540 1
14 19 28 23 73673 1
15 11 15 27 64964 1
3 9 1 1 36852 1
25 28 13 15 77334 1
2 29 22 5 119191 1
17 20 10 5 66714 1
10 11 19 19 44092 1
19 20 27 8 53992 1
12 13 9 5 40561 1
14 15 25 29 83426 1
0 27 27 21 110529 1
15 4 21 28 85386 1
15 15 17 2 54631 1
0 29 22 9 101567 1
23 1 2 8 78112 1
28 24 19 16 57658 1
7 4 5 28 63568 1
16 27 27 24 57362 1
2 8 4 16 37922 1
19 0 13 12 44097 1
19 16 24 22 37239 1
3 1 16 17 72798 1
29 29 19 0 119875 1
12 23 20 10 68255 1
13 9 5 4 39219 1
4 20 0 8 42234 1
28 8 9 23 101450 1
2 14 10 26 70879 1
16 13 24 1 57393 1
4 21 14 26 58260 1
9 15 15 26 76531 1
5 14 19 5 57716 1
24 18 15 13 43369 1
21 29 1 6 111412 1
13 25 1 26 63556 1
26 22 4 27 99983 1
17 19 8 1 72280 1
4 28 26 10 106757 1
10 15 28 8 73595 1
8 11 14 24 68899 1
11 6 23 26 100749 1
5 21 21 23 66736 1
20 26 18 10 55168 1
22 18 17 26 41612 1
2 14 21 3 83908 1
5 17 28 28 102121 1
22 9 5 2 63779 1
12 27 2 1 93038 1
9 5 10 28 73051 1
19 14 29 3 61124 1
28 14 9 15 78579 1
5 21 18 10 63517 1
14 27 25 4 104016 1
6 29 2 22 42820 1
19 2 14 25 84764 1
5 14 4 24 40101 1
0 27 13 20 66139 1
28 25 8 1 127997 1
12 10 0 15 41280 1
17 2 8 27 90486 1
3 20 9 4 66027 1
21 27 23 3 86169 1
2 19 24 11 76665 1
15 1 19 20 63183 1
8 23 9 0 63122 1
22 5 10 21 82137 1
11 22 19 10 66007 1
19 3 1 19 84557 1
22 25 28 21 35417 1
11 1 17 6 38605 1
18 15 10 2 73352 1
19 11 0 4 60252 1
14 3 2 10 59790 1
27 29 17 23 61774 1
0 6 24 12 64195 1
3 4 11 10 45406 1
27 1 9 5 62690 1
17 3 3 18 76462 1
0 10 17 16 51988 1
24 0 29 18 83613 1
3 6 0 20 38449 1
17 15 6 0 63019 1
23 22 22 11 44140 1
23 26 28 21 39497 1
7 3 5 28 64955 1
17 24 23 17 33864 1
24 29 13 0 121321 1
21 9 19 23 49604 1
12 18 2 12 43756 1
27 11 11 29 110320 1
12 11 28 16 57887 1
6 2 14 14 55710 1
4 11 23 22 80351 1
29 18 24 26 55318 1
29 29 3 10 130549 1
10 4 27 5 51607 1
21 12 1 1 73100 1
8 2 14 11 41491 1
12 4 5 24 74011 1
12 7 3 13 45954 1
24 7 11 23 94713 1
24 21 10 25 76812 1
21 22 22 9 49861 1
14 11 23 18 44852 1
15 20 1 1 92449 1
17 14 12 20 35191 1
7 0 26 27 124179 1
18 1 8 1 36101 1
25 5 9 17 74791 1
28 18 24 29 62288 1
28 4 4 5 70830 1
16 7 13 17 44406 1
1 29 2 6 63395 1
18 22 4 17 57133 1
1 29 0 0 72289 1
18 28 26 1 98846 1
7 27 1 10 49672 1
8 17 12 2 60240 1
17 25 18 1 74200 1
14 14 9 29 77620 1
20 29 16 2 85611 1
14 11 12 23 60976 1
23 3 29 18 73983 1
17 25 3 4 95376 1
19 21 8 29 64787 1
27 19 1 3 109078 1
5 25 12 28 41660 1
9 29 17 5 94260 1
27 5 2 8 75848 1
22 12 20 27 50752 1
23 12 0 28 93008 1
1 7 0 23 40414 1
22 8 2 6 62948 1
7 4 5 18 39107 1
21 25 2 4 112553 1
11 10 22 14 41958 1
2 22 1 11 35614 1
2 24 29 3 137117 1
29 24 21 4 99812 1
20 29 4 12 85402 1
2 3 18 8 65246 1
29 0 8 14 96762 1
13 0 19 21 75575 1
9 14 4 25 58803 1
14 1 26 12 61772 1
15 21 0 6 75179 1
3 15 21 12 57626 1
13 28 10 6 86555 1
26 2 17 11 60044 1
29 17 11 12 57621 1
16 18 26 19 45583 1
10 21 22 17 48237 1
13 22 0 25 63410 1
5 25 25 26 99598 1
27 6 21 0 38276 1
6 3 4 20 56806 1
0 24 21 23 92647 1
5 28 11 1 84519 1
3 13 10 21 48933 1
21 12 15 7 30322 1
5 4 22 6 49146 1
18 29 2 2 124559 1
29 22 13 22 69815 1
5 1 26 4 71020 1
10 23 19 16 57770 1
6 0 11 27 78300 1
28 27 3 6 132088 1
5 17 18 4 67214 1
13 12 5 1 45536 1
14 13 11 29 81858 1
5 5 29 15 91824 1
27 24 13 24 78208 1
28 3 1 22 122460 1
12 28 25 27 61345 1
3 2 11 7 41863 1
8 28 28 29 98905 1
1 20 10 9 60247 1
10 0 28 20 112204 1
20 24 15 9 62256 1
19 3 1 12 64548 1
17 27 28 20 64717 1
29 21 13 13 76710 1
29 14 16 23 67906 1
25 7 1 12 76695 1
17 21 27 6 71788 1
17 11 4 26 78061 1
4 26 7 14 48005 1
9 29 8 6 69599 1
22 26 1 1 121398 1
4 23 17 28 73580 1
2 25 25 8 114986 1
7 21 22 21 53778 1
19 25 3 16 66548 1
20 27 19 12 44309 1
5 3 13 14 53700 1
19 7 8 8 38148 1
23 13 16 4 41924 1
23 18 6 6 76197 1
23 14 5 2 80243 1
7 24 20 10 63752 1
2 22 13 12 58853 1
14 20 8 16 37451 1
28 9 22 2 41302 1
25 4 27 29 100235 1
28 17 3 22 84463 1
14 28 24 24 57208 1
27 1 22 29 109470 1
5 25 20 24 75617 1
17 21 5 8 66725 1
14 18 13 4 66279 1
16 26 29 16 69094 1
24 3 16 15 60286 1
3 27 25 11 95577 1
24 3 18 18 63857 1
20 21 3 11 65385 1
23 29 18 18 56877 1
25 21 3 11 86104 1
9 27 19 26 46715 1
13 10 19 27 62323 1
28 2 29 27 107518 1
16 25 16 7 66523 1
8 20 19 24 51935 1
14 25 20 7 78818 1
4 6 19 3 46284 1
22 0 1 25 119943 1
2 21 6 5 58470 1
23 22 18 27 36621 1
18 21 24 27 39504 1
21 0 27 9 45250 1
14 6 25 24 93306 1
2 14 15 25 92422 1
11 1 29 1 65812 1
26 4 25 26 99954 1
13 12 1 13 34584 1
12 28 20 12 80314 1
27 8 4 20 92844 1
24 7 17 4 28620 1
0 4 16 4 50526 1
21 4 6 3 50134 1
9 29 20 14 86264 1
12 23 18 12 59367 1
15 22 12 4 83693 1
19 10 2 8 56890 1
23 10 5 27 88872 1
18 25 15 5 69050 1
22 4 11 22 89959 1
28 19 17 2 83290 1
23 4 12 11 52521 1
13 24 25 8 88871 1
22 24 17 3 72803 1
9 23 22 14 75765 1
3 4 24 11 74665 1
7 7 10 29 68598 1
15 19 11 2 88422 1
16 18 14 10 40388 1
18 18 16 29 49201 1
22 15 3 11 54604 1
19 5 1 8 55993 1
29 24 5 0 134087 1
7 28 27 21 87020 1
1 20 5 29 48809 1
5 1 17 11 51229 1
15 0 9 26 95539 1
4 0 0 19 57266 1
29 14 16 16 51951 1
8 8 26 27 110053 1
22 10 14 4 40387 1
17 12 4 14 42117 1
23 22 29 16 45374 1
5 3 3 23 72417 1
17 8 24 3 37714 1
0 19 17 15 55989 1
2 18 10 14 43249 1
24 3 17 9 40742 1
23 20 13 28 68617 1
5 7 12 4 29930 1
12 8 27 3 57854 1
25 15 20 24 48961 1
4 10 11 27 63667 1
29 29 20 27 46218 1
16 12 23 29 73361 1
16 7 4 14 59063 1
19 4 4 18 71559 1
6 3 26 8 66558 1
27 22 7 18 76582 1
26 25 4 2 133835 1
3 5 0 12 24208 1
8 23 26 25 93523 1
18 22 18 11 39504 1
25 1 8 20 100311 1
27 17 7 11 66897 1
24 3 5 11 74499 1
7 9 13 3 35627 1
27 27 14 24 70351 1
13 18 19 12 32586 1
9 27 16 18 61906 1
18 0 9 23 98758 1
0 22 26 14 97547 1
28 17 8 29 89690 1
10 7 24 1 63228 1
16 1 18 12 39651 1
17 29 4 24 73864 1
7 22 27 16 68566 1
0 22 23 22 90255 1
9 3 29 26 136468 1
3 17 11 7 47579 1
25 22 21 1 86952 1
13 14 18 29 63259 1
8 27 6 8 50126 1
18 9 0 7 57607 1
9 7 7 25 49967 1
3 0 18 16 80876 1
6 28 1 14 57031 1
10 2 29 27 139883 1
12 9 3 22 62776 1
20 8 0 0 72993 1
20 2 3 15 83041 1
25 26 6 3 122874 1
2 28 24 25 110085 1
14 15 22 17 28746 1
24 16 16 26 54035 1
25 1 17 20 77961 1
20 4 21 24 70233 1
17 14 28 14 46549 1
14 12 6 4 40673 1
7 16 3 3 45852 1
14 14 25 6 57183 1
22 25 23 9 60597 1
5 18 15 22 52949 1
23 16 9 19 52219 1
8 27 1 24 40403 1
17 24 15 11 45518 1
16 27 9 17 58198 1
5 19 10 4 58472 1
22 12 11 3 55641 1
4 12 21 10 48783 1
0 8 5 28 64367 1
1 27 18 29 82442 1
9 25 21 16 74346 1
11 13 19 23 55193 1
5 10 14 7 36809 1
0 3 23 13 74582 1
16 5 18 15 39206 1
17 0 5 5 44881 1
29 6 3 21 113175 1
4 27 6 12 49243 1
12 25 10 11 66713 1
0 10 27 18 83420 1
5 9 29 10 72126 1
26 10 20 2 52432 1
26 10 16 10 40556 1
5 28 29 5 117363 1
23 8 24 18 42508 1
16 14 22 5 41844 1
8 28 6 16 35625 1
28 1 26 18 74800 1
20 12 7 12 29991 1
21 26 9 11 76955 1
3 9 10 19 52672 1
8 27 27 16 82008 1
20 2 27 23 89230 1
27 24 19 11 65846 1
6 4 1 10 35843 1
17 17 3 2 79434 1
29 19 6 24 92550 1
13 29 5 4 90509 1
21 7 2 15 80824 1
0 15 26 8 83686 1
27 27 12 29 75072 1
29 2 25 26 111923 1
12 26 14 5 93982 1
29 11 10 19 76796 1
5 29 14 20 57572 1
26 7 16 18 63866 1
12 4 2 6 35908 1
17 14 20 0 45282 1
10 11 21 9 41924 1
16 16 26 22 53257 1
5 13 14 29 79623 1
23 22 27 5 73930 1
28 27 28 4 95673 1
26 4 26 16 55052 1
6 4 12 26 82888 1
2 27 23 0 125945 1
16 7 2 0 60219 1
3 24 27 7 113272 1
13 1 15 29 115160 1
29 11 4 9 71340 1
11 4 10 24 79347 1
13 6 21 1 38850 1
15 13 18 4 40642 1
17 28 2 20 83631 1
24 9 29 2 46124 1
23 1 0 29 126852 1
11 1 3 25 93451 1
25 24 12 21 61440 1
8 27 6 18 29095 1
18 0 5 19 85377 1
10 23 4 12 48994 1
29 25 0 0 145503 1
21 24 3 20 83536 1
29 3 18 27 100244 1
17 15 25 5 47837 1
23 14 13 12 33950 1
12 29 12 14 75633 1
24 12 3 11 49341 1
16 18 12 7 54241 1
3 19 21 3 89791 1
28 7 15 17 64077 1
17 26 0 15 77098 1
28 24 20 0 102681 1
21 11 15 18 36387 1
8 24 24 7 88500 1
23 25 22 16 37718 1
2 25 26 22 112926 1
12 5 20 1 31695 1
16 20 21 1 71149 1
21 25 9 28 68338 1
29 17 23 13 37397 1
6 5 16 18 60756 1
26 25 26 13 57936 1
9 15 24 14 61878 1
1 8 19 6 58107 1
14 11 7 24 47546 1
15 22 14 7 68315 1
7 16 24 12 47948 1
22 9 5 24 81069 1
11 14 19 21 49043 1
3 11 13 20 53609 1
12 20 25 21 53629 1
25 26 10 7 112248 1
15 11 24 21 56747 1
23 18 13 6 66734 1
29 27 2 13 128063 1
23 8 9 2 60549 1
23 26 11 13 83801 1
27 12 1 13 66968 1
2 22 18 9 81964 1
29 20 18 20 51445 1
24 14 6 25 80125 1
6 28 25 13 89631 1
0 20 6 25 41657 1
15 21 27 19 52344 1
4 1 0 18 53927 1
3 3 15 13 63990 1
22 26 17 4 78500 1
6 18 15 13 46831 1
25 2 29 10 47270 1
9 11 25 8 52320 1
23 2 16 6 36351 1
7 2 27 26 119245 1
19 17 6 6 60178 1
4 7 17 21 72970 1
2 4 22 19 92973 1
16 11 23 18 40967 1
10 12 26 4 62700 1
27 2 11 0 58979 1
6 18 25 14 72681 1
19 1 29 23 98318 1
11 16 4 27 52316 1
20 13 0 24 78771 1
28 6 14 16 72571 1
11 4 27 6 53095 1
5 6 5 27 63974 1
24 5 4 20 91317 1
21 7 26 12 30202 1
11 25 7 16 44298 1
4 26 15 15 77848 1
26 0 6 18 101215 1
16 12 19 4 27340 1
18 0 23 18 65716 1
18 24 24 20 37883 1
15 8 29 11 45939 1
16 20 19 2 59588 1
12 22 9 5 68200 1
27 28 5 0 135956 1
3 18 5 6 45819 1
16 13 0 20 59780 1
10 19 1 27 58146 1
23 10 5 0 73461 1
1 12 25 11 60558 1
12 13 25 12 33260 1
1 13 11 9 41311 1
3 15 14 8 57309 1
14 6 15 29 94397 1
28 4 25 11 37164 1
0 20 25 5 95643 1
14 16 21 21 32386 1
10 29 27 2 133865 1
3 3 5 21 66488 1
21 25 14 13 65094 1
2 13 28 15 83515 1
16 5 19 15 33088 1
2 16 14 8 60201 1
18 6 19 19 38146 1
6 14 22 10 51319 1
28 4 9 24 114581 1
12 15 26 2 83031 1
11 29 25 12 102730 1
17 20 19 1 56935 1
14 8 24 23 75917 1
14 3 9 18 69202 1
16 9 29 19 70615 1
8 1 4 24 70129 1
7 5 19 19 63855 1
20 6 3 19 77122 1
1 1 0 16 37730 1
28 11 2 23 102509 1
12 2 15 22 93041 1
0 29 6 6 70138 1
20 22 7 27 59160 1
27 21 11 27 83353 1
17 23 10 28 51839 1
27 28 8 17 88833 1
7 7 29 4 68656 1
28 16 15 1 80848 1
17 0 25 23 95238 1
16 3 5 29 97180 1
17 9 4 9 46100 1
2 21 3 11 34652 1
14 11 14 23 62354 1
19 29 13 2 93209 1
19 17 15 8 36513 1
21 15 13 6 55963 1
17 5 15 26 82312 1
23 9 8 2 65167 1
9 23 11 9 62503 1
4 29 14 18 72620 1
3 23 14 13 66110 1
28 8 8 4 65533 1
18 16 2 27 79741 1
19 6 28 2 40591 1
24 9 9 21 80756 1
8 6 24 27 107757 1
14 4 27 21 88211 1
21 19 20 4 58430 1
2 9 22 16 71549 1
8 24 18 18 57159 1
23 11 9 18 58787 1
27 19 13 2 92155 1
7 28 24 20 80742 1
21 8 23 28 76804 1
27 14 8 26 91318 1
29 6 0 19 107445 1
0 24 23 13 87092 1
29 12 0 6 76930 1
11 9 1 19 58845 1
28 23 9 10 100922 1
24 8 27 17 42884 1
22 29 3 29 100136 1
15 16 26 1 76522 1
16 17 27 27 64210 1
13 16 19 1 60010 1
18 19 9 0 84114 1
4 2 13 22 84477 1
28 9 9 7 71136 1
24 7 20 19 51976 1
17 27 12 7 78267 1
6 6 11 16 40423 1
21 12 8 5 48900 1
27 9 2 22 101523 1
19 2 22 11 29578 1
22 7 27 14 36439 1
19 27 27 4 84133 1
17 14 7 19 42887 1
29 7 21 3 40094 1
22 2 2 24 117900 1
10 11 24 3 63184 1
15 0 19 16 55264 1
29 11 23 23 62922 1
23 21 3 17 67553 1
16 20 28 26 71191 1
15 26 2 27 64481 1
21 24 18 5 64565 1
24 13 6 14 54387 1
26 15 0 10 77865 1
8 8 29 10 72331 1
28 28 15 26 66376 1
25 25 9 1 123618 1
17 27 1 1 110337 1
15 21 2 12 63412 1
26 13 6 13 58957 1
27 15 3 7 83348 1
22 4 10 27 103305 1
18 1 11 4 36451 1
15 13 20 22 43304 1
12 3 5 0 33659 1
14 10 3 11 33953 1
25 22 17 1 87870 1
18 16 13 5 47150 1
15 10 4 20 60427 1
23 25 11 12 72333 1
20 20 8 24 59565 1
9 27 20 12 71796 1
27 19 0 21 87571 1
13 8 8 15 40980 1
26 3 23 21 79118 1
2 20 26 21 95204 1
8 29 18 26 59296 1
16 21 19 6 51114 1
8 10 16 2 52598 1
1 0 25 25 133963 1
18 28 1 12 90420 1
5 20 22 14 68198 1
5 19 0 4 49930 1
25 11 20 28 63984 1
20 0 2 20 102106 1
8 13 15 24 70739 1
17 19 29 0 86678 1
21 11 25 3 38073 1
29 17 14 2 87064 1
13 2 27 15 78601 1
16 18 26 17 30611 1
16 19 28 4 80130 1
20 24 14 7 69030 1
26 19 22 6 62447 1
18 3 26 25 97536 1
7 16 28 18 63686 1
14 25 3 29 67131 1
10 8 25 21 85791 1
27 23 19 1 87189 1
23 27 13 22 57673 1
6 4 29 0 81583 1
5 5 21 26 100398 1
6 22 1 3 63745 1
14 24 14 8 76275 1
29 7 23 11 31545 1
10 16 18 11 43504 1
28 15 19 24 51477 1
5 13 12 6 38418 1
25 7 25 18 57736 1
19 0 4 28 109979 1
16 16 9 9 52033 1
17 23 8 28 57597 1
27 29 27 5 88149 1
21 13 8 13 41440 1
22 8 27 2 31853 1
18 3 14 18 58348 1
11 19 17 3 73971 1
13 26 17 0 108452 1
10 18 28 16 56991 1
26 25 17 7 89768 1
8 13 3 7 30949 1
11 16 12 25 48052 1
18 25 6 2 96720 1
4 2 9 11 37285 1
9 8 19 20 60983 1
6 24 24 18 71212 1
5 23 27 13 85351 1
28 27 22 23 39587 1
6 29 7 5 62544 1
16 17 7 25 43951 1
7 27 27 14 85866 1
18 27 12 5 79752 1
2 25 27 2 137537 1
11 21 1 28 53430 1
16 21 5 10 62528 1
20 22 24 7 59977 1
13 18 16 6 52080 1
9 18 16 12 43051 1
22 14 15 2 54987 1
24 3 19 11 38077 1
3 26 25 23 108773 1
23 5 23 18 49567 1
12 14 17 28 63370 1
18 7 26 11 32890 1
12 4 7 13 38670 1
15 9 16 19 47656 1
25 5 21 20 61679 1
10 26 28 8 115938 1
9 17 29 16 57041 1
23 7 1 5 64053 1
8 7 19 24 78652 1
8 10 21 1 65301 1
23 9 27 1 45371 1
9 3 12 18 59158 1
9 25 27 17 84085 1
17 0 18 28 84535 1
2 4 8 10 35332 1
7 24 17 4 74280 1
6 8 16 15 48345 1
24 25 23 6 76072 1
23 19 24 6 57525 1
4 17 25 20 73357 1
25 9 3 15 81167 1
3 5 29 3 79412 1
28 14 18 8 50388 1
4 17 25 1 95603 1
10 5 4 22 61316 1
14 13 0 6 46367 1
7 18 28 18 64657 1
12 11 3 16 39424 1
26 3 9 13 78114 1
13 27 5 20 46395 1
23 1 27 26 101521 1
24 21 12 2 94602 1
1 8 27 9 81325 1
12 10 26 17 57822 1
14 15 25 18 43997 1
7 4 20 4 39757 1
5 15 27 7 81103 1
21 18 5 21 62847 1
24 12 1 24 89830 1
16 6 0 25 85489 1
10 7 26 27 111391 1
3 2 25 19 112069 1
5 18 27 21 79206 1
17 20 3 0 87897 1
12 17 7 6 41061 1
27 21 29 10 49243 1
10 4 4 23 72870 1
12 6 28 10 65063 1
1 19 12 29 72970 1
21 27 26 13 71682 1
24 15 2 17 64731 1
7 7 6 29 58780 1
8 14 25 25 88517 1
9 6 25 5 47387 1
15 10 25 16 49806 1
8 2 25 2 70456 1
14 10 6 1 47801 1
18 5 18 22 52818 1
27 13 10 27 97035 1
24 0 21 18 68644 1
24 28 22 5 85095 1
16 28 24 15 63060 1
3 9 26 16 84878 1
1 13 21 10 60632 1
22 8 6 7 53441 1
6 9 15 17 49177 1
11 22 29 13 90362 1
13 2 29 27 129643 1
11 26 11 5 84119 1
19 1 8 19 79297 1
3 23 17 4 91937 1
23 17 25 4 54560 1
4 26 13 5 84436 1
26 12 15 26 77056 1
11 25 16 14 68885 1
25 27 22 0 100738 1
29 2 9 27 129754 1
4 17 17 14 44771 1
27 6 14 17 65483 1
3 15 9 9 44107 1
4 21 23 25 85708 1
17 27 0 20 83055 1
21 12 22 0 38635 1
28 6 8 26 109476 1
12 19 20 15 35907 1
29 1 25 28 119902 1
19 0 16 17 52677 1
11 1 22 2 44978 1
27 7 17 16 53132 1
13 10 28 14 56713 1
2 28 5 13 63457 1
24 14 12 29 91385 1
12 4 3 15 61534 1
6 26 8 16 34042 1
16 2 23 29 102085 1
16 18 0 21 56729 1
2 29 11 22 59723 1
29 8 10 15 76274 1
4 18 9 10 37506 1
11 18 1 26 65094 1
16 13 6 10 36685 1
3 2 21 6 62546 1
3 18 27 20 80405 1
17 7 7 26 69367 1
15 26 8 14 77798 1
5 15 11 25 54309 1
15 2 1 25 105407 1
25 14 9 2 85435 1
13 27 11 18 53554 1
22 11 3 21 76182 1
25 12 13 23 71618 1
7 16 0 29 49278 1
29 4 4 29 135176 1
2 19 21 5 84585 1
3 8 11 14 50057 1
16 23 15 14 46125 1
10 27 7 0 72469 1
23 10 11 19 65641 1
29 1 6 18 111004 1
25 9 26 24 73455 1
15 17 20 6 41069 1
1 9 17 28 95291 1
12 17 18 8 44605 1
2 3 10 5 33232 1
3 8 26 17 83999 1
8 20 18 13 55226 1
3 20 16 3 84226 1
15 6 6 27 77888 1
1 1 13 9 59111 1
21 1 10 8 54155 1
1 12 10 6 37333 1
19 15 8 1 65384 1
7 16 8 0 38081 1
7 20 27 25 91120 1
21 0 13 5 34429 1
11 6 4 29 83501 1
4 11 27 29 114733 1
22 14 21 28 53796 1
22 29 2 9 111351 1
16 9 10 1 54467 1
4 18 14 16 39094 1
6 29 1 3 82155 1
5 28 24 8 96809 1
1 8 21 9 70357 1
9 16 27 16 56577 1
8 7 5 21 46899 1
0 16 14 7 58351 1
16 6 27 3 40497 1
7 12 6 3 24908 1
16 2 0 25 96333 1
24 11 24 29 76416 1
5 10 9 25 50951 1
0 3 23 1 80641 1
5 7 13 20 61458 1
5 24 28 4 114267 1
29 12 13 9 50972 1
5 4 16 4 35085 1
13 24 0 1 95224 1
8 5 2 21 61539 1
29 15 15 5 68706 1
18 1 16 26 85431 1
24 27 4 19 95119 1
13 24 24 23 63271 1
16 1 2 14 82947 1
20 26 4 19 78317 1
17 0 26 2 38131 1
25 2 17 12 54750 1
22 24 12 17 46404 1
1 29 20 23 96047 1
25 7 3 15 86342 1
29 10 4 28 111350 1
23 7 4 1 62858 1
14 19 2 17 45683 1
18 13 2 15 62219 1
1 16 12 15 45046 1
2 4 29 5 77078 1
17 7 20 22 51194 1
24 8 11 16 61401 1
