6455 7488 7548 6888 6514 6961 7433 6257 6901 7086 6986 6575 7472 8058 6142 6504 8043 6526 7898 5939 6773 8023 5747 7681 6033 5804 6946 7083 6652
5273 6078 4947 5925 4552 6437 4559 5184 6279 5288 6265 5642 5376 5312 6238 4983 5484 6313 5011 5959 5278 4499 5072 4940 6160 5508 5956 6162 6195
3973 3307 2711 2210 2520 3642 2057 2154 4132 2001 4156 4273 3040 3417 3853 3041 4255 2324 3348 2539 1908 3599 3261 3570 3504 2264 2256 3453 4043
3071 4201 3386 3047 3939 3331 4056 2734 3723 3756 2922 3469 2432 3430 2356 3924 4133 2072 3579 4054 2171 2861 4230 2331 2608 4324 3680 2247 3766
3555 3840 2378 2797 4124 3977 3959 3944 3191 2364 3712 2056 2062 2829 2569 3794 3229 2869 2111 1895 3753 3279 2634 2279 3119 2615 3191 3540 3516
3078 3521 3135 2262 2358 2345 2121 3157 4140 3360 3506 3111 2086 3545 2427 2720 2073 2476 4315 3270 4236 2616 3448 2692 2741 4023 4028 4059 3879
5137 4009 4730 4864 5311 4618 6008 5493 4228 5463 5413 5255 4176 5595 4778 5380 5364 5361 4906 5055 3966 4962 4209 5819 5919 4553 3936 4904 4050
6120 4639 6032 4810 5718 4462 6620 5802 5223 5628 6769 6300 4939 5847 5530 4794 5325 6223 5968 6744 6758 5082 6183 5497 4701 4920 5200 6728 4617
6622 6476 6142 6659 5925 5914 5128 5905 6695 5055 6157 4862 6427 6060 5924 5077 6940 5485 5261 6206 6564 6175 6780 5421 6932 6954 6789 4925 5863
7784 7355 6968 8579 8328 7833 8046 6899 6407 8030 8064 8283 8522 6727 7414 8288 7536 8033 6951 8574 8329 8356 6617 8537 6391 7387 6493 6336 7209
2952 3533 2831 2363 2687 2331 3653 2680 2970 3779 3662 2547 3464 2580 3124 2945 3655 3168 2585 3729 2748 3076 3810 3235 2319 3260 2139 2227 2947
2389 3797 3442 3777 3546 2815 1862 2013 3084 2961 3122 1748 2383 3276 2417 2572 3082 3556 2056 1654 1846 2416 3831 3544 3341 1870 2894 3254 1835
5153 4798 4477 3982 4672 4869 4644 3736 3615 3369 3718 3440 5070 3774 5265 4577 3547 4228 5176 5472 3220 5427 5197 3938 3828 3401 4859 4164 5477
4935 4187 5397 3680 3246 3122 5101 4934 5007 3329 3430 3204 4835 3352 4393 4437 4234 4978 3461 3518 5225 4053 4729 5278 4820 3874 3589 4015 4494
6656 7363 7879 7446 6985 6386 7596 5813 7996 6039 7119 7584 6915 5701 5985 7992 5811 7002 7738 7119 7763 7288 6586 6500 6692 6012 7113 6994 6971
6164 7930 6582 6275 7278 6567 6493 6333 5891 7021 6401 5896 7941 6524 6591 7631 7847 6685 7253 6127 7707 7272 6485 7507 6364 7070 7257 7389 7629
8195 6764 8866 7282 8827 6793 8520 7810 7484 6973 8149 7635 8131 8116 7920 8209 8168 6805 7832 6722 8559 8691 6701 7370 6779 7228 7727 7984 6755
5290 3369 3226 5290 5192 4085 5210 4495 4514 4812 5034 5485 5322 4294 4457 3521 5435 3154 5479 3902 5019 4783 4257 3822 3515 4402 3247 4016 4134
4159 4166 6097 4407 4079 4698 5850 5241 6238 4360 4844 6157 5196 4798 5442 3984 5202 4743 5708 4129 5688 5942 3948 4478 4239 5860 4811 3908 4456
6838 7032 7267 8421 7622 7174 6648 7003 8517 6554 7366 7836 8636 6863 8079 8181 8422 8561 6782 8592 8490 7154 8149 8120 7313 8044 8301 7034 8379
7435 7513 7360 5619 6623 7693 5587 5945 7589 5631 5464 7111 6853 5409 6094 6153 5529 6341 6751 5758 7535 6900 5766 7124 7398 6325 5579 7315 7133
8605 6718 8594 7299 6859 7161 6913 7086 6501 6383 6437 7233 7665 6637 7540 7066 8476 6585 7963 7784 7754 7103 8587 6959 7591 8482 7064 6888 7944
8036 7642 7365 7413 6005 6240 7050 7102 6512 6842 7120 7138 8093 6117 6723 7079 6204 7968 6702 6607 6272 6170 6020 7459 6216 7859 5979 7160 7853
7123 8337 8564 7163 8053 7529 7338 7398 8459 8026 6714 8864 7140 6929 7740 6796 8858 8313 8547 8789 7651 7389 7143 8761 8223 7332 8696 8528 7670
6297 5067 4983 5648 6301 4911 5976 4953 4725 4479 4461 5676 4902 5735 5299 4774 5488 5245 4392 5048 4761 5018 5465 5572 4816 4433 6141 5013 4475
7024 5619 6107 6019 6263 7040 6905 6023 6123 5679 7445 6988 6384 6297 7120 5852 5506 5413 5953 7258 5432 5253 6027 6200 7080 6044 5617 5445 6399
3803 5357 3916 4437 4302 4757 4691 5404 6071 4117 4908 5595 5647 5968 4425 4897 5936 5151 4458 5980 5242 3996 4295 3807 5678 4528 5169 4196 4775
7905 7096 8615 6528 7387 7044 7420 6871 8222 6702 7113 8461 7124 8387 6421 8165 6403 7780 7755 7928 7063 7057 6381 7639 7883 7324 8678 7030 6753
2316 3305 1858 2420 2072 2539 3105 2492 1903 2389 2604 2943 2995 3273 1384 3358 1508 1593 2776 3257 2399 2982 2526 2745 3363 2178 2525 2078 2758
5244 4625 4180 5322 4825 3752 4701 4365 5576 5541 4889 3511 3592 5484 5159 5766 3609 5412 5172 4530 3804 4555 5432 4360 5541 5395 3657 5840 4711
4522 5569 3881 5057 3944 6311 5389 4118 3896 2863 3414 5495 6548 6621 4948 6005 8431 5929 2714 6130 6594 8154 2923 3409 7067 7266 8388 6075 3970 6937
5893 5004 5608 3288 4146 6656 5352 2522 3215 2418 3934 6511 8440 6101 5246 5157 6806 6647 3701 6205 7029 8364 2907 4720 5793 7835 7428 4514 3620 7453
5575 5213 5526 3791 4586 8103 4359 3536 2854 1729 4441 7277 7839 7441 4711 3760 7077 5457 2650 6081 6757 8153 3917 3197 6015 8125 6626 5313 2198 6516
5115 4916 4383 3487 4334 7596 4994 2885 2222 2523 3415 6245 6308 7569 6486 4438 8310 6878 3641 5202 6466 6385 3344 2620 6472 7618 7108 6472 4330 7805
4601 5480 5687 4411 2798 6436 4909 2256 2820 2981 3355 5087 7071 7778 6032 5980 8030 5016 3074 5259 6924 8639 4116 4441 5993 7384 6652 5455 2897 5763
4537 6549 4172 2875 4144 7647 5249 2283 2003 1253 4756 5606 8133 6444 6119 4142 8626 6493 1619 5061 8335 7129 4090 3428 6314 8279 7800 6094 3936 6551
4424 6561 5863 4383 3548 6188 5357 2977 3678 2900 4302 6881 7443 6215 4629 3875 7211 4980 3349 5533 6635 8138 4990 4707 5250 6938 7851 6386 3634 5870
4225 6160 4136 3345 3096 8232 4614 4303 3067 3107 4285 5595 6326 7724 6808 3935 7456 5961 3595 5147 6596 8339 3213 3632 6381 6306 6992 6369 2766 7170
4438 7171 4612 2999 4783 8040 5572 4347 1787 1845 4851 6746 8393 7132 4924 5881 7933 7055 2071 5441 6750 8093 4236 4615 7178 6823 8676 6639 3030 6631
4308 6980 6080 4241 3421 7423 3684 3215 1600 1163 4203 7036 6379 7034 5648 5290 6934 5215 2605 6774 7537 7015 4371 3215 6818 7107 7438 5959 3589 6517
3995 6927 4261 4681 2776 7046 4171 2747 1911 2465 3761 5367 7971 7180 4696 4370 7584 5440 2116 6447 6602 6963 4036 3571 5806 8406 8498 5431 4064 6784
5373 6804 5366 4848 3854 6364 3707 2987 3376 2798 3027 6433 7419 7409 5301 5643 7115 5677 3052 4729 7163 6514 4107 2707 5970 7487 7737 4927 3780 6458
4402 6541 4835 4084 2792 6929 3251 4286 3040 1200 2821 5094 6924 7814 5001 5508 6984 5960 2366 6719 8374 7232 3812 3815 5677 8368 6808 6003 3633 7773
4851 6414 4502 3181 4622 7441 4388 2054 3035 2969 3329 5189 8228 6870 6901 4917 6913 6031 2953 5727 8241 8037 3337 3032 5886 8096 7294 5728 3041 7414
4028 6616 5405 3452 2829 7558 4121 2052 2399 1190 3471 6194 7847 6706 4952 5635 7851 6875 2634 6278 7143 6498 4726 3205 6618 6241 6746 6674 2058 7385
5456 6089 4268 4190 4094 7338 4130 2628 2908 2015 2859 6720 8514 7975 4710 3731 7083 6932 2278 6297 8413 8405 4053 4272 6414 7894 8439 6009 4285 7358
3771 7033 4578 4381 3120 6337 5124 2331 3929 1863 2743 5560 8383 8094 6051 5586 7331 4737 3462 6509 8557 7753 4907 4414 5379 6700 8585 6200 2230 5661
5131 5836 5378 4424 3023 6166 5336 2763 3571 1345 3801 5065 8400 7300 6494 4163 8851 5384 3424 4926 7170 6557 3058 3900 6185 7394 7091 5801 2272 5571
5273 5275 5358 2819 3166 7254 4609 2683 1878 2033 4783 5123 7418 6646 4824 3924 8220 6500 2346 6466 7249 6856 4102 2687 5672 8480 7378 4899 2136 7525
5494 5412 5118 4104 3893 7255 4133 2814 2103 3150 4016 5910 7688 5962 5263 3911 7246 5845 1850 4851 7659 7995 3180 2688 4963 8293 7685 4817 4059 7048
3935 6529 5143 4242 3439 6041 3399 3166 3396 2226 2634 6380 7670 7492 5382 5015 8675 5759 2447 6715 8068 7584 5014 2424 6993 6936 7142 6512 3270 7365
4011 6015 3958 3794 2757 7960 4599 3288 3360 1239 4169 7143 8579 7375 5288 4358 6871 6026 2565 6584 6615 7158 4541 2644 5551 8262 7732 5099 2056 5605
5645 6804 4679 4865 4053 8215 3896 2659 3446 2476 3918 6496 8639 7763 6222 5709 6607 6720 1643 5941 7391 7434 4408 3063 5804 6885 8695 4586 2838 5909
4140 6992 5763 4825 4476 7891 4082 4011 2891 3029 2553 5772 8408 7516 5740 3890 6925 6570 1875 4808 6838 6672 3343 3914 7235 7154 8169 6591 2735 7367
5319 5163 4507 3355 2747 7799 4299 2280 2504 1050 2670 6424 8670 6118 6224 5369 8364 6869 2197 6861 8485 7153 3239 4434 6184 6204 7140 6058 2943 6559
5099 6541 4944 4308 2656 6629 3725 2478 2823 2567 4503 6863 7600 6139 5291 5279 7553 5944 3655 6461 8200 8437 3662 4575 7142 6314 6504 6568 2537 6296
4894 5667 4503 3752 2749 7870 3976 3456 3912 1575 4663 5641 8018 7964 5686 4908 7006 6455 2534 6411 6803 8465 3202 4342 5494 7253 7561 6459 4313 5749
4366 5121 4740 3057 3627 7748 3464 2759 3093 2372 4668 7347 6735 8131 5450 4978 8674 6219 2261 5270 7958 7577 2871 3819 5235 8535 8716 6009 2303 6557
4122 5918 4448 3527 4637 7750 3573 3646 2874 1388 2963 6700 7576 6429 5568 5255 8601 6672 3553 6771 6748 6808 4786 4466 6962 7882 8659 6178 3469 7106
27 11 15 1 82284 1
22 14 3 18 79019 1
29 12 13 19 62722 1
15 6 8 20 65802 1
23 7 2 15 77644 1
10 10 24 10 38256 1
9 28 12 2 82893 1
25 13 8 9 58642 1
12 23 0 17 52171 1
22 9 16 29 97403 1
14 21 7 12 67809 1
15 1 27 14 91219 1
2 5 7 11 35651 1
28 3 19 12 55906 1
24 26 15 15 77082 1
29 23 14 28 57390 1
5 21 17 24 54499 1
15 26 29 2 121884 1
4 6 1 26 72833 1
15 2 27 7 61447 1
2 12 2 28 49632 1
5 14 8 21 36290 1
26 18 9 22 55126 1
6 29 20 28 48627 1
3 28 12 24 45575 1
19 20 22 7 80486 1
7 23 14 15 50820 1
6 10 16 4 47786 1
0 19 11 12 56319 1
29 23 14 18 53577 1
29 17 26 6 42066 1
21 12 15 7 42431 1
1 26 9 17 57996 1
14 7 27 9 36710 1
29 15 1 21 96135 1
0 16 22 29 113083 1
3 28 1 5 79742 1
6 13 20 5 73547 1
22 29 5 20 87814 1
17 6 25 22 80477 1
0 0 4 25 85810 1
17 29 6 0 118371 1
11 29 3 14 63096 1
28 15 13 7 56628 1
21 25 27 14 67317 1
13 15 14 29 63198 1
7 28 22 12 106184 1
19 28 25 18 62333 1
3 20 29 19 81168 1
25 14 15 2 87833 1
24 6 28 24 60076 1
13 28 8 3 84935 1
0 1 24 7 90366 1
24 3 7 23 112000 1
23 25 22 1 121512 1
14 24 17 1 98419 1
20 20 7 12 79024 1
18 6 9 7 30913 1
1 19 25 24 98634 1
1 3 26 13 91269 1
28 0 8 21 107047 1
1 17 27 28 106365 1
11 14 28 15 61628 1
11 9 1 8 27196 1
26 17 22 7 54031 1
25 3 0 21 132460 1
14 16 12 29 56183 1
29 16 12 5 75772 1
17 3 24 7 41161 1
21 11 15 2 62088 1
25 0 12 20 107456 1
15 10 6 24 72166 1
23 8 13 19 65982 1
18 23 24 5 95575 1
0 10 22 19 90511 1
9 28 7 14 62860 1
1 22 27 11 106964 1
23 19 20 26 56925 1
8 17 26 26 89008 1
15 17 4 19 38230 1
23 4 5 15 85062 1
17 2 12 15 63626 1
24 2 14 20 106061 1
9 3 22 8 51240 1
18 19 5 16 45781 1
5 10 17 14 53075 1
1 8 18 5 56819 1
13 18 20 2 86879 1
1 9 19 1 78272 1
27 15 14 8 55796 1
5 2 13 26 89665 1
25 18 10 25 56020 1
24 24 8 18 66932 1
23 7 3 12 66024 1
6 26 26 8 110172 1
23 10 10 20 66077 1
2 19 23 26 103038 1
24 2 17 19 88309 1
0 0 21 20 124646 1
29 0 21 8 46258 1
5 15 0 23 37961 1
6 4 1 25 80018 1
26 9 12 20 67140 1
17 6 0 18 79794 1
26 5 11 18 76534 1
28 4 24 24 69583 1
2 0 7 22 80559 1
6 28 28 26 72175 1
9 7 12 14 29681 1
0 17 26 12 105146 1
5 6 16 8 34082 1
16 13 3 8 61474 1
23 5 4 8 67457 1
10 9 27 0 63938 1
11 20 5 13 32306 1
13 13 23 20 64332 1
24 29 20 23 42495 1
5 29 25 17 89893 1
10 20 8 8 41595 1
12 23 2 16 45809 1
24 20 15 2 104313 1
22 10 6 13 60110 1
7 6 15 4 35761 1
29 25 1 29 105411 1
10 13 12 0 47347 1
19 14 2 25 88276 1
11 15 25 20 57513 1
16 20 0 1 106109 1
8 27 19 5 104354 1
11 9 22 19 61196 1
29 9 15 20 69352 1
6 29 21 11 104005 1
9 6 27 20 85949 1
13 26 29 13 90627 1
26 4 4 9 69298 1
4 7 20 14 71108 1
8 22 23 29 72989 1
12 14 24 28 82027 1
22 22 5 12 83491 1
15 19 8 10 53229 1
21 20 15 2 104537 1
5 9 23 14 71259 1
24 23 27 10 54179 1
14 28 23 9 86781 1
11 27 29 8 88443 1
0 15 3 28 52682 1
4 2 23 28 122308 1
11 21 16 3 65142 1
24 11 6 24 98952 1
23 28 21 8 84516 1
21 7 13 14 46622 1
27 5 14 7 48864 1
21 23 11 11 63981 1
0 18 8 9 48344 1
8 6 27 12 69183 1
18 14 27 13 58166 1
9 20 24 10 73096 1
21 9 16 3 41921 1
4 26 29 14 97067 1
26 4 22 23 77364 1
4 13 3 29 50538 1
13 21 21 4 90891 1
27 27 5 0 126754 1
9 9 1 29 80978 1
25 8 7 17 76433 1
19 25 27 17 67831 1
8 5 4 23 68929 1
19 23 1 7 93609 1
25 21 2 1 121434 1
4 25 1 14 44080 1
26 6 20 25 93407 1
9 7 14 18 44378 1
15 11 16 0 61257 1
20 1 10 9 63765 1
1 18 15 24 60490 1
2 26 23 10 102468 1
0 9 16 0 75414 1
29 0 14 10 60301 1
0 22 28 2 116112 1
18 3 7 29 109734 1
9 15 3 1 65392 1
20 27 2 16 92814 1
5 15 9 1 58331 1
20 10 2 28 98985 1
2 12 5 29 61413 1
6 24 13 0 98979 1
13 25 29 28 58023 1
19 5 7 24 97762 1
12 27 26 20 77564 1
23 9 0 5 69305 1
11 21 2 26 49011 1
20 11 6 28 96348 1
6 7 8 27 83509 1
5 24 24 5 106712 1
3 1 16 18 81811 1
0 22 5 2 70388 1
9 16 14 9 37123 1
12 3 21 13 69319 1
20 8 23 25 93565 1
17 0 8 18 82644 1
20 24 29 9 72457 1
1 16 14 8 61218 1
9 9 7 1 39103 1
28 27 27 0 73174 1
23 20 11 27 71808 1
21 8 23 24 85384 1
13 10 22 18 56822 1
3 15 15 29 79046 1
28 24 27 7 45886 1
3 13 6 26 54925 1
8 16 22 13 82283 1
26 18 12 20 46343 1
3 0 29 25 131556 1
12 8 22 1 68802 1
10 24 22 20 61056 1
26 27 10 16 83714 1
7 28 10 6 74186 1
12 23 24 16 58138 1
29 26 24 1 91985 1
19 11 27 14 53193 1
22 9 8 8 30410 1
3 25 19 28 61932 1
24 23 4 0 121907 1
27 3 10 16 75907 1
9 28 16 5 90609 1
0 4 1 20 65871 1
22 26 27 12 78483 1
10 24 8 4 68026 1
16 9 25 22 68121 1
4 19 28 29 93669 1
24 24 13 20 55822 1
26 4 10 26 102889 1
26 25 21 14 75058 1
15 26 28 5 111086 1
9 27 0 23 51289 1
9 20 29 1 101643 1
17 14 10 3 55441 1
8 13 22 20 74326 1
2 11 11 12 33954 1
29 18 2 20 77702 1
11 2 12 17 47777 1
26 15 0 10 89886 1
28 17 29 6 31527 1
25 14 10 2 80300 1
24 23 3 19 80217 1
24 24 5 6 107408 1
17 29 9 18 54588 1
4 26 23 5 115803 1
5 5 29 26 112525 1
12 15 22 12 64678 1
13 8 3 8 25504 1
1 26 5 8 67750 1
13 22 0 22 50062 1
21 1 29 26 108036 1
3 12 20 18 64782 1
13 25 6 7 73768 1
24 27 13 9 97084 1
4 29 11 19 49866 1
0 19 22 17 76378 1
9 28 12 14 49071 1
22 21 10 23 51549 1
15 20 9 5 70386 1
4 20 11 9 45117 1
22 28 16 19 57265 1
4 28 21 28 54680 1
7 25 21 26 75013 1
11 3 2 29 95263 1
14 21 9 8 57371 1
16 11 4 16 60235 1
10 29 22 13 94567 1
22 1 14 3 46413 1
15 0 6 14 79171 1
11 25 13 11 49249 1
14 2 24 10 63003 1
8 25 8 9 65448 1
11 25 21 7 76275 1
15 15 1 21 70498 1
20 18 12 14 38930 1
21 0 17 27 139838 1
27 19 19 17 35082 1
19 7 28 22 64767 1
15 25 8 18 45225 1
18 18 13 11 44184 1
18 5 20 28 113672 1
21 29 19 2 132150 1
10 23 16 29 40796 1
22 17 18 8 67526 1
12 16 29 27 79194 1
26 12 20 19 53157 1
22 23 16 1 120560 1
3 0 23 19 111166 1
12 4 29 23 92724 1
4 21 11 25 40407 1
15 24 18 5 91541 1
20 22 25 15 54442 1
29 18 10 17 52379 1
14 27 6 19 58752 1
25 4 13 2 51296 1
1 20 12 5 75185 1
16 26 19 4 114843 1
18 5 5 11 53677 1
18 16 3 24 67166 1
20 14 8 29 87983 1
4 13 26 1 91487 1
26 6 12 11 50949 1
15 15 28 12 62335 1
24 27 14 23 54173 1
9 7 1 5 34942 1
25 23 19 29 53746 1
24 29 6 28 59951 1
12 10 15 18 36188 1
12 10 20 20 62057 1
5 16 10 0 57023 1
10 12 20 16 57287 1
3 5 5 19 47512 1
11 14 17 25 52212 1
8 0 24 2 79950 1
26 0 13 18 91441 1
22 20 10 2 89093 1
23 0 5 1 86375 1
1 4 5 27 78601 1
2 11 16 9 36295 1
29 3 5 22 105629 1
26 12 13 28 98769 1
2 22 13 15 55181 1
14 9 26 19 59430 1
23 8 11 29 85644 1
7 15 9 3 55187 1
28 19 10 9 62385 1
9 15 19 18 39689 1
26 12 7 0 86516 1
9 2 24 23 107055 1
17 18 23 11 59041 1
16 19 27 4 75876 1
24 7 29 23 55821 1
5 10 27 15 71756 1
24 16 1 18 72049 1
23 16 10 26 72379 1
16 28 4 14 74393 1
21 7 1 20 92511 1
8 6 19 29 103052 1
10 2 16 8 32964 1
0 22 14 15 65928 1
0 22 29 26 115970 1
11 6 25 10 41221 1
5 16 18 4 70474 1
18 3 0 15 92059 1
13 13 6 24 62643 1
2 24 9 13 61878 1
7 24 3 15 45515 1
1 1 11 9 47586 1
23 0 8 26 145217 1
20 3 22 25 116786 1
18 24 3 23 60052 1
4 12 20 23 78304 1
12 1 7 10 43971 1
27 5 3 7 76745 1
26 13 25 29 67328 1
10 23 15 28 29756 1
5 25 9 19 40185 1
11 23 3 26 39492 1
26 29 9 20 83063 1
17 9 3 7 35896 1
0 10 9 20 66662 1
29 24 2 1 122492 1
19 12 4 15 66849 1
21 1 10 5 60348 1
4 5 7 22 64789 1
19 0 27 9 67285 1
0 26 25 16 109083 1
4 18 5 5 39118 1
27 5 5 27 122290 1
10 21 15 12 57369 1
25 28 6 17 87139 1
23 24 6 24 73171 1
16 8 27 11 42224 1
7 8 29 25 96523 1
10 16 5 8 36509 1
19 5 25 18 75625 1
20 29 6 22 72249 1
12 28 7 18 40873 1
10 7 4 22 55334 1
14 25 12 14 51477 1
5 9 22 17 75195 1
15 16 1 19 58969 1
0 13 15 27 100939 1
3 20 18 22 64873 1
6 10 27 1 76855 1
0 21 20 22 85448 1
15 15 24 6 69873 1
0 2 11 28 100503 1
7 19 11 10 38511 1
12 13 7 28 58641 1
13 26 12 13 52999 1
25 13 27 23 48326 1
18 11 26 23 74750 1
15 29 27 6 105446 1
5 9 16 25 80833 1
6 9 26 29 106844 1
4 14 2 4 31663 1
9 22 17 25 40534 1
0 18 14 3 79976 1
2 2 3 27 78280 1
28 14 29 29 42852 1
29 0 4 17 99558 1
27 2 21 7 37665 1
27 20 6 12 94803 1
14 12 24 22 80265 1
2 22 12 25 47160 1
25 18 15 20 37467 1
11 29 14 0 95009 1
18 18 6 8 60413 1
14 28 15 5 91270 1
0 29 11 13 81254 1
18 15 3 16 61293 1
21 1 8 14 96606 1
4 8 24 13 65956 1
13 22 25 6 87404 1
6 28 4 10 58369 1
23 23 9 10 80774 1
13 29 18 19 57997 1
24 22 8 13 83754 1
10 29 28 8 93618 1
1 26 5 14 49025 1
28 0 14 11 63298 1
9 20 23 16 64158 1
14 10 6 1 51088 1
4 19 11 5 52328 1
3 6 26 14 85302 1
29 4 6 17 93899 1
29 23 6 25 95879 1
16 6 8 12 47435 1
28 28 25 8 60607 1
26 23 8 21 73937 1
25 10 29 26 64377 1
17 8 20 18 53648 1
11 6 24 13 54010 1
26 9 14 18 61165 1
6 14 26 28 101749 1
13 19 22 23 46791 1
10 10 27 16 68961 1
6 4 23 26 131031 1
19 2 6 17 93533 1
26 20 4 16 73712 1
27 27 17 18 57557 1
0 11 28 29 123032 1
9 5 11 24 61348 1
7 2 17 8 50679 1
4 19 0 12 43317 1
18 6 0 2 73605 1
24 9 10 21 63828 1
5 16 7 0 55833 1
16 28 29 23 51047 1
28 23 21 4 71163 1
25 12 19 20 64523 1
28 6 26 19 38800 1
28 28 18 23 47479 1
19 24 7 22 54696 1
5 27 18 7 92936 1
3 25 16 17 59748 1
18 28 10 14 63013 1
14 13 3 3 61602 1
1 4 11 3 40569 1
9 19 3 29 55907 1
21 12 14 24 91717 1
10 24 20 20 55483 1
14 7 15 26 85044 1
22 11 9 21 79300 1
10 5 18 18 58747 1
7 4 26 13 78813 1
12 13 29 21 77121 1
13 19 21 15 43911 1
11 11 22 14 63421 1
28 28 22 3 87569 1
18 27 11 24 36566 1
12 21 4 26 48383 1
14 17 1 26 70057 1
10 28 27 10 93098 1
15 3 10 12 42064 1
25 17 23 4 64276 1
4 13 17 23 66967 1
5 2 4 16 40775 1
10 7 27 16 70392 1
7 19 23 20 64711 1
9 8 20 7 30122 1
9 23 1 28 44451 1
4 17 17 26 66285 1
18 16 29 6 66438 1
5 18 21 1 105574 1
5 23 17 9 67957 1
16 7 4 25 78617 1
20 11 27 6 38593 1
15 9 7 1 47872 1
29 21 21 7 62613 1
23 1 5 15 107501 1
3 8 2 28 64569 1
25 1 16 20 102601 1
24 18 0 26 95967 1
22 29 17 24 36826 1
13 24 28 21 62942 1
15 2 3 21 89947 1
10 14 6 1 53999 1
13 21 1 5 81229 1
24 11 13 22 77481 1
15 17 10 29 49191 1
22 0 13 18 104688 1
10 4 19 19 70510 1
20 29 5 28 55646 1
5 14 29 12 77190 1
23 15 12 29 87291 1
10 21 7 29 34068 1
26 10 23 3 41892 1
0 3 13 13 63705 1
12 19 23 1 108991 1
24 3 12 17 87285 1
10 3 25 3 60023 1
29 28 12 19 75964 1
20 29 0 13 115665 1
1 20 9 11 64039 1
5 3 25 2 83973 1
25 16 0 20 90241 1
28 12 19 0 72849 1
17 15 9 29 66873 1
25 29 15 3 124475 1
17 27 25 18 56773 1
3 18 8 6 52984 1
20 5 8 29 108737 1
9 15 10 27 41959 1
2 29 4 0 94567 1
2 0 6 19 65029 1
7 25 23 0 141949 1
17 23 29 11 73991 1
9 4 18 20 74640 1
9 21 21 11 76575 1
23 3 28 11 38821 1
21 19 7 28 72714 1
4 5 24 3 80456 1
9 23 22 5 92638 1
7 8 24 19 73853 1
21 14 0 22 94273 1
5 14 19 23 64886 1
24 29 4 24 79249 1
23 1 0 22 141359 1
18 13 11 19 45314 1
7 18 0 0 73887 1
10 15 1 7 45348 1
11 15 22 6 58599 1
2 18 22 18 54097 1
16 23 2 13 70444 1
0 0 26 12 102740 1
21 9 3 10 42282 1
22 25 11 1 110719 1
23 2 3 18 113148 1
25 22 7 26 81620 1
7 27 5 16 48398 1
3 11 0 2 37238 1
26 20 1 3 112229 1
29 3 24 20 60192 1
7 12 14 8 39144 1
5 20 21 25 81162 1
2 19 28 17 73203 1
27 19 1 9 87574 1
5 28 12 22 41610 1
26 23 7 26 81925 1
0 10 10 0 52850 1
18 8 1 11 51784 1
21 11 23 23 82942 1
18 12 17 0 57377 1
16 0 12 15 72385 1
24 9 8 5 52862 1
24 0 17 8 64781 1
7 17 16 16 44866 1
0 10 13 27 88814 1
5 17 12 3 56049 1
4 16 0 24 41397 1
13 24 5 29 47904 1
22 26 28 16 60738 1
9 27 23 27 56436 1
0 0 9 6 58774 1
17 11 5 21 71739 1
10 27 28 16 72970 1
2 6 8 0 42740 1
24 26 14 25 59212 1
15 13 29 0 79846 1
18 26 5 10 89024 1
28 10 16 23 74309 1
16 1 11 21 78566 1
21 7 5 0 65800 1
27 15 5 21 82155 1
11 23 23 5 90088 1
2 13 23 29 111644 1
14 18 0 11 69300 1
14 28 24 11 98750 1
13 15 28 20 57806 1
18 19 28 16 32182 1
21 19 3 16 63050 1
9 7 23 27 106899 1
28 2 14 14 72539 1
4 1 3 19 60509 1
3 24 22 6 102265 1
6 8 28 2 66613 1
0 25 11 15 68971 1
27 8 0 23 108822 1
2 25 7 6 73095 1
24 25 15 8 95119 1
16 29 12 13 70960 1
23 25 19 8 95668 1
22 27 14 4 116391 1
9 3 22 1 67448 1
1 0 2 27 89208 1
24 20 6 19 60977 1
9 16 8 6 46425 1
26 3 16 23 98038 1
21 26 26 1 113035 1
0 5 26 3 101238 1
28 1 26 14 45034 1
21 9 10 13 36706 1
8 20 16 22 44182 1
10 17 18 4 64531 1
7 10 15 0 58919 1
13 5 3 2 44016 1
24 26 2 6 122698 1
9 12 4 2 48729 1
14 16 29 26 78869 1
12 2 5 17 60526 1
3 18 9 0 72595 1
1 15 20 9 63224 1
20 23 0 22 73237 1
28 21 13 6 76620 1
8 10 11 24 50318 1
4 6 28 29 112976 1
16 28 18 3 110681 1
29 21 2 29 109732 1
4 21 5 2 54632 1
20 14 27 26 74236 1
4 2 29 7 77965 1
25 0 9 6 84910 1
12 20 21 29 68867 1
25 3 28 17 46102 1
3 23 21 2 118222 1
6 17 27 13 81886 1
3 15 11 17 35755 1
2 19 15 10 62872 1
28 28 21 11 76004 1
1 26 18 28 64880 1
6 7 19 6 46021 1
25 5 3 17 97237 1
9 23 11 7 48803 1
14 2 17 15 72430 1
0 4 7 25 88660 1
1 16 21 16 79978 1
9 23 19 20 54425 1
29 27 8 9 93546 1
7 29 20 27 52875 1
6 0 10 11 48363 1
1 20 26 26 113512 1
29 10 3 21 94203 1
5 19 14 8 54219 1
19 9 28 10 22073 1
9 28 29 1 117819 1
14 18 25 23 53009 1
6 9 17 25 77182 1
18 3 17 25 103097 1
27 19 6 19 67678 1
21 26 2 18 92699 1
1 15 26 18 78244 1
12 23 7 10 53766 1
25 14 17 5 65279 1
16 14 1 17 72183 1
17 1 28 21 88922 1
29 17 6 1 102655 1
15 24 16 0 108021 1
17 12 28 13 49324 1
7 12 16 22 70157 1
29 20 12 8 70742 1
5 7 28 3 69658 1
5 24 12 17 43212 1
26 20 15 24 58539 1
12 26 21 11 84059 1
13 21 10 13 35210 1
12 18 13 7 40539 1
4 10 19 20 77909 1
3 22 23 5 108500 1
21 29 13 15 84481 1
24 15 3 5 89333 1
21 21 5 25 76760 1
9 20 20 17 46673 1
3 25 13 18 45078 1
18 2 0 24 123196 1
20 21 10 24 49748 1
2 3 6 24 73453 1
6 0 22 22 121313 1
18 0 8 18 87349 1
14 21 0 24 71112 1
3 11 7 24 57202 1
10 28 16 21 48739 1
10 9 28 17 58016 1
19 9 27 4 35422 1
2 25 20 7 96701 1
9 16 15 10 39843 1
2 28 17 0 124858 1
19 21 11 0 94392 1
7 5 27 23 103236 1
10 8 23 28 92476 1
12 17 14 1 66882 1
1 9 12 19 54286 1
22 29 28 12 66462 1
16 4 7 19 72983 1
16 19 23 15 46841 1
16 21 26 23 45971 1
4 10 16 29 90912 1
24 1 0 20 137009 1
1 1 18 11 70170 1
3 24 1 14 38902 1
21 24 12 8 83436 1
26 16 8 23 73038 1
20 25 17 17 49240 1
8 6 3 1 36480 1
9 7 21 6 39546 1
12 6 3 12 37882 1
28 9 20 17 47565 1
4 24 20 16 70615 1
4 16 23 23 75181 1
8 27 24 12 103263 1
5 12 5 29 53593 1
6 21 28 3 102408 1
27 10 20 24 73348 1
28 18 25 7 35135 1
0 16 9 20 56508 1
22 6 9 16 72848 1
19 20 29 5 73273 1
14 8 24 0 73391 1
25 14 17 29 86695 1
20 15 9 9 55640 1
8 22 23 11 84976 1
27 7 4 24 99313 1
14 5 19 22 89671 1
25 7 14 21 90267 1
12 9 11 27 51367 1
0 3 22 1 101084 1
16 11 16 24 69869 1
22 5 17 10 41709 1
26 22 8 25 78186 1
7 11 25 14 79987 1
6 2 25 3 79721 1
20 24 15 6 97190 1
22 20 28 29 51340 1
4 11 4 21 27167 1
20 17 1 7 84480 1
22 8 5 9 41273 1
29 3 21 8 38184 1
1 29 8 14 71714 1
3 21 14 9 60721 1
2 14 28 23 95675 1
26 10 29 20 41770 1
23 24 2 15 93755 1
17 29 7 6 98855 1
4 18 23 24 77844 1
23 11 24 26 82396 1
23 18 18 5 77604 1
2 28 15 29 50585 1
12 13 24 14 65585 1
12 27 3 9 71733 1
19 13 29 0 73687 1
2 13 5 29 58373 1
13 24 15 1 93511 1
4 11 22 29 105216 1
5 1 27 11 81588 1
8 22 1 12 62105 1
27 23 25 0 76175 1
28 16 15 18 35638 1
10 24 22 24 50053 1
8 28 24 26 60230 1
0 2 17 0 82350 1
20 28 6 6 105553 1
22 24 14 4 104755 1
11 17 21 17 36953 1
3 11 26 6 71075 1
28 24 4 0 116051 1
26 17 23 8 47173 1
18 7 28 23 69183 1
17 18 29 7 56885 1
9 24 2 20 43392 1
3 3 11 20 64763 1
27 29 15 4 111704 1
19 24 5 13 75894 1
20 9 19 23 76918 1
29 8 14 24 92848 1
8 20 17 21 49404 1
10 6 26 22 85761 1
10 23 3 9 58728 1
10 6 23 13 65697 1
20 29 12 18 64385 1
23 24 7 0 125278 1
25 22 6 18 69089 1
5 4 2 28 75156 1
14 27 8 4 89527 1
15 28 7 2 99411 1
0 5 1 16 55539 1
18 14 20 4 58520 1
26 1 18 23 99802 1
8 11 26 15 77256 1
11 18 0 23 46047 1
20 4 9 8 45140 1
17 25 7 6 89573 1
15 25 27 11 96569 1
8 1 15 15 75410 1
25 26 19 2 119951 1
9 8 12 28 62198 1
8 7 4 29 76147 1
21 28 2 0 129142 1
28 19 3 29 99995 1
26 1 10 20 99126 1
19 9 3 9 33650 1
21 17 12 2 84147 1
6 7 26 12 65998 1
7 15 21 26 94708 1
12 7 13 17 39765 1
17 29 10 14 64875 1
19 8 24 3 42985 1
2 10 25 2 87264 1
8 20 24 13 77695 1
1 10 15 18 62023 1
29 14 20 27 70550 1
21 10 16 19 63230 1
22 7 9 9 39109 1
21 16 0 25 101634 1
24 14 18 5 61433 1
3 10 26 15 82064 1
13 8 18 16 49170 1
7 20 9 3 70832 1
23 25 15 13 90531 1
10 4 1 11 44022 1
9 9 25 22 81921 1
14 16 27 6 75956 1
23 27 26 16 66070 1
11 4 19 26 97540 1
7 29 2 24 33089 1
17 11 8 16 56848 1
17 6 2 13 59413 1
7 16 14 24 49792 1
24 9 19 26 97674 1
6 13 14 4 55160 1
23 25 25 4 90585 1
12 25 2 9 67359 1
7 0 23 4 69068 1
28 0 29 25 71987 1
10 23 7 14 46091 1
4 23 19 9 70196 1
21 0 8 9 74947 1
27 24 17 21 47519 1
17 11 22 5 46743 1
26 27 1 2 139162 1
11 3 16 12 49867 1
6 16 20 5 82597 1
3 0 25 9 75065 1
22 3 3 2 77215 1
3 25 24 0 138736 1
25 28 12 5 107192 1
7 3 17 15 70483 1
9 4 28 24 93346 1
15 25 27 19 75598 1
25 0 17 12 74762 1
16 5 25 8 43214 1
13 24 1 0 101168 1
10 22 21 6 75415 1
2 0 29 14 101424 1
23 20 1 29 110280 1
17 20 13 13 42102 1
23 13 9 21 84563 1
26 0 3 24 126101 1
23 23 29 11 57521 1
10 21 19 20 48433 1
29 4 20 21 78016 1
5 26 21 10 92206 1
3 8 25 1 92043 1
10 16 2 22 40821 1
21 21 2 15 84653 1
16 13 0 2 89027 1
29 17 6 24 89169 1
25 9 7 4 55979 1
13 8 8 18 40914 1
11 10 18 29 74617 1
4 12 20 29 97114 1
12 10 28 17 56122 1
23 23 22 6 84902 1
18 3 1 1 73795 1
8 22 7 5 74065 1
9 29 3 21 47055 1
18 9 13 19 47376 1
20 19 10 12 52168 1
7 9 21 23 78644 1
17 20 21 12 59267 1
17 0 13 24 99455 1
27 5 2 5 84718 1
11 9 29 28 87442 1
16 13 18 24 59622 1
3 22 1 7 51696 1
8 19 23 11 76414 1
2 8 17 20 75224 1
26 22 4 10 92709 1
25 25 12 5 108791 1
24 26 1 20 106809 1
7 16 15 5 69170 1
23 11 20 1 74610 1
28 14 3 2 88511 1
4 19 23 19 60107 1
22 3 0 0 98138 1
23 9 11 8 27588 1
0 4 27 7 84695 1
21 15 13 8 58036 1
18 12 27 8 42074 1
9 27 12 1 87834 1
28 14 4 25 88884 1
8 19 16 13 57753 1
21 10 6 9 38308 1
9 17 22 25 71765 1
9 9 18 20 58751 1
21 26 26 2 107809 1
16 5 21 15 69633 1
9 10 6 2 40825 1
25 4 10 24 99966 1
0 2 16 0 79036 1
10 23 21 0 110633 1
20 9 3 7 42424 1
16 17 17 7 52106 1
11 14 11 4 26810 1
0 21 28 14 100418 1
20 3 5 15 79084 1
0 28 15 11 100904 1
5 28 28 3 120254 1
0 23 2 12 42712 1
24 28 15 13 95660 1
14 4 19 20 86960 1
1 22 0 3 69721 1
6 23 12 29 41706 1
0 29 10 12 83171 1
26 1 4 0 102367 1
26 22 0 20 102653 1
16 25 0 17 80644 1
26 3 4 13 82345 1
11 29 14 13 60692 1
27 7 4 25 102432 1
29 14 12 23 71463 1
27 14 25 26 55592 1
21 10 21 24 89171 1
14 25 23 24 51250 1
13 2 15 27 100767 1
20 14 18 25 61990 1
0 20 14 27 84024 1
11 11 23 26 94004 1
7 19 22 2 105857 1
6 16 16 24 60665 1
12 18 1 4 66669 1
19 22 2 20 70681 1
14 17 3 4 73215 1
3 11 2 29 58211 1
24 8 26 22 51823 1
3 22 17 3 93675 1
24 3 0 2 98523 1
21 25 15 3 114893 1
21 27 13 8 98480 1
27 14 10 1 79574 1
1 13 19 16 86045 1
24 25 0 17 102617 1
11 29 7 18 38928 1
24 28 29 4 77720 1
27 25 0 20 116355 1
25 8 10 12 47159 1
8 18 29 16 62036 1
6 3 10 15 48682 1
5 25 22 23 64389 1
9 25 17 8 69701 1
12 6 6 27 82260 1
10 27 23 26 59173 1
9 12 3 5 45150 1
15 28 27 22 56263 1
11 28 10 7 59498 1
20 7 19 29 112801 1
0 4 15 0 71764 1
2 19 17 2 92158 1
14 0 17 19 88692 1
17 25 10 9 68167 1
22 21 21 7 81119 1
3 6 20 2 79138 1
22 28 29 12 65635 1
22 28 8 0 121164 1
20 20 28 0 75743 1
25 6 27 27 71472 1
10 18 27 16 57433 1
27 11 11 16 64295 1
19 23 4 12 75616 1
6 3 14 28 94268 1
8 17 9 4 55768 1
3 3 21 0 85850 1
28 2 24 9 23953 1
3 3 4 16 41906 1
28 11 15 17 56276 1
9 8 20 3 49411 1
14 9 4 23 61750 1
