3680 4384 3671 4265 3657 3948 3397 3932 4097 3772 3935 4450 3746 4281 3722 3655 3912 3820 3562 3799 4525 3556 4044 4459 4229 3980 4372 4285 4248
3112 3505 3028 3913 3928 3277 2904 2872 2878 3932 2831 2941 3137 2895 3405 3342 3089 3323 3906 3744 3748 2896 3492 3476 3191 3082 3582 3914 3951
4854 5614 4699 4950 4411 5520 4445 4365 5250 5395 4975 4749 5143 4469 5395 4567 5563 4820 4546 5249 4675 4479 5580 5275 5244 4450 4871 5041 4786
7458 7061 6957 7310 7225 7127 7352 7578 7352 6868 7663 6720 6507 7130 6810 7397 7221 7031 6847 6440 7589 6737 6422 7658 6905 6768 7639 7236 6984
8237 8273 8281 7476 8117 7387 7375 7978 7323 8366 8219 7455 7385 7659 7369 7277 7675 8044 7651 7905 7714 8434 8135 7920 7949 7285 8477 8472 7881
7317 6252 6990 6452 6923 6321 7201 6120 7000 6303 7188 6354 6626 6688 6604 6244 6151 6921 6905 6305 7051 6789 7163 6884 6632 6440 7329 7014 6571
4269 3224 3118 3782 3358 3940 4100 3804 3890 3907 3583 4158 3328 3710 4201 3309 3268 3378 4232 4303 3538 3929 3347 4158 3861 4038 4186 3464 3899
3090 2898 3813 3867 2801 2676 3425 3408 3741 3694 3804 3507 2859 2803 3655 3428 3502 3178 2722 3204 3093 3369 3581 2827 3174 3449 3177 3327 2758
5239 5425 6200 5409 5212 5435 5322 6234 6103 5776 5150 6254 5474 6290 5937 6093 5504 5824 6203 6076 5699 6186 5894 6213 6315 5845 6203 5977 5194
6327 6088 6889 6203 6979 6456 6626 7175 6255 6483 7199 7293 6109 6142 6560 6962 6769 6962 6503 6639 6271 6933 7046 7217 6158 6777 6309 7236 6774
4875 5489 5474 4684 5031 5284 4952 5614 4728 4491 5254 4995 5341 5414 5541 4659 4591 5368 5306 4762 5574 5108 5127 4920 5090 4998 4720 5399 5554
7565 7688 7085 7204 7449 7059 7752 8132 6907 6963 7732 7833 7041 7622 7367 7203 7394 6918 6996 7498 7757 7107 8095 8014 7356 7620 7414 7820 7271
4555 4739 3729 4568 4177 4254 4080 4189 4298 3732 4532 4677 4488 3732 4527 3636 4713 4293 3749 3703 4203 4107 3588 4696 3590 4823 4656 3868 4657
7016 7862 6671 7672 7387 7034 7644 6906 7272 7280 7364 7897 7502 7405 6870 7092 7298 6897 7860 6725 6901 7324 7690 7761 7198 6794 7137 7210 7046
1150 2091 1003 1628 2061 1607 2126 1533 1508 2170 2040 1109 1564 1097 1781 1311 1017 1644 2012 1575 1090 1529 1415 1967 1878 1991 1623 1623 1671
6329 6133 5891 5624 6809 6478 5808 6765 6388 5692 5757 5969 6149 5765 6698 6582 6709 6186 6567 6226 5667 5862 6606 6421 6119 6383 6761 6087 6572
7819 6945 7843 8079 7112 7432 7784 7701 7479 7395 6987 8051 7624 7790 7796 8027 7776 7777 7187 7936 7870 7539 6917 6954 7069 7528 7462 7645 8069
6333 6834 6113 6430 6508 6419 6788 7123 6101 6622 6001 6029 6861 7089 6674 5917 7065 6291 6008 6783 6022 6461 7093 5931 7075 6463 6282 6424 6083
5662 5761 6579 5422 6012 5412 6044 5560 5443 6176 5525 5929 6444 6444 5652 6358 6028 6562 5436 5431 5942 6082 6013 5588 6249 6544 5588 6045 5490
3799 3550 3963 3684 3941 3639 3296 3006 4155 4208 3223 3837 3941 3520 4211 3667 3432 3223 3585 3734 3426 4271 4117 3380 4257 3519 3589 3713 4081
6493 6432 7432 7207 6671 7165 6486 7069 7432 6924 6836 6343 7465 7357 6808 7561 7040 6723 7438 7409 6937 6466 6936 6464 6414 6544 6928 7032 6805
4189 3589 3756 4212 4341 3416 3583 4093 3528 3962 4555 3888 3770 4109 3454 3559 4323 4317 4310 4361 4171 3327 3637 3618 3385 3931 3743 3372 4065
3687 3268 3304 4072 4307 3593 3495 3723 3769 4246 3447 3442 4360 3262 3194 3998 3358 4229 3608 4213 3706 3161 3973 3596 3323 3141 3822 3453 4395
5740 4727 5343 4736 5711 5502 4725 5055 5600 5344 5078 5816 5108 4582 5124 5725 4943 5337 5489 5310 5181 5394 5682 5258 5779 5416 5043 5016 5741
6175 6657 6126 6368 5825 5998 6295 6161 5606 6344 5827 6506 6602 6445 6043 5820 6079 5807 5751 6718 6512 6305 6677 6068 5677 5948 6186 6152 5803
7589 7308 8493 8004 7690 8244 7988 7312 8337 8490 8505 8342 8417 7538 7321 8018 7473 7870 7668 7256 8334 8076 8316 7570 8119 7334 7457 7434 8275
6849 7493 6736 6719 7311 7524 6902 7273 6604 6560 6361 7336 7370 6712 7275 6866 7314 6406 6808 7176 6421 7049 6989 7492 6796 6825 6780 6615 6421
6111 6272 6962 6573 6403 6095 6751 6055 5766 6280 6975 6312 6533 6047 5973 6259 5910 6068 6650 6421 6478 7019 6399 6336 6369 6925 6477 5824 6887
2396 1977 2383 2076 2235 1837 2178 1709 2292 1969 1924 1642 1764 1382 2056 2413 2294 1819 1972 1541 1721 1696 1213 1679 1337 2090 1954 1167 1238
6248 6674 5704 6176 6800 6563 6905 6050 5944 6976 6892 6338 6474 6260 6512 6084 5969 5745 5998 6016 6354 6273 6948 6581 6553 6351 6222 6759 5833
2477 3422 7343 6914 1941 5279 6711 3783 1758 6672 3342 5610 6720 6616 5765 5166 2529 6267 3226 3710 2433 2610 3170 8043 1769 2737 1436 4145 6202 2572
1768 3362 7643 7413 1553 4925 5716 4162 2723 6060 3282 5692 7265 6345 5390 5512 2693 6738 2950 4119 2535 3387 4140 7792 2118 3409 2239 3127 6026 2183
2435 3553 8288 6807 1800 4854 6921 4411 2572 6780 3372 5469 7236 5693 5054 4808 2138 6277 3059 2858 2433 2362 3519 8138 1777 2696 1936 4231 6998 1980
2429 2491 7575 6396 1595 4933 6215 3771 1952 6177 3536 6443 6909 6456 5194 4458 2168 6331 2451 4084 2835 2140 3174 8145 2386 2386 1050 4322 6440 1455
1672 3253 8141 6886 1770 4093 6869 4063 2745 5686 2482 5792 7738 5634 5266 4565 1979 6252 1957 3124 2302 2422 4074 7642 1403 3597 1473 3093 6871 2581
2885 3044 7932 6645 1879 4600 5861 4128 1960 6219 3503 6117 7446 6073 5976 5553 2430 7089 2285 3235 2463 2791 3262 8319 1421 2818 2003 3424 6823 1956
2874 2744 8436 7144 1554 4862 6595 3312 2760 6184 2741 6117 7866 5674 5105 5206 2661 6253 3041 4017 2394 2643 3615 7966 1687 2945 1713 3127 6041 1850
2747 2526 7717 7450 1589 4397 6638 3591 2003 6756 3144 6426 7433 5456 5323 5132 2297 6907 2354 4009 3179 2646 4084 8071 2015 3077 1863 4260 6888 2454
2837 3678 8407 6530 1283 4718 6198 3934 2695 6657 3293 6409 7071 6347 5566 4980 2508 6433 2471 3917 2363 2483 3111 7549 2289 3571 1463 3356 6371 2523
2149 2957 7248 6276 1733 4718 6307 4325 2552 5751 3541 5856 6773 5656 4921 5430 2364 6343 2373 3908 2423 2168 4130 7528 2188 2846 2097 3983 6286 2368
2662 3274 8091 6272 1819 4945 6585 4404 1623 6025 3180 6550 7734 6635 5593 4974 2920 6421 3185 3677 2048 2972 3968 8073 1765 2372 1644 4291 7043 1510
2361 3386 7533 6967 2041 4995 6705 4181 1802 5801 3598 5642 7251 5494 5661 5379 3011 6432 2716 3968 2634 2460 3669 8128 1861 2616 1747 3431 6244 2270
1789 3491 7742 6341 1891 4453 5674 4205 2689 6297 3207 5820 7832 6601 5574 4864 1818 6568 2028 3515 2808 2346 4220 7261 2192 3178 1135 4043 6603 1967
2614 3107 7422 6830 1587 4793 5659 4087 1776 6852 2850 5815 7801 5619 5655 5699 3020 6693 2370 3865 2127 3294 3732 7534 1301 2508 1600 3638 6722 1889
2512 3695 8101 6446 1100 4357 5864 3742 2767 6841 3419 6322 7423 6336 4980 4476 2360 7259 2937 3529 2263 3209 4148 8109 2016 3228 1766 3696 6870 1668
2764 3298 8161 7078 1392 4944 6559 4057 2078 6624 3388 6699 7344 5704 5883 5574 2039 6332 2304 3626 2043 2816 3356 8025 1242 2677 1787 3978 6144 1557
2100 3717 7362 6779 2060 5148 5789 3644 2810 6392 3207 6403 7887 5907 5279 5568 2102 6217 3093 3177 3150 2659 3936 7433 1960 3573 1231 4346 6437 1688
2761 2500 7405 7476 1707 4728 5800 4139 1775 6753 2637 5702 7695 5993 4948 5446 2676 7147 2248 3369 2897 2570 3465 7761 2020 3235 1339 4030 6163 2599
2770 3620 7451 7303 1797 4386 6658 3368 2076 5784 2423 5761 7127 6571 6026 5496 2766 6342 2950 3430 2364 2189 4005 8085 1893 2440 2119 3196 6043 2151
1665 2498 7594 7183 1765 4225 5847 4559 2435 6422 2417 5759 6878 5911 6014 5685 2859 7270 2636 2847 2041 2324 3505 7821 1613 2868 1318 3151 6832 2225
2152 3631 7558 6828 2006 4417 6035 4018 2333 6843 3371 5817 6636 5735 5394 5467 2620 7025 2912 3073 2959 2940 3532 7753 1786 3181 2147 4270 6667 1888
2045 3597 8099 7472 2180 4560 5662 4401 1819 5783 3279 6690 6726 6313 5574 4872 1816 6966 2105 3484 2861 2435 3764 7524 1945 3419 1943 4227 6173 2077
2757 2627 7353 7312 1235 5249 6011 4274 1909 6894 3395 5535 7074 6262 5558 5611 2701 6394 1987 4058 2934 2677 3228 7525 1385 3568 1382 3687 6741 2506
2755 3167 7763 6457 1774 4093 6802 4083 2215 5665 2808 5930 7788 6261 5326 5332 2465 7115 2879 3350 3089 2272 4290 8182 1559 2375 1497 3912 6589 2357
2243 3674 7723 7042 1900 5280 5833 3836 2351 6084 3225 5775 7781 6230 5286 4890 2624 6764 2771 3517 2435 3162 3369 8296 2420 3344 1545 3398 7169 1912
2613 3073 8256 6315 1407 4908 6308 4524 2008 5922 2950 6381 6671 5508 4921 4675 2427 6247 2768 3442 2912 3234 3191 8339 2192 2444 2010 4274 6171 1850
1718 3476 8271 7512 1155 4519 6772 3956 1930 6204 2479 6363 7266 5604 5215 4640 2736 7268 2706 3900 2649 3249 3645 7406 1939 2803 1072 3743 6670 2485
2314 2498 7790 6575 1783 5044 6274 3639 2125 5880 3522 5544 7699 5830 5162 5119 2254 6577 3007 3468 2226 2256 3141 7382 2300 2832 1322 4063 6822 1830
2280 3592 8208 6379 2353 5015 6307 4141 2583 6596 3080 5531 6721 6554 5768 4837 2777 7081 2529 3094 2271 2141 3522 8388 1210 2944 1313 3640 6360 2112
21 10 25 2 45833 1
3 20 9 2 75894 1
23 12 25 2 58502 1
5 8 24 28 77425 1
26 19 26 8 32950 1
0 2 24 5 54812 1
23 5 2 29 86698 1
27 15 0 15 76641 1
4 2 29 29 97877 1
8 23 24 20 50411 1
13 4 4 2 31316 1
14 3 23 0 25770 1
8 27 9 17 44643 1
7 10 8 1 32849 1
16 18 24 20 29494 1
26 9 8 9 52420 1
23 7 8 24 61482 1
5 13 19 14 57713 1
4 14 8 6 48518 1
0 4 27 14 71390 1
24 3 9 18 58624 1
8 3 16 15 44409 1
6 25 4 6 80645 1
26 25 27 2 56557 1
3 28 15 7 66636 1
5 12 22 23 72913 1
0 15 6 9 40457 1
7 3 10 24 55085 1
0 27 7 17 44819 1
10 5 26 13 64614 1
4 8 3 19 49374 1
27 0 3 10 76571 1
29 3 3 7 67835 1
11 6 25 11 63352 1
24 18 14 4 48619 1
23 24 6 14 56218 1
11 0 8 19 56550 1
0 20 25 17 75256 1
2 22 0 6 59294 1
11 27 17 23 25840 1
2 5 0 23 67259 1
3 18 10 21 26050 1
15 13 23 11 43663 1
4 27 27 13 75486 1
3 0 13 6 42218 1
10 8 26 20 58666 1
22 19 10 2 64857 1
24 23 21 15 41845 1
9 16 3 12 41887 1
16 28 14 9 43401 1
12 15 13 28 34560 1
29 8 28 28 38508 1
24 7 25 23 57953 1
27 0 5 3 56235 1
20 3 21 28 71875 1
14 16 12 2 31682 1
3 0 5 21 83867 1
2 13 22 10 76788 1
24 12 22 29 69612 1
10 18 21 24 32417 1
13 12 15 4 23055 1
23 8 16 11 32113 1
28 24 7 9 69980 1
22 6 15 20 46402 1
28 2 29 11 24134 1
15 14 1 16 40079 1
0 3 23 17 75089 1
13 6 19 17 37273 1
15 28 22 1 70792 1
8 19 11 1 58620 1
21 23 8 15 50131 1
1 28 25 16 72605 1
6 27 0 21 31634 1
7 15 14 6 37605 1
18 18 16 1 44865 1
21 29 9 10 60089 1
27 13 3 20 79950 1
21 16 22 5 42345 1
16 3 20 11 44870 1
28 5 23 19 44899 1
29 25 2 8 82509 1
13 4 17 23 44892 1
15 10 0 8 38707 1
22 15 7 11 57426 1
18 21 26 19 32022 1
4 4 27 16 66062 1
0 17 17 15 50866 1
18 29 9 9 57824 1
20 21 0 8 67295 1
17 28 19 3 63678 1
20 0 25 20 66243 1
15 7 24 20 50704 1
14 1 14 15 23318 1
28 11 0 17 82150 1
6 24 23 8 60129 1
13 23 22 6 55707 1
15 16 24 2 51777 1
22 12 9 26 58393 1
10 3 5 10 35278 1
10 17 17 0 48515 1
16 5 14 17 28164 1
15 27 27 25 32395 1
15 2 6 23 62344 1
26 1 17 5 37627 1
21 14 12 1 55662 1
1 17 14 27 51643 1
11 10 3 19 55296 1
0 26 28 25 47967 1
23 4 20 27 66249 1
18 6 11 21 49052 1
16 3 14 13 26289 1
19 22 14 17 24035 1
20 18 20 0 59180 1
26 0 29 26 54940 1
20 7 23 20 57990 1
4 17 20 5 68812 1
28 9 10 8 40813 1
8 20 17 16 27152 1
8 10 29 25 71371 1
0 27 9 29 28087 1
3 18 7 24 28530 1
18 26 22 8 52914 1
4 12 5 25 66235 1
13 23 14 9 28888 1
23 27 11 15 50046 1
14 29 6 20 34763 1
16 3 9 23 59251 1
16 16 21 7 37346 1
9 19 26 25 53115 1
19 20 11 29 33630 1
21 18 10 12 53465 1
29 10 21 22 46220 1
12 21 14 1 37607 1
13 17 18 6 41324 1
10 29 1 24 33294 1
2 0 17 16 61734 1
14 8 0 8 31610 1
21 28 13 4 56434 1
2 22 21 14 66979 1
17 1 25 4 28177 1
5 23 22 20 50182 1
27 6 6 7 57764 1
6 18 15 9 41112 1
28 6 11 7 45600 1
15 21 24 14 46814 1
13 26 10 17 30724 1
29 3 10 5 44085 1
22 4 20 26 59592 1
10 22 18 7 51088 1
21 2 22 22 71343 1
8 21 26 13 73369 1
27 21 9 4 67336 1
17 16 9 7 36698 1
3 27 6 17 45716 1
22 7 4 11 61336 1
6 9 27 9 56062 1
0 28 8 14 65012 1
21 11 0 7 63861 1
5 0 12 29 73588 1
20 4 0 14 69275 1
19 2 9 8 33472 1
23 17 25 29 43241 1
17 9 28 2 41495 1
20 6 5 21 67376 1
22 0 29 3 27535 1
6 25 22 0 75956 1
9 25 6 16 37959 1
0 24 13 3 66786 1
4 0 21 23 78766 1
18 4 2 16 55480 1
24 21 24 8 45104 1
11 13 17 24 39370 1
19 3 10 28 64010 1
4 26 2 5 77715 1
28 5 27 16 23420 1
20 23 4 19 53847 1
15 25 24 8 52152 1
25 26 14 14 37284 1
8 16 25 5 62154 1
18 17 6 14 43314 1
6 21 22 26 43442 1
16 24 21 14 39942 1
14 6 27 15 52438 1
29 27 15 12 57366 1
2 20 17 10 55173 1
23 23 5 13 71259 1
3 25 28 18 60283 1
2 9 14 10 36057 1
29 29 17 22 42004 1
11 0 16 7 26229 1
24 27 12 4 62218 1
20 12 1 29 82181 1
24 20 27 7 38638 1
12 12 2 1 62075 1
26 28 16 15 60958 1
26 22 25 7 46646 1
24 8 2 11 64966 1
3 20 13 22 33927 1
15 1 2 21 66389 1
15 25 6 15 41263 1
2 29 6 8 76318 1
17 16 26 8 45657 1
23 0 23 12 54184 1
9 12 10 1 58842 1
26 13 19 8 40150 1
15 16 27 10 46788 1
15 11 2 5 44319 1
0 26 1 7 63616 1
17 13 17 29 48084 1
3 22 25 21 64355 1
18 13 15 28 53865 1
22 5 26 27 63498 1
17 2 26 25 75560 1
17 24 2 27 33682 1
7 27 23 0 78149 1
3 16 20 7 58827 1
9 21 14 2 43116 1
0 29 2 21 33543 1
11 25 22 5 60169 1
6 4 26 2 47275 1
2 11 9 29 80012 1
12 6 3 27 66859 1
14 29 8 18 33517 1
15 21 1 17 44449 1
18 16 3 12 64197 1
9 13 22 3 63165 1
16 6 13 16 31682 1
7 18 26 13 70466 1
17 13 25 22 63109 1
27 17 7 13 65925 1
22 0 25 14 57462 1
4 8 10 17 46716 1
14 14 3 4 35556 1
22 15 4 26 56092 1
26 5 3 11 77461 1
14 6 23 24 44348 1
28 0 12 27 75509 1
26 26 2 28 49720 1
28 13 14 5 42872 1
11 7 22 20 52241 1
22 29 16 11 56771 1
22 6 11 29 65052 1
22 9 25 2 40293 1
4 16 21 17 46753 1
22 6 11 9 38485 1
14 8 22 19 40034 1
1 16 1 6 31137 1
24 12 18 28 79379 1
28 20 14 10 50973 1
5 28 27 15 75107 1
26 27 8 4 73243 1
2 19 17 12 65904 1
27 10 4 6 71653 1
25 2 11 18 65095 1
26 25 13 1 68812 1
19 7 7 3 34742 1
0 4 18 2 42295 1
25 10 8 2 64826 1
22 26 14 23 19486 1
25 2 1 27 96983 1
9 26 5 6 68586 1
23 11 7 3 57718 1
20 15 13 19 29833 1
17 17 17 7 39122 1
6 16 20 4 50327 1
1 14 15 17 47030 1
21 8 8 16 44495 1
0 16 29 5 84954 1
9 16 9 3 48314 1
12 21 3 3 58936 1
10 0 23 0 30952 1
13 5 6 26 52019 1
26 23 18 0 77688 1
18 23 13 28 26663 1
27 19 23 6 45404 1
6 9 13 23 52186 1
20 6 13 24 49785 1
13 20 9 0 45729 1
5 9 21 15 60421 1
3 18 25 5 76405 1
19 12 7 5 47883 1
23 2 14 17 46245 1
17 9 13 23 43354 1
3 4 18 22 62420 1
18 14 14 26 37305 1
6 9 27 22 78922 1
24 15 9 24 51780 1
20 5 9 6 38728 1
2 26 9 9 65119 1
2 28 27 3 93712 1
23 4 16 28 67478 1
18 28 7 15 55240 1
16 0 24 28 76040 1
1 6 6 24 67916 1
24 18 15 6 50815 1
8 23 22 15 53294 1
22 4 0 17 72362 1
19 11 1 14 65953 1
28 19 16 28 45309 1
19 18 7 25 39905 1
2 0 20 4 45147 1
29 9 10 23 71990 1
21 7 18 27 60776 1
12 11 0 25 61077 1
1 1 20 5 48762 1
14 3 20 29 54458 1
19 9 4 10 46962 1
5 14 13 26 51803 1
11 14 5 19 39616 1
15 27 7 2 60967 1
16 25 23 12 61094 1
6 11 12 18 41146 1
24 7 13 24 54508 1
4 16 17 24 42475 1
27 9 4 26 75608 1
29 0 24 7 33317 1
6 0 25 17 80313 1
13 16 24 19 37483 1
11 9 1 20 63284 1
24 22 19 1 74192 1
28 16 12 25 47288 1
19 9 24 21 56655 1
17 13 4 15 54421 1
27 17 8 15 59835 1
24 1 19 11 47857 1
27 23 6 9 76925 1
13 18 25 18 31192 1
18 11 1 4 51275 1
8 19 11 6 56026 1
11 0 9 17 52445 1
22 21 6 20 42208 1
8 6 26 22 82992 1
27 2 14 3 36641 1
16 20 7 15 31920 1
15 11 28 11 46782 1
24 9 10 9 40441 1
28 6 19 27 54516 1
28 27 21 3 58363 1
29 23 26 9 44386 1
12 12 25 13 69342 1
22 1 23 10 37172 1
3 12 18 26 77261 1
27 16 6 0 74821 1
23 8 8 23 62640 1
3 1 18 23 77391 1
0 22 20 22 54674 1
4 13 18 14 64713 1
28 11 11 2 56713 1
5 23 23 7 73489 1
6 10 26 23 76228 1
6 17 17 21 37277 1
23 7 13 7 30677 1
3 20 6 13 34001 1
15 24 16 8 31690 1
20 15 16 25 41327 1
6 7 13 19 42822 1
3 8 5 16 39173 1
3 25 13 10 51414 1
28 28 10 23 41507 1
28 2 16 28 79254 1
6 29 21 24 38147 1
27 3 16 26 67629 1
3 0 8 25 82958 1
10 27 20 19 40014 1
5 2 16 10 46141 1
3 22 0 1 80575 1
17 26 14 8 33482 1
7 22 26 9 74836 1
28 0 6 28 89030 1
14 25 0 10 66186 1
3 7 22 11 61690 1
8 29 27 11 72085 1
22 5 7 10 48216 1
12 12 16 28 53226 1
27 6 16 25 69418 1
11 20 25 23 40979 1
0 15 7 7 45305 1
7 9 7 24 49226 1
7 10 1 6 27923 1
29 20 18 28 39073 1
18 21 8 29 37478 1
6 29 7 16 43211 1
26 21 20 25 30399 1
17 16 18 28 40375 1
3 23 16 2 78736 1
1 13 24 24 71317 1
18 3 23 13 53214 1
9 11 28 22 73888 1
28 26 12 20 37283 1
27 9 0 0 77240 1
8 21 22 23 38705 1
4 29 23 0 89708 1
19 26 3 6 76427 1
14 23 24 11 55355 1
6 22 7 11 38523 1
24 23 11 3 68366 1
20 6 3 20 70059 1
2 15 7 22 35011 1
1 1 23 29 91841 1
18 8 23 17 46025 1
5 7 25 8 50400 1
4 11 6 28 74738 1
7 23 0 20 27438 1
29 22 0 5 88919 1
25 7 14 0 43467 1
25 25 25 5 58787 1
29 14 3 9 79281 1
9 20 14 4 38195 1
2 22 5 4 69906 1
15 20 0 16 43047 1
20 26 19 11 52877 1
1 9 8 29 78560 1
25 14 9 19 63389 1
14 8 22 14 39010 1
1 26 18 17 52564 1
6 7 11 25 56232 1
5 7 19 16 50355 1
5 21 13 25 32097 1
22 18 12 24 34266 1
2 18 4 1 67556 1
24 14 7 12 66950 1
6 26 12 5 56472 1
17 28 26 13 65047 1
5 5 3 22 78894 1
9 17 19 10 43878 1
23 15 18 21 35310 1
12 29 10 15 40319 1
6 5 24 13 74062 1
10 18 2 29 51701 1
21 29 10 8 55281 1
14 1 6 18 47828 1
21 3 18 14 50775 1
1 16 10 27 54504 1
26 13 13 5 59099 1
18 4 2 0 41585 1
27 10 16 2 52433 1
25 27 4 5 86819 1
4 9 11 24 60111 1
29 4 2 13 82753 1
9 10 5 19 43147 1
29 1 2 12 88114 1
1 1 14 9 41375 1
2 13 3 2 52665 1
3 9 14 14 41397 1
11 21 6 5 52200 1
28 9 17 20 50143 1
7 6 17 20 48257 1
13 28 19 2 61696 1
14 29 9 22 30082 1
19 21 12 12 41678 1
19 10 21 23 52027 1
10 6 13 26 48754 1
2 11 7 0 51867 1
8 16 14 6 31880 1
23 28 14 4 61116 1
3 10 28 29 86932 1
3 21 16 13 51932 1
2 27 12 17 46743 1
4 4 28 23 76064 1
15 7 6 28 54885 1
23 13 14 21 43292 1
29 20 4 7 85865 1
11 25 10 4 49193 1
17 6 5 28 76197 1
3 17 28 6 81495 1
1 12 24 1 78102 1
19 4 12 21 40941 1
13 22 16 12 33119 1
7 1 12 11 44115 1
8 16 15 29 38344 1
21 8 1 5 49623 1
19 29 28 3 66328 1
8 2 10 10 41977 1
13 23 8 15 39550 1
1 24 23 13 72606 1
13 4 25 27 63143 1
25 18 6 26 55541 1
14 20 19 1 45408 1
20 16 6 8 45282 1
19 10 12 24 39718 1
20 24 23 11 57366 1
3 1 15 10 46833 1
18 6 19 15 39513 1
27 27 24 17 36325 1
22 24 18 1 64563 1
27 16 6 3 66195 1
28 13 15 25 50159 1
20 5 18 24 55616 1
13 6 23 18 47731 1
5 26 27 11 69906 1
25 10 14 23 52753 1
28 29 4 15 75240 1
23 21 17 5 62124 1
28 7 9 28 78686 1
14 0 6 13 49584 1
5 20 4 1 75239 1
2 18 11 17 30094 1
9 2 15 22 55085 1
13 25 18 5 48813 1
20 10 17 26 47295 1
23 11 3 14 82899 1
21 22 16 10 45081 1
2 10 12 29 72240 1
10 29 12 8 45716 1
18 12 15 3 41834 1
9 24 28 29 40013 1
19 5 1 9 49950 1
21 27 13 21 27524 1
25 8 8 8 37705 1
18 28 0 5 81473 1
15 28 23 14 58222 1
3 28 21 27 48113 1
29 3 22 6 25609 1
0 11 28 24 91856 1
5 23 20 24 34347 1
6 7 16 11 39176 1
0 14 24 6 88293 1
23 13 7 28 70125 1
5 19 20 18 43639 1
27 25 9 24 39646 1
22 7 24 23 60557 1
12 11 28 1 51291 1
28 20 16 5 58908 1
18 27 12 22 26914 1
0 26 25 20 62305 1
10 10 7 20 42640 1
5 11 14 20 50404 1
29 11 2 14 88509 1
14 18 8 1 47183 1
14 22 3 20 30195 1
5 8 18 12 47643 1
11 9 25 3 47421 1
11 6 16 20 42573 1
0 9 9 12 46959 1
9 18 3 2 68248 1
27 16 28 0 34487 1
1 28 21 5 81652 1
19 13 27 15 37905 1
26 8 23 18 37741 1
15 3 1 6 36023 1
6 21 0 9 55792 1
12 16 10 7 30922 1
1 13 7 3 42718 1
2 20 27 2 91177 1
15 16 4 25 40183 1
12 2 20 0 27059 1
22 1 8 29 78120 1
21 13 14 1 48026 1
1 19 11 22 38172 1
14 4 28 11 37405 1
10 15 24 10 54674 1
19 5 11 22 52392 1
8 14 11 6 50132 1
26 11 7 8 59987 1
15 12 2 29 59014 1
27 13 3 17 80523 1
16 8 25 28 66508 1
2 25 0 8 61393 1
27 29 23 2 65050 1
15 18 27 13 50160 1
22 17 6 25 54004 1
14 29 9 11 53512 1
8 21 11 12 51209 1
17 10 11 6 33131 1
20 7 8 26 57455 1
1 5 9 17 60057 1
14 25 0 11 67464 1
9 1 19 10 47016 1
14 29 11 13 42938 1
23 27 9 0 73547 1
6 21 0 12 48060 1
18 2 21 24 62946 1
19 23 14 29 21297 1
12 22 7 29 34287 1
26 1 2 19 93075 1
14 2 21 23 50935 1
29 25 14 17 41783 1
15 22 25 19 42456 1
27 2 4 26 87776 1
20 18 10 12 50553 1
14 3 8 8 22092 1
17 20 5 14 47789 1
28 12 17 27 48953 1
4 23 2 5 79013 1
9 12 14 29 59176 1
12 24 8 4 46003 1
28 29 10 8 63425 1
6 20 6 3 60137 1
22 24 20 13 48517 1
20 14 29 20 39327 1
12 29 26 3 71840 1
9 14 29 20 70232 1
28 17 24 1 44852 1
12 17 1 9 54365 1
16 6 27 12 56592 1
21 8 12 12 35218 1
17 5 12 25 50299 1
2 3 20 25 73903 1
24 22 2 8 78868 1
8 26 13 0 54197 1
29 14 20 0 52129 1
24 20 14 20 26601 1
4 2 2 27 93523 1
10 18 25 18 39121 1
10 1 17 26 58789 1
5 3 9 27 72385 1
0 5 24 3 51076 1
9 3 19 1 34527 1
1 19 27 16 71998 1
9 16 11 25 35081 1
24 21 22 7 52951 1
28 28 14 23 31435 1
5 15 9 29 57673 1
26 13 2 8 78785 1
4 1 16 23 72286 1
27 7 4 25 84345 1
28 26 16 14 52551 1
17 22 27 16 47370 1
28 26 3 19 66364 1
25 9 25 23 56558 1
29 1 15 26 71080 1
3 25 6 12 56487 1
22 25 3 12 85067 1
3 9 11 16 49275 1
5 26 26 13 72390 1
29 28 9 22 57124 1
20 14 1 24 62487 1
20 28 9 11 70609 1
7 20 0 16 29204 1
2 22 0 10 46739 1
4 19 22 12 67308 1
22 26 1 17 63670 1
16 23 2 10 69810 1
25 19 8 0 78171 1
6 3 11 13 50711 1
24 10 12 5 46823 1
10 13 6 19 36202 1
13 8 0 22 61146 1
14 27 12 8 34786 1
7 1 22 25 72475 1
17 0 12 11 34842 1
13 1 14 14 24644 1
13 4 20 23 50951 1
22 5 16 12 47235 1
19 11 13 26 44917 1
15 8 11 18 25122 1
7 18 18 19 33210 1
5 22 24 26 46463 1
1 3 10 14 62592 1
7 6 27 11 60369 1
0 9 4 22 57204 1
25 23 2 13 83403 1
21 22 16 16 33535 1
11 15 4 2 66663 1
17 7 11 16 33405 1
26 29 26 18 27636 1
14 4 11 15 33760 1
27 15 10 21 56860 1
25 25 28 9 36501 1
6 6 12 16 43222 1
13 24 13 9 31474 1
16 5 8 10 37914 1
6 10 1 3 35509 1
12 0 5 26 61565 1
2 18 13 3 61316 1
8 13 11 0 58164 1
9 3 9 17 55083 1
9 28 21 11 72132 1
29 24 21 27 19151 1
0 27 17 24 36858 1
4 1 1 29 97846 1
18 25 27 22 29655 1
22 29 10 15 52316 1
18 6 14 17 34631 1
1 25 5 17 41791 1
16 6 26 16 58117 1
11 11 20 15 45434 1
1 17 10 0 70301 1
2 26 20 6 72077 1
23 25 15 28 30475 1
19 5 15 25 49259 1
2 21 13 29 46313 1
12 2 24 16 56086 1
17 23 4 17 53561 1
10 2 29 4 43110 1
22 10 11 0 46071 1
14 13 18 23 29264 1
8 10 14 15 27260 1
22 7 8 12 56567 1
1 19 8 1 71915 1
4 26 21 29 35431 1
5 9 16 6 42942 1
12 29 17 0 58046 1
0 0 23 11 80037 1
23 24 18 1 65948 1
22 2 0 16 75826 1
4 24 17 15 42789 1
12 6 7 26 52981 1
27 24 2 19 65229 1
13 1 6 28 64766 1
12 25 12 8 36377 1
20 17 0 11 75179 1
29 18 11 5 65954 1
29 25 2 18 70429 1
3 12 10 7 46944 1
22 22 0 6 83160 1
18 17 3 11 66845 1
6 9 0 19 50804 1
29 17 2 21 80004 1
3 10 2 1 40253 1
12 1 15 22 44242 1
9 16 20 26 38811 1
8 2 12 13 49901 1
28 13 21 19 32497 1
8 18 24 23 48218 1
1 1 1 22 69494 1
12 20 26 13 61491 1
5 25 8 6 71499 1
11 13 17 4 37984 1
18 4 6 29 64032 1
20 17 24 6 57774 1
4 7 14 29 63510 1
29 16 4 1 79357 1
1 10 12 24 64984 1
18 14 20 27 52287 1
22 21 14 0 54259 1
12 19 20 5 46937 1
11 3 29 0 47096 1
26 0 26 10 31085 1
3 27 20 26 34987 1
18 18 14 7 27356 1
9 20 18 23 30867 1
19 0 25 4 25102 1
13 29 10 21 26658 1
18 14 5 2 66234 1
4 14 7 25 50063 1
24 12 20 23 64923 1
15 29 16 2 61024 1
1 15 14 19 40022 1
6 28 2 8 76739 1
27 21 6 22 55917 1
29 7 28 19 27377 1
28 27 15 28 34548 1
0 28 21 2 87876 1
3 20 19 18 44695 1
4 5 19 3 37003 1
18 28 24 1 84226 1
7 6 23 13 65592 1
2 5 8 0 29424 1
17 6 22 18 56190 1
20 26 6 15 49586 1
20 7 6 12 52128 1
19 0 8 24 62531 1
16 18 8 24 26425 1
17 11 12 4 30498 1
22 19 1 1 79901 1
7 15 8 27 42964 1
9 11 11 28 66098 1
15 5 21 0 29014 1
0 20 21 6 77755 1
9 7 0 2 36455 1
11 5 0 7 36967 1
20 25 11 27 25451 1
22 8 29 0 31609 1
20 2 17 11 48547 1
24 15 3 8 67361 1
16 8 28 1 40181 1
27 8 21 26 45700 1
0 2 17 12 65020 1
25 4 19 20 57788 1
7 11 16 26 53861 1
28 24 0 22 60811 1
19 18 8 11 49914 1
4 19 11 16 29867 1
7 17 20 15 42735 1
17 29 1 6 74156 1
22 11 16 1 48597 1
22 19 12 3 55407 1
25 9 11 4 45751 1
12 26 13 14 27600 1
17 3 14 14 27797 1
21 15 15 5 43184 1
17 5 0 27 74856 1
9 17 14 28 36337 1
20 1 2 14 80830 1
7 5 1 11 33862 1
6 9 29 10 59762 1
8 25 28 17 53077 1
22 27 17 1 68929 1
5 1 18 4 32924 1
17 25 24 22 30363 1
26 13 8 8 64793 1
6 23 13 0 60098 1
5 18 24 8 60281 1
28 5 16 28 72560 1
9 15 25 4 58918 1
1 20 21 22 55668 1
9 19 28 1 71440 1
19 4 0 25 70543 1
12 5 12 16 31930 1
24 28 0 29 56077 1
0 4 13 18 48973 1
4 11 24 3 70231 1
24 3 10 29 71962 1
5 20 10 13 40246 1
15 25 6 15 41263 1
8 12 13 2 52131 1
9 11 21 26 60302 1
14 17 22 29 35871 1
27 21 4 19 67464 1
9 12 18 28 72015 1
13 22 6 5 49361 1
26 21 3 26 53786 1
2 24 11 5 66621 1
15 29 21 5 58778 1
22 4 25 21 50741 1
26 10 23 29 49337 1
25 2 19 11 52825 1
5 8 20 16 47242 1
11 1 13 25 51248 1
15 1 14 24 40573 1
22 5 2 7 53231 1
10 23 25 23 39448 1
28 1 4 1 59615 1
12 16 11 7 30253 1
11 25 5 1 68520 1
16 22 4 16 41379 1
27 24 21 12 48150 1
10 24 18 28 28744 1
25 18 17 29 49969 1
22 19 12 27 42052 1
10 15 27 16 47619 1
3 22 21 12 74754 1
21 2 0 10 64497 1
28 16 24 6 36312 1
24 14 3 7 80982 1
1 24 20 10 63045 1
23 27 19 17 43969 1
27 11 4 25 78356 1
1 15 10 0 66552 1
20 0 14 17 41368 1
19 2 8 20 56261 1
17 1 26 19 69376 1
10 13 3 16 32021 1
14 5 26 15 54167 1
27 26 29 18 17100 1
4 27 29 17 67966 1
12 14 21 28 47941 1
21 24 22 7 59175 1
7 28 21 8 63025 1
26 15 18 22 50049 1
12 11 2 26 54339 1
25 18 29 27 27324 1
4 22 20 15 60910 1
20 0 4 2 52135 1
16 29 29 10 61550 1
0 20 3 7 53301 1
3 5 10 28 78236 1
19 1 0 28 87334 1
3 22 10 13 55215 1
16 9 10 4 26989 1
29 19 13 26 38449 1
14 26 21 17 36854 1
10 1 1 20 76679 1
22 22 13 15 38651 1
2 19 7 10 43661 1
22 14 27 28 49704 1
0 25 14 13 46769 1
20 14 21 1 56196 1
29 14 12 16 49520 1
12 9 14 0 21962 1
14 17 4 18 26424 1
8 12 0 29 76116 1
13 29 1 7 68228 1
6 9 23 10 51293 1
25 1 23 23 68487 1
10 19 17 5 49233 1
23 4 20 27 66249 1
11 4 26 20 63622 1
24 16 18 7 47845 1
6 23 20 27 38307 1
20 19 4 20 44039 1
16 27 11 7 50830 1
29 11 6 10 67663 1
23 0 29 27 66832 1
1 16 7 11 30321 1
13 1 20 16 42538 1
24 4 9 26 61264 1
26 12 11 29 73463 1
23 7 6 26 67017 1
27 5 9 29 78827 1
21 0 2 4 43137 1
0 15 21 21 64236 1
6 16 29 19 64223 1
12 21 4 12 60821 1
9 2 22 23 72390 1
23 4 8 16 50790 1
0 0 10 17 73396 1
0 25 28 0 94580 1
4 16 12 0 55190 1
4 10 14 1 43350 1
28 26 5 12 81189 1
11 15 20 0 54204 1
17 0 8 6 34249 1
10 5 3 9 38715 1
15 1 16 11 33216 1
9 19 23 21 43196 1
11 6 20 26 57697 1
22 29 25 17 46899 1
14 12 27 11 49122 1
15 25 10 10 39092 1
10 22 19 21 29623 1
2 15 3 6 45931 1
14 16 8 0 40191 1
24 1 17 18 61347 1
12 15 21 13 37018 1
22 3 15 11 37446 1
19 7 29 21 49061 1
8 0 21 2 38914 1
20 4 8 2 31784 1
21 4 4 29 74137 1
14 9 16 17 23247 1
25 17 8 11 68222 1
25 19 14 29 49482 1
2 2 13 20 58472 1
4 26 21 21 43719 1
24 16 7 8 52124 1
5 27 1 19 37656 1
3 23 25 7 84875 1
7 13 2 27 55031 1
15 10 8 22 41568 1
3 16 21 0 69679 1
20 23 28 26 25417 1
7 16 0 10 35962 1
3 16 22 21 55656 1
23 23 28 12 37218 1
18 26 3 7 66956 1
2 1 14 26 71829 1
0 20 21 28 63103 1
20 29 22 21 32205 1
15 23 27 4 59776 1
21 14 1 28 70012 1
26 9 11 10 46513 1
19 19 24 14 34564 1
26 19 22 28 34748 1
13 11 8 26 38481 1
3 25 12 12 60559 1
9 29 5 2 79275 1
13 24 6 27 22618 1
12 8 25 19 55025 1
13 8 8 19 38363 1
4 8 8 27 67192 1
16 20 10 13 36937 1
28 12 12 24 51313 1
18 26 2 15 56122 1
18 28 11 9 58366 1
14 29 0 0 79071 1
14 13 28 13 44485 1
14 21 0 17 44963 1
10 17 13 29 35930 1
11 21 20 16 30240 1
29 29 25 2 68076 1
13 10 27 29 56537 1
27 27 9 2 85821 1
29 3 29 13 32559 1
23 24 12 3 56062 1
15 0 29 28 76368 1
3 18 5 2 70923 1
24 28 7 13 72809 1
17 23 5 0 72095 1
15 14 0 7 50010 1
18 5 26 7 36670 1
21 0 6 11 58822 1
12 29 29 26 32564 1
27 4 22 28 58649 1
0 3 19 4 36356 1
3 13 29 27 92703 1
19 6 5 2 43965 1
22 10 26 23 54378 1
26 13 23 22 45964 1
25 28 1 0 104642 1
9 17 24 23 52709 1
11 2 23 12 66706 1
25 4 8 25 68983 1
17 27 18 18 35105 1
27 2 12 20 66103 1
9 9 29 24 69006 1
29 17 13 22 51480 1
20 28 20 14 63967 1
22 5 20 17 52005 1
2 14 11 18 38401 1
27 19 17 29 42984 1
27 11 6 4 56446 1
15 23 25 12 73861 1
11 16 29 12 56630 1
12 24 19 9 43926 1
9 23 27 17 61012 1
15 28 4 3 70763 1
3 4 14 29 59683 1
5 23 9 8 58874 1
