5312 6162 5483 5738 4600 4533 6003 5004 5906 5032 5962 4607 4474 4887 4096 6019 4327 3917 5066 5008 4943 5986 4915 5403 5488 6649 7031 7404 7178
7798 7357 7842 6666 7918 6417 5854 7334 7460 7480 5694 6801 6307 7191 7452 6859 7808 8075 6853 6203 7411 8140 4112 5370 4089 5864 5281 5230 5824
6271 7491 8403 7650 7926 6213 7559 6292 6375 6237 8499 7851 7349 7440 6842 8162 6285 6126 6595 6775 6415 6544 7639 6160 7291 6300 6726 3677 3191
7338 6513 6633 8125 8540 8149 6268 6984 7415 7735 8258 7072 7673 7764 7027 6340 7560 6445 6441 6036 4468 6323 4880 6764 6896 5078 6055 4458 4979
6803 7071 7740 6669 6377 8027 8194 8614 6473 6374 7521 7939 7985 8688 6697 7993 8128 6295 8178 8114 3854 4278 3740 4895 4285 5259 3816 3950 4537
3530 3222 2781 3345 3587 2383 4720 4347 4640 3376 2847 2568 3893 2975 4425 4520 3930 4031 2628 2293 3607 2419 4263 4595 3758 3444 2679 2549 3710
3080 3672 2678 4932 3264 2789 3075 4172 4942 2917 2996 4250 2811 4753 4919 3696 3407 4894 5083 2959 2774 4427 2886 4583 3795 3068 4719 4101 4358
7067 6382 6312 6609 5729 7450 8177 6226 7436 6409 8032 5966 6412 3490 3285 4486 4307 3478 3947 4738 3669 4266 3728 3822 4318 4858 4235 5171 3848
5828 5737 5222 4762 4592 4901 5544 6298 5373 6169 5949 6701 6055 6038 6785 5233 5090 3580 4222 5134 3635 5737 5065 5668 5031 5583 3588 5394 4779
6669 7260 5767 6066 7288 6987 6633 6262 7958 5544 6130 6450 7594 6274 6905 7290 5716 7550 6073 3712 4149 3551 3612 2696 3577 3725 3932 4047 2392
5197 7346 7043 3404 2963 3962 5080 3237 5241 2828 4851 3154 4318 4303 3383 2881 2800 4412 4534 3480 4282 3546 4461 4066 3081 2899 3750 3378 4836
6959 7065 7396 6326 7795 7597 7050 8038 6935 6178 6765 7889 7817 7984 6090 6928 7847 6102 7430 6295 8095 7630 6609 6240 8169 6412 6495 6054 8287
5015 5215 2990 5365 3104 3061 3004 4599 3715 5253 4932 3757 4434 3698 4442 3099 3134 5218 3658 4318 5010 5428 3123 3308 5222 2811 2822 4373 4371
4565 3129 2704 3251 3447 4694 2895 3972 3579 5094 3525 4341 3622 3453 2878 4343 3046 3325 4693 3005 3696 5135 4056 5023 6023 6461 6994 6380 5989
4645 5404 5541 4550 4834 5573 4901 3626 4496 3763 4386 4331 5119 5239 4617 4505 7781 6971 6442 7061 7839 6759 7732 7625 6795 5523 5584 6165 7750
3859 4292 5575 3990 4722 4553 4315 5130 4569 4063 5119 3276 4289 3779 1582 3031 2115 1547 3617 1434 3552 2888 1952 2574 3482 1302 3549 3212 1709
2927 1785 3973 2782 2002 4147 3769 4339 2396 4336 1805 4088 2127 3740 2945 4266 3016 3035 3844 3775 2124 4351 4078 3402 2306 3993 3544 3257 2379
6930 5192 5277 6200 4973 7183 5543 6120 5465 5556 6652 6298 5551 5011 6801 6451 6530 6553 1781 3045 3114 2486 1678 3377 3326 2457 1744 1483 3595
4931 4559 5090 4291 6560 4920 5260 5910 6217 5189 5813 4324 4642 6736 5608 4967 5162 5088 4962 5600 4362 4461 5902 6140 6202 5862 5450 6625 2179
4583 3426 3996 2086 3806 3279 4098 2115 3372 3671 3926 2435 3012 2556 3575 3572 4017 3636 3945 3143 4450 1955 2544 3601 3757 2769 3926 3903 2028
5944 5931 3928 3133 4392 5498 5128 5261 3209 4584 4316 2986 3569 4357 5411 4703 3250 4713 3947 4640 4925 4370 3597 5265 5487 4079 3784 5365 5365
3810 2241 4517 4091 3286 2541 3601 1874 2347 2804 3003 2316 3777 2860 3651 3281 3299 3408 3046 3594 3839 2119 1640 2106 3421 3190 2685 3546 2111
6588 6509 7539 6777 5835 6399 5966 7778 6057 7222 7140 5454 6051 5424 6587 5867 6259 5640 5784 7058 6740 7493 5634 5625 6663 7111 5952 6758 7328
4883 4693 5531 5143 6144 2753 3719 2806 3831 3938 3102 3783 2287 1829 1809 1873 1896 3574 3300 3133 3770 2025 3885 2527 1961 3325 3704 2213 2897
7841 7947 6277 6886 6085 7969 6369 7247 6344 7300 6681 7957 5799 7855 5986 7127 6835 6098 8101 6575 7502 8183 2442 2656 3544 2641 3171 3249 2569
6794 7061 6652 4679 5749 5995 5803 5633 5312 6436 5070 6617 5642 5019 5394 6033 4913 6634 7138 5198 5315 5028 5299 5089 4970 7039 6876 6229 6276
2709 3325 4467 2739 3921 3559 4262 3770 4008 3533 4339 2424 3371 5944 6687 6828 7084 7293 7572 7220 7730 6641 6519 5684 7745 7132 6293 6994 6259
6845 5086 5672 5526 6423 6332 5290 4643 3158 3165 5408 4020 4922 3626 3700 5191 5118 4210 5127 5184 3506 3202 3394 4210 4101 3138 3937 4564 3992
6793 5983 5344 6707 5573 6072 5846 5690 5387 3856 4248 4834 5868 5575 3613 4563 4680 5344 3971 3677 5333 5937 4115 4337 5422 4783 4476 5508 3768
4231 5350 5470 5874 5297 6234 5816 6283 4609 6452 6075 5297 6402 5051 6365 5650 5073 5455 6150 5574 6130 6395 5782 4694 5972 4753 5281 6217 4260
3535 2967 5374 6511 2757 5975 3271 4214 5319 7580 2611 4766 6395 3576 6368 7084 7749 6189 5098 5037 7525 4715 5489 6753 4828 7056 4783 6291 7413 2058
5071 3452 3830 6577 4457 6858 2661 2593 6549 5967 4876 6237 8294 5725 5739 6205 7467 4664 6465 4017 8438 4368 4616 6987 3885 6512 5193 6272 6803 2125
3077 2150 5412 5864 3903 5980 4133 3705 4928 5761 4593 5881 8102 5129 6413 6308 7708 6462 5947 4367 6602 2771 3741 6651 3919 7617 3334 6362 5930 2908
5399 3680 4839 4069 6927 7585 2277 4414 5321 7603 2990 4510 8131 5530 7362 8616 7837 5963 6933 3756 7040 4397 4893 4505 3154 7346 3813 5640 7836 3742
3830 4016 4587 6472 6277 7486 2541 3443 6303 5138 3846 6706 6572 5497 7608 6726 7179 6616 5022 3624 8596 4180 3854 3764 3168 6931 4191 6410 6234 2487
4690 2425 4170 4373 5466 6266 2632 3280 7238 5224 4912 6508 8024 3929 7432 8005 7950 5481 7329 5894 7515 4446 5383 4479 5295 5656 4403 7413 7915 3343
4754 2783 5002 6324 6063 5737 2639 4778 5071 6186 4740 6561 6420 4010 6887 7021 6204 5959 5893 4412 6868 2398 4656 4290 6192 6613 5078 6057 6290 2456
3227 4039 5742 6018 4880 6791 3146 2497 7226 6533 3760 5592 6422 4383 5495 7758 4513 5047 7149 5213 5750 3536 3754 4182 5683 6584 5584 5880 5720 3658
7870 4081 4649 4059 4784 6686 2626 4468 7734 7561 2590 5518 7236 3874 7828 6737 3981 6864 6315 3875 6702 4100 4059 4829 4288 6644 4054 7844 8051 3935
7037 3486 5252 5135 5410 6637 3727 2738 7107 6760 4539 4791 6845 5617 6760 8030 4875 6416 6745 5349 6720 2650 4445 4019 4186 7770 3361 7085 7588 3693
7753 4602 4216 3420 5396 7668 3509 3504 6415 6137 4573 5910 6397 4607 7497 6802 4778 5942 5242 8219 5991 4751 3808 3586 6056 8005 5548 6884 7242 2830
7024 3270 5781 2827 5525 7500 1823 2506 6186 6568 2859 5378 7996 5943 3477 7223 5562 6654 5657 7892 5059 3485 4438 4675 4610 7743 4744 2938 5880 2053
6679 3350 5009 3323 6259 6542 2599 3220 6358 6112 2916 5085 8288 5222 3228 7557 5123 6475 5676 8261 6698 2939 5697 4603 4878 8051 3243 2524 8049 1800
7206 4621 4921 2666 6704 7110 2659 3508 7570 6314 4672 5197 6931 4565 3361 6848 5285 7022 5069 7415 6624 4611 3551 3526 5770 6905 4290 2942 6113 2697
6186 2268 6473 2801 6696 6568 3053 3546 6980 5141 3192 6619 7471 5217 3856 6419 4932 5725 7275 8474 7242 4592 5014 3075 4804 6451 3253 4092 8044 1523
6221 3264 5657 2327 6927 7414 2602 4003 6757 5210 4276 6577 7437 5262 3250 7620 3193 7402 5224 6636 5566 4755 4641 4261 6100 6478 4916 3671 7307 3120
7929 3128 4346 1827 6309 7610 3262 2634 6432 6070 2629 5997 7191 3686 4202 7774 5109 6894 5153 8236 6485 2459 3556 4803 6366 7984 3947 3897 8008 3496
7477 3896 5708 1875 6226 6104 3225 3950 6058 5112 3214 6081 6600 4301 2497 6322 4227 6615 6777 6368 6796 4584 3714 3320 4395 5956 4194 3937 6619 1837
6679 5372 5108 2342 5030 6461 5371 4480 6067 5253 3487 4398 7018 6356 3603 8146 4480 5869 5883 6796 6803 4037 3410 3948 6449 6811 5053 3894 6028 2287
8063 4222 4730 2033 6274 5889 3761 4038 6816 6919 3416 1730 8817 6306 2562 6611 4092 7336 5241 7595 5842 3127 5423 3115 6009 6069 5001 2359 7237 3350
8483 5024 4651 1536 5210 6043 3780 4838 6071 6029 3512 2474 8659 5941 3560 7649 4418 5714 6031 8026 6511 4194 7243 3314 4799 7351 4224 2812 5547 1383
6910 4949 4292 3205 5062 6063 4470 3115 6555 5732 4761 2974 7190 5244 3878 7363 3689 6490 6029 8529 6758 3145 7409 3825 5481 8195 4847 4090 4142 1792
7957 4847 5657 2721 6285 7238 3324 5012 6489 4043 3116 3982 7212 5803 3457 7294 4905 7459 7790 7610 5722 3204 6750 3380 6372 3385 5445 4237 6171 2167
8635 4074 5454 1719 5436 6503 4939 3343 7909 3733 4106 2398 7569 5134 3779 3205 4709 8263 8019 6995 6939 2421 7715 3161 5157 1720 4040 4759 6401 2879
8005 4958 4834 1335 6206 6257 4636 3864 6175 5601 4201 2741 6689 6803 2677 3569 3186 7819 7030 8269 5156 4609 6696 3432 5878 2227 5589 4785 4123 4969
8439 5257 6157 1396 5118 7484 4983 3752 7240 5386 4037 2201 8363 4783 4786 4283 3842 6056 6760 6476 5614 4129 6745 3405 5020 1717 3422 4614 6467 4588
6128 4638 6369 1219 5821 6296 3677 2803 6367 5161 4621 1948 6948 6603 4056 4264 5250 7340 7514 6724 5544 3792 5340 3511 4695 1498 4507 2938 4846 5137
8635 4434 6639 3264 4773 6416 4368 4950 6142 5615 7476 3053 7912 6595 4162 4881 4925 5941 8316 8178 6905 4118 7398 5035 4333 1768 5268 3252 5981 4015
7656 5296 4361 1393 7037 5689 4422 4978 7708 4784 6074 3723 6884 4698 2529 5234 4518 5933 7518 8797 6264 2724 7408 4991 5565 1910 3121 3470 5141 5087
27 21 11 0 109527 1
18 22 6 27 61094 1
4 16 20 6 91127 1
23 12 6 22 85492 1
8 0 13 29 118791 1
2 7 15 16 77748 1
24 19 14 13 55452 1
6 14 2 23 51231 1
13 22 5 18 41968 1
29 5 3 27 157017 1
7 13 2 4 54882 1
8 23 18 7 82696 1
16 14 20 3 43608 1
14 28 19 2 91703 1
11 15 1 22 65844 1
6 25 22 28 62617 1
19 22 6 19 55619 1
25 8 21 25 64575 1
27 5 16 20 86621 1
7 0 4 10 46506 1
28 7 10 28 115574 1
9 8 22 9 59180 1
1 17 16 13 86839 1
9 17 4 1 76610 1
24 6 15 27 84746 1
0 2 22 27 149572 1
9 14 5 23 54099 1
17 5 3 2 62982 1
1 0 23 28 149580 1
14 2 28 10 65214 1
14 1 25 3 29883 1
15 0 12 21 80682 1
8 28 27 3 120845 1
9 3 19 20 84787 1
17 10 16 25 49326 1
22 15 18 7 41186 1
29 12 9 11 77907 1
2 5 11 9 49629 1
26 15 15 28 72281 1
20 1 14 17 68922 1
18 4 23 19 60592 1
14 18 16 9 34896 1
8 6 22 23 95374 1
29 2 6 11 86751 1
0 14 24 6 118079 1
21 7 9 10 50310 1
28 16 16 18 58883 1
15 4 1 11 75773 1
3 0 5 23 89559 1
23 3 15 20 67646 1
8 28 15 22 41090 1
19 26 23 11 53918 1
18 27 11 11 70192 1
7 4 17 15 74290 1
4 25 1 14 71286 1
25 1 22 8 43821 1
7 6 23 10 63646 1
25 0 4 12 106948 1
3 27 5 6 86926 1
12 28 23 16 68033 1
28 20 20 6 75530 1
4 22 17 2 106544 1
18 6 6 26 104568 1
16 6 23 27 83758 1
26 5 23 16 42392 1
7 29 11 7 94983 1
25 20 6 20 77686 1
6 2 27 11 90411 1
21 26 27 2 86361 1
15 9 11 15 39663 1
28 1 7 7 74360 1
0 6 18 12 76718 1
2 4 21 26 131760 1
24 7 15 2 42289 1
6 1 25 9 85700 1
19 6 2 4 65950 1
3 11 25 8 99811 1
8 11 25 6 79819 1
2 23 17 21 65891 1
12 0 28 8 69905 1
10 1 11 22 90856 1
14 8 4 2 49413 1
13 25 7 5 100584 1
21 12 2 1 86985 1
6 9 11 26 81066 1
3 15 17 12 84608 1
1 13 28 20 138555 1
15 20 0 4 97741 1
25 12 4 9 87568 1
20 15 13 20 48383 1
20 29 24 12 58919 1
22 24 14 4 87255 1
16 12 23 24 57418 1
12 1 15 15 57340 1
6 27 22 16 90270 1
10 6 20 16 63404 1
8 0 0 12 75372 1
19 16 18 7 32714 1
4 7 18 11 64218 1
12 22 16 14 37278 1
13 25 22 5 87357 1
2 23 10 14 64071 1
10 7 29 28 120338 1
18 15 3 20 80314 1
18 13 2 12 84121 1
3 2 20 13 88739 1
10 12 10 25 49547 1
18 19 24 26 40981 1
1 10 16 4 69555 1
26 22 20 14 48050 1
13 2 1 10 69188 1
5 16 15 22 56885 1
11 15 1 16 67397 1
12 22 15 3 75136 1
2 3 4 23 90533 1
10 24 29 16 98503 1
11 24 4 27 42523 1
12 11 28 22 93106 1
12 0 0 14 99498 1
5 27 24 11 105868 1
1 6 11 9 46077 1
24 10 1 12 100070 1
20 2 4 1 57684 1
14 20 9 0 94353 1
19 16 12 5 57041 1
15 0 27 24 101912 1
0 2 5 11 55167 1
9 11 5 22 59489 1
24 23 19 0 82402 1
0 2 0 14 62229 1
4 13 23 29 108440 1
27 26 3 27 85525 1
24 3 28 14 51540 1
21 18 6 23 73784 1
20 15 0 15 102471 1
11 15 22 4 70289 1
27 26 6 12 108717 1
13 6 23 20 70875 1
26 6 1 25 143013 1
16 15 21 23 40380 1
3 7 25 28 133734 1
11 15 29 15 74266 1
7 5 8 19 65905 1
26 11 2 29 113688 1
26 27 21 9 67346 1
6 6 17 2 44418 1
20 28 19 1 90947 1
8 6 28 5 68281 1
22 26 8 23 64638 1
6 0 16 7 52567 1
17 29 8 26 35637 1
22 13 25 26 47335 1
28 14 19 27 65496 1
15 26 7 14 70578 1
24 4 18 29 92499 1
8 29 12 12 74654 1
26 0 3 19 125719 1
26 19 13 20 66423 1
21 28 28 24 32561 1
6 19 20 13 76144 1
0 26 14 4 129363 1
29 22 5 15 116210 1
9 23 19 1 97449 1
29 28 24 12 68529 1
6 26 14 3 110534 1
10 28 13 19 43057 1
12 0 3 8 62636 1
2 13 29 23 134738 1
29 5 14 16 85362 1
1 18 8 0 99443 1
0 1 5 16 69894 1
23 9 2 9 88768 1
13 10 14 1 37386 1
8 7 10 23 68917 1
8 8 3 14 51973 1
11 21 26 21 56291 1
0 24 11 28 63006 1
3 23 26 12 111383 1
27 3 19 7 28433 1
10 26 24 16 81687 1
7 29 25 16 87726 1
5 3 23 18 96458 1
21 23 29 2 82099 1
18 7 6 14 68193 1
14 21 29 12 75546 1
7 24 14 12 70862 1
24 22 17 6 73716 1
27 16 23 25 43058 1
26 18 15 4 84128 1
3 13 4 1 56752 1
17 2 19 27 88740 1
12 3 0 27 131731 1
2 17 27 25 111806 1
20 2 6 15 84154 1
5 29 11 18 61112 1
21 7 24 20 47407 1
11 12 2 16 67172 1
8 8 6 26 81343 1
13 14 4 15 53415 1
7 24 26 4 119378 1
17 4 27 20 90200 1
23 6 28 11 29737 1
26 25 2 9 128427 1
15 15 23 21 44184 1
6 12 14 20 65956 1
2 16 26 9 125857 1
12 25 4 10 82138 1
13 0 4 13 75382 1
29 8 3 16 132775 1
8 18 13 26 48107 1
15 9 6 11 40900 1
10 29 24 3 104488 1
0 18 29 12 140229 1
11 6 26 27 106396 1
17 26 11 7 77328 1
25 24 10 13 84916 1
27 5 26 26 87555 1
8 21 28 4 113966 1
27 17 29 26 41365 1
24 9 28 23 62481 1
18 1 10 28 104848 1
23 18 11 5 76461 1
7 21 2 12 58758 1
17 9 6 7 47573 1
29 0 8 20 127338 1
24 27 27 13 56209 1
11 18 5 6 66500 1
22 29 1 3 146171 1
18 1 5 21 105949 1
16 1 9 4 31936 1
9 28 12 7 87504 1
21 11 7 8 64568 1
16 22 1 3 117103 1
7 24 27 20 87477 1
17 0 4 22 115256 1
7 13 8 28 66958 1
15 18 28 0 89648 1
4 22 8 7 66908 1
11 1 12 22 87679 1
9 25 14 19 41377 1
14 16 18 4 56319 1
17 10 5 29 83173 1
11 19 7 12 50737 1
11 24 19 26 41539 1
19 19 1 23 84571 1
8 12 12 3 51629 1
23 5 19 18 51183 1
21 17 25 6 50161 1
28 7 13 1 55850 1
6 1 3 14 62079 1
20 10 3 6 63240 1
13 16 9 8 47686 1
26 1 6 26 134793 1
27 14 8 15 81876 1
27 15 21 5 48155 1
12 9 10 25 70237 1
22 2 10 15 78595 1
19 7 17 21 55712 1
9 2 10 27 101818 1
16 3 13 18 59400 1
4 16 9 25 51584 1
25 23 15 8 77081 1
2 19 15 11 83377 1
16 20 18 4 64405 1
11 22 4 2 95967 1
3 20 18 0 118978 1
6 7 21 16 79005 1
19 7 13 23 61817 1
2 8 19 18 102818 1
12 13 17 18 32795 1
13 19 26 14 63563 1
19 26 4 20 74315 1
13 0 1 1 45899 1
15 4 14 22 66507 1
23 15 13 21 54899 1
15 20 21 7 49113 1
5 18 13 22 41968 1
26 4 7 22 112779 1
0 29 2 1 120701 1
27 12 13 22 74354 1
17 2 17 29 88245 1
3 14 15 18 72726 1
23 28 1 10 128686 1
2 13 13 26 91194 1
8 29 11 12 74907 1
10 25 18 4 95104 1
3 8 14 25 106765 1
14 13 14 2 50610 1
23 20 0 26 103979 1
2 11 6 18 49156 1
22 3 3 22 117151 1
15 18 14 8 36189 1
6 4 14 8 36151 1
6 18 10 24 34895 1
27 27 5 27 74713 1
4 0 28 8 96936 1
25 20 11 27 66921 1
24 25 20 16 38776 1
19 17 5 26 85318 1
17 21 13 1 74622 1
26 0 11 3 44434 1
25 25 3 26 80448 1
22 28 21 6 69549 1
18 21 20 9 49008 1
5 26 15 20 59308 1
29 28 21 9 77506 1
10 8 0 12 58095 1
2 28 1 0 130770 1
4 1 13 29 121499 1
5 5 8 13 38571 1
27 13 16 5 61454 1
14 10 25 0 70168 1
26 16 11 8 77944 1
15 5 1 12 77852 1
24 27 4 3 131063 1
23 29 3 10 116320 1
2 16 9 26 68294 1
16 29 1 5 119094 1
3 16 28 23 119837 1
5 18 4 29 38432 1
20 0 20 26 90657 1
20 14 14 5 49710 1
25 28 24 9 63329 1
11 1 10 26 103776 1
28 3 15 28 99090 1
6 22 27 10 101778 1
18 16 7 5 76341 1
0 25 21 24 95168 1
23 1 27 19 82667 1
3 29 24 5 128201 1
26 21 18 3 74827 1
21 27 8 27 49834 1
16 8 11 16 45290 1
8 7 26 24 111647 1
27 10 17 26 74915 1
2 24 23 27 78911 1
1 26 1 11 83020 1
2 12 8 23 70934 1
2 18 27 21 106206 1
6 6 0 18 75923 1
28 7 1 19 138676 1
1 20 29 1 146501 1
3 4 29 12 110627 1
12 12 18 22 48252 1
6 1 3 16 71070 1
16 22 9 13 54717 1
20 8 1 27 123205 1
9 9 28 4 75275 1
18 19 24 29 48368 1
2 0 29 24 152079 1
13 10 22 23 67319 1
28 25 11 25 67790 1
9 24 0 11 86934 1
18 25 4 25 68227 1
0 11 16 4 78128 1
13 6 14 27 74415 1
27 28 15 25 50088 1
20 26 5 16 87771 1
11 9 26 11 55849 1
22 17 17 7 51392 1
3 4 27 14 111122 1
8 4 12 25 98075 1
21 2 27 25 79834 1
7 26 26 24 79585 1
29 8 19 19 67746 1
4 17 10 7 61898 1
28 26 8 21 77609 1
15 28 8 22 44345 1
24 28 23 0 94976 1
27 20 22 28 40988 1
16 21 24 23 30686 1
15 12 0 4 76592 1
21 25 5 25 67375 1
27 23 4 20 91331 1
8 15 1 20 53464 1
10 21 4 7 70653 1
11 6 20 20 76386 1
7 15 29 4 104875 1
26 13 3 20 110698 1
22 8 7 9 67750 1
11 21 27 19 68773 1
1 14 15 1 101281 1
13 27 1 20 71859 1
22 6 15 10 35630 1
0 10 23 9 90018 1
15 22 20 3 66624 1
7 5 17 21 85258 1
18 5 5 1 56216 1
22 11 18 1 42081 1
27 22 21 6 65992 1
29 10 13 12 66561 1
27 26 12 16 74056 1
24 3 10 9 54594 1
26 11 2 20 112204 1
9 7 16 25 78237 1
2 9 25 24 129957 1
18 0 20 12 47991 1
4 4 2 28 106792 1
12 16 4 28 76645 1
8 17 24 6 93750 1
0 25 2 7 97361 1
26 25 16 10 67732 1
2 0 13 17 94603 1
12 27 12 13 55291 1
28 8 20 16 50425 1
15 8 10 22 65897 1
12 12 13 3 38537 1
16 16 15 2 50644 1
23 3 5 8 63555 1
12 14 13 0 55499 1
19 2 1 26 137986 1
1 6 0 19 68571 1
18 1 3 12 88932 1
29 13 15 8 65065 1
10 25 9 14 47686 1
28 16 12 23 81658 1
27 26 0 9 139345 1
19 21 28 7 71536 1
2 11 16 6 67029 1
20 3 3 21 109821 1
0 17 10 19 54527 1
10 13 29 27 98596 1
18 7 27 3 32913 1
11 28 27 20 73417 1
8 2 0 4 45361 1
0 5 20 2 71367 1
7 29 14 2 109185 1
27 18 23 6 55292 1
11 28 3 20 61920 1
10 0 6 27 118047 1
1 7 12 28 114816 1
23 12 3 25 110006 1
27 3 6 11 76624 1
24 9 1 18 126391 1
0 20 16 22 70411 1
29 23 2 21 104671 1
16 5 29 15 78089 1
26 9 10 0 72294 1
12 18 24 25 63616 1
20 22 23 9 49207 1
2 13 4 29 74469 1
9 25 3 5 95683 1
7 24 14 29 40717 1
20 5 25 26 76771 1
21 10 9 23 73964 1
12 4 24 19 83501 1
15 21 19 7 50376 1
1 1 21 18 110713 1
17 29 4 12 100592 1
12 9 18 29 75785 1
17 5 23 20 67389 1
7 9 29 28 128945 1
14 7 14 24 60636 1
19 11 13 0 50589 1
12 14 23 11 43160 1
22 17 21 1 55979 1
8 1 4 23 89378 1
0 5 16 26 113807 1
27 27 18 1 97952 1
6 16 12 25 55246 1
9 25 1 9 89266 1
4 8 14 10 49733 1
9 26 1 28 40849 1
26 13 6 22 97634 1
15 28 18 13 50814 1
21 27 9 5 106978 1
11 27 25 27 50331 1
2 5 9 26 101605 1
17 7 8 11 47305 1
16 10 17 1 32657 1
24 13 1 2 112060 1
24 25 7 1 115943 1
27 3 12 21 89009 1
20 11 9 14 51464 1
1 6 22 10 77413 1
21 14 17 26 50734 1
18 22 8 18 52400 1
23 1 14 29 103613 1
4 6 25 11 77772 1
9 22 16 6 73307 1
23 15 2 12 98829 1
23 7 13 16 58352 1
3 7 23 21 108432 1
6 23 17 15 67393 1
10 25 21 25 52016 1
9 22 19 11 65012 1
16 25 13 13 42357 1
6 7 22 18 91741 1
16 1 24 4 29902 1
13 23 1 11 94852 1
10 19 13 2 71651 1
23 9 5 7 71734 1
1 17 22 26 111179 1
22 21 12 13 56705 1
15 21 9 7 63428 1
3 26 0 7 94932 1
4 27 1 17 61518 1
23 2 17 6 32793 1
4 26 28 6 144005 1
29 5 11 4 57306 1
13 6 28 2 47061 1
29 9 18 24 79070 1
14 11 2 10 51040 1
22 3 14 23 76392 1
19 20 25 3 66622 1
25 26 21 11 54558 1
22 21 11 10 70495 1
19 2 29 2 29287 1
9 19 24 18 78616 1
24 23 26 7 59315 1
28 25 17 0 102270 1
18 12 9 4 59400 1
20 13 23 0 53609 1
23 9 5 27 110510 1
16 3 25 9 46462 1
6 14 19 1 80696 1
25 4 15 11 55425 1
12 23 27 19 67714 1
20 12 29 15 46066 1
25 2 17 12 58705 1
22 21 25 6 57145 1
13 12 2 6 55058 1
28 8 20 22 67999 1
29 23 5 26 90003 1
26 28 21 11 65979 1
7 5 3 13 47579 1
23 28 1 13 127721 1
27 27 1 22 108036 1
19 13 26 8 35827 1
1 14 22 14 99130 1
9 28 0 21 60051 1
9 13 26 26 96135 1
27 18 14 28 76730 1
8 28 7 17 51390 1
28 18 18 8 71713 1
27 6 15 4 40202 1
18 9 5 0 71549 1
13 29 23 18 56392 1
13 20 20 4 77183 1
26 24 28 5 90215 1
23 18 26 1 60729 1
9 18 23 28 78391 1
0 20 4 5 84578 1
25 7 0 0 101462 1
4 7 1 23 77158 1
23 29 2 17 105205 1
16 25 14 5 72765 1
22 20 26 4 63938 1
26 1 22 28 96743 1
29 19 8 25 101865 1
0 18 18 21 81073 1
18 12 0 5 81251 1
12 27 1 4 126955 1
5 25 4 4 82082 1
8 10 29 26 107278 1
23 18 9 29 66768 1
26 22 20 15 50456 1
28 6 18 18 74311 1
23 11 16 15 32410 1
23 19 0 16 113927 1
2 7 17 13 72352 1
14 5 3 19 86216 1
29 22 12 10 94914 1
26 8 22 21 49678 1
15 1 13 22 76134 1
4 21 19 26 70461 1
6 11 17 17 67354 1
28 1 23 11 51696 1
19 20 8 12 75679 1
23 13 28 0 64559 1
1 2 14 0 57957 1
1 3 2 15 77816 1
1 16 15 6 95918 1
21 19 13 14 43576 1
25 1 7 28 134670 1
6 0 3 9 46308 1
7 25 19 8 93570 1
3 10 7 22 55663 1
15 28 22 18 54508 1
23 27 9 17 87113 1
28 14 5 8 101332 1
12 10 8 28 82677 1
5 29 27 25 66721 1
16 17 15 3 48085 1
19 6 11 28 88771 1
4 22 28 7 123285 1
17 2 8 6 38633 1
8 2 23 9 68908 1
16 7 27 6 46585 1
19 23 2 11 104971 1
21 16 10 10 55833 1
21 3 1 23 126415 1
27 4 11 16 89063 1
16 19 6 1 89424 1
13 22 2 29 62671 1
20 8 7 9 60325 1
23 20 7 2 101122 1
7 23 29 29 90083 1
24 29 27 4 91555 1
20 7 15 29 75082 1
16 26 20 16 47147 1
16 23 5 18 55137 1
0 27 21 29 71363 1
8 29 4 0 114352 1
23 20 7 20 67608 1
10 20 28 13 93582 1
21 5 21 16 32055 1
24 13 18 22 45353 1
11 17 25 29 83433 1
29 8 13 3 61278 1
14 8 23 17 53620 1
2 12 16 10 70808 1
16 9 15 21 36224 1
11 10 7 23 64713 1
9 26 24 17 86706 1
10 14 26 4 79518 1
11 13 14 6 40181 1
3 28 7 7 94722 1
28 24 4 1 137799 1
21 11 1 29 102555 1
20 17 7 0 96360 1
25 14 7 1 90926 1
24 24 23 5 59130 1
23 7 13 21 69995 1
11 25 12 3 97173 1
19 18 3 2 103257 1
2 8 5 17 49199 1
3 10 13 25 90807 1
21 29 15 25 25245 1
1 2 29 2 93653 1
23 2 28 19 80961 1
27 22 28 12 49944 1
17 1 4 25 120783 1
26 16 7 8 94842 1
0 17 18 20 89352 1
18 11 4 17 86225 1
5 6 28 21 116415 1
28 12 10 27 101895 1
17 13 5 17 66820 1
0 3 4 29 114458 1
11 13 24 7 67343 1
1 9 28 22 143338 1
1 13 27 6 121106 1
22 2 4 29 125224 1
6 12 25 29 109673 1
21 15 10 6 60970 1
12 27 7 22 37401 1
3 4 28 2 88936 1
5 26 28 28 81714 1
1 1 14 28 131897 1
6 2 11 26 106918 1
13 20 26 10 71586 1
13 29 29 9 98672 1
16 22 17 5 64401 1
5 20 22 13 85771 1
22 28 18 9 72726 1
19 16 14 2 58216 1
2 12 5 1 60180 1
9 3 21 23 92489 1
5 20 22 6 101851 1
10 28 7 21 34789 1
26 0 29 9 45985 1
23 4 26 26 76741 1
28 2 2 27 150136 1
23 18 4 6 89684 1
7 3 1 25 103236 1
9 8 28 15 91711 1
24 15 7 23 86115 1
12 11 23 18 58495 1
29 11 1 9 107142 1
4 8 7 18 50612 1
3 28 10 18 66010 1
12 22 3 12 75927 1
21 16 28 8 46007 1
11 29 6 23 40193 1
25 23 8 19 73637 1
2 24 20 9 108089 1
28 9 7 3 83265 1
21 4 6 17 92956 1
0 29 12 0 139106 1
5 11 28 15 99923 1
18 20 28 25 39950 1
2 7 25 11 90022 1
4 19 7 11 43684 1
21 18 9 6 74685 1
11 1 21 21 86478 1
8 5 27 8 76816 1
25 12 9 3 74371 1
3 25 10 2 110440 1
15 0 29 27 111523 1
16 4 5 0 47975 1
13 15 22 19 54983 1
1 4 16 19 100668 1
14 12 0 7 69470 1
8 1 7 15 60105 1
28 26 8 12 106981 1
8 15 21 25 82019 1
10 18 0 21 49857 1
26 5 29 26 84056 1
12 24 28 13 88274 1
4 25 19 25 69742 1
26 21 24 6 60748 1
25 5 20 22 74849 1
17 0 3 7 66848 1
0 28 14 24 66544 1
26 29 6 4 131898 1
28 12 21 1 54436 1
24 1 13 12 70488 1
3 5 11 9 47432 1
5 29 18 3 108017 1
0 17 9 24 60023 1
19 16 6 3 82435 1
6 7 11 16 53455 1
14 21 27 9 72046 1
3 1 25 9 95821 1
2 25 21 27 75694 1
20 6 13 13 49411 1
10 2 28 19 111708 1
9 10 19 26 82079 1
17 14 28 15 41568 1
3 20 12 26 56431 1
18 23 2 25 75775 1
9 8 23 5 58873 1
18 2 9 14 72342 1
22 2 6 3 57322 1
13 25 2 21 57602 1
3 15 29 18 136897 1
25 21 27 13 43583 1
27 14 24 6 44047 1
0 1 8 24 110726 1
29 13 18 5 65607 1
13 5 7 14 57300 1
12 2 13 11 36184 1
5 3 28 29 143824 1
6 5 21 12 65609 1
22 28 1 17 112163 1
8 4 27 29 131523 1
18 10 12 21 49873 1
12 16 11 7 40435 1
7 19 23 25 75839 1
24 15 4 29 93195 1
27 20 12 12 82800 1
6 19 27 29 94900 1
12 25 11 12 62088 1
16 7 22 11 31326 1
18 27 25 5 90511 1
15 25 26 29 41640 1
24 15 10 19 71452 1
22 13 28 24 51737 1
9 22 26 5 106151 1
25 5 25 27 82651 1
17 27 28 10 78355 1
0 16 8 9 68542 1
2 24 20 24 80812 1
9 4 4 20 81486 1
15 9 27 0 61263 1
20 2 24 24 74948 1
14 29 11 1 98097 1
1 3 4 12 61367 1
18 10 5 27 92646 1
29 27 22 1 100736 1
27 12 23 25 50960 1
21 15 2 3 101460 1
9 0 19 18 90204 1
18 26 20 17 41031 1
11 17 21 7 63561 1
8 15 19 20 71519 1
4 9 12 24 81584 1
0 19 17 10 98042 1
9 0 28 18 118637 1
28 13 21 17 40610 1
22 3 3 2 67129 1
7 9 17 16 62719 1
14 5 24 6 43360 1
23 4 25 13 43691 1
29 6 22 3 29857 1
19 14 6 15 64504 1
26 11 22 19 35301 1
21 27 0 12 127982 1
19 11 0 0 95637 1
25 18 1 1 126100 1
0 18 19 28 99940 1
4 3 17 29 119012 1
6 16 18 5 78321 1
5 27 17 19 67168 1
14 24 26 28 53528 1
4 15 22 24 97905 1
26 28 11 26 57515 1
19 17 19 2 49516 1
7 16 27 6 103864 1
11 8 20 4 44602 1
20 19 14 26 42531 1
22 9 19 0 39046 1
12 25 5 29 36345 1
29 3 18 15 61217 1
17 7 28 6 48699 1
6 18 19 19 67306 1
18 21 26 9 60173 1
14 24 13 0 86069 1
24 8 5 2 84613 1
13 5 1 29 119188 1
14 4 23 23 82958 1
7 15 0 7 54522 1
4 21 16 29 62705 1
6 11 1 4 46681 1
14 23 5 28 50601 1
27 21 10 21 64834 1
7 11 28 5 95586 1
27 25 12 14 70636 1
3 8 24 16 103228 1
16 20 6 10 67027 1
7 29 29 12 112773 1
17 13 13 2 45975 1
18 18 19 6 45868 1
19 25 14 11 60228 1
0 29 19 8 110237 1
5 24 25 2 129689 1
22 20 29 7 64796 1
14 16 25 7 60666 1
9 29 6 11 77112 1
0 22 13 19 60018 1
5 2 27 4 71619 1
7 1 18 20 102023 1
17 29 0 18 93788 1
27 5 21 15 55835 1
6 6 21 17 79688 1
18 24 0 3 124769 1
20 25 15 5 84078 1
2 24 4 13 55424 1
8 1 24 20 102955 1
18 26 11 17 60141 1
11 10 10 22 50517 1
3 14 11 10 52133 1
27 10 4 16 109796 1
0 18 20 26 103049 1
4 2 13 3 41678 1
10 29 0 22 62322 1
24 11 4 17 97873 1
5 5 1 29 95862 1
4 11 17 12 65666 1
10 2 6 14 59426 1
16 0 22 11 44819 1
5 2 20 27 120433 1
3 11 29 11 97572 1
13 13 28 3 68745 1
3 4 23 2 80190 1
3 3 28 22 142208 1
22 20 12 28 56567 1
17 3 16 24 69989 1
5 18 11 8 63980 1
22 9 4 29 105319 1
17 21 29 3 86860 1
21 26 5 25 64185 1
29 18 0 21 127012 1
26 4 26 14 39131 1
25 5 17 14 55243 1
0 10 18 16 89105 1
14 14 26 17 53368 1
2 18 16 29 82767 1
12 12 26 9 63373 1
11 20 22 9 76247 1
12 3 9 11 41492 1
11 15 5 25 61356 1
0 22 11 23 51628 1
23 28 26 21 30799 1
15 21 26 7 71751 1
29 6 1 18 152263 1
25 7 4 22 111780 1
16 5 5 18 80437 1
21 8 23 22 44389 1
4 6 9 26 88982 1
18 21 15 28 30432 1
23 27 4 20 87981 1
14 18 29 19 78263 1
22 18 29 5 70794 1
5 28 8 3 100182 1
25 1 5 18 117527 1
9 23 28 1 119782 1
20 17 18 4 51789 1
9 15 21 18 66145 1
4 15 27 16 108310 1
13 3 1 18 103735 1
0 18 11 19 58829 1
25 15 8 1 89014 1
29 21 13 12 81851 1
2 10 29 26 132119 1
22 20 6 18 76919 1
24 2 4 24 131147 1
27 19 14 12 76248 1
10 2 11 18 69102 1
22 21 1 20 86936 1
29 5 13 14 83034 1
11 0 7 22 106696 1
20 22 21 6 55264 1
4 0 12 17 86847 1
7 0 20 13 82153 1
27 17 19 9 52443 1
3 7 3 17 57957 1
2 10 15 10 50182 1
15 3 17 16 50178 1
16 5 17 20 53988 1
9 12 25 4 78286 1
28 25 6 15 101573 1
9 17 20 14 53013 1
21 15 0 21 98142 1
9 4 3 16 75024 1
10 5 2 21 83883 1
18 0 14 25 90719 1
9 2 27 26 116334 1
2 17 6 10 48877 1
23 7 19 16 37509 1
8 18 25 23 77859 1
19 0 1 6 69607 1
22 4 17 18 64185 1
8 2 10 19 75767 1
14 16 28 15 58565 1
1 7 13 11 57095 1
6 5 23 28 117143 1
1 15 28 15 130781 1
23 12 6 20 83839 1
19 5 1 13 93427 1
9 16 14 8 51044 1
22 3 8 0 51062 1
28 29 6 3 142862 1
1 14 20 15 97103 1
17 13 20 25 55375 1
2 19 23 5 120611 1
1 20 19 22 77459 1
11 23 4 28 47574 1
24 18 1 29 99441 1
13 19 19 27 46017 1
6 22 12 12 61989 1
24 22 6 22 75056 1
16 19 18 10 34709 1
9 25 24 3 107514 1
10 26 24 22 64005 1
21 19 16 28 42750 1
28 2 0 13 119807 1
2 13 14 16 67928 1
12 4 3 19 81550 1
2 9 18 9 71727 1
7 26 11 0 122131 1
13 29 6 24 40466 1
28 1 17 29 112479 1
7 27 5 17 44006 1
4 19 10 8 63817 1
23 14 1 10 91649 1
20 7 11 18 69488 1
20 18 26 4 64928 1
5 2 7 13 43901 1
10 9 6 16 41882 1
29 22 11 15 93966 1
5 18 25 10 103099 1
17 1 4 28 120225 1
14 6 13 17 43407 1
2 4 16 27 119772 1
6 12 23 19 84849 1
25 2 28 13 53882 1
14 20 1 19 60289 1
26 25 8 19 77196 1
2 20 25 17 113257 1
22 10 15 1 43940 1
5 14 17 22 72642 1
7 7 25 4 61833 1
4 18 11 25 53161 1
26 11 3 2 98954 1
26 24 5 29 72968 1
25 11 6 23 95107 1
3 4 9 21 88454 1
11 2 8 23 94571 1
29 20 12 4 111332 1
15 22 6 15 58763 1
3 25 25 17 119989 1
29 21 9 19 82187 1
26 1 16 24 95943 1
24 1 6 9 79340 1
7 2 4 22 81373 1
20 19 12 26 50064 1
29 22 9 14 102133 1
16 14 26 12 39229 1
0 8 26 1 93617 1
21 9 27 5 37424 1
27 3 3 7 72240 1
28 14 25 1 61858 1
1 23 7 3 97379 1
2 13 26 18 119467 1
12 1 7 25 108335 1
25 12 15 29 78441 1
10 29 12 19 45669 1
8 3 29 3 52423 1
19 7 1 20 111011 1
29 6 19 5 42523 1
7 1 20 29 124887 1
26 16 12 27 79048 1
15 26 1 14 102262 1
11 2 16 19 72525 1
16 11 1 3 79957 1
12 17 0 26 83363 1
24 27 9 4 111478 1
3 25 17 29 56624 1
