5650 4916 5245 4619 5830 4106 3761 4201 4706 4443 3959 5096 4925 5065 5296 3678 5410 4014 5807 4549 4199 3844 3588 4307 3271 4676 2927 3549 5130
4999 4285 4265 5043 4004 5045 5838 4578 5019 4850 5069 3826 4901 5205 5624 5575 4623 4712 4461 4144 4896 4660 5696 5260 5541 3747 4944 4763 2950
5690 5121 6569 6210 4509 4991 6237 4555 6214 5422 4570 6261 4582 2567 1279 1900 1224 1568 2224 1450 2439 3156 1407 1549 1325 1260 2351 2345 3270
3173 3042 4085 3745 3812 3667 1954 2058 2090 2086 3252 3150 4024 3105 3477 2325 3332 3066 3756 3429 5231 5086 5133 6170 5322 4323 4669 4208 5993
4952 4988 5953 5559 6345 6184 4051 4528 4296 4459 6158 4575 5792 5176 5375 5099 4875 5100 3952 4179 5597 6208 6163 5338 4980 5321 6094 5539 6212
2690 2482 1779 2962 3844 1980 4053 2107 2341 2401 3031 6863 5996 6735 5012 6385 6044 5113 5103 6386 5621 6650 5100 6781 5528 5652 4745 5883 6045
8387 8584 6905 7549 8548 8604 6511 6548 7302 7211 6738 6908 6615 8135 7217 7915 2453 2020 1742 3408 1726 1890 1987 1781 2731 1529 3260 3624 1921
7715 6680 7692 6624 7949 8019 6604 7852 6776 7128 6975 7841 6592 6929 6706 6487 6834 7818 6890 7031 8160 8253 6689 7194 8431 7502 7783 1671 3155
2184 2001 3137 3049 2984 3342 3726 2815 3439 2983 3798 2887 2432 3212 1971 1787 2421 3237 1812 3872 3049 2798 2375 2981 3907 6944 6877 7071 7903
7183 7408 6776 7504 6622 7017 7083 6487 7389 7997 6948 6861 8016 7484 7625 7443 7990 7822 7794 8516 8484 7306 7659 6717 8007 3083 3537 3155 4081
4673 4731 5434 5231 6612 5271 5014 5346 6206 5409 5324 5547 5063 6613 6380 4855 6053 4830 5442 5285 4952 6596 5336 6445 5775 4816 5824 6726 5677
4057 2747 2376 3940 2116 3699 2355 2472 2279 2611 3324 7574 7537 7954 7852 6581 5886 7311 6832 6395 5798 7796 7046 6756 5728 6077 5717 6773 6393
5573 6305 6244 6077 6122 5631 5309 5911 5237 6792 5353 4756 5713 5964 6500 6386 6127 6270 5263 5734 5860 5326 6516 5829 5032 6321 5081 3231 3100
2471 1880 2945 2157 2919 3430 1354 1951 2499 2419 1441 2717 3348 2533 1556 2211 3135 3255 6740 7541 6915 8538 8517 7864 7518 6726 7645 7043 8798
3594 4794 3408 5044 3402 4970 4483 4212 4260 3634 2940 2609 2913 2290 2911 2272 1756 2217 1462 2961 2427 1371 1698 3475 3399 3300 2917 2484 1825
6961 7083 7070 8350 7429 6421 8435 8581 6991 8110 7855 7035 7576 6809 6756 8048 7779 7949 8563 6602 6522 8409 7165 7492 7821 7169 7275 5860 6480
6087 5194 6082 6537 6368 6130 5500 6545 6044 5243 5027 6317 6623 5986 5042 4979 6001 6920 5505 6324 6746 5637 5127 2916 3631 3651 4879 3445 2717
6315 7798 7627 6456 6737 7536 6425 7317 7555 7334 6785 7692 8098 7642 7891 8495 7548 7288 7234 6334 6975 6637 6512 6913 6848 7192 5457 4779 4192
5116 6226 5223 7053 6674 6803 6043 5916 5568 6861 5929 6943 6445 3715 4900 4749 3811 5212 4237 4998 5407 4109 4543 4171 5115 5530 5483 5461 4784
5204 4905 4927 4820 4878 3682 3051 2863 2548 3082 2313 4302 3522 2648 3760 3766 4225 4322 3854 2430 2737 2890 2352 2545 2959 3274 2964 3523 2650
4086 3668 2896 3474 4726 4408 4517 3396 3853 3147 5653 5483 4476 4937 3893 3573 5365 3621 3578 4367 5155 4330 4729 4953 4675 4376 5203 3656 4416
1925 1950 2561 3706 2637 2799 2711 2877 2594 3412 3128 2423 2327 3791 3679 2511 3366 3688 4244 3034 4585 4402 2802 2951 4724 3642 2536 3832 3373
7763 7676 6410 6173 6315 6847 6429 7354 7062 6919 5978 6747 6510 6284 5023 3827 3397 5248 4839 5161 3329 4578 3377 5210 5304 4400 5009 5290 3275
6740 6471 6396 7002 6669 6416 7074 5832 5103 5928 5319 6893 5577 5136 6854 6878 6148 7368 6626 6507 7079 6964 7416 6652 5482 6282 5787 5725 7299
3462 1939 3929 3466 3255 7350 5771 7110 7106 7239 5506 6561 6655 6444 5818 7151 7340 7346 5439 7382 6014 6634 6563 5919 7275 5447 5912 6306 5163
5099 5621 5121 5123 5518 6456 6010 7172 6536 4307 3566 3068 3551 3063 3565 3575 3866 3077 4015 2980 3101 3348 4896 4768 4051 4453 4149 4074 3022
6681 5228 7045 6166 6564 3815 4708 3906 3009 3277 3549 3802 3014 4178 3912 3781 4198 4918 3674 4776 4400 3309 4879 2854 4029 4948 3688 4246 4415
7506 6033 7383 7010 8014 6131 8120 6827 6958 7636 8236 7894 6421 6295 3491 4884 5500 5316 4476 4713 5477 4077 4769 4592 3763 5086 4348 4977 3623
3002 1742 2168 2216 1899 1542 3494 2736 3233 2739 1957 2949 2597 2573 2998 3405 1911 3317 3207 2261 2553 3119 7501 6867 8321 7654 8733 8051 6673
4778 3592 5422 7379 7615 6879 8233 7631 7026 7533 8577 6786 6661 7065 6584 7137 8410 7802 6680 6996 6833 6456 7034 7886 7243 7359 8686 8028 7620
6858 4253 3561 7797 3908 3591 4179 4093 4355 4098 4459 4775 8112 7970 5394 6039 3330 2759 6006 6226 3664 6725 6603 2714 5675 4252 3834 4874 2782 4894
6891 2567 3879 6925 3396 1986 4254 2254 6002 4183 5053 4138 7175 7388 6301 4578 3186 2894 7751 4733 2467 6982 6529 4434 6394 4956 4025 5191 2074 5012
7598 3818 2101 6366 2553 2222 5067 1530 4527 3075 6017 3115 7523 6251 6809 6176 3075 2470 6803 4960 3384 6112 6082 3415 4937 3866 5757 6088 1648 3134
7960 3314 2562 8175 2801 2019 3709 3407 4961 4541 4848 4312 8872 7431 5288 4464 3735 2802 6960 4365 3160 4242 5678 3780 5428 3796 4313 5381 3558 5004
6883 4687 6514 8227 3506 2890 4865 2968 4222 3544 5809 3472 6594 6201 6052 4929 3650 2171 4981 4886 2735 4059 6407 4194 5746 3802 4056 5850 1486 3978
6872 3055 5121 6252 2553 3163 3539 1913 4647 4776 5795 4355 6905 6839 6785 5360 3105 3463 4744 5365 3650 3959 5844 3106 6718 4632 3726 5792 1650 6101
8184 2929 5294 6952 3270 2509 5022 2320 5327 3769 3988 3074 8506 6151 6310 5385 4600 2875 4903 6218 3541 2821 5950 2792 6926 3867 4470 4060 3364 6205
8367 4077 6581 7664 2448 1516 3402 1728 6075 2979 3991 4540 7029 7187 6506 5297 4416 2981 4753 5979 3426 3454 5235 4100 5401 3427 2627 5498 2160 5148
8238 2561 5418 6122 2458 2878 4855 3445 5568 4389 5372 3260 7421 7756 6136 5474 5204 2982 5233 5844 3296 4887 6350 4365 6656 4899 3245 5376 2135 6769
8351 4776 4841 7511 3661 3257 3973 2220 3157 3303 5455 4333 8798 6830 7016 4793 5542 3388 3910 4617 2629 4693 5428 3092 6557 4243 3973 4791 2759 5472
6548 4746 5379 8248 3707 7512 4867 3171 4192 3236 5646 4067 7474 6557 5693 4596 5765 2475 5226 5578 2827 3178 6579 2823 5818 4528 4566 4429 1751 6142
7011 3848 4870 2376 3110 6106 4144 1506 4133 4530 6102 4765 7206 7619 5227 5502 6356 3330 3358 4453 3494 3863 5706 3352 5268 4363 3590 6191 1549 4803
7544 2538 6029 4220 2334 7299 4991 2255 4099 3818 4577 4095 6964 7648 6663 4999 4510 2584 5001 4934 2667 4140 6226 3978 6446 3229 4767 5642 3532 6549
6501 3003 6344 2046 3228 7603 4225 1381 4453 5113 5030 3975 6859 6569 5780 6249 6007 1569 3395 5710 4048 2987 6922 3033 6905 4003 3767 5139 2873 5435
6354 3658 5300 2623 4090 7773 4963 1722 2947 3295 4514 3817 6938 6500 5247 6302 4823 1777 5298 5302 2353 2811 5695 2389 5732 3781 3245 5621 1548 6753
6440 4266 5797 4322 2967 6566 4590 2744 3921 3055 6184 3295 8734 8060 7014 5871 4903 1873 4377 5524 4393 3315 5220 2742 5614 3709 4781 4345 2547 5306
6356 5761 4992 2150 3743 5887 4462 2292 3373 4040 4448 1216 7698 7114 6578 5829 5710 2004 3493 4510 3668 4368 5632 3843 7544 3030 4177 5325 1595 5129
8024 4716 5385 2580 3009 6104 4738 3298 4280 6259 4496 2313 6613 6860 8461 4540 5062 2144 4981 6259 4169 4582 5429 2627 7662 4622 3342 6042 2445 5995
6255 4845 6605 4236 3663 7429 4744 1508 4282 5824 5249 2119 6842 7321 6385 5024 5979 1481 3377 6435 4097 3349 6409 3098 5450 4615 2781 6053 3163 4928
6664 4187 6195 3884 2266 6453 3716 2853 2947 7641 4809 2538 8084 8066 6314 4337 4854 2992 5167 6257 2174 2856 7164 3363 7691 4425 4407 4657 3101 5125
7537 4235 5299 2857 4079 6385 2973 2439 2646 6906 4586 2200 8383 7734 8309 5376 5997 3275 5112 5118 3510 3717 6758 3117 6474 3930 3130 4786 2031 5941
3335 5626 6443 2499 2327 7875 5010 3296 2677 6002 4597 2013 8850 6481 6416 4229 5622 3241 4095 3711 4172 2735 5541 4070 6894 3846 3129 5255 3031 5017
4527 4532 5091 2374 2744 7023 3703 1947 3724 7999 5912 3100 7468 8037 7320 5914 5948 1837 3562 3594 2236 3692 6001 3980 5916 5146 3708 7748 5771 6594
3132 5335 6254 3484 4350 6906 3072 3349 3017 7572 4673 1831 8853 8401 7960 5189 4993 1507 3642 2045 7956 4589 6845 3212 6691 3897 4661 7270 6190 4902
4320 4953 5615 4198 3201 8046 3128 1852 4139 6286 4319 2835 8157 6592 7754 6282 5214 2389 4236 2741 6548 4847 5763 2981 6874 4983 4488 8347 5125 4943
3279 4181 6757 4121 4223 6402 7257 2422 3149 6783 4526 1400 5566 7811 8312 5510 5048 3936 3681 2176 6599 3917 7464 2728 6627 4423 3543 8246 5985 6823
4287 3841 5415 4341 3093 7141 7527 3454 2626 6154 5339 1656 6679 7281 8299 4565 4651 4111 3682 3964 7282 3455 7067 4370 6615 3802 4113 6352 4838 5846
4376 3983 6426 2753 3426 6007 5824 1374 4274 7736 5063 1619 6381 6514 6734 5282 6097 3381 5301 3337 7758 4209 8054 7648 7013 3755 3819 7000 6706 5123
4404 4345 5599 2910 2267 8052 5999 1986 3279 6747 5853 2505 7250 7821 6312 4816 5642 3418 5004 3873 6304 3274 6610 8013 6825 5233 3475 7220 6259 7004
7 18 21 5 70306 1
4 4 15 10 48354 1
22 13 14 4 50651 1
26 4 9 23 97015 1
14 6 3 13 47172 1
20 14 10 22 54933 1
13 2 27 28 111452 1
6 23 7 12 37481 1
24 23 20 11 53669 1
6 7 15 23 56549 1
29 25 15 13 84067 1
10 23 24 16 54793 1
22 18 28 3 56160 1
28 3 24 17 47568 1
23 3 0 20 101135 1
14 29 17 12 60307 1
16 0 28 25 120183 1
17 1 10 4 32821 1
29 19 0 4 111393 1
23 7 10 27 92994 1
27 16 3 4 95996 1
24 5 2 15 90750 1
0 21 4 6 51101 1
4 19 8 28 33359 1
2 0 12 28 102813 1
18 4 25 19 64329 1
26 7 7 8 52590 1
8 19 24 6 76218 1
29 7 16 24 79537 1
15 3 9 22 74216 1
4 3 20 0 67254 1
21 5 15 10 38406 1
13 5 23 4 35035 1
20 7 13 16 36473 1
23 13 29 26 76122 1
26 23 21 11 51216 1
4 18 10 22 37093 1
21 14 14 28 52813 1
9 3 27 12 76021 1
26 15 8 22 67531 1
0 15 19 19 61963 1
28 16 3 7 82398 1
18 4 3 24 98269 1
3 5 22 22 91387 1
25 21 19 12 46335 1
9 13 27 17 66042 1
1 14 26 29 106241 1
27 24 19 20 40392 1
10 4 14 12 30532 1
24 10 27 1 40269 1
3 16 27 22 83094 1
21 28 12 13 62793 1
19 11 26 17 35745 1
28 19 15 21 48637 1
1 25 2 10 42457 1
10 15 29 11 63683 1
4 29 25 18 84779 1
7 12 14 6 41127 1
26 19 19 7 51883 1
10 27 29 29 79551 1
27 14 9 7 66948 1
15 22 12 4 51549 1
20 12 18 1 49325 1
16 9 18 18 40685 1
21 4 3 20 87524 1
5 4 21 8 49549 1
28 27 15 3 115692 1
7 28 13 10 62980 1
26 20 1 24 91841 1
24 11 29 19 34340 1
12 26 20 18 46736 1
29 19 11 22 72188 1
18 28 4 20 51914 1
25 5 7 2 73222 1
26 3 8 19 90384 1
6 3 24 17 82534 1
25 21 23 13 42085 1
5 18 8 25 27303 1
2 1 13 2 42229 1
4 21 12 28 37281 1
20 11 4 23 72306 1
10 14 2 11 44551 1
15 18 14 9 28840 1
6 19 22 3 80776 1
17 7 25 5 33008 1
29 14 21 7 40896 1
18 17 4 12 58852 1
19 22 25 5 75295 1
24 1 11 25 100292 1
16 24 11 1 66556 1
27 16 0 8 99695 1
4 17 15 8 55508 1
25 3 10 13 71769 1
14 19 7 11 39257 1
1 10 6 23 50699 1
9 14 3 8 41848 1
9 17 15 22 29479 1
5 12 19 20 69755 1
24 18 27 29 53459 1
23 1 15 9 54556 1
29 27 19 5 105244 1
20 10 5 18 63581 1
11 2 1 16 67486 1
21 12 8 16 49969 1
11 7 18 3 27342 1
12 25 28 9 77641 1
24 11 14 27 64420 1
14 26 23 8 69758 1
22 8 3 14 68489 1
23 26 7 13 82893 1
9 20 4 25 28812 1
23 10 19 26 61936 1
6 1 5 23 74725 1
23 16 6 11 65424 1
14 5 22 24 78523 1
20 24 18 10 56686 1
27 16 5 14 76444 1
7 16 20 14 48267 1
29 13 5 21 89695 1
26 7 0 3 77342 1
8 9 23 25 87505 1
27 22 19 7 66055 1
5 20 17 25 49782 1
15 12 29 17 55021 1
16 6 0 20 77519 1
26 26 17 1 109405 1
5 5 9 28 77471 1
14 15 21 0 57870 1
11 18 19 3 63241 1
24 16 11 14 49832 1
4 15 24 0 100159 1
14 2 7 25 80891 1
3 6 14 2 41629 1
14 27 17 2 79234 1
25 14 16 10 34874 1
6 12 17 1 71074 1
5 10 17 8 40863 1
29 21 13 7 73988 1
21 29 14 25 28504 1
1 22 7 7 57739 1
2 3 11 4 33167 1
21 4 2 6 58338 1
7 3 29 2 82734 1
9 11 8 20 26891 1
27 9 18 7 32735 1
5 7 10 22 60100 1
5 6 12 3 28294 1
14 26 21 21 36688 1
18 12 1 23 81186 1
8 18 22 9 64356 1
17 13 1 13 78351 1
28 6 19 7 26480 1
21 26 10 7 75461 1
13 23 21 8 56216 1
10 14 25 12 60501 1
21 13 13 11 26223 1
12 1 12 17 43617 1
27 4 27 29 88241 1
13 24 2 8 78913 1
16 13 3 26 76882 1
12 2 20 5 38743 1
23 25 18 14 56377 1
15 15 9 10 44221 1
3 22 20 15 69635 1
16 11 16 29 56386 1
13 16 7 5 41856 1
4 12 22 10 68202 1
7 8 27 27 115650 1
3 16 12 25 54380 1
23 4 3 29 113732 1
15 2 15 24 67336 1
1 22 13 9 68146 1
26 23 2 24 81729 1
26 3 5 15 98942 1
27 14 23 8 38268 1
24 3 4 29 117918 1
19 24 17 14 43602 1
12 17 0 29 59929 1
8 4 22 25 91676 1
12 2 28 1 61352 1
29 9 11 18 71329 1
23 4 12 21 73021 1
2 9 17 1 63529 1
0 4 16 0 63701 1
5 16 25 16 56128 1
0 6 14 20 68590 1
7 7 4 17 40963 1
18 10 8 19 52698 1
11 14 15 7 31901 1
27 28 9 6 113603 1
26 28 7 7 108134 1
19 21 25 25 34784 1
17 15 29 20 54956 1
13 22 13 12 31712 1
3 14 26 6 80509 1
17 26 4 1 97366 1
8 17 23 20 48305 1
1 20 10 0 78474 1
29 15 26 23 37322 1
10 5 16 16 51260 1
12 8 29 0 62448 1
19 9 25 27 76042 1
4 25 20 17 60174 1
5 2 11 16 62414 1
26 4 7 15 84660 1
18 3 23 20 70312 1
21 1 9 26 102432 1
16 16 25 1 79036 1
27 20 19 9 55149 1
22 3 12 27 93886 1
21 27 21 12 52282 1
12 27 18 1 96334 1
0 16 7 5 51360 1
4 9 13 22 69289 1
14 17 16 28 31806 1
3 8 17 10 52595 1
6 11 18 27 79119 1
4 17 12 15 36063 1
29 16 13 28 74085 1
0 14 20 18 65080 1
0 23 3 7 49258 1
2 11 11 7 33773 1
12 4 6 25 71002 1
24 0 29 28 119547 1
2 21 28 23 96761 1
21 29 27 11 74745 1
9 8 22 0 53443 1
25 17 10 13 57187 1
17 24 18 0 93252 1
17 12 21 22 54912 1
14 10 5 15 51818 1
9 21 28 6 88790 1
25 16 17 7 46951 1
26 14 9 16 61683 1
17 15 28 20 48652 1
13 9 4 13 46727 1
15 15 29 13 62344 1
2 0 22 12 90416 1
11 0 27 3 60983 1
15 9 17 25 51464 1
3 17 18 5 77144 1
10 16 2 11 45903 1
9 0 21 21 92273 1
3 15 28 16 74136 1
20 27 27 4 94605 1
26 4 29 28 100676 1
11 18 2 29 57160 1
22 29 13 3 85686 1
7 15 18 9 61941 1
15 28 14 9 50584 1
20 11 28 26 73006 1
1 25 22 23 75109 1
14 8 27 7 37388 1
14 20 28 7 64008 1
13 27 8 19 46559 1
11 12 24 13 57690 1
0 7 11 2 43535 1
14 28 27 27 50788 1
0 21 4 9 45831 1
6 9 27 21 89632 1
27 4 19 13 48042 1
9 9 19 25 68155 1
4 12 25 15 83015 1
15 28 1 18 56489 1
19 7 27 27 86879 1
26 29 18 19 64475 1
2 0 10 17 74685 1
9 26 8 8 56943 1
25 19 11 20 48461 1
17 27 6 22 44247 1
4 28 1 15 33982 1
3 11 22 29 92655 1
23 26 8 5 95031 1
25 1 28 15 46848 1
13 12 26 0 66146 1
6 10 25 28 107073 1
0 29 5 11 59156 1
14 18 25 27 61068 1
12 25 14 15 30270 1
16 28 6 14 66244 1
18 23 29 15 58019 1
10 9 17 5 33848 1
13 6 0 23 75545 1
4 8 23 16 77038 1
1 2 28 14 98082 1
23 28 15 19 54566 1
0 22 18 9 90480 1
22 11 14 27 59489 1
8 4 14 29 76672 1
16 6 15 24 58069 1
11 11 24 24 76425 1
0 1 18 1 68573 1
24 26 4 27 63094 1
0 26 14 26 45198 1
4 5 19 19 70315 1
18 18 27 1 73220 1
11 18 21 7 53661 1
6 12 29 11 73474 1
1 7 20 22 83904 1
13 3 7 21 63853 1
23 10 15 29 78420 1
7 4 2 24 63856 1
27 7 28 25 64975 1
27 10 27 27 65635 1
11 1 13 29 81344 1
15 6 18 27 76388 1
25 24 16 3 92827 1
18 10 13 24 53837 1
1 28 20 10 90871 1
3 10 7 29 59567 1
17 23 6 25 41021 1
9 7 0 5 28147 1
1 14 9 29 51860 1
17 15 11 6 47126 1
4 29 5 10 63677 1
5 12 6 27 51760 1
23 4 2 12 75250 1
1 14 10 25 55331 1
3 2 27 5 87909 1
7 14 26 7 71772 1
19 2 26 23 86748 1
28 23 8 5 100999 1
19 12 21 29 60276 1
7 19 4 5 53657 1
10 3 3 9 36200 1
28 13 4 19 83032 1
15 24 14 14 28282 1
8 15 28 12 69898 1
3 9 27 23 107495 1
19 9 4 17 60724 1
13 21 9 8 50959 1
27 14 17 14 57684 1
27 16 23 8 43478 1
19 4 5 20 79801 1
23 9 23 23 64211 1
26 11 28 19 26232 1
21 15 5 7 59267 1
20 7 28 28 96975 1
6 3 21 11 63513 1
17 5 25 9 47029 1
6 6 26 8 58165 1
5 25 14 10 61792 1
28 24 12 1 105424 1
18 13 3 6 63201 1
2 14 24 8 80943 1
27 22 18 13 58519 1
5 6 9 12 33170 1
4 17 29 14 78392 1
17 9 8 5 39618 1
23 10 29 25 72829 1
6 28 11 5 74189 1
16 25 14 15 27842 1
5 0 28 13 86837 1
6 9 18 17 52365 1
7 1 15 10 50434 1
16 14 11 6 38474 1
9 28 25 11 82203 1
7 12 27 10 71976 1
26 16 21 0 60166 1
8 12 8 27 49311 1
9 0 23 29 120119 1
19 28 4 25 47011 1
27 13 26 26 56422 1
20 28 16 11 63973 1
28 10 28 27 67572 1
5 26 21 22 61283 1
17 2 11 16 60169 1
11 27 15 7 68633 1
6 13 16 8 56681 1
12 13 0 22 68020 1
14 4 23 2 37338 1
2 17 27 19 70842 1
12 22 3 4 80211 1
20 18 14 8 41477 1
8 29 24 3 114032 1
17 16 1 13 60650 1
0 12 13 17 57609 1
15 18 24 5 71947 1
29 7 21 0 37969 1
6 20 25 20 63946 1
15 6 19 19 53376 1
0 25 20 11 87465 1
18 5 9 15 62637 1
21 6 13 1 35633 1
3 23 15 7 71381 1
16 25 0 12 82992 1
11 11 22 22 62437 1
3 8 24 20 92303 1
17 2 23 7 38280 1
2 0 10 12 66745 1
16 27 26 16 64998 1
16 4 29 4 42391 1
29 7 28 26 70737 1
27 13 28 22 31858 1
16 24 29 18 58960 1
24 8 11 21 70522 1
0 1 2 21 68490 1
7 8 19 5 41165 1
1 11 22 26 97417 1
17 19 26 0 90446 1
28 23 13 0 98490 1
18 19 4 18 50165 1
11 13 6 23 49163 1
26 22 21 27 35703 1
8 13 13 18 27405 1
13 3 25 0 46448 1
15 9 21 5 33544 1
9 20 0 1 81662 1
3 19 13 10 52814 1
16 29 9 23 38665 1
28 24 16 11 70098 1
18 4 9 21 78047 1
9 1 16 26 83360 1
9 29 12 5 81611 1
14 28 14 15 31739 1
10 3 6 9 34404 1
26 23 8 5 93709 1
15 14 2 24 59069 1
13 4 1 2 43338 1
14 25 6 17 41194 1
24 4 11 7 39566 1
22 15 4 22 70873 1
5 21 24 9 86977 1
21 6 28 9 26374 1
3 25 16 5 91260 1
9 17 3 13 29513 1
1 19 10 15 39762 1
26 26 2 9 118031 1
9 21 23 22 56557 1
2 2 15 15 72553 1
13 28 25 27 43494 1
0 27 1 1 83720 1
8 29 1 1 97639 1
5 29 11 23 37792 1
16 15 25 3 70122 1
14 2 4 25 85458 1
16 9 9 1 46429 1
1 5 3 15 33071 1
11 25 26 8 83868 1
12 19 6 10 50195 1
25 13 17 8 37641 1
24 20 29 28 58189 1
2 2 5 10 31534 1
22 26 1 22 71158 1
16 16 9 28 49826 1
24 8 7 21 82217 1
3 3 23 19 93219 1
23 10 6 2 75926 1
13 16 5 25 45667 1
9 29 22 25 46831 1
12 27 27 2 111038 1
21 24 5 23 54771 1
15 24 16 15 35973 1
13 2 28 24 101006 1
24 27 27 17 52845 1
9 15 26 1 91803 1
5 12 25 23 95807 1
17 17 18 29 45053 1
2 3 28 2 89325 1
25 9 19 28 75643 1
4 9 27 10 73184 1
12 20 6 12 48525 1
28 28 19 3 113130 1
16 15 6 0 80401 1
3 9 25 18 82057 1
8 18 28 15 60829 1
5 7 12 24 68913 1
21 13 5 7 51797 1
23 12 9 18 62953 1
27 2 10 18 89901 1
6 12 8 4 37156 1
0 19 15 10 70046 1
12 3 15 29 75198 1
15 28 24 9 81197 1
6 6 29 3 71148 1
23 11 21 19 31142 1
21 25 22 9 61069 1
27 9 7 24 97569 1
15 0 14 14 47733 1
28 5 14 27 87631 1
2 11 9 7 28382 1
21 2 10 20 77699 1
12 16 20 27 52448 1
22 5 8 21 82161 1
22 2 19 24 78044 1
23 18 15 26 52446 1
14 16 17 0 62968 1
29 6 24 23 69490 1
15 15 6 17 32514 1
27 15 21 24 51160 1
2 29 0 9 59472 1
23 21 16 28 40710 1
15 7 23 18 54828 1
21 0 7 29 109523 1
5 8 1 19 44462 1
27 16 12 1 79907 1
20 6 12 19 57041 1
18 19 20 3 61310 1
28 7 9 8 49513 1
14 21 18 0 74592 1
5 26 28 6 105586 1
13 0 28 26 110790 1
11 20 11 4 54159 1
3 13 3 29 40684 1
3 8 15 4 42012 1
8 11 18 0 65778 1
23 0 20 25 90619 1
23 15 2 13 71626 1
21 12 10 8 41337 1
0 3 3 25 71210 1
24 17 24 3 56903 1
19 11 1 26 81004 1
25 4 13 8 40957 1
22 19 9 6 67524 1
12 12 22 5 48783 1
6 12 13 5 44485 1
16 21 17 0 78260 1
24 19 19 13 37948 1
0 0 20 29 131852 1
17 8 8 17 51312 1
7 27 26 21 76588 1
28 16 19 4 55479 1
20 28 23 15 58491 1
29 21 23 5 66071 1
2 22 29 25 98767 1
21 27 2 2 114308 1
17 19 4 8 69281 1
14 5 2 16 64124 1
28 19 11 19 59865 1
16 29 22 13 69642 1
14 7 20 3 28915 1
0 2 11 3 45395 1
28 25 20 17 50834 1
17 26 17 16 43840 1
6 13 6 27 47794 1
29 15 18 6 53482 1
11 19 1 2 83256 1
27 21 18 10 58734 1
2 22 21 2 98287 1
2 13 9 27 47200 1
28 29 14 8 107599 1
29 6 17 27 97696 1
24 4 13 27 91543 1
9 4 10 16 48580 1
9 19 19 25 48637 1
18 0 6 13 84435 1
22 12 1 28 96308 1
19 4 16 17 50269 1
29 16 17 24 64980 1
29 19 11 28 76655 1
16 20 12 4 48802 1
12 11 18 28 57010 1
22 5 0 11 78069 1
1 4 18 9 60633 1
17 20 25 3 79432 1
7 5 14 15 44189 1
6 22 19 15 50240 1
22 15 26 2 64034 1
6 13 21 21 68252 1
4 3 28 17 96876 1
17 2 12 15 52091 1
7 27 5 18 28858 1
0 0 26 16 117980 1
9 26 19 1 105487 1
29 10 12 6 56837 1
20 22 27 11 54530 1
1 7 14 21 63163 1
20 5 18 13 37126 1
23 11 5 6 56213 1
18 29 23 7 82823 1
13 4 23 13 53775 1
28 22 15 4 85229 1
0 11 12 11 48206 1
1 7 19 2 61461 1
1 10 29 6 86613 1
26 1 4 4 77261 1
24 10 18 18 43507 1
21 23 25 13 45798 1
27 27 17 4 104510 1
11 15 13 26 43493 1
2 26 2 2 65608 1
23 21 21 9 46615 1
17 5 24 19 69690 1
4 0 5 17 62443 1
28 6 15 11 42294 1
3 11 26 17 78489 1
15 3 13 14 31437 1
22 18 13 13 34333 1
9 9 13 23 50985 1
21 21 17 4 66823 1
1 3 12 6 45355 1
15 3 7 9 36359 1
14 2 0 20 81486 1
27 21 27 1 59689 1
22 25 29 7 79478 1
22 20 0 17 68484 1
4 15 26 10 83468 1
21 12 16 6 30565 1
17 5 19 23 70381 1
11 15 10 29 60509 1
2 19 5 10 34987 1
25 8 3 3 71728 1
12 28 10 3 80364 1
27 16 1 0 117727 1
19 6 11 11 30443 1
20 2 7 1 52108 1
24 16 28 5 42412 1
22 23 6 22 54771 1
2 19 27 23 88323 1
22 13 21 1 39606 1
26 11 8 26 89132 1
2 1 6 10 41563 1
2 16 9 0 67275 1
3 17 4 3 46692 1
2 12 24 10 83572 1
18 23 10 7 56048 1
10 11 13 18 31682 1
24 19 8 8 73619 1
22 24 2 1 115451 1
22 17 23 7 38592 1
4 6 14 10 37476 1
6 19 9 4 49873 1
11 9 27 27 98061 1
18 8 10 25 74869 1
29 28 19 2 124316 1
6 25 4 9 55013 1
13 10 20 26 58530 1
3 13 22 8 65384 1
25 16 1 1 103809 1
27 10 25 0 41776 1
24 22 1 3 114938 1
28 4 11 4 54797 1
28 1 23 13 45537 1
0 14 18 21 73331 1
5 20 24 9 84942 1
24 16 3 17 60091 1
6 10 23 3 64776 1
15 0 27 26 117451 1
16 19 11 1 60878 1
5 29 0 12 59899 1
29 9 15 24 79489 1
27 7 12 2 53391 1
4 9 19 25 84268 1
28 21 1 15 86695 1
3 9 15 3 43610 1
10 2 20 5 44120 1
18 5 26 28 100687 1
25 0 5 13 93137 1
5 13 17 19 64889 1
8 3 21 24 86451 1
29 2 10 5 69103 1
26 2 7 24 117905 1
23 24 12 21 46077 1
28 14 21 3 46437 1
1 24 23 8 100725 1
5 16 20 26 67762 1
7 14 3 4 48787 1
16 4 26 0 44041 1
22 9 16 0 56396 1
22 23 29 11 59029 1
24 2 17 27 99234 1
11 27 29 20 88120 1
1 22 27 21 95420 1
25 22 23 2 78725 1
24 13 2 8 79667 1
7 17 7 4 43226 1
19 22 5 18 54460 1
22 2 7 11 69171 1
4 19 2 29 29825 1
2 11 22 16 73087 1
14 24 18 9 53585 1
6 5 24 4 58745 1
6 8 21 27 94258 1
22 8 10 21 66959 1
20 28 10 15 62976 1
17 27 9 10 77307 1
14 9 24 25 74908 1
9 20 7 11 31467 1
19 6 10 29 84461 1
7 24 5 0 79021 1
17 12 13 20 41459 1
11 27 16 19 46581 1
4 15 22 5 84261 1
17 19 0 6 80965 1
14 2 14 22 51131 1
7 15 4 0 61468 1
18 28 8 19 52039 1
0 26 21 11 89576 1
28 27 0 17 112980 1
17 14 29 9 55953 1
13 3 1 15 66128 1
13 12 2 13 51274 1
24 21 18 10 56964 1
2 20 28 27 102085 1
21 5 4 17 73806 1
13 21 3 18 45492 1
1 9 28 9 78239 1
7 7 23 10 51954 1
25 28 8 18 82263 1
3 8 16 19 66875 1
21 0 24 9 37690 1
9 29 10 15 56512 1
11 1 1 28 91419 1
13 15 4 28 54795 1
18 4 1 27 103459 1
6 10 19 25 75154 1
9 22 15 15 45564 1
27 24 6 17 79811 1
0 9 17 23 86926 1
6 2 21 4 60376 1
17 9 2 18 66373 1
3 20 17 22 55031 1
28 22 7 10 87849 1
24 12 3 5 71494 1
23 17 11 4 57934 1
10 6 22 28 83534 1
7 19 19 0 92450 1
8 3 20 24 85336 1
18 12 27 23 68519 1
15 3 7 10 40354 1
8 20 17 9 56964 1
21 11 25 27 65909 1
2 25 24 5 108977 1
13 24 26 21 56674 1
23 20 8 26 68338 1
1 14 15 13 59523 1
0 27 11 1 95435 1
5 24 25 5 106844 1
5 26 2 15 33628 1
29 21 0 20 93640 1
7 29 12 8 75152 1
19 29 0 22 61979 1
28 20 26 1 56768 1
28 12 0 27 109686 1
19 4 25 17 53574 1
29 0 26 9 32210 1
26 19 19 23 30964 1
23 24 16 29 39536 1
6 17 7 8 36861 1
19 0 8 12 71372 1
26 25 26 6 70707 1
22 24 1 21 82175 1
6 23 20 14 60059 1
27 11 15 3 55853 1
14 16 6 1 62230 1
29 23 13 2 100282 1
15 24 13 12 35695 1
5 4 12 19 65764 1
21 11 22 20 33235 1
27 20 23 14 41721 1
18 0 6 6 62463 1
1 26 18 7 86639 1
3 9 18 21 78603 1
19 21 3 19 59754 1
20 29 24 6 91358 1
29 2 16 25 98100 1
10 8 22 18 59077 1
20 4 12 2 34017 1
11 16 6 0 74458 1
20 20 11 3 63309 1
26 14 28 26 57437 1
18 3 15 28 78219 1
14 8 5 0 43941 1
20 13 18 4 38577 1
25 2 15 21 85016 1
9 9 19 29 77475 1
14 18 27 18 37177 1
12 29 23 25 44937 1
2 23 10 15 43481 1
4 19 28 21 82100 1
14 27 16 4 68594 1
27 4 8 5 65237 1
1 12 23 27 99223 1
15 1 9 5 31972 1
1 18 22 4 91116 1
27 26 7 5 110996 1
15 2 15 23 60518 1
27 23 29 12 45127 1
4 1 13 11 48655 1
5 22 1 12 45519 1
7 14 15 17 30790 1
17 26 19 17 33486 1
21 3 17 15 51747 1
14 6 5 21 62859 1
8 8 27 21 85856 1
16 21 13 28 27643 1
14 0 11 17 51006 1
12 4 28 14 61099 1
21 29 22 12 68337 1
28 25 18 2 105720 1
26 24 29 1 74548 1
0 18 25 18 70354 1
7 12 21 3 65638 1
8 29 28 7 107581 1
5 17 12 23 36760 1
23 24 18 7 72022 1
0 13 28 22 103275 1
25 27 17 20 52695 1
26 18 16 24 47122 1
22 7 25 26 77067 1
10 27 9 8 70839 1
16 22 20 5 70322 1
8 20 6 29 27416 1
5 2 21 15 73885 1
6 25 3 15 31378 1
8 18 21 4 68190 1
11 27 23 11 77513 1
24 26 4 18 86206 1
12 23 1 27 46695 1
8 25 3 10 55680 1
16 9 28 29 105221 1
22 23 14 2 78078 1
21 28 6 19 57232 1
4 25 13 2 82949 1
8 22 1 3 72671 1
20 18 2 24 62775 1
29 16 1 6 97662 1
7 9 18 11 40731 1
14 21 3 24 47854 1
5 22 27 1 113226 1
5 28 9 14 45519 1
2 25 27 1 122620 1
19 26 24 5 84338 1
19 13 11 10 36679 1
28 14 16 20 57058 1
2 28 6 13 54679 1
20 8 12 26 69245 1
16 11 11 21 41920 1
3 15 15 5 65138 1
28 26 27 2 86496 1
22 17 4 23 61044 1
20 24 16 15 43510 1
22 22 8 24 52250 1
4 13 8 23 44523 1
14 1 7 7 32013 1
25 16 11 6 59881 1
21 12 4 14 73086 1
2 8 9 16 48949 1
19 3 13 19 61622 1
28 22 1 16 86522 1
1 22 14 11 65106 1
28 24 4 2 127891 1
10 29 24 16 72564 1
23 14 12 13 56647 1
13 3 11 26 69673 1
17 27 26 6 92669 1
15 10 18 24 50113 1
12 8 28 10 48342 1
4 17 16 4 68047 1
23 17 10 15 41490 1
20 20 15 9 46679 1
27 17 23 11 29155 1
13 12 28 9 43340 1
16 4 20 16 54974 1
15 28 27 3 98531 1
7 21 24 25 70717 1
8 20 23 17 45873 1
4 16 26 21 73002 1
27 20 19 28 54906 1
15 14 5 2 58520 1
11 29 22 8 85743 1
14 4 3 10 42098 1
6 15 2 3 56191 1
27 20 20 28 53807 1
5 9 0 21 49168 1
14 29 3 21 49753 1
21 24 26 7 68680 1
9 8 19 19 56360 1
12 22 22 12 61590 1
25 16 4 21 67484 1
7 25 7 7 56481 1
11 16 3 27 56165 1
29 19 9 13 78437 1
13 22 9 15 43019 1
4 16 8 22 27177 1
14 7 20 24 61911 1
16 19 26 29 73868 1
12 17 27 13 54939 1
0 24 21 22 77466 1
7 29 9 6 73142 1
10 5 2 8 29938 1
24 17 3 17 52751 1
2 0 13 0 48510 1
17 0 16 9 53601 1
21 2 15 16 61090 1
27 10 8 16 71065 1
26 24 13 4 84601 1
5 18 26 11 72376 1
18 19 8 19 38624 1
29 7 22 11 25092 1
28 13 4 13 87801 1
17 20 6 15 48272 1
28 8 15 10 43919 1
24 17 0 26 79458 1
16 13 3 6 59224 1
4 11 16 19 60984 1
7 25 24 2 107953 1
27 19 15 10 59957 1
14 25 24 19 47620 1
28 19 11 27 79555 1
22 27 8 2 104263 1
6 16 19 9 57543 1
23 2 22 17 56471 1
10 16 27 13 66797 1
0 28 20 0 121675 1
14 0 3 24 94811 1
10 7 18 15 48669 1
15 5 23 27 98116 1
27 0 14 20 84447 1
19 14 27 21 47537 1
16 9 18 28 63521 1
9 2 29 27 134262 1
2 20 15 8 66022 1
17 17 22 0 61624 1
22 10 6 17 62158 1
25 4 11 0 54990 1
13 28 5 23 32024 1
10 6 2 16 51657 1
2 5 14 13 49529 1
27 14 9 15 70150 1
19 29 13 9 62588 1
17 16 1 10 73312 1
5 21 28 1 105468 1
15 24 23 4 78170 1
23 1 20 20 71106 1
1 20 5 26 27729 1
12 17 18 4 51134 1
1 19 9 16 32912 1
13 15 26 15 43350 1
26 7 12 24 81451 1
25 29 17 15 75756 1
18 23 29 17 51305 1
11 17 29 6 74344 1
24 27 16 22 48420 1
16 7 11 13 35405 1
23 10 12 19 57004 1
23 29 16 12 84855 1
25 28 1 19 87027 1
15 5 0 2 61302 1
20 1 23 26 91616 1
3 27 16 9 85437 1
24 6 20 14 43224 1
24 26 23 11 64531 1
26 8 16 16 57008 1
0 16 4 2 54983 1
12 18 2 12 46759 1
4 5 5 19 51728 1
19 27 12 17 42730 1
21 17 5 8 61590 1
15 17 7 10 40604 1
12 5 11 19 53758 1
14 1 25 5 51396 1
25 28 15 19 65881 1
18 10 10 17 41279 1
24 20 9 26 73049 1
4 14 25 5 88600 1
2 25 15 8 75898 1
18 5 6 25 85993 1
13 17 6 20 27785 1
26 0 6 9 80718 1
27 22 0 25 101401 1
14 11 25 18 42348 1
4 1 6 25 78239 1
15 23 27 1 88937 1
4 19 16 23 47119 1
25 13 10 26 77589 1
29 0 15 8 61017 1
11 28 23 12 79920 1
27 21 10 4 86082 1
8 0 7 26 77308 1
23 1 3 18 100686 1
1 13 27 2 104075 1
8 19 25 2 91384 1
17 25 21 10 60595 1
20 10 16 26 62098 1
10 26 15 7 67482 1
22 11 16 28 66068 1
11 8 22 10 37950 1
3 5 11 16 58738 1
10 27 19 2 102265 1
21 16 7 14 47925 1
9 23 22 16 50598 1
20 14 9 15 50761 1
19 10 15 17 31601 1
26 25 28 0 77234 1
2 14 17 15 57952 1
7 15 7 2 51653 1
29 18 12 27 80194 1
5 10 20 10 51162 1
11 11 28 27 101713 1
7 24 11 17 34370 1
0 13 9 3 61408 1
24 9 5 7 56196 1
13 3 29 11 55308 1
26 3 4 11 78676 1
11 24 21 3 84717 1
28 10 23 26 70103 1
27 19 16 13 56110 1
8 11 23 26 81025 1
28 3 20 0 36602 1
