7217 7889 7948 7418 8206 7515 7565 7672 8153 7315 7448 8079 7070 7687 7842 7582 7381 7539 7782 7194 8178 7295 8017 7637 7377 8358 7948 7318 8319
2698 2010 2282 1903 2738 1948 1847 2516 2387 2703 2036 2303 2336 2120 2448 1798 2080 2893 3033 2330 2359 2156 2022 2085 1841 2355 2200 2351 2100
3126 3129 3337 4061 3410 3117 3426 3837 3955 3812 4304 3419 4330 4097 4135 3238 3485 3811 3692 4085 3956 3912 3045 3303 3827 3985 4044 3229 4066
7938 7016 8052 7679 7018 8125 8359 7804 8011 7546 7256 7863 7620 7645 7101 8208 7511 7431 7583 7781 7427 8043 7827 7146 8011 7698 7655 7832 8303
3187 3695 3165 4048 3405 3211 3166 3884 3104 4021 3454 4249 3165 3499 4151 3843 2987 2959 3437 3143 4008 3709 3802 4259 3015 3325 3372 3200 3502
7008 6479 6473 7107 7386 6798 7496 7143 6718 7460 6968 6545 6678 7691 6682 6607 6790 6595 7496 7548 6473 7114 6792 7383 7596 6979 7273 6912 7113
6175 6134 5683 5947 6743 6632 6287 6757 6203 6741 6826 6352 6334 6368 6148 6758 5850 6025 6101 5638 5851 6791 6731 6033 6736 6018 6555 6292 5812
4308 4439 3999 5037 4999 4555 4701 4336 4034 5301 4527 5181 4907 4431 4081 5295 5233 5036 4471 5002 4230 4399 5057 4548 4782 3984 4154 5196 4500
7944 7465 7375 7953 7614 7092 7427 6698 7108 7360 7115 7636 7810 7310 6949 7093 7277 6686 7688 6730 7335 7203 6691 7399 7440 6812 7724 7141 7091
7936 7407 8317 7660 8200 7629 7639 7543 8358 7536 7589 8344 7674 7750 7789 7416 8475 7455 7712 7363 8264 7754 7447 8462 7343 7434 7453 8529 7736
2261 2495 1962 2366 2902 2298 2992 3087 2767 2563 2439 2932 2257 2168 2339 2526 1817 2496 2375 2476 2118 2595 1970 1761 2972 3082 1962 2000 2378
8569 7792 8004 8304 8561 7874 8470 8827 8072 8204 7964 8298 7977 8429 8128 8097 7892 8509 7755 7838 7703 8490 8227 7762 8006 7834 8297 8075 8737
3511 3528 3026 4186 3231 3374 3043 4096 3505 3524 4322 3196 3782 3180 3975 3165 3551 4230 3220 3824 3533 3907 3962 3344 3395 4249 3783 3979 4055
3420 4364 4588 4406 4390 4436 3530 3691 3411 4043 3555 4125 4534 3540 3912 3724 3848 3633 3357 3368 3267 3592 3590 3794 3689 3332 3517 3969 4046
2637 2517 3150 3787 2711 3257 3444 2539 3471 3544 3231 2571 2765 3608 2563 3303 3744 2750 2481 3543 2912 3087 3522 3191 3671 3468 2922 2870 3472
8212 7674 8083 7268 7104 7175 7486 7934 7151 6963 7436 7888 7717 8048 8080 7351 8070 7678 7958 7597 7147 7983 7108 8156 7254 7330 7889 7026 7326
7562 6752 7868 6596 7434 6946 7684 7501 6736 7837 7409 7162 6753 6711 7837 6927 7154 7346 7806 7606 7416 6988 7856 6847 7490 6702 7713 6864 7900
7306 6927 6521 7794 7593 7700 6475 7676 6601 7564 7710 7739 6517 6882 7169 6850 7067 6604 7612 6597 6661 7153 6956 7802 6597 7175 7482 6877 7264
1957 1979 2628 1464 2464 1384 2544 1893 1915 1870 1976 2345 2610 2689 1387 1423 1634 1726 2412 1550 1784 1539 1667 2379 1556 1805 1456 2702 1354
4522 4126 5026 4107 3873 4048 4333 4429 4076 4372 4338 3834 4556 5162 4090 4143 4959 4155 4981 4559 4205 5015 4356 4167 4444 4955 4233 4871 4365
2124 1827 1587 2373 1748 2435 2653 2825 1623 2386 2134 1772 2261 1694 2774 2136 1866 2578 2086 2783 1812 2736 1578 1769 1933 2842 2508 2526 2564
6773 6596 6522 7417 6784 6984 6835 6996 6472 6392 6293 6960 7335 6222 6646 6220 6160 6169 6931 7177 6952 7228 6578 7120 6273 7455 6518 6327 6979
6528 6851 5769 6830 6704 6890 6701 6857 6164 6643 6894 5821 6739 6174 6527 6173 5839 6820 6659 6891 6084 6142 6547 6642 6968 6604 6412 6338 5651
2541 2679 2257 3296 2170 2057 2155 3270 2898 2647 2828 2275 2206 2985 2221 2733 2783 2803 2669 2020 2244 2170 2241 2632 3036 3316 2961 2178 2697
3220 2943 2883 2692 2675 2566 2603 2786 2350 2383 3248 2417 2731 2762 3133 2035 3130 2324 3062 3010 2213 2754 2792 2254 2270 2676 2668 2004 2059
3600 3349 3997 3271 3649 4381 3889 3793 3948 4088 3976 3426 4263 4025 3807 3304 3993 4216 3753 3903 3777 4169 3067 3744 3722 3509 3104 3442 4213
6734 6917 6921 5992 5866 5911 6521 6865 6316 6141 6695 7136 6054 5830 6866 6429 6600 6251 6655 6105 6874 5810 6330 6396 6919 6445 6678 6667 7012
5573 5565 4915 4754 4994 5809 5279 5219 4565 5764 5671 4557 5607 4580 4900 5207 5379 5396 5730 5425 4957 5525 4775 5238 5267 4773 5828 4580 5475
6654 6234 7016 6535 6607 6837 6499 5792 7081 6590 6043 6557 6646 6888 6691 7021 6245 7101 6710 6701 6215 7068 6742 6650 5801 6864 6548 5974 7067
4276 4092 4605 4931 3742 4529 4088 3840 4386 3960 4112 4803 4521 4281 4129 4625 3921 4607 4929 4252 4447 4562 4384 4124 4038 3952 4391 4577 4298
7840 3737 2578 8755 6167 4750 5139 2712 2056 1982 3432 7335 5540 3534 4345 7912 2398 5190 6952 7619 3862 5318 3956 7386 5357 7445 6045 5893 2743 4198
8573 3689 2609 8491 5940 4857 5408 2895 1950 2292 4274 7418 5963 3920 3370 7896 2279 4233 5809 7592 4105 5119 4028 8327 6036 8277 5733 6319 2715 5138
8687 2911 3574 8025 6716 5123 5951 3085 1922 2453 3162 7327 5057 3769 4298 8744 3035 4816 6132 7783 3805 4828 3142 7560 5403 8165 5578 5605 2364 4367
7901 3241 2590 7966 6945 5095 5251 2456 2083 1817 3755 8121 5442 4049 3339 8881 2693 4946 6486 7841 4483 5229 2715 8176 5770 7605 5030 5982 1445 4489
8820 3522 3014 8602 5899 5644 4822 2591 2408 2847 3503 7301 5880 3324 4157 8833 2666 5044 6952 7399 4504 4420 3613 7387 5335 8002 5012 5749 2475 4725
8528 3699 2737 7863 6284 5406 5617 2737 2068 2802 3716 7331 6176 3283 3896 8248 2427 5188 5853 8227 3457 4635 3410 8345 5821 7728 6236 5406 1925 4000
8243 3714 3117 7800 6112 5559 5886 2761 2539 2583 3364 7515 5587 3790 4375 8366 2458 4534 5742 7355 4157 5344 2896 8245 5554 8395 5753 5444 2352 5210
8896 4088 3339 8791 7072 5048 5058 2889 1927 2689 3097 7792 5654 3603 4194 7626 2957 4811 6114 7936 4029 4504 3886 8027 5323 8391 5891 5299 1907 4404
8508 4004 3210 7777 7158 4960 4964 2100 1856 2471 3046 7997 6021 3800 3808 7607 3180 3885 6831 7765 4562 4173 3123 8410 5883 7801 5604 5286 2568 4140
8713 3276 3196 8152 7002 5110 4833 2495 2507 2690 3786 7573 5777 2900 3469 7600 2231 4313 5985 8068 3929 5222 3744 7611 5666 7565 6073 6005 2007 5008
7731 4093 2896 8559 7042 5378 5777 3341 2229 2967 3677 7618 5472 3657 4085 7959 2454 4133 6572 8145 4056 4548 3701 8411 6334 8624 6307 5257 1538 3979
7775 3306 3095 7884 6717 5091 4736 2369 1741 2634 3099 7126 6102 3614 4375 8221 2331 4227 6560 8164 3796 5138 3560 7405 5398 7965 5431 6122 1882 5099
8230 3200 2546 8844 6536 4714 5280 2655 2338 2734 3663 7571 6102 3383 3717 7647 3336 5047 6976 8436 4128 4956 3487 8288 5565 7486 5342 5881 2038 5082
8837 3980 2504 8284 5871 5792 5040 2544 2153 2313 3784 7898 6156 2711 3483 7747 3420 4908 5751 7860 3479 4912 3852 8424 6049 8304 5645 6186 1755 3926
7620 3537 2437 8048 6441 4576 5823 3117 3018 2250 3668 7094 5532 2707 3907 8106 3138 4633 6470 7365 4059 4787 3338 8004 5515 8282 5581 6352 2216 5067
8569 3774 3363 8203 5911 4913 5880 2806 2748 1864 3534 7588 5649 3761 3771 8129 3305 4513 6303 8201 4143 5423 3746 7656 5451 7579 6073 6086 1494 4292
8907 2983 2609 7619 5943 4617 5038 2682 2766 2526 4173 7745 6264 2832 3506 7824 2470 5218 6260 8206 3828 5446 3100 8287 5192 7480 5378 5831 2052 5126
8230 3707 2763 8415 6400 5634 5559 3407 2801 2270 3506 8037 6101 2843 4157 8721 3209 4337 6552 7700 3866 4833 3746 7825 5272 7817 5647 5355 2707 4168
7750 3693 3042 8022 6522 5854 6041 2160 2832 1982 3564 7262 5295 3760 4286 7872 3087 4083 6364 7913 4022 5497 2831 7690 6238 8113 5509 5720 1624 5013
8740 3508 2478 8852 7028 5097 4768 3067 2317 2024 3162 7160 6088 3025 4427 7763 2073 4219 6689 8345 4234 5017 3540 7454 5398 7715 6146 5511 1638 4635
8733 3556 3406 7771 5968 5851 5528 2426 2185 2119 2997 7929 5029 3739 4043 8830 2332 4398 6941 7214 4374 4747 3936 7449 5596 7590 5734 5154 1678 4763
8819 3066 2983 8674 6216 5692 5640 3207 2906 1977 3645 7065 5788 3804 3208 8056 2510 4993 5703 7557 3638 5354 3572 8223 6224 7489 5660 5751 1986 5104
7746 3147 2970 7584 6711 5572 6080 3379 2570 1950 4311 8157 5417 2908 3409 8418 2291 4504 6973 7564 3586 4826 3438 8439 5940 8394 5274 5638 2449 4182
8795 4203 2446 8102 6930 5796 5975 2142 2479 2075 3902 7104 5685 3317 3103 8505 2766 4760 5784 8146 4235 4478 3451 7528 6220 7906 4968 6191 2355 4909
8628 3167 2450 8211 6044 4596 5592 3289 2896 2961 3090 8237 6086 3694 3861 8617 3161 3872 5835 7618 4376 5297 3553 7914 6110 8563 6310 6342 2572 4584
7729 3860 3696 8078 7157 4739 5452 3448 2585 2858 3322 7534 4977 2753 3448 7831 2566 4766 6274 8450 4665 4569 3993 7682 6165 7707 5487 5778 2617 4906
8351 3418 3281 7982 7013 5741 6085 3052 2245 2907 4176 7421 5428 3456 4334 7787 3027 3987 6088 7597 4075 4461 3540 7545 5216 8147 5268 5441 2595 4984
8776 3759 3244 8686 6413 4980 5944 3164 2316 1886 4248 8067 5599 3500 3311 7553 3006 4026 6731 8272 4509 4182 2824 8258 6325 8441 5599 5332 1547 4302
8290 3914 3364 8575 6456 5449 5668 2258 1989 1981 4000 7960 5152 3706 3177 7607 3336 5054 6153 7429 4327 5340 3339 7650 5429 7648 5297 6254 2690 4430
15 10 18 20 30965 1
7 11 0 1 45813 1
2 16 17 27 69123 1
4 13 17 14 48857 1
6 20 20 12 63529 1
2 29 8 21 46846 1
29 14 25 5 46573 1
13 14 6 24 55431 1
18 6 9 14 41738 1
27 7 16 20 56368 1
18 26 0 0 98236 1
6 15 10 28 45208 1
5 22 15 9 61058 1
19 14 22 7 24755 1
25 17 28 7 43800 1
4 24 23 19 74001 1
12 29 2 9 72675 1
17 10 22 1 33075 1
10 15 28 12 69227 1
8 29 3 19 55240 1
11 11 22 8 39264 1
29 3 20 14 53879 1
23 25 29 18 46799 1
17 27 17 15 34922 1
8 23 27 27 67081 1
5 21 21 16 66315 1
14 29 28 1 95888 1
11 3 0 9 45833 1
20 23 24 6 46456 1
17 5 1 18 73613 1
24 11 0 20 89902 1
8 12 22 17 60592 1
0 6 19 4 63363 1
28 20 27 29 48514 1
6 20 25 27 68563 1
24 13 29 22 41672 1
19 2 23 14 36709 1
1 19 5 7 38567 1
9 15 18 27 52818 1
29 26 27 16 49558 1
24 20 2 19 82883 1
14 14 11 23 41665 1
0 14 17 2 72424 1
6 15 26 21 79911 1
23 6 8 19 77678 1
28 6 16 6 48974 1
16 22 8 13 49294 1
20 18 8 15 45771 1
3 26 15 4 98709 1
23 2 6 21 95462 1
28 26 22 19 50105 1
16 26 8 5 82666 1
11 5 28 2 61752 1
0 7 5 15 40639 1
28 28 17 26 30866 1
19 6 3 27 84909 1
13 11 23 15 44035 1
2 7 4 29 61273 1
6 8 24 28 77911 1
25 18 21 9 35806 1
17 15 12 20 35888 1
21 22 24 5 51380 1
19 14 24 28 41036 1
4 6 15 28 77399 1
28 10 29 27 78078 1
2 5 27 8 70499 1
26 19 1 25 88853 1
28 22 19 25 41302 1
6 9 10 16 27657 1
9 7 22 23 71795 1
5 3 3 29 88478 1
14 28 11 2 73331 1
25 11 8 28 76839 1
29 7 8 13 66797 1
12 7 22 5 39069 1
21 26 23 17 34065 1
7 10 6 29 66860 1
19 19 29 20 46578 1
7 27 3 21 41382 1
5 27 24 0 106627 1
5 22 17 25 59008 1
10 22 24 2 81260 1
29 13 8 4 86296 1
19 17 2 9 59927 1
4 29 18 27 35120 1
6 26 25 15 81001 1
11 11 24 9 40671 1
16 13 8 5 48958 1
4 18 14 9 49737 1
5 0 7 26 104077 1
8 15 10 29 42506 1
18 5 8 20 62173 1
20 27 18 2 56238 1
1 4 18 29 87015 1
8 17 11 3 52210 1
17 6 6 8 34909 1
16 29 29 10 75838 1
6 19 12 8 52763 1
25 1 7 22 97812 1
4 4 3 18 53459 1
14 2 27 19 79785 1
11 29 21 18 54192 1
7 0 23 25 103514 1
7 0 6 20 79610 1
15 4 11 20 60064 1
24 0 15 27 86553 1
27 23 10 2 96746 1
12 26 8 18 43903 1
3 18 6 27 49711 1
0 24 21 7 91046 1
4 2 11 24 78117 1
8 24 21 18 66539 1
0 26 1 11 40204 1
3 0 18 24 98800 1
20 7 5 0 66208 1
2 22 29 24 93031 1
17 22 6 20 46174 1
23 28 15 7 58588 1
6 27 2 4 77630 1
22 23 10 29 48533 1
15 2 26 7 42337 1
17 27 11 23 40040 1
14 21 5 19 46053 1
9 26 27 0 111478 1
22 20 13 14 43956 1
16 29 19 12 46262 1
16 14 2 9 54397 1
9 5 17 29 76361 1
23 12 13 7 35266 1
24 20 15 6 60777 1
25 14 0 29 88036 1
6 2 3 21 68531 1
4 3 29 1 81443 1
23 18 3 23 86164 1
24 2 21 25 68483 1
0 29 19 15 71178 1
27 22 22 15 37690 1
5 0 16 4 58614 1
27 21 13 3 89684 1
2 16 14 12 44810 1
11 17 3 4 59857 1
24 0 13 4 46158 1
2 3 3 25 73756 1
3 12 8 26 71358 1
27 6 10 20 78277 1
2 25 19 23 61571 1
23 12 7 4 63470 1
7 2 28 10 75523 1
9 5 15 23 72401 1
8 16 18 29 50071 1
22 5 10 24 79475 1
1 28 14 6 79540 1
4 12 22 3 77982 1
24 21 14 26 43409 1
26 27 19 5 73622 1
27 3 1 12 92527 1
12 5 12 29 69573 1
29 25 10 12 89267 1
28 21 0 14 103487 1
28 24 20 0 86927 1
5 23 25 6 98951 1
22 5 6 0 68736 1
11 6 7 17 45448 1
23 19 4 8 68698 1
1 16 19 28 64769 1
5 0 27 18 113324 1
1 11 10 15 37457 1
8 5 17 24 73552 1
3 11 9 17 48508 1
12 3 28 18 87708 1
18 7 5 27 73671 1
5 29 25 22 63501 1
14 10 26 1 52714 1
29 11 19 2 46508 1
13 14 18 23 33783 1
20 28 10 13 53601 1
24 0 29 17 62444 1
20 22 6 13 61805 1
3 28 28 1 114308 1
21 17 29 10 46095 1
1 1 22 22 94170 1
13 28 4 26 25264 1
18 17 13 1 47895 1
25 19 19 8 43967 1
5 17 23 22 70688 1
6 0 15 6 53521 1
24 18 5 16 57429 1
24 14 16 8 33150 1
15 29 6 25 43355 1
11 24 19 3 78604 1
29 15 15 22 56017 1
21 12 4 21 75170 1
1 5 13 8 31879 1
15 14 29 25 73125 1
14 2 18 21 48870 1
20 17 13 24 42479 1
21 18 2 1 89583 1
23 25 1 24 62017 1
7 1 13 9 39189 1
4 21 8 12 48453 1
3 16 0 2 39257 1
7 25 22 24 60389 1
26 25 10 13 82403 1
21 2 20 23 49246 1
22 13 0 20 81094 1
6 7 21 29 81273 1
2 23 27 7 106922 1
8 21 2 25 34854 1
15 25 7 27 36433 1
4 25 0 2 69755 1
29 25 11 25 68021 1
7 23 18 2 80761 1
14 22 29 22 51947 1
5 0 5 10 45732 1
18 10 19 1 21834 1
0 8 4 15 31099 1
25 13 13 15 45949 1
13 25 26 24 54665 1
10 7 7 28 57184 1
26 14 0 10 81314 1
15 0 24 8 48321 1
10 19 15 28 30365 1
20 22 13 2 59284 1
14 28 9 19 36217 1
26 27 1 17 84587 1
11 2 4 8 31808 1
13 20 19 15 33927 1
21 10 10 10 31510 1
6 11 12 3 47349 1
29 5 27 28 84488 1
15 25 13 2 80128 1
28 14 9 11 72755 1
26 6 17 13 41537 1
2 4 0 16 35107 1
28 2 1 10 86517 1
15 26 23 23 43340 1
2 11 26 26 107515 1
5 13 22 11 67053 1
1 26 28 27 67026 1
15 1 11 7 29971 1
10 3 21 3 39053 1
27 1 3 16 99072 1
22 11 8 26 84194 1
9 8 11 22 40076 1
9 21 11 3 58699 1
18 10 4 0 63778 1
14 12 24 22 50840 1
16 26 7 25 44475 1
18 20 7 10 53672 1
5 7 29 28 97172 1
28 7 13 17 63906 1
12 12 4 16 34005 1
26 4 16 24 77088 1
25 29 16 14 51056 1
29 25 26 8 72828 1
10 26 11 11 43502 1
6 21 0 16 35994 1
1 5 4 20 44975 1
6 11 13 17 45781 1
29 29 1 26 68040 1
6 14 8 2 52985 1
23 3 1 15 81145 1
10 27 22 5 79277 1
11 1 25 25 95870 1
18 10 20 21 28715 1
25 18 2 21 90616 1
25 29 10 18 57366 1
15 8 1 18 53843 1
3 8 13 5 33353 1
29 11 14 8 45173 1
8 13 29 27 85367 1
2 13 26 17 83607 1
23 2 9 19 79693 1
0 2 2 12 31204 1
5 17 1 25 36837 1
26 1 7 29 103434 1
28 14 10 9 60180 1
28 0 29 15 70587 1
14 2 11 19 61472 1
18 9 5 21 71942 1
17 16 16 3 45041 1
0 27 5 1 77985 1
9 11 26 15 70673 1
24 19 0 21 89177 1
12 8 2 21 59175 1
25 2 9 4 53318 1
27 8 7 11 58780 1
28 29 12 6 87800 1
6 26 26 18 86809 1
14 0 10 21 63075 1
29 3 15 6 62382 1
0 14 28 22 100523 1
10 19 9 28 22943 1
9 15 14 1 54230 1
29 0 29 14 60166 1
1 22 7 3 67856 1
24 25 17 9 54022 1
13 23 12 1 73332 1
9 8 26 7 47113 1
25 29 16 5 72870 1
15 13 1 10 50813 1
13 18 8 7 43275 1
24 18 4 23 82527 1
23 17 14 11 38054 1
2 16 19 29 70942 1
8 17 21 20 52525 1
2 29 9 16 50964 1
28 27 2 27 62989 1
6 19 23 14 69712 1
29 16 11 0 89486 1
22 7 19 24 47844 1
23 5 16 16 40411 1
4 28 29 9 90146 1
26 7 9 9 46248 1
16 11 9 23 63874 1
25 6 11 29 82367 1
21 11 10 11 40242 1
15 1 22 24 73218 1
26 14 3 13 79808 1
27 11 27 26 71547 1
11 26 9 13 39902 1
17 15 4 20 55749 1
17 24 6 25 56076 1
17 10 29 3 53014 1
19 4 24 26 68734 1
26 16 10 5 64008 1
4 13 25 3 84397 1
4 7 16 14 52518 1
4 6 18 9 41197 1
15 5 28 24 94638 1
4 25 7 16 38870 1
4 16 1 3 37090 1
4 19 3 0 65303 1
10 6 7 21 51251 1
7 4 9 22 62438 1
0 2 16 13 65583 1
28 11 12 12 60371 1
11 21 20 24 40032 1
16 17 1 2 76916 1
16 7 1 8 36183 1
6 29 0 12 58683 1
4 3 27 14 89172 1
25 25 6 2 107833 1
18 0 2 16 75777 1
26 8 3 5 69225 1
4 2 23 21 93841 1
17 1 9 4 35182 1
0 23 28 3 130833 1
17 0 16 22 58249 1
21 20 14 11 41825 1
3 5 26 17 90333 1
19 0 21 23 63146 1
21 1 2 29 97934 1
23 10 2 16 71128 1
4 22 23 21 68689 1
21 19 11 14 48467 1
14 9 9 4 30213 1
7 17 11 8 35821 1
0 27 15 2 97723 1
22 12 13 20 51539 1
17 24 11 11 57803 1
14 6 26 26 81209 1
22 5 10 23 77714 1
18 15 6 2 62188 1
29 2 13 23 92953 1
11 27 27 29 47208 1
2 17 18 7 64842 1
24 12 3 4 74933 1
11 6 23 5 43441 1
13 12 21 8 30760 1
25 8 22 25 56208 1
6 23 21 19 69826 1
14 10 16 19 42582 1
22 12 2 20 85225 1
10 5 19 28 67353 1
14 21 25 13 52813 1
1 26 22 26 59667 1
26 21 5 10 91797 1
7 5 11 21 55648 1
26 1 27 23 79277 1
23 0 28 27 89327 1
20 20 15 0 63423 1
23 8 13 0 46276 1
1 0 13 12 58644 1
0 6 26 20 99233 1
23 7 22 22 42190 1
5 8 27 16 69555 1
1 15 16 2 68041 1
4 5 26 14 77385 1
3 9 17 11 49340 1
18 10 23 15 27084 1
1 23 1 13 23239 1
27 12 19 3 53739 1
17 18 4 17 52481 1
18 6 13 26 60572 1
7 0 14 6 42117 1
19 3 3 14 75701 1
17 4 22 27 66374 1
4 20 25 6 89668 1
12 14 13 28 45007 1
11 29 15 20 42649 1
11 16 5 3 60124 1
12 4 8 28 69904 1
21 27 1 20 63751 1
10 4 2 24 73664 1
29 24 7 12 102096 1
10 1 29 21 105191 1
5 8 16 15 54063 1
0 23 21 12 90902 1
17 4 10 16 53382 1
0 12 6 0 53450 1
4 10 12 1 45556 1
4 8 9 24 56570 1
11 15 0 8 46740 1
22 25 23 11 43412 1
24 9 10 22 62786 1
27 1 12 19 87857 1
9 27 12 11 52911 1
0 22 16 13 69599 1
0 27 9 23 47390 1
28 19 22 15 43046 1
4 2 29 15 102954 1
23 20 11 16 43777 1
5 11 28 2 89370 1
3 1 17 13 73590 1
14 0 24 17 62810 1
2 28 2 11 48455 1
20 29 17 20 24580 1
5 25 22 28 53741 1
26 28 6 26 54186 1
9 21 26 0 100280 1
5 4 23 22 94697 1
2 2 29 20 117812 1
17 20 2 12 72298 1
28 15 10 5 76532 1
10 28 25 27 33426 1
15 19 17 5 54426 1
26 0 12 2 49940 1
10 29 20 20 39026 1
8 24 13 9 54716 1
13 9 15 23 52861 1
27 12 1 19 94094 1
1 25 16 15 69636 1
11 8 1 17 41700 1
0 11 4 23 46878 1
7 16 9 7 33941 1
14 11 22 28 52114 1
2 28 29 5 108200 1
0 15 16 19 69718 1
7 3 11 25 78546 1
10 9 27 0 68809 1
20 12 0 9 54482 1
2 23 12 23 40797 1
0 9 17 1 61486 1
25 19 15 25 61229 1
2 11 10 6 34874 1
2 4 29 3 92353 1
27 12 29 24 60655 1
15 26 3 13 77671 1
27 10 9 2 64743 1
9 6 20 21 62042 1
19 9 7 8 29114 1
6 11 18 0 60468 1
0 12 28 10 84113 1
13 26 29 6 88656 1
6 27 19 23 48396 1
2 29 25 26 57639 1
21 9 28 20 53739 1
5 17 22 8 67545 1
8 14 18 7 43002 1
18 29 23 15 38590 1
12 5 23 21 65351 1
9 16 17 20 37082 1
13 21 10 6 50481 1
25 0 4 25 115323 1
1 3 19 29 93553 1
0 11 25 0 92616 1
10 14 17 3 51996 1
11 26 16 12 63588 1
20 10 1 6 50857 1
23 14 6 14 61621 1
28 25 6 28 64963 1
18 28 8 23 42987 1
9 10 16 19 54529 1
22 1 2 18 93106 1
25 7 5 22 88270 1
0 17 10 22 45073 1
18 2 14 20 51810 1
8 23 4 6 67781 1
28 6 4 16 89416 1
22 5 0 8 64861 1
1 4 12 13 48538 1
23 4 13 0 41521 1
25 23 7 19 78153 1
15 11 8 28 65027 1
12 26 0 13 68545 1
18 3 29 29 76223 1
11 6 17 17 48169 1
17 6 6 0 59464 1
27 24 15 25 64850 1
24 8 1 4 63392 1
23 15 7 27 64596 1
23 28 10 15 55207 1
18 3 7 13 51716 1
9 17 28 0 97003 1
17 20 26 24 44486 1
29 12 2 7 79584 1
7 0 6 14 64750 1
25 5 6 1 69961 1
19 8 28 5 40468 1
23 16 20 29 36714 1
29 5 1 25 117710 1
2 12 9 5 45701 1
24 21 15 22 34114 1
26 16 16 1 57750 1
18 16 25 0 54300 1
0 8 11 22 58885 1
28 12 8 12 80165 1
19 4 12 20 61847 1
1 19 22 11 85880 1
11 5 23 17 60706 1
21 13 27 2 46644 1
19 1 3 13 73190 1
27 5 6 10 72922 1
3 20 29 18 95274 1
6 19 20 18 62069 1
27 21 3 26 83523 1
22 25 21 15 42013 1
18 26 1 2 85688 1
18 25 18 15 17670 1
6 24 12 12 57875 1
10 11 23 17 50961 1
10 8 26 25 87071 1
27 22 3 8 91752 1
8 1 3 25 94519 1
11 18 26 7 71519 1
28 3 12 13 77326 1
24 6 3 15 83468 1
0 11 13 9 43053 1
1 8 15 4 46113 1
12 16 19 9 35160 1
7 22 27 23 75912 1
3 0 22 7 76953 1
19 21 10 6 55824 1
18 12 22 28 37245 1
29 2 17 22 75327 1
28 3 14 29 98739 1
3 20 26 4 107343 1
25 15 4 20 73632 1
23 4 13 19 63282 1
14 8 5 5 37671 1
7 26 0 14 58922 1
5 20 28 22 88055 1
1 6 17 28 82932 1
4 11 4 21 35441 1
29 19 19 13 48081 1
10 23 9 6 46750 1
4 26 28 1 119435 1
27 10 21 4 38344 1
23 23 6 21 68528 1
12 23 1 23 43802 1
5 1 3 21 69380 1
0 12 21 28 82327 1
14 24 21 29 31989 1
26 15 13 20 53912 1
22 5 0 4 78021 1
20 14 7 14 47626 1
3 18 15 20 56469 1
28 9 20 0 37928 1
13 5 17 19 53202 1
10 16 25 12 54609 1
14 12 5 25 75870 1
26 14 14 17 43402 1
11 19 28 23 79880 1
13 23 5 13 52624 1
16 5 25 15 51323 1
28 7 17 11 42099 1
26 3 10 3 54567 1
14 7 12 26 66391 1
21 7 28 25 80407 1
10 29 15 22 32573 1
27 0 18 2 35975 1
7 6 23 25 85008 1
15 20 29 20 57878 1
15 19 25 19 51802 1
22 14 18 29 40885 1
19 21 0 22 70079 1
9 28 25 22 47636 1
0 22 24 18 86909 1
18 8 22 16 25920 1
5 0 15 12 70701 1
9 24 24 9 72183 1
10 5 18 28 65729 1
14 24 23 14 48535 1
29 9 13 23 71037 1
1 18 12 3 64264 1
7 9 24 2 58009 1
29 26 5 27 66072 1
7 0 24 4 63284 1
25 28 13 6 71806 1
17 0 6 16 74066 1
28 6 16 5 50012 1
14 29 28 11 83746 1
15 2 10 16 49076 1
2 9 15 7 34796 1
9 0 18 22 74863 1
26 10 9 13 53571 1
11 23 7 15 37921 1
27 10 3 16 80492 1
24 11 16 16 33816 1
12 2 13 20 62733 1
24 21 18 16 28798 1
11 13 27 26 79482 1
28 6 8 18 90198 1
5 11 11 3 51511 1
22 10 19 26 47542 1
14 21 2 24 50564 1
2 9 15 13 45818 1
9 5 21 9 40454 1
0 18 27 5 107379 1
12 10 16 26 60858 1
16 15 25 0 66906 1
16 21 21 5 53078 1
28 19 10 23 80561 1
18 18 3 24 66448 1
19 0 8 24 90425 1
14 24 22 7 59675 1
23 17 29 28 42042 1
11 12 19 3 50787 1
21 16 15 26 42642 1
26 25 18 28 32064 1
5 29 6 20 44878 1
12 7 11 23 52315 1
2 24 22 7 94932 1
25 24 22 5 62351 1
25 0 3 1 74486 1
13 26 29 27 46038 1
17 14 24 10 30157 1
10 24 18 0 72618 1
4 23 8 10 59844 1
25 14 9 5 63858 1
8 19 23 3 85201 1
22 27 10 5 78993 1
12 12 20 4 40289 1
5 15 0 4 50627 1
14 18 1 7 59802 1
21 6 11 29 74561 1
5 20 19 17 58678 1
3 22 16 24 55666 1
23 25 22 12 38160 1
4 6 0 24 55451 1
15 5 4 22 76817 1
7 15 20 3 65132 1
8 3 7 17 62980 1
26 13 6 15 70683 1
15 14 7 7 42129 1
10 3 28 9 57226 1
8 2 4 8 33086 1
25 18 2 2 96225 1
22 2 17 11 37522 1
6 19 10 13 35835 1
10 10 1 21 51282 1
12 7 17 22 48810 1
17 26 23 1 68833 1
13 23 8 15 40719 1
18 12 12 3 39731 1
14 25 27 26 47651 1
14 14 7 2 53003 1
16 9 15 29 54885 1
11 5 25 1 54880 1
18 10 10 1 40814 1
20 17 0 22 73422 1
21 15 10 14 42240 1
9 26 27 15 76947 1
3 1 21 15 86888 1
16 29 7 18 59276 1
16 8 15 17 37484 1
19 12 22 19 35486 1
28 4 21 1 36847 1
1 18 5 24 33159 1
19 27 29 8 66036 1
19 24 8 21 50804 1
21 4 6 27 88576 1
0 5 25 17 87227 1
6 26 6 12 70326 1
3 28 4 6 63920 1
15 15 2 15 46915 1
26 22 12 6 75144 1
5 3 17 24 92784 1
8 29 28 28 48269 1
2 19 11 4 68979 1
15 9 0 12 48124 1
7 1 10 29 79463 1
15 9 22 20 43148 1
2 18 21 22 73558 1
8 15 27 16 59980 1
15 5 6 3 43810 1
23 23 0 21 79266 1
16 21 22 14 36706 1
17 16 6 13 41580 1
11 15 24 21 58104 1
19 10 12 15 35887 1
5 19 28 20 100574 1
26 4 12 9 51590 1
16 17 2 3 79583 1
18 1 12 29 69098 1
20 26 3 1 101384 1
8 5 22 2 51422 1
24 14 12 27 58678 1
23 16 10 7 50225 1
27 24 28 12 65571 1
0 24 6 1 74752 1
29 17 17 3 68158 1
3 14 27 20 90616 1
17 23 10 0 75642 1
2 17 25 28 79600 1
8 25 21 20 63432 1
5 29 13 11 71842 1
16 12 24 1 52100 1
13 21 16 29 38698 1
15 27 4 13 71471 1
12 4 14 14 36576 1
24 16 22 28 35961 1
29 17 13 14 55547 1
28 7 9 8 53329 1
0 22 29 19 109154 1
26 15 8 5 79132 1
10 5 28 7 57545 1
26 22 15 15 54314 1
14 20 27 25 65479 1
6 0 22 12 81316 1
12 12 19 19 41203 1
19 12 25 6 32815 1
12 27 24 29 30030 1
29 17 22 22 39910 1
6 27 8 15 55254 1
7 4 14 8 33287 1
20 12 4 15 57450 1
3 22 14 15 52108 1
8 21 17 22 36774 1
13 26 24 14 60147 1
22 18 10 7 60180 1
29 26 22 9 71732 1
2 5 11 20 60901 1
16 20 7 0 83936 1
6 12 22 15 67298 1
18 15 0 2 68791 1
26 15 1 23 91677 1
5 9 15 21 62217 1
21 10 16 20 35944 1
23 8 5 28 75901 1
29 1 11 16 86237 1
13 21 11 6 56258 1
3 24 6 11 64860 1
4 19 26 15 76180 1
5 6 10 22 57433 1
22 19 11 11 64301 1
14 5 23 28 67506 1
21 8 5 5 56338 1
24 28 6 2 97551 1
2 11 13 20 62010 1
27 19 18 27 52604 1
29 22 17 6 73596 1
3 22 24 9 86173 1
12 27 15 5 75651 1
28 10 2 8 67481 1
17 17 20 26 27841 1
19 1 20 21 46861 1
29 18 8 9 77405 1
20 5 0 9 55631 1
0 1 25 24 113883 1
5 0 9 26 93617 1
27 1 19 17 60914 1
2 5 1 15 27501 1
0 22 3 6 51726 1
17 17 25 2 53322 1
7 28 25 3 92622 1
1 15 18 19 55159 1
9 0 2 26 95354 1
0 23 9 21 42288 1
16 14 10 26 48747 1
23 28 19 1 65849 1
27 1 17 26 81677 1
12 16 27 13 51770 1
4 9 24 13 58546 1
20 24 16 16 26042 1
13 25 14 12 45681 1
20 6 3 21 85571 1
23 6 25 27 63360 1
10 23 3 27 34193 1
29 3 3 21 122102 1
19 3 0 23 99215 1
14 29 22 14 51472 1
10 29 20 0 77771 1
16 3 4 14 74157 1
8 23 20 12 65123 1
20 12 1 15 63412 1
20 26 16 1 62399 1
14 3 1 25 82389 1
5 17 1 6 38532 1
25 7 28 18 52240 1
13 10 8 22 45844 1
2 1 23 3 67255 1
3 10 23 4 66018 1
17 9 4 6 38927 1
29 29 22 5 82970 1
22 0 15 22 69764 1
26 6 20 27 65535 1
7 19 22 22 64644 1
12 0 15 24 82459 1
2 8 2 27 51754 1
20 10 24 24 43090 1
6 2 19 24 84540 1
8 2 17 12 55147 1
1 16 6 4 49935 1
28 26 14 19 67910 1
19 13 12 20 40084 1
1 20 21 18 74470 1
3 14 12 21 47801 1
15 8 1 19 56876 1
14 4 19 10 29766 1
15 27 5 25 47568 1
9 1 20 0 37455 1
16 21 4 14 61094 1
21 20 28 25 48192 1
24 27 10 11 69262 1
19 12 28 26 69197 1
21 2 8 4 49627 1
24 12 15 14 37407 1
18 22 11 14 40208 1
19 8 16 21 38432 1
19 4 27 23 74603 1
27 8 3 28 89074 1
0 25 22 1 111775 1
6 5 4 15 46954 1
0 20 14 2 78237 1
28 10 16 3 56861 1
20 15 4 1 75748 1
18 29 21 15 37276 1
27 7 21 22 56000 1
1 15 6 29 46239 1
26 10 20 21 43198 1
29 2 4 3 77351 1
21 0 4 20 96633 1
21 1 18 24 53624 1
25 22 7 15 71312 1
13 13 19 19 34038 1
7 0 27 23 114917 1
8 25 8 10 57439 1
3 17 13 14 39494 1
20 12 0 20 75812 1
20 3 17 20 43151 1
25 15 2 11 81362 1
21 14 6 14 56044 1
12 6 13 20 51834 1
26 22 11 8 70595 1
10 10 26 6 52014 1
25 23 1 8 91158 1
12 22 1 16 45064 1
27 14 2 7 79300 1
15 23 27 7 69697 1
12 9 2 21 61803 1
23 6 18 25 48922 1
17 0 15 8 32858 1
21 22 21 4 50206 1
2 4 23 15 77156 1
26 22 0 19 96698 1
3 19 17 17 60664 1
13 26 5 29 30816 1
27 24 16 13 62706 1
0 6 17 21 77843 1
26 11 9 2 67262 1
18 8 26 20 51544 1
11 21 21 14 53606 1
29 3 23 11 43061 1
26 7 25 19 45553 1
1 5 23 3 71123 1
0 9 10 3 37274 1
0 25 20 20 70757 1
16 4 15 29 72632 1
11 24 19 22 36804 1
3 6 25 6 70470 1
23 6 20 14 24616 1
22 9 7 15 55571 1
10 22 23 12 59978 1
17 0 22 9 34560 1
0 5 2 13 26746 1
25 8 1 0 75181 1
3 24 18 25 53561 1
20 12 20 2 21536 1
12 0 5 7 38532 1
9 10 11 25 47651 1
18 29 4 9 73504 1
27 19 17 13 48660 1
18 13 7 21 54343 1
25 18 19 29 46009 1
4 17 14 8 47358 1
21 17 6 29 63139 1
10 19 2 12 44135 1
4 21 10 16 32453 1
19 29 13 9 53722 1
18 9 19 26 37861 1
17 13 24 16 23401 1
14 14 23 20 40556 1
18 21 4 26 48592 1
12 8 19 19 44857 1
11 26 26 8 81923 1
22 15 2 17 64970 1
11 23 1 20 45453 1
27 26 29 17 49013 1
13 14 1 7 48902 1
4 18 24 6 78513 1
6 25 17 10 81431 1
8 16 8 26 40750 1
25 4 17 29 72709 1
4 27 16 4 91169 1
18 9 5 15 56642 1
25 28 14 12 56919 1
2 5 29 18 101218 1
20 0 10 21 71265 1
28 17 8 3 97297 1
10 24 1 4 65908 1
27 4 6 23 113541 1
19 14 13 8 30310 1
26 29 22 15 52817 1
14 8 5 2 39667 1
14 28 24 29 22258 1
13 8 1 0 43510 1
2 5 23 22 89517 1
17 10 8 26 69467 1
0 28 15 24 48160 1
1 5 25 14 75942 1
24 23 15 12 55877 1
12 10 24 23 64709 1
16 25 23 3 71742 1
6 3 27 3 72425 1
17 2 29 10 45735 1
18 5 7 10 39786 1
18 4 28 25 87157 1
15 5 2 25 88489 1
15 19 9 13 37814 1
18 6 21 17 31779 1
19 10 16 0 35957 1
0 1 16 3 57842 1
26 23 9 5 92641 1
17 11 14 1 39864 1
6 17 3 29 56452 1
29 9 4 19 86804 1
23 6 17 2 27422 1
27 10 20 7 25540 1
21 24 25 10 51555 1
5 12 4 29 64880 1
9 19 11 6 46603 1
20 0 3 0 65080 1
22 24 2 2 102428 1
2 24 14 28 39341 1
11 2 12 16 43279 1
18 25 4 25 44776 1
17 18 26 1 64472 1
10 22 2 10 55118 1
27 19 21 23 40547 1
17 21 11 10 48819 1
24 2 15 3 34143 1
29 3 2 26 124146 1
5 6 1 0 31850 1
15 3 2 10 56738 1
28 16 11 3 82246 1
24 8 15 2 36401 1
21 19 17 12 33114 1
18 0 9 4 37479 1
1 17 24 13 72658 1
1 26 16 4 93309 1
13 14 20 26 46609 1
22 21 7 8 67521 1
5 1 2 23 68662 1
8 24 16 29 40388 1
11 19 7 6 50096 1
6 0 22 16 84206 1
12 27 29 25 52912 1
13 27 27 11 79459 1
3 15 16 2 77685 1
19 15 27 0 64009 1
6 29 27 21 73333 1
16 18 7 1 80269 1
11 19 13 4 57179 1
16 1 6 2 33731 1
21 4 8 19 80561 1
11 22 20 16 40634 1
28 1 4 23 122570 1
5 16 7 3 62595 1
20 21 3 21 67247 1
26 18 9 3 89193 1
9 13 7 25 48950 1
14 22 22 29 38072 1
29 27 11 4 101322 1
16 13 0 4 64987 1
2 16 4 1 45495 1
0 19 28 15 97054 1
17 0 9 2 34354 1
16 3 19 29 70031 1
