2188 1668 2373 1675 2228 2106 2274 1744 2026 1615 2166 1908 2161 1779 1590 2403 1756 1712 2336 2161 2204 1724 1964 5191 5586 4986 5741 4994 5634
5959 6245 5518 5477 6202 5695 5861 5540 5458 5534 6120 5838 5720 5402 5608 5608 5605 6264 5675 6029 6219 8124 8681 8245 8813 8463 8149 8849 8451
5954 6212 6498 6428 6076 6518 6595 5987 6220 6221 6323 5959 6772 6488 6098 6820 6400 6268 6371 6372 6628 6522 6196 6211 6258 6248 8377 7661 7660
8178 8679 8462 8706 8427 8110 8377 8812 8574 8234 8725 8377 8694 8062 8507 8232 8172 8345 8707 8540 8806 8369 8386 8339 8250 8677 8394 8647 7893
5845 5998 6479 6474 6002 6367 5798 6557 6454 6620 5957 6232 6496 6588 6599 5751 6066 5628 5451 5820 6295 5808 6026 5445 5612 5877 5546 6101 5505
8090 7948 8342 8360 7995 8271 8628 8504 8363 8069 8159 8355 8415 7841 8225 8332 7882 8629 8493 8073 7995 7974 8507 8587 8169 8034 8409 8648 7899
1922 2025 1866 1742 1593 1570 2166 1418 1838 1796 1867 1409 1901 1810 5831 5413 6009 5315 5312 5667 5827 5357 5197 5111 5552 5480 5119 5783 5546
6004 5985 6398 5933 6369 5949 6806 6185 6173 6681 6479 6655 6231 5904 6138 6606 6060 6013 6049 6260 2693 2299 2564 2104 2484 2055 2495 2113 2653
7946 8120 7938 7883 8293 7781 7634 8375 8388 7856 7895 7915 7866 8171 7685 7753 8091 8370 7166 7737 7205 7294 7095 7773 7909 7153 7463 7270 7772
5241 4581 5004 4676 4604 4809 5182 4768 4565 4831 4732 5008 5122 5282 5157 4696 4962 5289 5359 4895 4919 4666 4862 4688 5186 4666 5305 5152 4542
4803 4876 5505 5004 5073 4785 5254 4747 5388 5044 5012 4870 5178 5338 4817 4701 5310 5038 5082 5097 4642 5284 5369 4670 5061 4976 5390 5113 4671
5073 5543 5018 5458 4978 5377 5271 5447 5020 5491 4726 5074 5072 4782 5436 5151 5607 5320 5415 5097 5114 4975 5380 5785 5248 5809 5015 5681 5482
7475 7572 6810 7509 6868 7216 7180 7306 7096 7023 7186 6798 6812 4725 4936 5090 4329 4945 4394 4918 4650 4881 4985 4787 4802 5133 4368 4468 4485
3595 3396 8180 8708 8340 7961 8548 8044 8148 8150 7969 8403 8439 8133 8366 8171 8464 8364 8502 7888 8508 8061 8274 8375 8161 8642 8657 8068 8100
7275 7279 7155 7284 6761 7190 7170 7330 6707 7213 6679 6666 6689 7421 7242 7493 7314 7390 7287 6936 7079 7285 7373 7764 7740 7484 7829 7043 7339
1890 1908 2385 2237 1987 2313 2721 2127 2240 2505 2600 2169 4159 4523 3923 4484 3765 4553 3987 4250 4436 3923 4569 4357 3897 4359 4038 4499 3755
6438 4334 3836 3584 3857 3818 3635 3795 3565 3577 3534 4099 4386 3834 3602 3876 3635 3884 3647 4186 3718 4292 3924 4223 3816 4166 3964 4000 4391
5793 5498 5957 5492 5551 6008 6058 5277 6033 6009 5900 5891 5917 5396 5650 5432 5951 6151 6024 6308 5705 5644 5736 6293 6281 5997 6030 5756 5952
3603 3433 3189 2832 3676 3682 3636 3129 2834 2976 3695 3152 3242 3134 2670 3450 3228 2845 2888 2702 3425 3341 3227 2857 2918 2839 3417 2887 2841
7546 7811 7711 7905 7400 7067 7142 7593 7216 7926 7757 7163 7167 7300 7724 3914 3892 3926 4532 3984 4042 4104 3809 3845 4372 4572 4365 4302 3903
6740 7349 4519 4685 4444 4553 4179 5056 4537 4422 4300 4434 4896 4854 4363 4601 4569 5071 4526 4820 4981 4197 4905 4230 4263 5038 5031 4886 4350
2239 2222 1856 2290 2366 1815 2062 2086 2301 1738 1967 2311 1628 1864 2233 1849 1827 2251 1637 2129 1403 1840 1960 2069 2089 1886 2268 2208 1412
8465 8112 8531 8729 8612 8028 7992 8605 8100 8591 8211 8410 8455 8236 8471 8051 8725 8260 8056 8520 8258 8305 8238 7983 7905 8172 7963 8229 1505
6895 6490 6523 6792 7206 6850 6528 6992 6750 6443 6473 6964 6635 6981 7198 5967 5666 6014 5687 6246 5451 6014 5731 6101 5528 6252 5523 5752 6249
6027 6078 6543 6378 6430 6523 6243 6475 6371 6572 6557 6364 6498 6334 6601 6645 6632 6569 6119 6565 6302 6591 5859 5639 5640 6038 5553 5601 6303
2566 2588 1983 2301 2132 2481 2332 2353 1789 2377 2519 2169 1891 6986 7381 7025 7204 7258 7410 7207 7331 7236 6996 6926 7399 7502 7647 7498 7601
6704 7247 7180 6553 7044 6615 2061 1325 1273 1991 1277 2041 1347 1698 1514 1631 1762 1266 1969 1590 1988 1663 1989 1320 1280 1358 1484 1426 1767
8038 8066 8651 7839 8386 8679 8377 8041 8447 6362 6863 6827 6335 6053 6064 6530 6235 6472 6674 6666 6363 6355 6367 6740 6788 6617 6609 6641 6831
6203 5623 5819 5673 6319 5791 5900 4334 4162 4154 3966 4384 4616 4177 4085 4092 3842 4623 4597 4044 3849 4662 4531 3911 4343 4504 4646 4078 3924
1620 1428 2873 3309 2694 2891 3148 3208 2600 2537 2496 2569 2624 3042 2738 2650 3335 2783 2942 3283 2637 2827 2613 3121 3296 2578 2564 3047 3321
8295 5079 7794 2442 4103 7786 2738 4279 8466 8415 5155 6241 2669 6801 5187 2934 5981 6970 2967 3434 3917 7290 5771 2158 3272 4382 2242 6750 7373 7358
8199 4891 7501 2501 4540 8435 2225 4392 8284 7942 5257 6948 2710 6741 4745 2188 5429 7296 3110 3609 3693 4993 6126 2370 3621 4564 2731 6298 7426 6708
8624 5237 7442 2226 4548 8156 2237 4553 7982 7979 5264 6253 2675 6789 5232 2158 6110 7211 2812 3453 3896 5559 5787 2584 3577 4551 1944 6240 6673 7587
8168 5044 7941 2102 4636 8141 2254 4321 7959 8416 4978 6468 2646 6209 4684 3072 5455 7093 2679 2331 3355 4689 5839 2544 3516 4345 2685 6222 7226 7589
7856 5191 7685 2819 4413 8831 2435 3878 7847 7655 5566 6404 2748 6244 4483 2708 5864 6906 3058 1599 3368 4907 6788 1975 3841 4642 2764 6377 7005 7188
8341 5310 7816 2662 4777 8238 2586 4701 8268 8177 5147 6693 2465 6952 4545 2300 5803 6980 2591 1850 3554 5206 6798 1861 3248 4857 2247 6536 6754 6866
8075 5492 7922 2498 4119 8321 2713 4024 8174 8296 4694 7086 5129 6690 4153 2363 5390 7069 3036 2341 3680 4890 6948 1814 3140 4769 2007 8366 6639 7362
8398 5245 7887 2374 4737 8690 2283 4629 7978 7932 5018 6304 5104 6771 4097 3067 5454 6842 2647 1973 3366 5303 6858 2090 3230 4728 2722 8410 6676 7086
8447 5640 2315 2805 4819 8672 2732 4631 7743 7865 5579 6604 5239 6245 4534 2325 5875 6454 2604 1649 4253 4778 6770 2464 3885 4242 2073 8176 6945 6796
8211 5440 2704 2971 4554 8319 2477 4275 8378 8075 4678 6953 5031 8020 4436 6887 5768 7138 3108 2240 4021 5532 6869 2159 3396 4346 2263 8275 7491 7279
7815 5662 2863 2399 4894 8460 1861 4007 8534 7817 5418 6757 5328 8299 4301 7041 5801 7074 2400 2073 4184 5266 6984 1738 3513 4117 2135 8743 7418 7254
7911 5632 2602 2657 4160 8597 2644 4689 7650 7613 5269 6973 4640 8754 4745 7092 5739 6671 2647 2222 3722 4785 7089 2425 1546 4983 2251 8756 7430 6858
8154 5410 2392 2669 4576 8351 2536 4681 7664 8222 5074 7097 4594 8054 4223 6810 4289 6679 2521 1534 4189 5004 6507 1893 1579 4637 2029 8645 1733 7266
8531 5135 2500 2378 4858 8062 2946 3972 7682 8028 2291 6966 5015 8603 4350 6925 4979 2868 2953 2225 7703 4823 6473 2279 2106 4810 2527 8479 1914 6947
8072 5029 2521 2598 4436 7973 2933 4249 7508 7898 2541 3890 4819 7917 4126 6572 5019 3061 2490 2036 8360 4880 6468 2532 1789 4883 2695 8096 1911 7428
8639 5602 2573 2878 2724 8004 3050 4440 7292 8314 2779 3924 4694 8296 4149 6960 4442 2954 2839 2340 7732 5296 7073 2479 2059 4327 1925 8304 1503 7277
7893 4918 2998 2196 1890 8734 2998 4763 7974 8115 2557 4565 5440 8579 4557 6921 4381 3261 2384 2105 8211 4950 6429 2461 1765 4974 1880 8412 1697 7173
8139 5153 2531 2698 1968 8402 2877 4055 7518 7613 2540 4005 4684 8216 4670 7184 4283 2991 2398 1936 8268 5181 6323 2356 1522 4349 2639 8769 1839 7004
8380 5605 2607 2558 1949 8514 2744 4270 7557 7840 2305 4040 5477 8699 4101 6476 4655 3249 3092 1768 8247 5247 7035 2114 1840 4113 2770 8491 1590 7560
8523 5362 2800 2110 2446 7986 3124 4665 8179 7622 2053 3783 4818 8379 4420 6951 4691 3340 2283 1463 7863 5057 6741 6822 1919 4947 1905 8837 1921 6831
8620 5613 2952 2100 2031 8792 2531 4640 7952 7601 2568 3862 5363 8518 4463 6375 5009 2899 2781 2316 8299 5535 6828 7511 1281 4749 2604 8739 1625 6963
8081 5040 2448 2145 1885 8804 3374 3928 7401 7724 2165 4163 4666 8581 3884 7207 4771 2765 2804 1947 7801 5557 6934 7524 1474 4937 2010 8450 1186 7361
7938 5329 2262 2424 2556 8791 2979 4039 7343 7653 2117 3764 5452 8698 3860 6568 4257 3116 3151 1838 8268 4996 6760 7582 1347 4570 2519 8788 1445 7791
8165 5384 2695 2939 2070 7964 2788 4390 7478 8437 2205 3894 4789 8101 3853 7117 4171 3136 2433 1473 7656 5017 7166 6994 1615 4850 2536 8829 1609 8603
8611 5539 2433 2953 2160 8172 3023 4766 7426 7808 2841 3751 5372 7868 4318 7020 4225 3368 2764 1775 8040 5272 6631 7316 1437 5609 2329 8029 1440 8512
1828 8156 3022 4512 2172 8015 3166 4047 7570 7760 2184 4076 4932 8040 4050 7053 4685 3528 2487 1587 8323 5125 6965 7457 1741 5403 2872 8182 1487 7789
1295 8015 2941 4334 2157 8753 2789 3090 7379 5716 2410 3948 4845 8686 4080 6419 4867 2742 2692 1964 7656 5213 6985 7379 1440 5115 2298 8000 1315 8555
1615 8883 2423 4689 2623 8503 2572 3537 7268 5755 2784 3781 5431 8111 4144 7008 4530 3387 2535 1649 7488 4946 7203 6780 1812 5144 3031 8197 1212 7954
1351 8696 2895 4223 2262 8613 2824 2667 7278 6311 2629 4029 5466 7920 4263 6706 4642 2704 1732 2137 7492 4988 6841 7181 2059 5291 2723 8574 2072 7768
20 27 14 21 38538 1
28 18 4 1 93849 1
22 13 19 20 28005 1
23 14 12 20 40182 1
5 16 19 1 78447 1
16 0 29 4 46361 1
21 0 13 23 67497 1
8 16 22 20 55673 1
29 21 9 1 87068 1
22 9 10 19 49047 1
6 1 29 25 97247 1
28 28 3 28 71598 1
10 20 18 28 47126 1
19 24 14 11 51460 1
0 19 11 24 37595 1
13 17 8 23 41342 1
11 23 26 26 33324 1
21 4 18 17 35535 1
3 10 20 6 60827 1
24 20 29 26 29167 1
7 23 29 25 47744 1
11 20 0 25 49463 1
16 25 17 0 77548 1
3 10 15 19 68056 1
21 26 6 24 38545 1
9 29 1 5 83699 1
25 11 20 25 39012 1
23 22 20 2 56099 1
27 14 17 4 41937 1
12 25 3 24 34117 1
8 26 18 0 91833 1
26 20 2 13 81825 1
3 10 20 11 72161 1
13 24 23 26 22785 1
16 14 1 9 76842 1
9 14 22 17 56374 1
23 11 19 23 39973 1
19 5 14 0 32423 1
2 16 8 0 64285 1
23 16 4 27 72644 1
5 29 2 19 53522 1
7 4 28 20 87291 1
2 19 3 3 45691 1
12 25 22 20 35735 1
21 17 29 4 43932 1
12 16 13 25 47328 1
22 11 9 26 60305 1
29 23 11 1 87775 1
11 22 5 15 49811 1
12 8 6 25 95846 1
23 18 11 15 48421 1
1 21 26 25 66701 1
18 29 12 17 51969 1
24 6 3 10 72499 1
16 3 6 25 91887 1
0 23 18 2 86739 1
24 24 0 0 97026 1
17 4 28 16 50399 1
6 2 13 10 44321 1
6 16 27 29 77566 1
25 24 7 27 44304 1
1 5 15 9 47645 1
26 0 5 12 73329 1
16 27 26 29 21606 1
1 2 13 15 74950 1
8 0 16 9 56716 1
21 16 22 7 21905 1
2 1 17 22 97105 1
4 19 26 16 47287 1
12 25 17 2 74776 1
9 10 26 4 62894 1
19 13 13 25 57823 1
7 26 6 10 57667 1
26 3 3 20 87212 1
10 20 19 14 40750 1
13 28 15 9 66726 1
18 2 15 25 65866 1
15 1 10 18 63610 1
24 12 11 9 54653 1
20 29 17 7 61314 1
15 10 1 20 71327 1
29 24 13 25 35367 1
29 4 3 14 86235 1
8 22 4 1 81833 1
20 11 0 19 65959 1
16 19 10 8 67133 1
12 5 1 12 45664 1
11 26 13 17 51686 1
10 18 7 27 33898 1
27 15 20 2 44494 1
23 23 24 0 66427 1
19 21 25 26 28082 1
26 12 10 20 46922 1
29 27 29 12 43033 1
21 7 29 22 46639 1
24 7 1 7 72466 1
22 15 10 0 69765 1
29 28 4 13 96915 1
4 7 26 10 69777 1
17 1 5 11 57486 1
4 23 3 7 54129 1
8 28 1 12 57692 1
9 17 17 14 43801 1
17 1 11 20 75253 1
18 8 21 23 37635 1
13 10 25 13 35541 1
1 3 17 24 82241 1
1 29 5 0 106547 1
14 22 24 17 43910 1
5 22 14 2 96149 1
28 0 21 20 53859 1
11 25 18 29 30334 1
23 19 13 3 53941 1
4 9 13 13 62942 1
11 15 28 15 66760 1
10 20 26 3 71482 1
3 18 18 25 54723 1
25 8 15 21 50089 1
0 4 17 5 52178 1
6 3 22 26 83915 1
1 12 13 14 47444 1
28 13 14 16 58002 1
27 5 19 19 45022 1
5 20 21 0 77984 1
6 6 11 24 72478 1
11 7 3 25 86883 1
0 22 19 3 84618 1
3 11 14 12 56316 1
28 21 6 11 83347 1
26 2 9 14 82510 1
19 7 14 14 38662 1
4 13 18 15 70017 1
16 3 22 23 58659 1
18 24 9 3 75293 1
23 1 11 19 65226 1
10 17 27 4 74021 1
20 6 5 11 53696 1
17 22 3 26 44602 1
3 9 28 29 116216 1
15 2 10 20 67865 1
4 10 24 13 89226 1
14 2 20 18 51230 1
5 22 13 28 40838 1
10 26 21 12 51568 1
3 17 4 6 48975 1
0 8 8 27 61639 1
0 23 1 7 35528 1
10 8 2 12 41168 1
25 7 7 23 70828 1
17 1 16 16 54662 1
1 25 24 16 86710 1
20 0 20 29 70989 1
18 22 5 4 84167 1
18 7 29 15 48669 1
24 6 23 24 40687 1
14 14 24 17 44009 1
15 24 27 9 48762 1
29 24 18 5 60146 1
7 8 9 21 62452 1
11 16 20 10 53716 1
5 5 11 17 59471 1
18 2 3 23 91300 1
4 4 17 22 93569 1
11 2 24 17 62709 1
14 15 27 17 49473 1
23 0 5 2 67522 1
23 29 16 17 43833 1
25 20 10 3 72121 1
3 10 22 16 87052 1
0 21 12 0 84929 1
12 26 22 24 25966 1
10 28 14 11 87286 1
17 6 5 15 51509 1
24 2 20 11 29748 1
25 2 29 22 47715 1
24 5 27 22 46093 1
3 7 9 13 41822 1
6 25 23 12 71491 1
3 7 21 1 61867 1
24 7 10 7 49917 1
5 2 0 8 30459 1
27 27 27 8 45243 1
5 9 10 20 58140 1
7 22 28 28 49776 1
21 13 15 27 42341 1
18 11 12 1 43913 1
4 12 23 4 60581 1
26 28 8 1 95136 1
17 22 2 9 86059 1
10 1 15 13 45197 1
13 4 17 23 71891 1
6 5 16 11 40601 1
3 13 17 16 75237 1
8 7 3 2 31769 1
13 11 13 26 77034 1
20 29 27 20 33306 1
27 20 15 18 33165 1
25 1 4 23 89143 1
14 29 15 12 74415 1
4 2 11 21 79437 1
8 12 4 21 57388 1
15 6 18 16 36812 1
6 29 14 6 97723 1
12 3 12 29 90895 1
23 18 10 6 59200 1
6 9 17 9 49485 1
20 21 4 7 84899 1
3 9 12 0 70289 1
7 11 6 24 61487 1
12 23 23 19 33833 1
10 14 28 12 74900 1
1 8 0 27 59475 1
5 3 29 7 67874 1
17 17 12 12 41497 1
12 8 23 5 51856 1
24 29 6 3 96924 1
10 29 26 2 91835 1
27 14 8 10 67607 1
17 26 21 2 56918 1
6 11 24 10 63092 1
25 6 10 20 60056 1
0 6 24 8 75818 1
22 2 19 15 42291 1
25 2 15 26 66623 1
20 6 2 11 64905 1
10 5 0 4 33799 1
25 5 9 21 69494 1
17 4 21 17 34441 1
25 1 13 12 57047 1
21 0 2 6 58552 1
2 17 28 6 86016 1
4 1 24 10 71841 1
5 15 8 2 40051 1
11 26 1 1 79794 1
10 13 23 18 59896 1
11 24 24 4 63253 1
6 28 6 11 67047 1
27 8 14 8 49210 1
5 12 25 18 77066 1
14 0 13 9 43367 1
26 1 3 18 93907 1
2 14 14 10 63952 1
1 15 16 21 55954 1
2 20 5 9 52670 1
19 1 18 25 64637 1
29 8 16 27 61402 1
29 2 18 6 36647 1
16 28 2 26 38988 1
18 21 2 16 57860 1
14 20 6 9 59856 1
16 12 7 13 50695 1
28 25 27 16 26009 1
25 16 26 27 22354 1
19 27 22 16 32736 1
17 10 2 25 90240 1
16 13 6 10 53785 1
17 20 1 12 61728 1
9 25 24 15 64461 1
17 4 10 18 61694 1
17 12 3 1 71962 1
13 16 23 16 43312 1
22 17 19 9 28991 1
1 29 26 9 108423 1
26 9 1 0 88979 1
5 5 1 21 57285 1
22 9 18 21 38703 1
0 6 17 27 84002 1
29 28 8 8 101926 1
24 2 10 21 73243 1
15 3 28 23 68563 1
21 14 28 18 25613 1
25 4 9 26 76239 1
4 8 24 7 72170 1
2 18 7 7 45743 1
4 22 18 18 48934 1
27 16 7 16 64486 1
24 1 24 13 40322 1
6 9 29 19 81254 1
14 3 11 16 60210 1
13 10 6 27 82532 1
13 23 29 28 37315 1
23 11 6 20 59415 1
7 2 20 27 93440 1
27 11 16 23 45890 1
29 13 13 28 58505 1
12 23 20 4 62014 1
2 21 11 8 79128 1
8 0 19 20 89077 1
14 20 9 11 58105 1
19 2 11 23 72306 1
28 29 23 13 47893 1
11 25 24 27 39247 1
23 25 8 1 91118 1
28 21 18 19 25673 1
29 8 20 10 27040 1
1 11 6 27 59014 1
5 7 14 22 81990 1
8 29 15 5 96827 1
0 13 3 25 41177 1
26 21 0 11 74340 1
4 16 24 22 75531 1
9 7 5 16 41786 1
17 23 7 27 31658 1
21 17 0 20 52546 1
21 5 19 29 52870 1
23 9 11 8 51213 1
25 28 5 16 76192 1
5 7 7 28 72028 1
12 15 16 6 43729 1
17 20 13 12 49586 1
4 18 26 18 49710 1
17 29 17 14 55155 1
0 27 6 2 76273 1
19 15 14 22 42246 1
3 5 9 22 73555 1
1 12 22 7 70177 1
1 0 20 26 105819 1
16 28 8 4 96871 1
10 28 19 21 47225 1
6 16 0 8 34018 1
7 21 28 16 58659 1
0 16 8 3 43918 1
15 17 23 28 40538 1
26 27 18 11 48422 1
16 1 2 10 65719 1
13 28 2 20 54065 1
15 13 16 24 47523 1
26 11 16 3 38245 1
8 29 6 8 75648 1
3 27 22 28 55296 1
5 6 28 5 64961 1
26 1 16 8 48613 1
19 0 14 12 51500 1
7 11 29 28 97469 1
1 9 25 13 92023 1
13 0 16 19 66635 1
8 21 14 7 72206 1
12 0 27 25 90346 1
14 24 27 3 68420 1
4 11 11 21 63523 1
0 29 27 6 109033 1
26 24 0 4 92300 1
28 1 16 14 67208 1
28 20 2 14 82201 1
10 18 1 29 71230 1
17 12 28 11 38975 1
14 7 29 26 71180 1
14 19 14 6 48725 1
1 5 27 6 76000 1
13 5 27 17 63759 1
26 26 23 19 16023 1
20 5 17 18 41755 1
14 5 11 22 77082 1
25 13 7 8 73705 1
0 20 12 14 52122 1
22 1 21 12 28054 1
25 24 4 20 54764 1
16 20 11 2 68824 1
13 20 13 5 69745 1
23 10 5 23 66448 1
15 27 15 13 59064 1
11 26 27 24 35797 1
10 12 27 10 57889 1
20 14 26 28 36823 1
19 14 13 1 52132 1
14 12 28 7 47118 1
18 26 13 8 72502 1
22 8 0 29 107333 1
18 25 19 11 40604 1
3 18 13 8 78939 1
15 21 15 1 63272 1
27 1 15 1 42236 1
4 3 2 14 40885 1
6 16 25 4 74553 1
17 3 12 15 52290 1
11 22 18 19 29584 1
14 10 28 20 51017 1
3 24 6 0 73032 1
14 27 27 25 35679 1
0 23 11 2 70968 1
5 13 23 4 64221 1
0 6 11 16 56643 1
24 29 15 27 25217 1
13 11 20 16 44464 1
26 0 29 15 44038 1
29 9 2 8 91486 1
6 6 12 16 49795 1
22 23 7 1 92768 1
5 18 16 24 47256 1
11 19 24 24 33782 1
15 3 15 21 58979 1
15 28 3 27 43935 1
28 15 16 2 59476 1
29 23 25 5 43784 1
25 23 3 28 74626 1
0 27 14 9 102689 1
11 3 5 21 76737 1
19 29 7 23 43013 1
5 6 25 0 61128 1
9 14 9 27 59644 1
23 29 3 28 70784 1
27 1 11 15 90216 1
1 28 15 20 68527 1
26 7 4 0 77342 1
28 6 18 12 37296 1
7 17 12 11 53244 1
24 15 19 21 37364 1
8 6 8 17 46306 1
24 10 2 24 81967 1
2 19 27 21 56865 1
24 0 21 8 31985 1
12 25 3 16 62671 1
25 17 7 6 70871 1
14 11 7 2 49869 1
24 22 3 8 113681 1
5 6 15 2 33225 1
5 19 27 25 55481 1
11 29 8 16 69406 1
0 26 11 17 55743 1
29 15 14 23 50899 1
8 25 22 26 38541 1
11 26 26 26 35491 1
12 20 12 5 70100 1
11 0 7 7 39776 1
1 12 24 20 74726 1
0 28 16 19 66106 1
7 24 23 22 46083 1
6 26 21 0 85886 1
11 29 14 13 87488 1
8 9 24 20 82159 1
28 7 8 8 74432 1
20 23 17 0 70847 1
6 8 0 21 40925 1
15 15 25 7 48023 1
10 3 5 15 37889 1
19 12 26 17 35325 1
26 24 0 18 64832 1
15 8 26 14 37422 1
29 17 15 0 64631 1
9 4 3 11 43568 1
1 3 21 22 85790 1
23 12 9 11 59201 1
17 21 8 14 57521 1
8 2 0 4 29237 1
4 19 20 16 44394 1
24 15 4 19 59229 1
6 4 25 15 77125 1
18 11 5 27 80064 1
11 12 29 24 78342 1
4 10 18 24 85806 1
0 1 28 15 99159 1
11 22 20 21 36889 1
24 14 20 8 30894 1
23 16 9 6 60672 1
7 28 10 9 81319 1
16 12 7 22 56408 1
27 18 12 4 65206 1
12 1 15 14 45793 1
25 18 22 2 41126 1
5 18 25 23 60324 1
25 18 8 4 78535 1
18 27 17 13 49873 1
28 3 6 16 87178 1
2 0 7 15 55777 1
9 3 29 17 74120 1
18 10 10 3 36707 1
14 11 17 27 67726 1
23 11 21 0 30869 1
18 11 20 20 32660 1
15 17 5 23 41983 1
1 0 18 17 92686 1
5 4 15 18 66797 1
11 23 2 29 50439 1
18 22 7 1 90515 1
13 3 28 4 35844 1
2 2 7 17 56277 1
21 20 8 1 75497 1
16 14 1 18 56492 1
20 14 0 7 76502 1
8 14 20 7 64552 1
21 29 23 12 42671 1
15 29 4 8 106874 1
29 14 29 29 42216 1
22 26 3 22 54088 1
10 29 11 2 109762 1
8 3 12 16 59572 1
29 24 9 6 79670 1
6 28 12 20 43282 1
14 3 5 27 101965 1
6 28 0 13 52825 1
1 4 9 28 79161 1
14 7 3 3 39850 1
20 22 1 4 92086 1
17 12 19 22 40039 1
23 2 9 28 89790 1
12 2 19 27 77228 1
18 4 24 27 62355 1
19 28 24 14 41321 1
18 2 18 27 65797 1
16 10 20 21 38657 1
18 3 14 21 64487 1
4 14 5 29 76649 1
29 4 6 12 68812 1
0 19 13 9 76806 1
26 10 0 5 75613 1
15 6 8 0 42671 1
1 27 16 23 49229 1
5 28 21 29 55426 1
5 14 18 26 78408 1
9 11 17 21 68399 1
12 28 10 7 93721 1
3 17 29 8 86230 1
29 29 11 14 76645 1
16 14 9 27 67495 1
14 23 4 16 51799 1
20 21 27 9 39899 1
21 24 28 18 23360 1
8 27 23 27 47211 1
23 19 9 7 66326 1
13 22 17 29 42640 1
16 21 25 15 39793 1
15 6 11 20 56870 1
25 27 4 2 109013 1
28 7 21 2 29284 1
10 28 14 20 55106 1
21 23 11 24 19475 1
25 19 21 13 18694 1
0 18 26 20 59043 1
8 9 3 18 55451 1
12 17 27 17 41659 1
25 26 29 7 42448 1
15 24 5 24 27432 1
1 5 25 15 91394 1
12 29 17 9 71112 1
19 16 10 0 72946 1
12 7 22 16 51199 1
29 23 23 17 30249 1
7 9 16 18 64570 1
18 11 21 2 27135 1
12 19 27 6 50287 1
29 3 3 18 88654 1
10 9 13 25 88345 1
15 22 2 22 39123 1
2 27 26 24 63574 1
23 29 7 29 52154 1
15 5 12 17 50137 1
2 10 12 1 61317 1
25 23 16 13 54248 1
6 6 14 21 72357 1
19 1 2 2 59181 1
24 3 10 29 89783 1
11 22 23 6 67238 1
10 29 0 20 50073 1
25 20 1 26 73211 1
6 16 14 5 52831 1
25 10 12 24 48713 1
18 28 22 5 59361 1
20 15 16 7 39338 1
23 0 29 21 63401 1
7 23 14 6 76457 1
3 23 29 21 61203 1
20 5 24 12 34456 1
22 2 27 27 60703 1
6 27 18 11 74527 1
10 22 21 10 54608 1
22 7 15 24 47407 1
8 11 18 12 51330 1
12 2 26 4 35886 1
4 13 12 16 47954 1
27 13 8 9 77632 1
1 16 4 29 62355 1
22 19 3 10 81931 1
19 25 17 2 61686 1
19 0 3 21 105298 1
26 14 27 29 30386 1
4 24 9 18 33892 1
15 26 8 16 62730 1
26 5 12 12 58776 1
4 25 6 3 73616 1
25 2 15 4 25963 1
5 19 16 28 51991 1
5 14 23 20 72677 1
3 3 7 26 68650 1
24 21 15 23 36182 1
23 1 11 14 73142 1
26 25 14 22 33542 1
7 5 17 19 73485 1
26 27 7 28 49214 1
13 24 23 24 17102 1
5 27 0 16 48469 1
2 9 26 11 88623 1
27 15 17 29 47239 1
28 24 0 24 62886 1
10 5 24 18 66418 1
16 9 25 11 27447 1
4 0 5 26 93328 1
5 28 1 21 50928 1
3 16 21 14 66067 1
10 12 19 7 50250 1
11 19 4 26 35412 1
28 18 7 26 59296 1
26 22 22 10 29093 1
8 4 26 13 68177 1
15 20 23 18 23770 1
3 14 1 23 34205 1
23 11 29 21 36619 1
8 15 22 17 53542 1
3 4 29 14 94575 1
0 21 12 18 37533 1
2 27 28 8 100139 1
6 20 24 8 72789 1
19 16 6 19 37548 1
6 8 16 12 45765 1
25 19 20 14 21293 1
3 23 25 14 68073 1
29 3 21 18 48491 1
7 24 13 10 70867 1
27 10 5 5 71250 1
14 7 17 16 40580 1
15 2 8 27 97643 1
22 15 23 3 36437 1
18 22 11 12 59937 1
6 18 11 26 37305 1
0 17 28 22 75333 1
25 9 28 29 39615 1
4 14 27 10 84675 1
19 22 0 6 79628 1
26 18 16 12 43704 1
27 12 14 2 51414 1
12 21 8 3 73928 1
21 12 3 7 66864 1
12 2 2 17 69066 1
15 4 0 28 101921 1
23 27 2 15 82238 1
22 12 11 11 43647 1
15 13 17 28 60655 1
17 25 6 25 35321 1
12 0 1 22 92424 1
18 29 20 3 60154 1
5 1 15 25 97382 1
14 20 4 1 84575 1
5 7 4 25 71445 1
2 26 6 9 63511 1
28 6 11 19 55081 1
25 5 3 11 77966 1
27 11 2 9 92571 1
5 10 23 25 87985 1
1 19 23 6 75170 1
12 13 5 24 60884 1
5 9 25 4 62703 1
25 20 13 16 48058 1
18 2 1 17 81608 1
18 10 1 22 81114 1
19 28 8 25 36580 1
4 5 16 9 48558 1
8 25 26 2 86147 1
21 21 11 3 59014 1
10 18 19 29 52401 1
9 17 16 11 51563 1
0 19 19 9 76611 1
20 5 7 27 80670 1
27 2 9 16 87669 1
3 26 28 8 89818 1
3 12 27 0 80018 1
29 16 0 17 73975 1
16 5 3 21 89170 1
26 17 6 25 58082 1
14 21 24 25 38191 1
17 27 17 9 61909 1
0 8 15 13 60139 1
27 26 4 10 97752 1
1 13 23 5 81538 1
1 11 4 18 31118 1
28 16 20 4 44036 1
17 14 10 25 56243 1
16 5 1 13 59451 1
10 25 17 11 65106 1
6 3 21 15 60965 1
4 19 26 19 42290 1
1 23 25 12 76954 1
27 3 1 5 77683 1
20 3 18 23 51623 1
9 24 21 15 41280 1
14 22 25 5 66427 1
26 11 19 15 36118 1
22 22 8 15 59195 1
13 20 1 4 71788 1
12 24 22 2 61790 1
13 27 22 19 41867 1
26 13 14 17 41576 1
18 11 4 26 74419 1
2 21 9 6 64072 1
27 11 15 13 40467 1
14 12 10 22 59326 1
12 6 24 16 57861 1
13 16 22 20 43748 1
16 15 1 15 59270 1
8 5 3 27 91849 1
6 12 0 29 69835 1
5 1 12 6 28816 1
0 6 25 25 93624 1
6 8 25 20 82911 1
6 24 17 7 81458 1
9 22 13 10 65805 1
0 14 25 10 81603 1
29 20 2 25 77954 1
22 23 25 15 36354 1
10 2 0 15 52028 1
24 24 18 5 51672 1
22 9 13 11 37065 1
12 0 18 26 87929 1
1 1 12 2 44539 1
15 28 19 12 51497 1
12 22 23 15 52882 1
14 19 5 22 38914 1
23 18 10 13 59896 1
15 17 3 12 60775 1
14 14 26 19 44973 1
10 2 27 8 57723 1
24 8 18 29 57523 1
25 22 10 13 73130 1
8 27 27 14 69063 1
15 17 4 21 42397 1
11 4 26 2 45016 1
15 25 11 12 69520 1
13 21 11 8 73176 1
24 19 29 27 25106 1
6 22 0 9 46168 1
12 4 3 16 62831 1
18 28 6 21 47273 1
7 2 22 4 44379 1
1 18 16 0 83652 1
5 20 5 3 58873 1
20 23 11 0 83039 1
12 14 14 6 38676 1
14 11 10 1 42759 1
27 11 9 25 62841 1
26 11 10 2 54885 1
0 28 15 22 56147 1
1 16 12 12 54177 1
11 6 28 17 64365 1
26 0 1 0 85841 1
29 12 11 11 59103 1
29 11 18 12 35604 1
13 14 22 11 42859 1
22 22 25 3 52161 1
8 10 21 26 76595 1
13 4 22 20 62167 1
27 16 12 12 59886 1
9 23 4 15 46472 1
29 7 4 26 87506 1
7 12 14 27 83349 1
1 20 2 7 37945 1
3 10 15 22 78995 1
0 13 6 0 39087 1
23 27 7 19 51308 1
23 5 2 20 84783 1
5 23 24 19 49857 1
2 17 15 12 67221 1
17 6 1 0 63354 1
22 24 27 13 32965 1
17 13 29 15 56774 1
14 29 11 1 100400 1
28 18 10 27 57628 1
11 8 20 6 36570 1
9 9 9 25 79654 1
5 6 17 27 95891 1
15 11 4 18 57631 1
15 29 13 21 43100 1
27 29 22 16 41195 1
21 6 26 21 37782 1
3 15 20 13 73924 1
12 19 1 3 62695 1
16 16 19 25 36953 1
12 28 14 15 67247 1
15 18 1 8 68474 1
8 15 14 6 45658 1
10 2 18 12 46116 1
3 8 25 19 95998 1
29 2 17 12 54892 1
12 23 23 14 47589 1
19 6 1 25 97951 1
20 10 29 11 24399 1
16 15 7 18 35604 1
17 26 23 14 40378 1
15 1 4 14 55780 1
11 20 15 8 52022 1
25 25 29 19 20983 1
22 19 3 4 84023 1
16 2 16 25 69183 1
8 26 19 3 79050 1
21 17 16 4 36331 1
20 11 25 26 41987 1
10 20 27 14 47957 1
20 2 29 27 66447 1
26 23 7 1 92812 1
2 1 13 10 64974 1
20 15 22 6 27939 1
19 4 12 7 28426 1
19 18 6 8 65986 1
22 4 1 2 58307 1
13 7 7 24 81128 1
28 3 25 21 50262 1
6 18 28 28 60623 1
0 28 4 18 48455 1
5 18 5 5 49172 1
15 12 4 4 49840 1
20 2 28 14 44785 1
10 7 19 14 52967 1
17 29 4 6 99916 1
12 5 28 8 61307 1
28 0 6 1 63366 1
19 13 18 27 49595 1
3 23 22 14 62799 1
20 23 3 7 93591 1
22 24 19 9 40989 1
29 20 27 1 56280 1
9 16 5 2 47074 1
20 14 15 28 42287 1
12 2 28 12 61533 1
28 21 4 21 65911 1
20 20 5 3 78327 1
9 16 4 22 42945 1
17 24 27 20 28792 1
14 12 18 1 39517 1
24 23 29 14 37565 1
2 24 27 16 74540 1
29 1 6 13 78323 1
27 0 11 28 85923 1
18 5 4 21 83620 1
15 18 3 21 42533 1
2 0 16 25 101815 1
19 6 26 3 25320 1
15 4 24 8 38083 1
21 26 26 2 56379 1
15 6 20 1 29289 1
24 26 29 12 42253 1
11 9 1 21 75459 1
16 16 3 4 74785 1
25 7 25 23 37828 1
19 18 28 10 35020 1
8 13 22 18 65689 1
4 19 1 1 53426 1
14 10 19 22 50819 1
6 7 22 0 59287 1
24 9 26 28 40200 1
1 19 26 21 55261 1
6 21 3 2 74529 1
14 15 27 19 45460 1
8 22 3 0 91449 1
20 27 6 14 79112 1
2 17 28 13 80043 1
28 10 28 0 30288 1
24 2 17 11 38545 1
6 23 21 27 39580 1
25 19 4 28 71035 1
20 22 13 26 30317 1
3 4 8 18 59445 1
3 4 13 8 50827 1
28 26 20 15 38921 1
7 24 20 6 69116 1
11 6 17 0 36843 1
7 28 15 11 72582 1
13 4 2 15 61431 1
27 2 3 1 74982 1
21 26 6 21 45251 1
2 7 9 12 41253 1
10 29 25 28 40010 1
1 17 10 5 57857 1
26 9 26 27 29168 1
4 13 27 7 83133 1
28 29 4 8 111388 1
4 15 4 27 57523 1
13 14 0 28 85888 1
25 18 0 4 89090 1
18 3 1 22 87831 1
7 9 22 26 90304 1
6 5 18 16 61507 1
2 6 16 26 81055 1
6 27 13 23 26538 1
9 13 21 24 64404 1
11 11 12 26 77523 1
12 13 1 24 71202 1
16 24 27 16 34355 1
16 17 18 2 54034 1
22 16 28 27 39654 1
0 25 24 10 89381 1
26 4 17 15 53214 1
2 17 3 8 55241 1
11 4 3 23 77531 1
6 23 11 29 33828 1
3 29 22 17 83749 1
19 29 27 5 61337 1
12 1 11 22 89708 1
26 12 17 1 46694 1
3 10 10 19 57966 1
27 11 18 10 23663 1
28 9 11 16 68164 1
15 1 7 25 88942 1
21 24 10 14 56367 1
15 1 2 19 79535 1
9 1 17 15 66485 1
14 22 6 11 70370 1
7 1 24 14 79712 1
20 25 8 0 96259 1
18 19 2 15 54279 1
18 4 9 18 65978 1
13 23 1 5 70031 1
25 3 1 18 87577 1
9 11 28 17 73716 1
17 16 15 5 41365 1
18 8 26 20 40343 1
13 6 5 8 29098 1
7 27 18 23 34014 1
8 5 23 6 49587 1
13 13 22 1 61351 1
24 26 29 5 48620 1
25 16 12 10 50413 1
12 21 17 14 40904 1
27 20 22 12 35205 1
16 16 27 12 45388 1
2 5 11 6 28096 1
11 27 13 0 100736 1
12 27 1 24 41294 1
26 17 29 8 24230 1
27 6 27 18 24667 1
13 12 2 7 60846 1
29 20 20 19 19969 1
26 22 1 10 83324 1
18 0 21 8 27612 1
5 22 25 12 75988 1
22 13 10 5 56587 1
25 29 11 21 55159 1
21 3 29 26 59135 1
14 27 4 14 78989 1
6 14 4 6 19226 1
8 26 17 17 52265 1
8 2 23 4 39968 1
11 10 4 24 79423 1
12 9 0 24 83849 1
18 20 1 11 65538 1
5 28 29 26 70737 1
14 16 20 22 40521 1
21 23 10 24 22988 1
5 0 15 23 94881 1
13 19 18 12 32099 1
25 1 28 9 30649 1
27 8 14 14 54534 1
3 3 4 16 43283 1
3 13 4 22 54220 1
17 9 6 13 56458 1
2 4 13 12 66701 1
25 6 17 28 52561 1
0 21 27 19 61446 1
23 2 11 13 64666 1
25 23 21 12 35489 1
14 25 14 4 75946 1
19 12 23 1 42173 1
15 0 16 20 62607 1
28 17 14 20 38884 1
27 11 17 5 42208 1
4 28 9 9 93184 1
11 22 21 22 32481 1
16 3 1 21 82732 1
15 18 13 29 54240 1
16 18 29 18 30529 1
25 23 3 1 110165 1
17 7 26 9 33423 1
16 18 0 12 54293 1
23 27 9 13 78431 1
22 25 4 10 92228 1
3 1 29 24 109496 1
22 19 1 8 78362 1
12 18 18 9 43977 1
28 10 12 20 50960 1
0 23 7 8 52787 1
0 13 27 12 82725 1
28 10 26 25 29529 1
28 15 29 3 39466 1
11 10 18 22 60823 1
23 13 22 22 36828 1
16 10 9 13 42097 1
24 7 3 13 81915 1
3 15 22 29 80181 1
22 10 4 22 71325 1
4 8 25 0 75844 1
26 7 0 18 76547 1
13 28 6 16 61449 1
11 18 26 29 49094 1
20 26 5 21 51416 1
21 15 13 18 27147 1
21 25 11 20 36532 1
25 28 11 23 37203 1
1 13 24 11 90022 1
18 2 20 10 27183 1
19 12 19 2 36725 1
1 12 21 9 70636 1
1 26 13 3 89281 1
13 21 26 13 48777 1
28 7 18 16 48849 1
