1860 1787 1302 1374 1933 1452 1893 2192 1400 2135 1463 2039 1800 1530 1897 2184 1857 1450 1392 2038 1485 2008 2181 2108 1560 1472 1670 1995 1926
4220 4585 4139 4139 4450 4249 4620 3903 4510 4465 4426 4596 4678 4268 3969 4616 4509 3325 2998 3136 3825 3498 3421 3582 3469 3200 3333 2982 3748
4755 4407 5119 5051 5143 4566 5169 4745 5167 4997 4900 4802 5076 4938 5169 4340 4297 4470 5051 5119 4362 4182 4533 4173 4323 3868 3801 4089 3883
2251 1765 2073 1832 1735 1918 1903 2495 2139 2090 2546 2119 2041 2288 2441 1653 1913 2424 1976 1726 2434 2031 1893 2244 1833 6848 6662 6729 6648
3419 3536 3420 2997 2666 2850 2753 3349 3306 3142 3033 3553 3143 3122 3127 3387 3034 3051 2805 3437 2969 3322 2645 3318 3002 1442 1328 1305 1219
8186 8619 8235 8485 8123 7962 7868 7835 7807 2196 2324 2266 2157 2090 2103 1816 2577 1842 1819 2603 2366 2602 1785 2566 1746 2234 2449 1819 1808
4346 3939 4284 4004 3910 4375 3659 3718 3541 4030 4339 4114 3560 3533 7334 7320 6852 6456 6612 7016 7139 6974 7314 6540 6670 6751 6803 6531 7054
5254 5351 4689 5175 5276 4903 5405 5417 5448 5355 4677 5262 5489 4958 5553 4807 4692 4785 4995 5096 5306 5461 1759 2041 1723 1670 1605 1566 1572
2518 2115 2504 2727 2295 1897 2682 1911 2611 2583 6982 7136 7329 6975 7734 7232 7707 7844 7328 7336 7555 7545 7443 7049 6966 7687 7614 7463 7690
5886 5402 5521 5389 5892 5286 5992 5657 5910 5272 5253 5703 5942 5681 5283 5339 5445 4791 5116 4699 5366 5510 4863 4848 5112 4699 5364 5208 5412
4376 4164 4422 3713 4370 4251 3887 3696 3780 3845 4411 4345 3738 3963 3888 3752 3920 4104 1901 2526 1621 2036 1686 2253 2288 2504 2092 2261 2429
6050 5329 5537 6076 6193 5968 5897 5756 5567 5714 5326 5319 5934 5547 2289 2233 2091 1704 2166 1693 1566 2170 2412 2399 1571 2343 2171 1904 2033
5364 6771 6509 7339 6750 6451 7014 6875 6883 6693 7073 7107 6580 7140 7195 6468 6613 6979 6752 6508 7311 7230 6977 6493 6832 6494 6822 6913 6747
8705 8673 8382 8455 8178 8733 8026 8895 8693 8739 7987 8019 8340 8655 8077 8869 8567 8510 8337 8398 8305 8211 8708 8826 8004 7982 8032 8773 8470
3198 2897 3599 3303 3457 5617 5179 4995 5242 4872 5353 5560 5141 5242 4781 4981 5521 4926 5477 5534 5412 5387 4946 5307 4862 5435 4958 5007 4879
5657 6269 5723 6258 5964 6186 6192 6347 5906 5556 5598 6205 6099 5686 6218 5668 6056 6282 5840 6432 5760 5775 5703 5701 6059 6297 6176 2445 2060
5053 4703 4614 5350 5202 5304 4602 4869 4691 4817 5197 5229 5180 5276 5109 5205 5306 7733 8247 8186 7976 7929 8098 7973 8071 8130 8384 7717 7663
3783 4289 4444 3909 4198 4113 6061 6386 5934 6504 6451 6289 6033 5960 6626 6643 6328 6085 6570 6539 6585 6275 6344 6286 6129 5896 5817 6039 6399
7454 7838 7903 7810 7317 8098 8026 7583 2109 1780 1471 1549 1785 1630 1660 2155 2156 2104 1680 1424 1402 2043 1774 2113 1848 1598 1733 2252 1604
7189 6839 1186 1184 1154 1548 1329 1287 1472 1188 1314 1367 1394 1121 1051 1910 1638 1907 1282 1163 1372 1359 1608 1655 1864 1150 1829 1187 1854
6045 5730 5517 5951 6033 5966 6239 5675 5440 5689 5388 5660 5728 5550 6246 5598 5690 5568 5625 5795 5609 2987 3540 3606 3448 3257 3722 3002 3321
2518 2688 2800 3030 2877 2488 2364 2794 2405 2707 3212 2365 4394 4087 4143 4166 3942 4229 4124 4389 3965 3683 3947 4367 4247 4265 3794 4408 4385
5694 5618 5670 5376 5293 5366 5640 5005 4930 5138 4865 5568 5198 5049 5365 7298 7108 7265 7224 6859 7321 7344 7303 7159 7385 6938 7080 7350 7560
7371 7053 7480 7176 7742 7592 7344 7126 7430 7896 7681 7909 7209 7477 3205 2666 2786 3135 2671 2680 2879 2769 2732 2893 2870 2825 3086 2637 2701
5602 5903 6116 6378 6445 6401 5645 5652 5966 6515 2202 2825 2251 2487 2180 2287 2040 2751 2451 2434 2493 2170 2578 2220 2825 2238 2657 1978 2137
8613 8196 8743 8066 8160 8128 8364 8765 8068 8435 8638 8599 8190 8751 8902 8272 8820 8133 8463 8630 8266 5396 5141 5201 5353 5475 5202 5240 4821
4788 4147 4736 4370 4630 4823 4922 4606 7974 8288 7755 7847 8246 7965 7553 7879 7982 8355 8392 8231 8074 8331 8012 7622 7712 7565 8258 8001 7618
4047 3607 4026 3709 3877 3796 4138 3706 4364 4211 4064 3705 4209 4187 3575 4245 3614 4181 3825 3676 4279 4301 3680 8329 8157 8366 8431 8397 8442
3774 3877 3636 3250 3491 3853 3651 3197 7113 6787 6868 6763 7122 7343 6766 7453 7062 6680 7353 7289 7157 7354 7355 7426 6997 7438 7350 7055 7035
7387 7371 7176 7731 7309 7856 7236 7512 7396 8054 7986 7321 7559 7955 2855 2891 2236 2179 2762 2270 2290 3033 2978 2393 2478 2950 2518 2998 2225
7813 4293 4421 3268 1672 4236 6269 4636 4688 8269 6666 3633 5674 7978 7056 8059 1290 6370 6886 7027 4574 3722 7293 5738 5128 2470 7943 6238 1464 2863
8074 4556 4554 3040 1508 3999 6310 4905 6027 7522 6934 3342 6400 8300 7572 7317 1592 6084 6684 5795 4513 3753 7802 7091 5680 2289 8030 5740 1769 3322
8222 4833 6678 2813 1731 4312 5858 5083 5891 7957 6451 4024 5838 8189 7838 7586 1355 6248 6586 5778 4975 4631 7190 6631 5512 2528 7489 6051 1621 3197
8078 4736 5972 2630 1508 4052 6019 5131 5654 7835 7110 3567 6347 7592 4444 7775 1298 6396 7283 5556 4346 4493 7570 6370 5753 4387 7506 6081 2302 2890
8533 4406 5889 3201 2040 4104 5541 4861 5354 8261 7337 3197 6362 8294 5036 8090 1775 6746 6741 5544 4357 4297 7428 6424 5531 4300 7502 5808 1541 2980
8162 4639 6485 3161 1863 4079 6184 4696 6115 8013 6644 3446 6149 7555 5140 7542 1558 6859 7377 5950 4307 4344 4894 6505 5169 4405 7532 5766 1965 3155
8280 5008 6128 3360 1943 4662 5868 4522 5751 8262 6849 6305 6150 8222 4505 7777 2081 6761 6814 5116 5214 4650 5381 7068 5440 4824 7964 6293 2060 3079
8478 4756 6566 2591 1845 4529 6271 4885 5477 7871 5471 6267 6052 7602 4498 7535 1447 6494 6549 5316 4505 4126 4745 6463 2830 4021 7532 6347 2076 3623
8552 4833 6552 2713 1662 4237 6146 4390 5526 7370 4617 5971 6563 7622 4454 7701 2142 6690 6587 5057 4537 4360 4969 7240 2424 4879 8269 5761 2868 3548
7782 4828 6634 2297 2053 4013 5521 5093 5905 8023 4752 6011 4700 8198 5178 7307 2121 6566 7058 5936 4798 4790 4693 6409 2983 4075 7653 6037 2821 3392
8131 4819 6620 2852 2249 4109 5783 5197 5312 7368 5085 6172 4278 7854 5070 7697 7185 6316 7047 5635 4801 5000 5376 7066 2656 4284 8013 6303 2595 2857
4222 4813 6307 2423 1501 4448 5946 5078 5683 7698 4957 6078 4701 7942 4566 7299 7375 6535 7060 5106 4678 4939 5380 6494 2774 4386 8079 5840 2797 2964
3626 4575 5838 2849 1459 2801 5999 4690 5522 8053 4648 5649 4393 8088 4600 7742 7440 6915 6598 5465 5127 4768 5321 6652 2289 4875 7592 5768 2691 3642
3775 4313 6642 2718 2133 3117 6356 4997 5286 7834 5061 5705 4738 7740 4464 7450 8021 6624 6886 5867 5066 4307 4697 7070 2921 4273 7665 6123 2484 3142
3728 4836 5789 2477 1564 2736 5952 4459 5717 7658 4646 5545 4478 8218 5204 7723 7685 6079 6759 5182 4909 4412 4726 6776 2933 4570 7798 5542 2376 3109
3944 4528 6079 2790 2068 2863 6214 5185 5877 7658 4665 5723 4021 7794 4738 7456 7804 6422 7073 5794 4974 4141 4791 7213 2628 4673 7718 6153 2703 2851
3683 4252 6636 2218 2098 2721 5679 4489 5520 7371 4608 5687 3885 8012 4663 7482 7558 6380 7100 5286 4849 4224 5144 7188 2984 4471 8210 5829 2070 2839
3777 4295 6702 2663 2256 3270 8144 4427 5915 7614 5404 5896 4269 7562 4472 7410 7967 6229 6906 5817 4792 4324 4884 6493 2668 4095 8355 5997 2682 3206
3594 4856 6377 2677 1430 2925 7683 4900 5289 7811 5378 6117 4013 8283 4934 7296 7244 6874 6526 5062 4962 4706 5070 6416 2625 4049 7538 5872 2214 3027
4217 4557 6516 2924 1518 3180 7769 4380 5829 7500 5454 5719 4495 7993 4408 7737 7728 6833 7065 5196 4835 4699 4915 6719 2838 4819 8058 5860 2295 3026
4222 4338 5914 2853 1980 3115 7985 5004 5745 8137 4931 6053 4626 7630 4985 8030 8029 6258 6869 5480 4559 4774 5158 6373 2259 4221 8046 6352 2494 3548
4130 4727 6057 2511 2235 2668 8468 4908 5351 7814 5148 5548 4282 7616 5135 8284 7340 6501 7270 5178 4554 4916 5421 6680 2791 4839 8039 6198 2343 6369
4334 5016 6591 2526 2239 2888 7814 4580 6034 7775 4704 6093 4333 8433 4616 8352 7975 6494 7280 5229 5062 4290 4938 6774 2497 4197 8261 6036 2857 5821
4308 5269 6446 2919 1555 2776 8394 4648 5494 7681 4981 5719 3923 7650 4977 8394 7984 6449 7029 5917 5124 4926 5581 6407 2744 4658 8193 6001 2857 6414
4233 5268 6311 2624 1607 2787 7819 4793 5856 7842 5175 5992 4419 7723 4689 8257 7361 6799 6636 5244 4977 4439 5304 6747 2601 4045 7816 5950 2139 6217
3716 5188 6319 2219 2135 2525 7865 4364 5621 7920 5105 6316 4388 4896 4655 8287 8056 2763 6790 5792 5130 4134 4932 7134 2965 4318 4547 5869 2773 6675
3576 5048 6091 2697 2003 3296 8252 4411 5565 7802 5313 5965 4535 5141 5078 8040 7790 2951 6302 5724 4855 4916 5448 7013 2744 4289 4523 3622 2601 5789
3989 5156 5792 2435 2166 2708 7726 7076 5804 7822 4996 6221 4412 5051 4481 8168 7590 3256 6316 5743 4925 5018 5378 6465 2658 4427 3895 3764 2286 6579
3538 4893 6021 2708 4693 2675 8038 7459 5814 1541 4976 6127 3916 4521 4778 8128 7405 2755 5940 5394 4761 4805 5121 6937 2477 4529 3983 3409 2259 6158
27 8 8 9 62658 1
8 1 16 23 72188 1
19 2 1 22 74313 1
18 0 9 2 42438 1
1 22 14 18 63625 1
27 24 7 19 72348 1
3 3 4 26 51503 1
2 12 10 8 51245 1
27 27 17 17 56180 1
26 7 3 0 65237 1
23 7 1 12 75479 1
15 29 16 13 49868 1
26 28 1 23 74031 1
5 7 15 2 42988 1
16 14 28 20 67041 1
12 19 16 13 44437 1
12 5 17 29 59964 1
27 13 17 5 54910 1
26 18 16 25 53940 1
18 11 1 8 61568 1
10 16 11 1 65044 1
5 0 21 12 68776 1
20 2 24 24 50134 1
14 15 0 24 61296 1
4 5 17 26 73375 1
12 27 28 26 58536 1
1 5 18 5 41143 1
13 1 21 21 56498 1
20 4 28 8 30112 1
5 14 28 3 78463 1
18 21 14 7 47632 1
5 9 3 25 36499 1
0 19 19 21 70268 1
10 3 23 15 55994 1
18 28 25 8 65354 1
26 13 2 22 115434 1
19 10 23 4 15950 1
0 5 10 19 46569 1
4 25 19 1 83376 1
19 15 18 1 28290 1
1 23 16 8 88843 1
3 24 26 25 74320 1
3 9 14 20 57310 1
15 23 3 29 43750 1
14 3 26 0 44029 1
19 3 23 21 43360 1
29 15 9 8 98376 1
8 9 26 13 79057 1
28 14 18 28 63880 1
4 1 26 6 60839 1
23 16 21 6 39950 1
19 25 3 20 59006 1
26 20 9 4 75177 1
8 29 16 19 56923 1
15 9 26 13 63795 1
10 9 4 18 45151 1
16 24 28 10 73012 1
4 1 15 14 70077 1
12 19 14 6 70803 1
4 26 22 5 80534 1
1 17 14 18 51402 1
18 13 1 6 58067 1
5 16 25 17 90899 1
3 9 23 17 80837 1
25 7 2 25 105364 1
0 1 23 14 71364 1
23 27 24 3 61259 1
11 10 3 20 49643 1
3 16 17 11 64546 1
22 6 11 25 64687 1
11 6 4 25 75547 1
25 28 28 14 51528 1
12 4 23 7 33723 1
2 1 17 11 60898 1
7 1 23 20 73710 1
10 28 23 23 41920 1
15 18 3 5 74338 1
20 4 29 21 64615 1
21 13 15 17 43416 1
28 3 6 14 82800 1
8 15 0 8 34076 1
22 18 6 11 91789 1
29 25 10 9 93913 1
5 27 2 12 41923 1
29 25 27 5 74004 1
26 20 19 12 45707 1
4 17 16 1 67843 1
10 12 4 29 53858 1
17 6 2 5 40344 1
5 13 14 17 44708 1
15 21 9 9 63719 1
9 1 21 17 63516 1
29 9 22 17 58132 1
0 28 27 1 103862 1
1 7 28 22 109682 1
9 0 21 28 77476 1
23 20 29 4 63266 1
17 5 13 14 46669 1
17 25 8 16 49624 1
1 19 25 27 85513 1
14 6 8 28 80940 1
16 20 11 10 59056 1
2 22 9 7 64185 1
24 29 16 1 67191 1
18 29 6 4 62228 1
8 28 18 28 26087 1
6 26 18 4 73621 1
24 19 11 28 51071 1
9 5 28 18 90715 1
21 0 29 11 63314 1
0 4 17 2 39250 1
25 12 11 21 72341 1
22 29 29 25 31903 1
21 1 2 18 77178 1
0 12 27 25 97201 1
15 0 24 12 58459 1
23 0 6 11 73903 1
19 18 12 1 47783 1
23 25 19 18 21694 1
2 22 15 4 66474 1
11 3 11 17 58534 1
14 5 19 10 20851 1
25 20 6 25 66829 1
11 2 18 27 62045 1
27 28 27 11 62600 1
25 13 10 25 73709 1
13 24 6 0 85712 1
11 28 11 6 71230 1
16 23 26 0 75679 1
10 27 14 3 71741 1
22 0 2 7 58975 1
10 21 13 7 64455 1
2 23 28 21 99747 1
11 12 7 27 48095 1
25 0 8 18 109317 1
13 5 25 28 65124 1
11 28 24 18 53522 1
7 13 5 1 55532 1
27 20 9 17 84723 1
1 0 18 17 71617 1
20 27 11 6 65492 1
18 11 7 23 55606 1
9 12 0 18 40007 1
29 20 23 10 46988 1
13 0 17 22 60998 1
25 10 1 8 85112 1
20 25 7 14 66881 1
4 8 29 9 80066 1
5 13 19 14 64706 1
0 18 10 20 32417 1
28 10 6 24 102890 1
0 28 3 6 47168 1
27 1 20 6 35074 1
20 27 23 1 60581 1
17 4 4 18 58737 1
11 11 8 20 43112 1
26 2 13 3 37812 1
11 26 12 8 63727 1
5 23 23 2 92752 1
20 6 0 29 84241 1
15 18 16 27 48498 1
17 20 8 23 46433 1
7 21 16 10 74309 1
3 6 12 3 25555 1
27 15 4 17 105624 1
28 13 17 1 70177 1
9 13 26 14 85159 1
24 16 18 11 36426 1
3 20 19 15 70860 1
2 13 16 6 61569 1
5 0 3 8 30409 1
23 26 11 18 50308 1
5 10 25 7 83572 1
16 16 11 21 45010 1
29 10 3 25 120146 1
2 0 6 21 59250 1
16 22 10 10 62354 1
19 14 12 1 41277 1
22 8 18 27 47530 1
25 29 9 2 82244 1
24 8 25 29 62508 1
28 1 22 12 50197 1
4 3 11 12 47070 1
19 4 14 10 32679 1
14 21 29 2 75649 1
26 18 0 8 101793 1
9 23 13 6 81236 1
15 8 25 0 59458 1
23 3 10 25 66450 1
16 20 3 29 60433 1
3 1 9 29 72283 1
7 14 11 26 42687 1
29 7 7 13 91243 1
9 6 26 21 85664 1
4 2 26 28 86488 1
16 21 4 4 64915 1
17 8 5 16 70002 1
3 17 18 13 60379 1
23 16 2 6 77372 1
26 11 4 12 99069 1
28 29 21 14 60048 1
26 20 18 2 65113 1
12 26 27 3 79474 1
25 3 1 23 91758 1
29 3 20 19 49554 1
2 10 14 9 63477 1
19 29 4 27 39102 1
13 23 1 12 63877 1
22 13 2 24 91808 1
22 13 14 6 47750 1
5 28 6 0 75829 1
10 4 13 26 75832 1
15 0 20 19 52299 1
17 1 24 16 56780 1
11 12 17 7 49404 1
23 5 12 4 24939 1
17 14 27 27 59137 1
25 13 15 16 64820 1
14 25 3 24 45211 1
11 26 13 7 72450 1
15 11 26 21 67409 1
19 22 25 8 53847 1
3 5 17 14 53966 1
1 27 5 18 32204 1
14 23 5 5 79514 1
24 29 9 28 40416 1
3 23 12 22 44800 1
25 0 1 20 99351 1
18 7 11 27 56895 1
15 1 26 3 39979 1
0 21 17 7 75409 1
5 17 10 25 34261 1
27 24 5 8 94694 1
2 24 6 18 34616 1
27 5 25 16 57401 1
3 29 27 0 104862 1
6 9 1 14 36852 1
10 21 8 13 38244 1
4 4 25 9 72872 1
21 14 1 4 55478 1
25 0 28 27 95388 1
11 22 9 7 53853 1
5 4 24 19 74086 1
13 14 27 10 73248 1
5 19 1 6 38350 1
0 8 21 28 80991 1
12 4 7 19 62409 1
2 23 12 29 40093 1
12 7 24 1 58759 1
4 16 17 24 50356 1
28 22 22 16 50032 1
13 25 8 13 53232 1
1 20 26 22 96345 1
16 10 23 19 48431 1
18 27 14 16 48350 1
22 3 9 25 67999 1
27 23 15 17 63964 1
28 28 5 12 90715 1
2 26 8 12 54460 1
6 23 16 9 78974 1
8 6 1 14 43195 1
8 3 15 17 66289 1
8 22 2 12 46163 1
18 29 4 1 76084 1
3 27 4 17 33400 1
3 7 13 28 68162 1
0 0 12 5 34648 1
3 26 2 4 52421 1
4 24 3 15 24047 1
3 7 17 21 67755 1
3 8 20 13 57769 1
20 13 4 11 68111 1
9 0 1 22 69535 1
28 14 10 4 72717 1
1 14 26 19 104539 1
22 27 13 16 73350 1
15 2 27 12 62915 1
18 21 22 9 40896 1
1 1 25 17 93701 1
18 18 9 15 56313 1
24 8 0 23 99812 1
5 7 15 26 85919 1
3 11 23 19 86543 1
27 17 23 6 58910 1
23 18 12 6 69352 1
18 1 20 27 52887 1
23 6 12 27 76571 1
20 9 0 3 50247 1
24 0 13 20 78983 1
12 4 8 13 42891 1
0 11 14 8 56883 1
18 19 4 9 69112 1
15 27 23 2 65308 1
25 25 25 14 35163 1
9 28 28 25 62231 1
2 13 7 28 47073 1
0 13 25 24 82525 1
0 25 12 27 35963 1
10 24 7 3 70366 1
1 29 19 7 75501 1
21 7 12 18 71524 1
27 15 11 7 87620 1
17 13 12 1 52122 1
7 4 0 18 37490 1
21 6 0 1 47909 1
14 4 20 17 34022 1
10 12 9 27 48309 1
21 8 6 5 42192 1
10 19 21 20 49988 1
14 6 10 14 52919 1
12 19 22 29 57890 1
23 5 1 9 63182 1
11 25 12 7 65417 1
17 19 9 15 53306 1
19 23 9 3 49232 1
12 28 1 15 53001 1
5 15 26 26 85711 1
28 2 11 1 55775 1
6 16 7 27 33557 1
20 12 9 24 49416 1
4 19 21 17 82989 1
0 6 25 5 55462 1
9 14 8 5 38880 1
15 29 5 12 60615 1
16 10 7 19 72558 1
19 17 7 1 50348 1
4 15 15 16 52217 1
21 23 1 0 85142 1
7 25 27 0 93218 1
5 0 19 5 50150 1
22 4 16 15 38064 1
9 26 12 1 91762 1
3 22 29 26 80795 1
26 7 22 25 69946 1
11 0 14 7 38873 1
17 21 11 16 36011 1
19 12 9 28 48923 1
9 16 28 17 92641 1
28 25 24 0 86519 1
23 5 13 18 71163 1
5 5 19 8 37568 1
29 17 6 11 112231 1
29 27 8 4 82524 1
1 20 10 13 39573 1
16 12 17 21 28474 1
8 8 23 19 71303 1
0 11 27 1 73665 1
24 9 9 20 87533 1
13 0 25 16 75072 1
26 13 24 24 38710 1
13 3 6 22 71895 1
16 12 17 21 28474 1
17 18 4 1 71185 1
25 15 16 18 61573 1
26 5 29 29 79177 1
22 9 3 0 61833 1
20 3 3 4 33780 1
24 4 7 14 69836 1
2 25 25 18 87074 1
10 28 24 17 58868 1
9 3 2 15 45702 1
28 21 9 26 74144 1
13 20 0 28 48531 1
3 5 20 16 55270 1
27 12 3 21 109738 1
27 20 19 13 49168 1
17 18 2 19 76929 1
21 7 27 3 23212 1
18 9 26 7 40360 1
20 23 29 4 55314 1
11 19 17 7 65477 1
11 20 1 21 43442 1
6 27 26 13 95845 1
26 21 14 13 70823 1
4 17 15 18 52441 1
23 23 5 10 79908 1
27 28 13 25 49362 1
27 17 20 11 44714 1
23 28 5 10 82649 1
7 16 4 6 32851 1
2 21 5 6 48341 1
28 0 1 7 76472 1
8 19 3 13 32075 1
3 9 12 12 51404 1
9 0 4 11 45657 1
26 20 3 4 86038 1
20 10 29 1 46526 1
10 24 12 1 80700 1
5 18 24 19 81204 1
11 5 6 26 79469 1
29 7 20 23 69075 1
22 13 29 23 54084 1
12 2 24 21 71897 1
7 4 8 13 37271 1
8 29 0 22 28903 1
21 9 14 6 34916 1
9 10 1 18 48802 1
19 27 11 12 56801 1
11 22 11 10 38038 1
21 2 14 5 22201 1
13 4 25 0 43088 1
15 23 5 9 63622 1
13 27 14 4 66740 1
9 26 22 1 80402 1
28 10 8 4 64833 1
10 11 27 24 81100 1
26 3 2 16 74034 1
14 18 3 6 65661 1
13 22 20 7 54517 1
26 27 19 5 58754 1
28 15 2 24 115020 1
15 27 0 9 70139 1
26 8 10 29 91306 1
20 11 29 23 53513 1
22 1 6 13 75322 1
8 23 10 6 70748 1
19 3 28 16 67578 1
13 18 12 7 65098 1
14 14 1 9 63313 1
18 10 16 2 26712 1
2 10 27 15 103456 1
22 24 24 0 63313 1
15 16 5 4 69970 1
10 26 28 22 66336 1
2 28 12 9 81445 1
26 19 25 1 85865 1
9 17 15 2 72873 1
19 28 25 4 45283 1
7 28 1 5 58159 1
16 18 5 23 67707 1
8 13 2 19 40201 1
24 21 11 23 44318 1
13 25 28 2 75416 1
2 5 13 15 64826 1
21 14 19 27 29181 1
18 0 14 9 50422 1
18 0 7 27 85824 1
8 18 11 5 66609 1
14 5 29 23 69959 1
17 19 7 26 48056 1
16 22 1 11 73232 1
8 0 14 11 55636 1
23 14 4 22 88307 1
3 27 24 11 91303 1
19 11 10 22 47244 1
12 10 20 28 61850 1
7 11 1 4 34580 1
11 21 2 25 40041 1
4 23 20 0 94563 1
12 11 27 8 78352 1
2 17 20 21 71920 1
20 21 22 4 33929 1
4 12 13 25 57412 1
13 26 5 4 82855 1
29 7 4 25 110059 1
19 13 3 5 43460 1
2 26 19 3 81094 1
8 16 23 13 80232 1
18 12 13 29 45123 1
9 25 18 12 50142 1
28 2 24 26 70635 1
28 16 3 14 114098 1
16 2 21 21 46326 1
28 26 9 27 65044 1
8 7 29 9 67631 1
29 21 24 27 29569 1
5 26 1 17 32669 1
10 4 13 11 45967 1
28 7 16 28 69548 1
9 5 9 21 66431 1
14 4 9 16 55925 1
9 19 10 28 25203 1
26 1 19 21 50019 1
23 17 2 11 89497 1
4 14 9 2 45878 1
29 11 9 21 103353 1
24 3 1 17 76784 1
17 26 29 16 61141 1
6 0 21 0 55368 1
4 9 17 5 43600 1
10 9 23 10 64957 1
27 18 24 10 32966 1
16 24 18 12 27578 1
16 21 10 29 42427 1
29 16 26 29 45849 1
5 10 29 11 109192 1
18 18 29 22 45006 1
12 1 18 24 58847 1
4 5 24 21 77932 1
29 25 1 21 93185 1
13 29 23 3 63694 1
26 6 17 24 56134 1
0 29 23 17 81199 1
7 24 1 18 41738 1
20 2 16 14 36108 1
12 27 15 18 49625 1
28 5 3 28 93323 1
3 1 6 16 35669 1
28 14 24 1 67973 1
4 9 9 4 24277 1
7 0 10 7 33579 1
14 13 8 23 54707 1
14 24 26 26 43859 1
5 29 6 15 37094 1
19 0 7 1 48973 1
1 28 29 24 74239 1
5 0 29 11 104772 1
5 4 17 26 68669 1
27 26 5 28 68769 1
26 17 22 6 56232 1
7 15 8 0 55253 1
26 29 14 4 68941 1
27 6 17 6 34407 1
18 3 25 18 56811 1
17 28 9 11 66960 1
27 28 2 26 68115 1
29 2 2 27 108449 1
15 21 18 8 35594 1
11 25 13 5 67502 1
22 24 3 11 75377 1
27 6 23 27 69720 1
25 24 9 0 82387 1
12 15 22 16 65312 1
10 27 8 0 83784 1
13 0 3 5 38763 1
27 27 3 16 91635 1
29 14 5 5 92987 1
25 22 18 7 52219 1
22 15 12 27 65001 1
10 14 20 18 56282 1
7 5 9 14 43409 1
4 11 5 21 24836 1
26 26 29 17 35734 1
23 24 29 28 24500 1
24 15 9 21 69796 1
12 3 10 28 75047 1
12 18 25 22 64519 1
9 7 15 27 78000 1
2 14 29 22 99756 1
26 14 17 12 44023 1
9 18 13 8 60596 1
11 19 24 10 76208 1
29 28 19 12 48394 1
11 5 4 26 71027 1
16 21 28 29 52813 1
27 2 7 11 67607 1
28 1 15 7 51233 1
5 14 5 25 23825 1
1 27 4 2 59793 1
16 20 28 1 64929 1
17 18 12 7 60940 1
25 3 15 16 60954 1
12 12 28 24 71354 1
2 2 16 9 58320 1
6 8 20 27 78745 1
4 27 28 24 67375 1
20 17 1 20 85361 1
20 28 11 15 48581 1
7 1 7 27 80737 1
10 4 16 23 61127 1
3 6 7 17 33119 1
15 10 4 15 63005 1
24 26 17 21 31071 1
26 18 29 7 63117 1
12 21 13 7 66494 1
15 25 19 8 39765 1
23 1 7 15 87621 1
6 18 15 2 71996 1
11 27 7 9 68158 1
29 27 19 3 63235 1
8 24 18 21 33190 1
17 14 23 1 44318 1
8 8 23 1 51017 1
0 0 10 11 48192 1
6 23 17 16 61862 1
22 28 23 7 56122 1
18 2 21 28 47685 1
0 16 8 0 45892 1
19 29 10 17 48489 1
8 15 18 3 73317 1
13 0 19 14 39362 1
9 15 16 21 46432 1
18 15 11 10 42084 1
15 9 19 22 41463 1
9 24 22 9 68273 1
4 2 11 27 74460 1
3 0 8 11 38081 1
6 5 22 26 77411 1
17 20 9 25 40340 1
6 9 3 20 33359 1
29 6 17 20 63339 1
9 11 15 16 53847 1
6 26 9 1 79491 1
17 5 23 14 37359 1
14 8 22 10 46511 1
15 5 6 22 73593 1
25 7 26 22 61733 1
4 10 18 6 56615 1
15 8 8 2 41206 1
13 23 2 26 48725 1
27 9 9 9 74392 1
14 29 15 8 66202 1
29 18 20 0 80956 1
11 10 21 2 55000 1
10 25 28 15 84500 1
19 13 3 21 73364 1
23 28 29 4 66269 1
10 18 3 13 26828 1
22 2 28 11 54962 1
23 12 5 27 77447 1
10 11 8 0 37623 1
25 3 4 18 79531 1
4 13 18 11 69588 1
3 24 12 21 44285 1
17 18 23 4 41040 1
16 26 26 11 75421 1
18 18 26 2 48537 1
19 22 27 25 31869 1
15 2 25 29 71210 1
4 9 22 14 70790 1
0 11 14 15 56227 1
25 21 4 18 86270 1
26 0 18 15 51057 1
3 2 14 23 77689 1
20 9 17 21 33237 1
24 4 13 16 64474 1
0 18 21 22 77827 1
28 5 5 29 91288 1
29 13 24 4 51387 1
1 18 12 20 42720 1
26 1 6 19 96823 1
11 1 14 10 51397 1
1 6 7 2 29156 1
5 8 0 25 46148 1
19 16 3 14 67081 1
27 18 6 14 107986 1
3 18 22 26 79572 1
28 16 10 26 82327 1
8 20 19 21 46031 1
19 21 19 11 14205 1
18 27 5 9 71380 1
0 25 4 16 21614 1
24 1 22 23 69669 1
15 20 2 15 52736 1
10 17 27 9 98876 1
17 27 7 22 41884 1
10 5 5 12 41140 1
16 4 21 14 28351 1
10 14 25 12 71283 1
14 16 5 11 49802 1
17 4 18 15 23433 1
18 20 16 6 40153 1
12 26 14 0 82906 1
3 29 18 5 75972 1
25 27 0 9 97588 1
16 15 5 12 57903 1
13 10 0 23 67857 1
21 20 1 6 73129 1
9 15 21 19 69818 1
6 28 28 25 69235 1
21 25 29 11 69612 1
8 20 25 17 78434 1
6 15 17 2 71658 1
12 15 9 7 47529 1
23 17 9 22 63254 1
21 10 29 8 48921 1
26 9 5 14 97999 1
21 29 10 16 58983 1
19 20 21 5 27266 1
13 24 19 7 40847 1
3 12 23 29 83992 1
17 18 7 12 70474 1
29 22 8 27 73739 1
12 14 20 19 46059 1
13 18 16 29 49312 1
2 5 20 14 53301 1
0 14 12 19 38992 1
5 27 23 10 82629 1
13 1 27 5 42677 1
29 18 0 0 105172 1
18 10 11 19 49625 1
18 27 9 28 25471 1
0 20 5 10 26803 1
3 12 20 18 73362 1
14 10 10 22 55560 1
20 13 14 18 49520 1
19 18 3 11 64178 1
11 26 19 11 44563 1
10 27 16 20 42841 1
28 25 21 18 49193 1
7 6 23 5 42867 1
8 0 23 9 62352 1
4 26 10 15 38749 1
7 7 10 18 51401 1
25 7 8 6 54821 1
7 18 16 14 50466 1
9 7 1 27 72374 1
3 19 6 10 27603 1
0 24 5 16 21829 1
25 20 10 5 72364 1
1 25 4 5 49552 1
8 13 26 26 94243 1
12 28 21 3 57897 1
8 2 10 13 41073 1
25 29 12 25 50627 1
18 21 25 26 34029 1
1 28 20 23 54109 1
4 23 22 22 70930 1
12 20 29 20 72315 1
14 4 13 14 51044 1
23 24 21 6 46133 1
24 18 20 28 34595 1
9 18 7 3 58434 1
24 26 27 5 65460 1
17 27 8 4 62393 1
5 13 5 27 30598 1
8 26 19 4 71526 1
9 2 15 12 55136 1
9 25 22 18 60068 1
20 19 13 11 47430 1
2 6 11 13 57249 1
10 1 19 11 38349 1
17 8 0 24 87542 1
26 14 21 26 49492 1
23 20 19 26 24672 1
6 27 28 0 104100 1
14 8 26 2 51039 1
25 8 17 15 56148 1
28 12 20 20 55714 1
10 28 7 1 86936 1
0 25 7 4 50262 1
19 16 11 21 40787 1
10 4 5 25 61261 1
26 21 7 9 95415 1
27 25 22 17 44474 1
18 8 23 27 46746 1
12 4 11 23 65348 1
15 25 8 11 66797 1
27 17 7 20 88653 1
1 16 29 26 91896 1
8 2 20 12 40858 1
21 0 21 10 26671 1
17 12 5 16 55184 1
29 25 21 5 62312 1
26 27 10 23 58520 1
26 24 6 28 57162 1
16 11 15 25 49397 1
13 23 15 6 70515 1
10 12 3 2 45208 1
17 27 28 11 76188 1
14 28 0 2 76864 1
25 1 3 14 82656 1
0 15 7 8 41033 1
2 7 17 19 72152 1
3 12 23 22 81380 1
25 26 25 12 45106 1
14 12 7 22 59054 1
24 14 13 17 66760 1
20 22 25 5 46031 1
22 8 29 2 42721 1
29 15 2 7 103903 1
5 15 29 15 105296 1
22 7 8 15 83491 1
8 21 21 12 66184 1
18 27 6 14 65487 1
8 18 18 17 60061 1
12 1 7 11 49773 1
12 3 27 12 63946 1
26 18 21 27 48110 1
7 14 22 22 79352 1
16 20 25 18 50258 1
1 13 16 29 73146 1
0 10 2 0 29072 1
8 12 11 27 50842 1
0 6 9 17 38516 1
10 24 0 12 44117 1
3 15 24 2 73987 1
16 21 2 9 74529 1
8 0 18 29 68304 1
7 10 14 26 75193 1
23 3 19 27 44527 1
20 22 3 27 57537 1
2 0 1 27 65067 1
11 17 1 20 37246 1
24 1 18 10 39859 1
27 26 0 17 96825 1
19 11 23 1 31051 1
28 3 23 9 45707 1
4 4 28 0 60139 1
8 11 10 23 49462 1
5 19 5 9 21190 1
28 27 11 21 64533 1
0 3 9 13 50978 1
0 8 19 20 64178 1
24 2 18 19 46624 1
25 0 9 16 96161 1
27 0 13 15 80056 1
18 6 3 19 71738 1
19 4 5 19 64351 1
4 20 15 22 56287 1
19 27 16 0 55685 1
24 16 2 18 99335 1
25 19 18 13 46596 1
3 15 28 23 90123 1
11 18 23 13 72579 1
24 15 1 4 72147 1
28 14 17 14 52430 1
28 0 25 22 83325 1
22 27 25 10 56105 1
21 10 26 27 62315 1
16 4 29 27 67835 1
5 6 8 18 54418 1
25 14 0 10 87333 1
1 24 9 13 50488 1
14 23 5 7 75937 1
28 1 3 17 85154 1
5 25 11 7 69870 1
23 4 6 29 77149 1
21 5 0 28 82389 1
20 13 29 27 57991 1
6 26 26 1 98713 1
0 13 21 5 57265 1
12 13 12 29 45415 1
22 17 5 6 76095 1
10 9 27 26 99405 1
6 14 22 18 89056 1
6 26 27 22 77520 1
18 8 17 21 27229 1
24 22 18 10 42420 1
27 6 29 20 57036 1
18 19 27 2 49031 1
14 9 24 11 55712 1
1 14 12 22 47909 1
3 24 12 23 41258 1
13 23 9 12 48941 1
9 1 0 20 54944 1
4 29 7 11 49351 1
3 16 23 13 88391 1
28 7 23 20 62201 1
23 21 15 24 29684 1
29 8 23 1 50519 1
14 26 10 7 71852 1
18 27 7 18 58458 1
15 16 1 20 65676 1
29 25 29 15 25510 1
28 25 18 11 54116 1
5 11 23 15 86785 1
17 20 20 10 29355 1
23 0 20 26 60660 1
21 17 10 1 59921 1
27 24 9 3 72326 1
16 1 29 16 82382 1
22 16 20 7 38565 1
13 13 1 13 57750 1
27 29 20 21 44152 1
5 23 13 4 62158 1
2 7 14 29 79538 1
26 15 6 15 105477 1
29 1 14 20 79705 1
3 17 12 25 42995 1
27 22 7 24 66163 1
24 13 1 7 79066 1
13 29 24 13 63230 1
1 20 7 5 50770 1
27 7 25 27 74913 1
4 22 27 6 96273 1
14 0 7 17 70025 1
5 3 3 13 26649 1
8 13 22 22 82979 1
9 13 29 19 98012 1
15 20 26 29 55978 1
19 11 23 1 31051 1
27 6 14 8 51609 1
1 17 9 29 47194 1
7 3 24 5 40498 1
15 24 3 9 61220 1
21 0 1 11 65218 1
10 10 23 21 77624 1
26 15 2 4 85356 1
18 18 22 24 20949 1
29 10 20 26 75930 1
14 18 23 5 64277 1
24 8 24 19 33955 1
6 2 25 28 81683 1
16 9 27 26 73866 1
22 28 23 8 58922 1
20 1 25 25 61884 1
18 25 24 18 31948 1
21 8 7 24 67090 1
11 7 3 16 53037 1
16 26 4 5 80118 1
2 24 24 17 87512 1
0 5 3 15 25875 1
2 0 9 19 66279 1
13 10 18 15 32479 1
3 26 18 25 49451 1
26 12 12 12 60263 1
14 20 18 11 35667 1
8 27 20 28 38059 1
23 18 0 18 91500 1
9 18 10 6 51662 1
8 5 11 14 42580 1
2 11 24 7 73885 1
4 21 19 11 72516 1
27 23 4 10 100304 1
12 19 22 13 65838 1
24 27 15 3 60500 1
21 2 15 22 54073 1
21 28 27 6 61883 1
27 1 5 12 80142 1
7 29 22 21 56990 1
5 19 15 23 49157 1
7 14 13 19 39787 1
4 11 17 12 64716 1
24 25 8 18 66100 1
8 23 2 15 41074 1
13 5 13 22 70158 1
19 9 17 1 22047 1
28 2 10 15 84076 1
13 28 3 11 58892 1
7 29 21 18 59936 1
10 10 6 18 45196 1
6 20 16 2 75029 1
25 29 18 25 27603 1
28 12 24 26 51159 1
20 9 15 24 39734 1
24 19 16 24 33301 1
6 27 23 9 92280 1
25 13 19 0 58690 1
11 12 27 13 73708 1
18 29 1 27 44007 1
23 10 16 15 44590 1
17 23 12 18 42281 1
29 15 29 2 67444 1
7 20 21 9 79147 1
10 16 2 22 31708 1
23 11 14 22 61939 1
27 11 16 6 58802 1
6 20 28 22 88194 1
18 6 23 29 51820 1
7 19 12 29 41584 1
11 18 8 28 28679 1
18 21 26 28 32343 1
2 16 19 11 65687 1
23 1 8 10 56211 1
11 29 27 17 70819 1
10 13 27 29 86409 1
16 9 8 12 53115 1
16 2 21 7 24583 1
21 4 26 11 44978 1
26 20 29 11 52016 1
26 17 23 27 38184 1
22 26 3 15 79721 1
17 19 7 0 69670 1
1 9 18 28 83418 1
4 8 3 28 52209 1
20 28 21 6 44073 1
17 14 26 29 55757 1
7 26 3 7 53690 1
2 11 6 27 47994 1
4 24 15 1 82653 1
22 0 12 6 43906 1
3 27 0 8 47247 1
10 21 21 10 60979 1
26 20 15 21 53008 1
23 1 10 23 76609 1
27 26 10 12 89860 1
21 20 23 6 49808 1
5 16 27 17 96613 1
14 18 3 21 54419 1
26 3 14 17 66807 1
21 15 6 12 78292 1
7 19 2 13 34948 1
28 21 9 2 93898 1
2 5 18 4 34289 1
6 18 16 19 61086 1
2 21 21 1 82160 1
13 23 9 1 86356 1
20 1 9 17 83833 1
16 22 3 7 75182 1
19 9 11 28 47376 1
2 15 16 20 57710 1
2 7 24 7 65674 1
8 14 13 9 49518 1
9 9 2 4 29696 1
2 22 14 20 61166 1
8 18 23 28 66165 1
22 20 18 29 29790 1
19 17 21 7 23126 1
29 4 1 18 87756 1
20 28 28 5 57373 1
26 1 6 24 92796 1
11 16 14 29 35971 1
13 26 0 24 49525 1
29 13 25 2 62977 1
16 4 13 15 55179 1
5 22 16 20 56048 1
28 13 2 14 113704 1
28 27 11 24 57552 1
2 15 7 1 52364 1
