7250 6921 7667 6594 7666 7428 7906 7788 6719 5992 5851 5033 4329 6140 4796 5625 4353 5877 4520 5178 5224 4497 4554 6132 4774 4765 5413 4783 5094
4668 6416 6364 5988 4533 4785 5095 4676 5682 6411 5933 5086 5564 5126 5324 5809 5702 6283 5370 5961 5593 6569 6092 6269 5187 4561 5341 6381 2756
4965 4946 5938 6125 4611 5712 5904 4371 6092 5738 5814 6235 6135 6450 5902 6501 7540 7647 6298 6554 6984 7009 7458 5568 7464 5691 6268 5923 7232
7411 7369 5781 5811 6079 7219 5693 5834 6502 5020 5436 6047 4872 5845 6224 4941 5395 4891 6152 6383 5449 6622 6194 5847 4890 6258 5825 6674 6061
3656 2304 2795 2532 2911 3852 2506 2637 3578 8329 7379 7583 7004 6739 7066 8649 7570 8067 6716 6887 8177 8649 6808 7395 7547 6805 6560 7658 8176
2090 1790 1969 2539 1834 3846 2600 3854 2125 3663 3472 1956 2816 2885 2405 1861 2207 2782 2863 2991 2867 3824 2621 3427 2139 2214 3361 3243 3167
5856 6387 5457 6603 5311 6249 6589 5957 6602 5295 5248 5116 6513 5080 6633 6207 4696 5546 5741 5817 5388 6265 3204 2480 2124 1956 2473 1890 3429
3422 3688 2526 6488 7755 6458 7565 6055 6861 6325 6743 6560 6698 7577 6020 5976 6926 7899 6930 5933 5943 6493 7287 7673 7518 7922 7837 7030 7305
3607 2938 1869 2682 3229 2890 2939 2811 1870 2441 2067 2613 1984 3145 1665 3068 2236 2967 1540 2598 3048 2338 1751 2392 2530 2360 3363 3491 1575
4331 3881 3200 4504 3673 4688 4537 4147 4339 3453 4873 4237 4909 3206 3166 3895 3268 3410 1654 2608 3176 2479 2365 2903 2068 2337 3318 2020 2718
2867 2498 2492 4216 3531 4069 2954 2640 3813 4404 2468 3893 4378 4356 3358 3164 3617 3174 2601 2734 2510 3084 3162 4370 3199 3437 4253 4156 3763
1468 1679 1903 2228 2571 2853 2454 1050 1555 3077 1190 3000 2581 1015 1823 1473 8598 7804 7949 7737 7228 8297 7304 8499 7364 7746 8096 6814 7976
6157 5450 5397 6620 6363 6766 6294 6616 4805 5436 5041 5457 4279 6067 5493 5101 4891 5935 4208 5298 4278 6130 6046 4344 4279 4947 4199 4305 5637
6480 6131 5650 4298 5029 4826 4214 5961 6006 4733 5884 5667 5772 5684 4685 5739 5159 4634 5227 4170 4494 4958 4448 4438 5680 4818 5497 5751 4613
6318 7024 5903 6954 5708 5841 6110 7094 6797 6709 6267 5477 6313 5838 7144 5313 5252 5793 6189 5416 5199 3082 4413 2979 2996 3225 3059 4271 3419
4655 4919 5789 6228 6103 6492 5456 5024 5925 5675 4888 5628 5783 6267 5288 5423 6338 4805 5411 5623 5801 6094 6165 4034 4054 3412 4535 4741 3847
7388 8509 7034 8629 8537 7665 8151 7978 6932 8531 7181 6776 8434 6722 7198 8689 7027 8127 8292 4043 4055 4304 3606 3359 5014 3505 3791 4601 4745
4888 4912 5024 6428 5267 6261 7103 7468 6106 6392 5728 6588 7395 6477 6410 6745 7060 7672 7128 7665 5778 6444 6225 6030 6202 7517 6712 6708 6585
6867 7526 6400 6047 6644 6501 7024 7377 5872 5951 5980 7709 6312 3971 5542 4046 5000 4075 4282 4866 3637 5068 5451 5530 4934 5015 3992 4545 4979
3533 3530 4437 4584 3852 3168 4375 3905 3171 5008 4923 4900 4811 3657 4283 3476 4880 4009 3653 3378 4699 4043 3157 2795 2697 3293 2330 4225 3265
1839 1777 3641 2670 2234 5348 5424 5003 4346 4375 4098 3812 4247 5643 3909 4987 4834 4956 5646 3984 3776 5394 4184 4572 4059 4173 4223 4871 4535
5088 5618 3077 2511 1576 2700 3396 2072 3525 2967 3625 1789 2759 2265 2186 2634 2906 3322 1926 2010 2639 2389 3003 1819 1837 2238 3427 2255 2413
5759 6206 6268 6927 2253 3561 2814 3118 2429 3421 3227 3711 3229 3699 3515 3246 3729 4156 4233 3444 3137 3595 3720 2759 2968 3357 4029 3923 3510
3622 2760 3998 3900 3105 3915 7240 5693 6338 6482 6009 6373 5775 7055 7318 7166 7172 5813 6294 7032 5885 7292 7204 6374 7355 7277 6557 7613 5587
5491 5398 5768 7195 8045 8516 8589 7986 7621 8302 7971 8449 7519 8665 8485 6921 7749 7558 7046 8237 8488 6844 7214 8267 7581 7561 8758 6884 7240
4481 4467 5723 5656 5095 5807 6179 4941 4737 4767 6080 6114 4205 2744 1492 2520 1311 2307 1656 1791 1818 1832 2609 1392 2294 1678 2215 1078 2519
5475 4608 5231 4738 5548 5185 4631 4372 4256 5827 6117 6009 5812 6150 4829 4615 4713 4932 4624 4808 3101 3198 3054 2955 3110 2980 3657 3042 3511
5094 5932 4170 2303 3154 3097 3196 4093 2460 2223 4287 3437 3133 3674 3414 3553 2483 2863 2667 3395 3478 3034 2811 2289 3439 3232 2414 2993 3647
6834 6245 5886 6863 3439 3986 4775 3996 4652 3706 4593 4776 3626 3616 4705 4142 4715 5220 3343 4594 4368 3856 5064 3810 3452 3663 3682 4640 4164
2904 3147 3725 3445 3730 4290 4413 3559 2774 2558 2756 3699 3696 4057 3182 4121 3078 3400 3020 4562 4362 3983 3891 4291 4610 4626 2694 3792 3073
6255 5869 4158 4000 4733 7432 6013 3412 4393 2608 1205 3979 3766 4513 7621 8006 4004 3528 3216 7156 5098 8824 7286 4127 3042 3850 5418 7500 5845 3865
6690 6416 3525 5244 3541 7645 7466 2079 4912 1608 1712 4079 4489 5281 8184 7458 2646 4104 3536 7629 5431 8044 5603 4040 3156 2791 4450 7416 6075 3801
7078 7437 4259 3483 4683 6474 6625 3268 3777 3290 2866 4712 5208 5398 7398 3439 3815 4757 3539 6922 5624 8000 5523 3019 3102 4171 4323 7765 6991 5301
7126 6652 4720 4234 3883 6689 7591 2416 3476 2079 3190 3157 4938 3807 8133 4384 3004 4765 2030 7903 5291 8870 6190 4276 4213 2894 6139 6369 6772 6088
6515 6641 3171 4743 3374 6963 7048 2852 5346 1654 2887 3480 5141 4895 7376 4660 2268 3468 3150 7189 5114 7229 6502 2437 4011 3701 6062 6546 3534 4528
7994 6889 3428 3358 3781 6171 6637 2097 5345 3175 3175 4035 3632 4793 7899 3426 2378 4662 2057 6748 5177 6888 6338 3672 3522 3583 5874 6711 3800 4594
6503 7032 3238 4704 3354 6380 7550 1855 4142 1444 1812 3804 5037 5673 7185 4103 2419 4056 3061 7631 5467 7278 6944 2949 3839 2682 4535 6668 4708 6088
8226 6077 4227 3541 3896 6458 6377 2687 4373 3132 2404 4532 5228 5694 8410 3788 3837 3183 2217 7892 5052 8288 6581 3285 4231 4172 4261 7667 3917 4841
7263 5762 3039 4627 5155 6097 6717 2447 3891 3088 6321 4183 4865 4268 6615 4569 3125 3684 3378 8294 7010 7736 5513 3631 4103 4171 5880 6719 3306 6040
6193 7101 3235 6024 4562 7817 6203 2592 4705 5884 6383 4038 4009 4879 8295 4612 2043 4232 1529 7507 5139 7909 5723 3236 3468 4338 4923 8740 5375 4574
7039 6141 3396 7243 3176 6891 6795 3660 3843 5588 6679 3163 5111 5181 7202 5114 2455 4192 2739 8140 5281 8132 7329 4134 3367 3110 4248 7981 3646 5640
7093 6344 5229 7803 3956 6971 5940 3670 5082 6213 7489 3428 3888 3905 8156 4445 2525 2964 3038 7657 6464 8730 6790 3490 4380 3517 6131 8630 4558 6175
6650 5500 3824 7325 5106 6427 7025 2610 3887 6980 8243 4415 4331 4230 7377 3553 4193 7724 1549 6477 7108 6953 5853 3232 4047 3498 4609 8773 4779 5003
6316 6903 5206 7753 5050 7374 7588 3309 5207 7505 6743 4838 5044 4580 6841 3959 5113 7183 1994 8161 6559 8315 6416 2620 3310 3899 6147 8496 3389 4464
7714 7559 3651 6680 4352 7396 7485 3190 4999 5698 7437 3968 3583 4477 6784 3738 3305 6504 2423 7011 6027 7344 7323 2496 4022 3724 6260 8404 3774 6386
7162 6068 4986 7413 4271 7780 6017 1987 5117 7338 7546 3262 4609 4611 7420 4242 3896 5891 2415 8029 5772 7249 6419 3995 2856 2764 5687 8312 4494 5058
7221 6857 4963 6372 4002 8011 6105 2392 7292 6898 7293 4951 3950 5021 7875 3685 3197 7059 2956 8221 6275 8814 7707 3863 4301 3506 5068 7722 3679 4629
6215 4993 5140 6398 3473 7580 5850 3218 6799 5577 7506 4137 4100 4825 7440 3933 3637 6818 2199 7840 5256 5728 8310 4162 4685 4021 4409 7126 3820 6207
6329 4606 3900 7071 3758 7560 7122 2359 6900 6273 6325 5093 4768 4498 8449 4669 4694 7564 3417 7445 5946 3863 8435 3645 4617 4067 4384 8357 4685 6078
7169 5073 4308 6616 3644 7879 6489 2834 6657 6304 6537 4508 3638 5218 4182 4222 3403 7023 1601 7284 5492 5236 8464 2351 4336 4507 4736 7345 4013 5122
6726 5107 5227 6716 4982 6538 5989 3064 7401 7522 7862 4617 3286 4383 5182 4449 4341 5998 1495 8380 6574 4316 6663 4147 3792 2473 5405 8060 4546 4734
6677 4455 5176 5886 4943 7048 7111 3715 7060 6219 6297 4994 4582 4691 5260 3921 3556 6351 1860 7578 5845 3986 6552 4270 3836 5098 5452 7535 3763 5614
8235 4539 5312 6250 4947 8333 6117 2063 6259 5866 7783 4437 4117 5183 4749 4134 4249 6256 3468 8429 5397 5659 8447 3806 4393 3401 4169 8089 4385 5350
6393 5879 3981 6237 4572 8363 5743 2251 6580 7116 7328 4149 4271 3790 4604 4437 3796 7126 2649 7763 7352 4407 8232 2548 4734 3830 2609 8089 3833 5919
6177 5776 5154 7089 3632 6536 7183 2655 7652 6120 7641 4003 3352 4166 5016 5073 3189 6402 2943 8100 8089 5092 8106 2680 2661 3848 4417 7056 4245 5817
7151 4952 3918 6069 5230 6627 5986 2604 6164 6239 7326 4243 4374 8008 3891 3811 3827 6018 1559 8401 7350 3890 7021 3325 4485 5258 3871 8235 3435 4758
7199 5783 4703 6762 4633 6957 6871 3701 6782 6707 6931 3909 3987 8293 5420 4489 4021 7640 1900 6492 8642 4016 7522 3679 4611 5349 4538 6769 4656 5111
5595 6131 3798 6865 5126 7260 7574 3389 6510 7090 6448 5095 4580 7029 5336 3827 3970 5998 5663 5825 8596 4415 7861 2486 5979 3429 4473 7137 3313 4902
6046 4557 3731 6884 4113 7894 6517 2499 6698 6697 6203 4387 6879 7206 4780 4301 4536 6941 7292 6448 8739 4609 8462 2383 6070 5295 4105 8030 3462 4392
5 2 28 20 104492 1
7 20 29 21 72866 1
0 23 25 28 94768 1
29 20 5 14 81204 1
0 3 25 26 121376 1
13 17 25 15 40192 1
11 8 14 24 55506 1
24 1 0 26 138432 1
11 4 1 13 58328 1
16 13 25 23 57884 1
27 2 1 23 126085 1
15 13 4 26 68255 1
13 7 22 8 29186 1
8 13 4 6 25783 1
21 4 9 26 83434 1
27 12 4 0 99379 1
25 4 23 12 41802 1
8 21 29 8 91845 1
2 0 6 11 51998 1
6 9 25 8 62214 1
17 1 10 9 52973 1
29 26 19 6 83300 1
12 4 5 28 73656 1
18 9 1 12 78511 1
5 0 13 20 71804 1
25 15 10 0 87992 1
29 4 6 20 108190 1
15 4 8 24 69599 1
29 28 14 23 61486 1
5 9 19 11 57735 1
12 10 4 7 31361 1
10 8 23 13 60137 1
15 22 26 1 108471 1
4 20 1 1 75873 1
17 7 19 15 40235 1
23 18 15 4 67180 1
8 25 22 2 92856 1
14 24 23 21 42675 1
23 24 17 19 37855 1
27 8 1 10 83582 1
6 5 19 4 59422 1
4 18 28 13 76644 1
16 11 1 15 63602 1
13 20 23 3 79137 1
17 21 5 25 57741 1
18 14 17 29 71440 1
9 13 27 26 78699 1
15 17 25 22 36905 1
24 11 15 2 66280 1
20 12 28 16 39738 1
21 1 25 19 61504 1
5 4 12 1 33094 1
27 5 7 25 101874 1
16 10 8 21 56996 1
26 28 16 24 46923 1
6 13 18 2 78860 1
28 5 4 11 87936 1
28 19 11 8 71985 1
8 5 27 16 83154 1
11 23 10 14 31538 1
27 5 6 5 77994 1
12 14 0 26 72059 1
10 8 6 19 43402 1
9 0 15 13 56497 1
25 27 6 9 85700 1
21 24 16 10 62134 1
9 23 4 6 53770 1
10 13 22 29 73708 1
6 11 16 13 47104 1
29 5 0 18 112609 1
13 6 3 20 63678 1
0 28 16 4 118221 1
25 8 8 6 55896 1
0 9 23 27 105948 1
12 12 25 0 84224 1
4 15 17 10 63260 1
27 0 13 7 66288 1
16 10 29 13 72114 1
27 27 19 20 46940 1
4 3 24 19 93448 1
20 29 9 27 52606 1
17 19 26 13 44431 1
0 16 23 9 92519 1
20 23 26 7 59452 1
28 6 18 0 60352 1
9 27 21 20 54199 1
24 6 14 26 90578 1
6 4 0 27 90404 1
20 2 1 10 77952 1
6 2 12 20 68102 1
19 3 1 5 74547 1
7 16 17 0 77892 1
4 16 22 5 74012 1
16 28 23 18 49614 1
17 25 13 10 76401 1
27 13 29 24 40532 1
6 3 15 15 59670 1
12 13 2 15 38125 1
25 16 16 21 42596 1
18 0 24 12 62147 1
25 29 16 17 51597 1
11 25 24 6 96031 1
16 25 6 23 39040 1
10 23 7 4 57963 1
7 19 20 26 62149 1
2 17 16 13 57568 1
6 6 21 10 57027 1
28 18 10 17 49042 1
1 13 14 10 66856 1
2 25 0 6 82285 1
21 13 28 27 55867 1
11 0 14 9 37179 1
20 15 25 20 27678 1
1 11 17 11 62292 1
12 29 1 13 85476 1
16 22 28 23 44568 1
2 7 10 29 76847 1
22 4 22 21 52954 1
2 18 13 3 66882 1
20 11 9 12 49665 1
5 24 25 4 107228 1
2 18 29 10 95583 1
9 29 2 21 53061 1
29 20 24 9 60621 1
18 20 11 10 47117 1
27 6 16 18 61903 1
28 14 2 3 111185 1
14 6 19 18 58300 1
13 6 3 27 84224 1
23 3 10 15 70228 1
18 10 23 1 50815 1
21 28 4 2 103741 1
26 2 6 11 90719 1
4 15 25 25 73890 1
6 25 18 13 68967 1
26 8 10 9 54486 1
5 5 11 0 30052 1
4 7 15 25 77675 1
7 15 25 21 58977 1
0 2 16 6 70876 1
22 12 22 25 41244 1
0 20 29 25 104637 1
28 13 4 25 95510 1
6 14 15 18 39445 1
21 6 26 25 63016 1
6 0 12 28 99260 1
20 26 11 29 50804 1
15 9 2 19 72282 1
5 25 26 16 74748 1
19 25 1 0 125112 1
5 4 29 1 95836 1
11 10 3 2 41699 1
16 9 28 14 74088 1
10 1 29 6 73826 1
15 15 28 21 58983 1
28 5 16 10 66447 1
6 16 27 16 61917 1
2 19 9 28 49865 1
25 8 11 8 45308 1
28 14 1 12 104610 1
24 16 7 6 82071 1
24 18 29 8 46151 1
6 12 22 24 73685 1
10 6 4 29 74787 1
5 17 18 23 56251 1
21 28 4 1 106045 1
8 1 1 19 68374 1
24 18 4 26 72636 1
29 27 16 14 80121 1
4 16 17 29 79944 1
19 25 16 1 94446 1
12 5 3 17 55739 1
7 29 3 17 49233 1
1 25 2 15 52930 1
21 2 11 14 55361 1
27 5 3 27 125645 1
6 14 6 25 40351 1
8 29 9 2 70501 1
5 16 18 19 40826 1
14 13 2 26 71959 1
3 13 27 28 96284 1
6 0 17 22 105634 1
29 1 25 7 32901 1
14 24 13 6 67050 1
20 11 13 20 50375 1
23 13 15 29 75814 1
1 21 1 8 67539 1
13 11 23 2 67096 1
15 23 28 11 76161 1
11 2 17 6 36270 1
4 24 2 9 53674 1
4 24 4 13 39639 1
29 8 7 14 89109 1
22 15 3 2 89759 1
9 4 24 23 88371 1
6 8 12 1 39230 1
0 7 22 10 70681 1
23 9 6 13 77613 1
0 12 4 5 36339 1
19 12 14 22 58412 1
29 19 24 7 54748 1
28 1 19 8 52755 1
19 7 3 4 53610 1
6 14 14 6 54631 1
0 29 20 17 93176 1
11 13 2 23 48050 1
10 0 14 9 42793 1
15 21 24 10 70330 1
3 7 15 25 80091 1
7 9 25 17 69278 1
26 10 7 5 77362 1
23 5 0 4 89026 1
29 20 2 6 112560 1
4 25 22 15 72867 1
2 16 17 0 91776 1
6 16 0 10 29633 1
7 1 15 26 93091 1
3 22 16 20 61612 1
14 29 13 13 69208 1
1 2 13 22 93051 1
7 2 13 27 89290 1
13 0 0 29 117471 1
23 10 18 20 48962 1
19 6 29 21 73266 1
18 17 2 23 59208 1
7 9 8 27 47238 1
25 7 8 8 50827 1
27 9 24 28 55134 1
26 27 20 3 78892 1
7 5 8 23 50429 1
25 22 8 17 51717 1
29 27 3 8 115049 1
0 0 21 22 119005 1
3 12 13 26 71489 1
11 23 28 21 64067 1
9 19 5 3 49357 1
28 26 13 1 114568 1
27 3 25 27 68114 1
6 5 20 21 85871 1
29 14 20 15 41624 1
28 16 19 8 60233 1
15 22 18 9 79085 1
5 12 8 29 49277 1
22 20 14 26 44458 1
27 12 16 29 82530 1
15 8 29 13 62797 1
29 6 15 27 102248 1
17 12 6 2 64421 1
8 8 12 17 33892 1
9 4 7 29 72907 1
3 12 15 0 78212 1
19 26 16 11 67063 1
21 25 0 18 69162 1
0 1 29 24 140571 1
0 12 15 5 70683 1
13 12 27 12 57661 1
10 22 25 25 58287 1
14 2 4 26 89784 1
5 26 23 29 80789 1
17 14 29 26 72954 1
19 20 4 24 62190 1
24 22 20 6 64661 1
4 14 18 4 79605 1
14 2 25 9 65797 1
29 2 4 27 136432 1
6 11 25 6 70781 1
17 26 2 23 61017 1
18 29 13 20 53358 1
23 19 13 17 34756 1
7 24 26 13 77222 1
5 24 19 17 55157 1
3 18 28 13 78674 1
14 21 9 27 34833 1
0 22 15 18 58875 1
0 22 17 29 86436 1
12 8 0 21 71350 1
6 28 23 27 78450 1
23 23 8 13 63857 1
14 3 11 27 92285 1
9 9 3 15 35498 1
29 12 9 14 83435 1
5 6 5 21 41347 1
14 28 24 19 66263 1
26 7 13 4 49710 1
29 15 6 18 67417 1
20 18 12 10 50266 1
25 18 20 29 41610 1
1 12 9 16 41502 1
26 21 13 13 64476 1
10 3 20 4 45004 1
20 16 1 18 58618 1
11 6 4 2 33289 1
25 11 4 2 88429 1
0 27 11 14 69357 1
8 18 24 13 56193 1
21 0 15 7 39820 1
27 15 2 10 90090 1
0 20 14 20 58336 1
18 0 1 15 106446 1
19 19 10 3 65991 1
14 8 3 3 48984 1
0 25 11 7 72647 1
18 7 1 29 105083 1
26 13 8 5 83647 1
2 8 27 19 90201 1
15 1 25 29 108555 1
22 5 21 21 46715 1
15 3 25 2 53936 1
0 27 5 16 53306 1
20 12 26 7 30552 1
6 19 19 4 74739 1
7 18 15 11 41584 1
25 21 27 2 60264 1
3 9 18 26 90293 1
25 20 25 10 30220 1
1 11 29 16 98639 1
18 9 28 27 85744 1
20 21 25 15 27949 1
11 20 3 16 33119 1
8 23 27 6 89683 1
25 9 28 22 52810 1
4 1 21 29 108458 1
10 13 12 21 36627 1
24 29 29 6 76079 1
20 10 4 19 74510 1
26 27 28 4 76250 1
18 13 23 26 54894 1
4 24 23 7 91523 1
16 25 17 1 99183 1
17 29 20 2 95729 1
6 27 15 23 38106 1
22 15 10 11 56398 1
22 29 0 21 99277 1
7 1 20 6 60587 1
18 12 25 8 41295 1
15 17 0 12 67288 1
25 7 25 23 50924 1
21 23 22 2 60453 1
19 21 9 4 74414 1
25 19 3 8 81954 1
23 5 12 17 69374 1
20 16 21 26 28430 1
13 4 8 23 57805 1
8 18 18 3 73525 1
25 7 6 24 88896 1
16 23 4 0 93534 1
12 14 24 1 82644 1
12 19 24 10 63669 1
22 8 16 16 44976 1
7 7 0 10 24467 1
29 4 28 15 43015 1
1 3 22 7 74833 1
13 12 26 8 64384 1
5 1 7 28 77412 1
15 26 4 5 87445 1
2 13 12 11 46055 1
29 7 17 18 61639 1
11 15 16 26 54254 1
3 21 20 28 87292 1
23 6 0 22 113094 1
22 0 19 11 50406 1
15 21 1 26 67591 1
12 2 27 6 66056 1
9 3 1 6 38716 1
12 20 23 2 83353 1
5 10 17 8 47838 1
6 9 3 21 48930 1
18 28 13 11 86407 1
1 0 3 25 96900 1
6 22 8 12 35778 1
7 6 29 27 112587 1
25 13 14 25 61979 1
3 22 14 28 59686 1
9 24 28 8 94956 1
28 21 6 12 84397 1
18 7 20 23 54421 1
1 14 21 7 84209 1
12 28 8 11 58770 1
29 29 20 7 80336 1
9 24 14 10 54800 1
5 6 24 0 83094 1
29 13 18 5 62920 1
15 10 29 11 66673 1
17 8 2 2 64902 1
24 19 26 29 31753 1
29 23 14 27 60179 1
7 11 14 7 32009 1
19 4 22 27 73690 1
22 5 10 20 70068 1
16 5 22 12 48243 1
1 7 6 2 26831 1
2 10 14 18 50306 1
1 0 10 22 88889 1
24 19 29 6 59136 1
20 5 22 16 40012 1
0 23 18 18 63300 1
0 21 8 3 76335 1
8 12 22 20 55335 1
0 18 24 1 113416 1
16 29 26 2 115882 1
27 28 6 26 85644 1
19 0 19 11 44486 1
26 8 0 0 107433 1
5 8 29 28 106944 1
8 29 16 11 69615 1
14 20 15 11 53560 1
7 14 4 28 53483 1
11 29 18 14 77365 1
29 0 9 9 89059 1
7 2 5 28 76906 1
22 26 11 3 83583 1
2 11 12 16 42054 1
7 24 1 16 41879 1
28 1 3 21 130218 1
18 2 0 15 99391 1
0 18 20 24 71117 1
27 11 15 5 57854 1
20 2 0 15 98468 1
15 10 9 3 48529 1
14 4 25 4 46576 1
1 1 6 22 83788 1
22 6 5 24 88263 1
23 13 16 0 73656 1
21 10 7 20 61409 1
10 3 10 18 41280 1
20 0 10 10 60062 1
24 24 26 4 66918 1
17 15 7 12 47808 1
9 14 29 1 97937 1
25 10 11 11 60634 1
24 23 19 13 45505 1
21 5 12 24 82968 1
0 13 4 0 54866 1
18 12 21 0 49636 1
4 0 6 18 54002 1
12 0 20 29 103103 1
22 28 6 23 66575 1
22 14 22 29 47114 1
4 20 12 22 44869 1
12 10 4 16 36886 1
3 23 21 24 63440 1
17 3 26 0 56332 1
12 9 6 27 59740 1
2 20 29 15 91045 1
11 16 29 16 61631 1
25 15 14 15 46503 1
20 24 23 0 77758 1
13 17 20 12 42492 1
12 16 7 9 30263 1
15 11 5 19 49565 1
14 22 22 13 54396 1
28 19 12 15 58847 1
6 27 14 12 59523 1
12 11 18 26 75138 1
6 29 12 7 65121 1
3 4 21 4 67180 1
0 18 13 19 40266 1
15 6 2 27 96200 1
15 22 29 0 113551 1
29 2 0 5 112336 1
9 2 3 22 76087 1
11 29 15 10 80064 1
10 3 20 7 40839 1
19 10 18 24 57786 1
6 7 24 17 77677 1
8 29 21 17 60486 1
29 6 26 27 71978 1
10 4 5 19 50842 1
29 9 28 21 47100 1
19 4 2 20 92626 1
16 0 10 5 45484 1
24 5 17 2 45521 1
13 9 10 25 58258 1
13 20 20 24 41604 1
17 27 25 0 113279 1
27 5 4 21 104790 1
1 21 28 28 107934 1
11 0 26 29 101549 1
2 26 18 18 66327 1
23 4 6 6 65753 1
6 8 28 15 90409 1
26 0 7 19 114254 1
9 24 28 18 62582 1
3 3 23 21 98879 1
1 10 6 15 27615 1
19 22 1 23 65339 1
17 17 5 16 42017 1
12 4 1 18 61014 1
26 10 17 23 68245 1
23 6 23 18 48024 1
2 9 12 16 41905 1
4 23 0 10 49847 1
7 1 1 25 87457 1
10 18 24 9 68311 1
23 11 28 23 47771 1
3 12 23 29 99269 1
12 23 23 9 77847 1
17 16 16 26 53866 1
14 18 3 18 26742 1
0 5 15 10 71674 1
8 9 25 18 63839 1
13 13 20 23 60515 1
8 3 17 4 42312 1
8 24 1 20 43070 1
12 18 11 1 43803 1
10 5 1 26 82697 1
9 29 23 14 76048 1
9 12 29 1 90155 1
8 7 23 21 73820 1
17 0 19 27 98100 1
16 15 29 3 80901 1
3 29 8 21 38829 1
27 9 12 12 65935 1
15 28 27 26 53165 1
17 23 4 26 53348 1
1 14 21 2 97469 1
27 0 21 21 80560 1
10 11 6 27 52423 1
24 11 22 19 37534 1
16 16 20 9 43678 1
21 7 28 20 57515 1
9 21 15 6 53212 1
7 18 0 15 31469 1
17 6 16 16 60057 1
21 19 5 22 52539 1
3 9 29 11 88021 1
5 13 25 17 63435 1
10 5 4 19 56130 1
1 29 25 18 96770 1
1 28 1 17 63607 1
14 25 16 17 43239 1
7 1 23 4 74200 1
14 25 9 20 30707 1
9 28 24 3 108527 1
25 5 19 1 40854 1
13 3 26 5 63824 1
8 1 24 20 96433 1
7 2 19 29 109846 1
28 24 1 25 99538 1
1 6 27 17 97191 1
20 27 19 6 66815 1
15 23 27 27 51654 1
15 16 3 14 47830 1
0 26 4 19 47230 1
23 19 9 0 88638 1
7 23 21 20 49229 1
21 25 19 1 71010 1
8 23 18 5 74766 1
26 1 26 15 56441 1
27 13 6 12 86429 1
13 6 11 21 52481 1
29 25 22 4 81333 1
25 27 14 6 83409 1
13 29 27 13 89489 1
4 7 3 28 71772 1
14 5 28 21 89379 1
18 7 26 21 58382 1
29 12 5 2 94982 1
25 16 11 14 51234 1
24 26 6 23 69360 1
16 19 7 21 42490 1
13 25 6 2 82213 1
4 0 1 17 64391 1
29 26 19 17 50082 1
24 19 1 26 89524 1
11 18 10 5 39432 1
8 6 1 18 49396 1
20 15 24 2 53366 1
29 20 28 4 59161 1
8 10 25 17 63705 1
26 25 27 13 38096 1
12 19 24 26 54348 1
5 18 1 0 69573 1
14 20 4 9 57423 1
19 7 3 14 68738 1
17 3 11 15 56334 1
4 11 12 28 68819 1
0 7 23 17 89407 1
26 23 7 17 60834 1
17 6 24 0 54607 1
14 27 25 25 47523 1
3 25 26 15 83847 1
17 12 15 1 70115 1
27 24 16 22 44371 1
24 9 2 11 88846 1
16 13 9 24 52074 1
14 28 24 0 117813 1
8 13 3 18 25596 1
28 19 25 9 43491 1
7 7 5 22 46523 1
23 9 11 2 55770 1
25 28 3 9 93686 1
10 20 19 5 61623 1
2 29 22 2 127975 1
16 6 25 3 53168 1
7 0 16 4 47873 1
7 11 0 21 55144 1
18 25 0 17 80291 1
8 29 15 24 37218 1
21 23 1 27 82836 1
0 4 8 16 56797 1
22 20 2 6 88216 1
25 24 1 9 91319 1
20 9 24 24 55630 1
18 23 11 7 66955 1
29 3 7 9 83900 1
10 23 8 15 26413 1
27 27 19 16 48798 1
4 25 26 17 77495 1
13 3 19 26 96021 1
23 16 28 3 61422 1
3 4 3 19 56400 1
19 25 24 12 51454 1
22 27 11 10 71824 1
19 16 14 2 73592 1
18 26 2 18 72677 1
6 6 20 0 67531 1
5 28 13 19 49692 1
11 2 6 9 29965 1
0 3 27 9 98660 1
29 1 27 22 74790 1
22 24 11 28 54016 1
8 10 0 5 41688 1
4 3 10 12 41501 1
15 22 0 16 67640 1
9 7 16 29 88934 1
11 13 3 3 46211 1
18 4 2 7 61762 1
25 8 20 21 56566 1
10 16 2 18 26425 1
24 23 7 20 62514 1
25 10 27 23 43483 1
16 7 18 15 47296 1
20 1 8 2 52654 1
5 10 13 22 58218 1
2 14 18 17 60173 1
19 19 26 23 30700 1
11 9 23 19 59181 1
4 1 20 20 90637 1
16 22 14 3 88134 1
20 27 11 18 49579 1
29 9 3 23 109981 1
26 29 4 27 98247 1
29 29 17 1 112208 1
18 19 22 7 44560 1
26 18 23 6 52715 1
18 12 6 12 53755 1
27 27 26 17 32384 1
15 20 3 8 66329 1
8 1 5 22 63294 1
2 25 18 4 103894 1
5 15 22 7 67230 1
4 22 8 11 44060 1
10 9 27 10 62591 1
8 19 20 24 49851 1
28 12 8 19 70352 1
15 24 2 21 60978 1
14 5 11 15 36831 1
5 12 17 3 69683 1
23 3 17 23 77512 1
0 0 23 5 106334 1
24 0 18 4 39606 1
8 12 29 16 74029 1
10 15 5 21 29591 1
14 3 25 4 53530 1
8 3 22 18 71200 1
27 8 25 0 37582 1
2 18 25 16 61325 1
4 12 28 5 91553 1
18 5 1 18 83081 1
14 12 20 2 60399 1
20 11 18 1 46749 1
3 24 20 19 66619 1
5 10 15 20 54820 1
11 8 26 29 85343 1
8 6 5 13 25696 1
27 0 11 25 123348 1
4 21 4 5 54224 1
19 24 3 0 111913 1
25 0 9 14 96183 1
2 5 1 29 101651 1
10 10 15 29 76487 1
5 4 25 21 88704 1
22 12 8 28 76243 1
2 26 22 13 90844 1
28 17 14 21 56550 1
5 28 24 16 80692 1
10 15 12 28 49991 1
13 0 19 27 106012 1
8 18 9 1 47396 1
10 20 14 29 42181 1
7 2 19 16 73230 1
14 2 15 22 85278 1
18 23 1 2 108103 1
1 16 12 18 34741 1
11 14 20 25 54792 1
18 21 28 26 49111 1
12 11 20 5 46641 1
21 29 27 22 37108 1
9 27 17 10 74165 1
24 17 7 8 74697 1
19 27 2 24 70064 1
18 28 11 14 71968 1
24 29 19 1 93006 1
25 11 0 12 103088 1
0 16 25 7 88075 1
3 20 22 11 77182 1
3 22 13 24 44570 1
19 23 14 1 98433 1
18 17 29 9 61942 1
23 15 27 25 38086 1
2 1 4 12 50095 1
22 3 10 7 48362 1
2 25 20 4 103780 1
20 13 11 27 80853 1
11 3 7 13 38285 1
1 3 18 1 77254 1
14 8 25 7 36561 1
27 21 12 12 68099 1
3 23 23 4 103407 1
8 0 7 9 27967 1
3 18 6 10 28739 1
29 19 27 9 41725 1
26 20 29 0 76452 1
10 3 26 10 71646 1
6 1 15 13 65176 1
26 12 9 24 72413 1
16 19 5 29 62756 1
4 22 7 6 60590 1
1 25 10 12 63146 1
0 9 26 8 78663 1
25 19 7 18 45526 1
9 27 23 27 67495 1
25 6 0 5 88761 1
26 20 18 13 49129 1
1 8 12 29 90870 1
13 12 0 4 61923 1
16 15 15 5 59955 1
13 14 9 28 49859 1
20 5 0 29 124913 1
18 17 13 24 43797 1
4 23 27 14 81043 1
27 12 28 24 40801 1
7 9 23 4 62435 1
3 11 10 24 52122 1
10 6 10 25 54284 1
8 8 19 1 58191 1
12 14 9 24 37371 1
5 11 15 1 61522 1
12 24 6 17 39191 1
28 11 2 11 101749 1
17 13 12 29 85945 1
0 6 17 29 120581 1
12 29 21 6 97572 1
5 19 27 6 88606 1
2 3 17 0 71905 1
1 4 18 21 94272 1
1 17 27 19 73652 1
28 10 15 23 80754 1
22 18 7 22 48698 1
18 25 4 26 55261 1
21 0 4 12 86380 1
27 13 16 7 50489 1
22 14 0 29 106013 1
24 14 13 20 51463 1
25 2 8 27 113026 1
29 11 13 5 65917 1
25 6 21 20 50849 1
2 2 9 24 76214 1
16 9 19 29 90601 1
8 15 24 14 62570 1
23 17 16 2 74161 1
0 20 25 23 83863 1
11 16 24 25 61221 1
10 12 25 7 53245 1
3 3 21 3 72574 1
24 11 2 22 100269 1
23 27 7 7 94326 1
20 3 7 22 86139 1
16 15 17 24 54235 1
5 0 5 10 26310 1
24 28 10 9 86675 1
3 3 15 12 60476 1
23 10 24 0 50999 1
9 12 1 0 62853 1
12 28 14 4 88036 1
16 28 26 22 52002 1
13 11 25 19 63711 1
7 8 8 22 37953 1
2 20 26 10 101612 1
22 23 19 10 48146 1
10 2 23 5 60599 1
1 1 6 12 53581 1
12 27 7 3 82097 1
21 16 28 2 60529 1
19 15 6 27 66544 1
2 11 15 18 52246 1
13 18 9 29 36501 1
2 0 11 28 104889 1
8 16 2 5 48455 1
28 23 21 11 47977 1
6 7 26 5 64978 1
24 26 0 21 98552 1
0 19 20 20 66194 1
12 19 26 2 91108 1
5 3 26 22 98331 1
10 4 3 26 79147 1
16 10 29 14 73561 1
9 2 19 13 67240 1
2 12 18 24 87568 1
8 27 1 7 66041 1
20 18 2 15 55214 1
24 1 5 1 85317 1
12 14 12 0 43873 1
12 26 2 9 72710 1
22 16 5 26 68342 1
4 28 21 26 70340 1
12 21 19 6 71009 1
11 28 0 7 84067 1
20 16 0 28 97046 1
18 7 2 28 99495 1
3 10 21 5 64018 1
2 22 23 14 89875 1
21 10 29 29 68708 1
27 2 25 21 60264 1
21 9 12 8 37176 1
25 26 13 7 78393 1
26 14 6 12 78504 1
5 3 23 4 72080 1
15 3 13 11 47285 1
14 28 18 15 63943 1
13 21 21 7 62441 1
13 15 18 1 73062 1
5 26 27 20 79038 1
22 19 18 9 49283 1
28 23 16 27 52320 1
10 14 18 19 36908 1
17 24 4 21 57610 1
21 10 9 24 64026 1
12 11 23 12 50277 1
9 22 20 27 54982 1
0 2 17 15 86872 1
5 1 12 4 30440 1
21 26 23 13 41048 1
12 14 23 15 49998 1
24 1 6 20 105267 1
1 23 15 9 84883 1
26 14 15 27 67349 1
14 0 21 24 99165 1
1 14 21 24 79709 1
10 28 18 18 51145 1
25 7 4 7 57507 1
17 14 27 24 59896 1
26 8 10 18 72303 1
0 12 1 23 59220 1
0 0 3 8 50552 1
24 14 8 28 79155 1
29 26 11 21 84780 1
26 28 5 0 113625 1
4 29 24 25 84592 1
21 15 14 7 40232 1
0 3 27 7 92107 1
8 20 24 14 58437 1
16 17 4 23 50810 1
29 9 1 13 108293 1
22 3 27 18 60498 1
21 10 4 21 75504 1
24 29 3 23 91739 1
25 17 5 24 67471 1
17 9 3 11 64053 1
18 16 12 6 51024 1
5 4 24 14 85866 1
18 14 4 21 66168 1
21 10 29 16 46402 1
27 21 0 12 100485 1
13 19 27 4 80213 1
22 7 2 13 77904 1
1 18 16 1 90086 1
10 24 22 20 53824 1
27 4 15 10 58914 1
6 12 28 8 83408 1
27 3 20 15 54376 1
28 4 17 7 43037 1
19 17 23 24 29120 1
16 11 29 27 86838 1
29 25 16 7 85317 1
20 5 2 13 81897 1
4 4 27 28 113267 1
25 23 13 16 48919 1
1 0 14 20 98885 1
10 25 26 4 104955 1
28 13 20 9 47768 1
8 29 6 8 59557 1
3 8 7 16 32563 1
25 26 5 21 72779 1
5 0 23 16 92266 1
17 11 0 11 63415 1
18 4 12 15 57624 1
16 6 9 22 60373 1
19 0 3 20 103398 1
14 3 19 11 54766 1
5 14 9 3 42009 1
0 14 28 14 101025 1
19 4 11 11 41002 1
6 29 21 25 64197 1
29 13 19 20 48772 1
2 24 11 12 54555 1
16 12 11 18 40332 1
15 3 12 20 72191 1
8 27 21 25 53318 1
10 19 16 25 37429 1
3 16 17 17 47289 1
18 28 7 1 111839 1
15 12 8 2 48397 1
27 10 10 10 66759 1
2 29 22 25 88750 1
6 28 14 18 42659 1
20 16 24 1 60550 1
29 6 7 24 103411 1
25 11 9 4 72748 1
14 4 5 8 41182 1
15 9 1 24 87923 1
8 13 25 16 58352 1
27 26 4 19 82333 1
27 14 21 8 42368 1
10 29 13 1 85291 1
22 23 28 19 30691 1
27 7 9 17 70152 1
17 28 28 3 106261 1
18 14 4 3 77597 1
10 25 9 7 53490 1
10 11 7 23 40441 1
26 0 23 9 53948 1
19 3 27 14 61178 1
10 23 6 9 44904 1
24 9 5 2 79003 1
24 13 23 28 40981 1
12 9 5 23 54379 1
11 6 5 26 59908 1
12 18 18 11 50191 1
14 2 26 3 60947 1
13 16 21 21 34868 1
1 13 22 23 85826 1
1 24 21 18 68726 1
26 14 1 2 113574 1
13 22 3 19 49749 1
25 0 4 12 104245 1
24 4 14 14 75925 1
13 13 26 26 74262 1
1 20 14 22 65034 1
10 9 1 17 51634 1
0 22 20 18 71463 1
13 17 7 21 32000 1
3 20 29 9 105681 1
3 20 26 29 90556 1
12 19 0 25 57949 1
2 11 25 10 91731 1
25 24 12 1 92214 1
27 3 10 5 68055 1
12 20 3 17 37596 1
26 16 20 23 34479 1
9 28 21 6 84496 1
23 2 20 14 47932 1
9 15 24 5 78574 1
17 29 0 12 111185 1
28 11 15 15 65029 1
0 20 7 1 78337 1
9 23 28 3 104058 1
9 23 26 16 58002 1
16 2 7 8 50788 1
6 16 29 14 76780 1
1 9 21 14 77397 1
15 24 10 12 55346 1
18 7 12 27 83819 1
20 4 25 16 51266 1
14 14 26 29 76237 1
20 18 11 3 58775 1
24 15 2 11 87683 1
2 16 24 12 80995 1
8 14 25 16 55207 1
20 24 29 2 88066 1
20 19 12 6 62709 1
6 15 3 4 41644 1
20 0 17 23 78425 1
20 27 5 3 101550 1
26 13 8 1 93736 1
10 8 29 2 73964 1
12 27 1 19 64909 1
1 28 4 6 84994 1
12 17 20 0 71881 1
5 19 10 6 45058 1
9 26 10 7 50789 1
21 4 6 14 75237 1
19 15 9 7 53767 1
25 9 19 0 49232 1
17 21 2 15 68568 1
3 19 28 18 69442 1
16 11 23 4 52785 1
20 19 8 8 58940 1
10 3 5 12 39750 1
