3631 4263 3775 3956 4466 3790 3871 3800 3875 3879 4284 3962 4447 4041 3558 3534 4243 3807 3934 4012 4057 4506 4093 3732 4020 3829 4493 3572 4310
5516 5590 5968 6020 5228 5485 5087 5956 5291 5716 5456 5710 5440 5846 5675 5773 5757 5936 5178 6078 5234 5398 5598 5889 5606 5639 6115 6106 5221
3046 2807 2437 3104 3427 2710 3369 3401 2611 2861 2918 2745 3071 2596 2514 2691 2863 2655 3276 2489 3319 3142 2707 3265 3088 3092 2490 3302 2899
6333 6030 5778 5929 6174 5730 5774 5809 5755 6075 5561 6366 5990 6574 5544 6538 6488 5560 6153 5557 6162 6123 6244 5588 6024 6155 5678 6217 5757
2496 3124 2534 2255 2626 2868 2841 3184 3220 2702 2917 2540 2795 2970 2344 2916 3130 2861 2729 2258 3004 2657 3039 3078 2663 3154 2551 2552 3119
7854 7973 7952 8067 8365 7623 8205 8445 7600 7946 7903 8144 7767 8196 8108 8315 7503 7990 8468 8287 7516 7792 8074 7572 7870 8387 7604 8185 8019
7764 8206 8256 7692 8070 8562 8443 7949 8547 8071 8626 8243 8371 8413 7859 7743 8573 8090 7671 7787 7820 8032 8013 8516 8202 7938 7862 8217 8122
7779 7746 7361 7534 7378 7534 7056 7263 7555 7066 6905 7365 7096 7105 6919 7661 6952 7297 7794 7111 6941 6840 7756 7441 7319 7470 7081 7642 7576
3751 4054 4006 3891 4265 4278 4615 4052 4181 4521 4563 4476 4500 3982 3730 3982 4095 3913 3627 3895 4591 4567 3883 4383 3836 4356 4546 4005 4037
2494 1678 1800 1873 2044 2072 1799 2373 2322 1639 2216 1897 1494 2317 1949 2031 2513 2477 2303 2514 1733 1517 1866 1558 2390 1984 1543 1675 2346
3860 3982 3544 3319 3267 3492 4027 4068 3359 4083 4050 4003 3602 3944 4160 4030 4097 3661 3588 3502 3720 3294 4122 3424 4020 3240 3348 3696 4023
5855 5945 5696 5057 5830 5256 5262 6019 5492 5737 5903 5626 5267 5384 5299 5018 5275 5908 5784 5246 5668 5758 5580 5711 5410 5097 5257 5984 5140
5408 5814 5544 6046 5520 5588 6012 6076 5868 5853 5889 6024 5660 6178 6210 6062 5370 5941 5757 5974 5631 5687 6137 5388 5754 6267 5440 5797 6352
6429 6457 6722 6757 6940 6645 6197 6761 6411 6543 6892 6489 6860 7158 6831 6225 6369 7005 6568 6632 6361 6787 6616 6474 6633 6620 6453 7046 6795
3835 4072 3685 4020 3392 3638 3331 4103 3916 3349 3807 4087 3343 4054 4077 3599 3702 4039 3656 3664 3369 3602 3467 3123 3404 3608 3481 4008 3942
3238 2695 3174 2535 2562 2959 2807 3224 2958 2956 2679 3019 2593 2619 2915 2376 2290 2379 2895 2442 2306 2551 3060 2378 2603 3216 3026 2937 2975
8460 8389 8372 7751 8073 8508 7817 8363 7761 8443 8390 8375 8146 8079 7734 8148 7775 7958 8501 7715 8353 7835 8694 8517 8458 8366 8045 7871 8748
2163 2680 2592 2653 2231 2737 2558 2338 2494 3037 3154 2989 2280 2849 2236 3155 2245 2200 2330 2500 2327 3122 2829 2916 2629 2143 2485 2532 2435
4602 3778 3709 4060 3728 4614 3655 3982 4166 4078 4062 4508 3899 4051 3927 4405 3624 3900 4628 3916 3830 4001 4275 4624 3667 3937 4090 3711 3859
4847 5824 5408 5312 5742 5243 5415 4934 5015 5731 5634 5425 5195 5104 5605 5683 5008 5568 4983 4865 4852 5623 5758 4863 5255 4968 5581 5009 5859
7148 7350 7040 7018 7376 7410 7028 7613 7239 7345 7449 6848 7728 7343 7243 7530 7098 7258 6878 7188 7795 6933 7465 7009 7027 7190 6915 6853 7198
6040 6524 6506 6697 6227 6139 6221 6729 6559 6270 6312 5947 6430 5902 6653 6652 6579 6683 6860 6906 6398 6214 5890 6035 6577 6896 5945 6167 6672
2158 2363 1914 1951 2049 2203 1723 1996 1896 1808 2015 1432 1891 2093 1764 1773 1374 1478 2040 1705 2263 2368 2295 2016 1647 1425 2142 1723 2333
1174 1894 1540 1898 2093 1712 1999 2151 1916 1708 1186 1414 2094 1469 1896 2069 1565 1420 1221 1588 1425 1371 2073 1852 1481 1915 1875 1877 2090
4181 3646 3827 3586 4032 3637 3680 3945 3579 3546 3423 3340 3976 4058 3832 3187 3684 3920 3763 3665 3887 3534 4051 3927 3207 3680 3700 3889 3980
5947 6420 6445 6526 5982 6405 6543 6779 6833 6657 6005 6138 6221 6180 6796 5908 6878 5976 6656 6041 5937 6155 6749 5902 6070 6486 5985 6366 6708
7939 7859 8167 8240 7480 7466 7650 7319 7430 7326 7598 7674 7263 8204 7608 7653 7999 8025 7471 7834 7323 7330 8301 7700 8204 7673 7788 7301 8143
4821 4964 4751 4871 4818 4396 4263 4426 4192 4996 4348 4820 4861 4024 4915 4076 4567 4765 4978 4853 4052 4637 4462 4168 4899 4625 4627 4468 4204
3059 3606 3384 3400 3425 3647 3126 3374 3875 3664 3615 3330 2981 2931 3199 3225 3473 3016 3245 3047 3409 2903 3348 3247 3106 3339 2886 3748 3694
4972 4984 4879 4653 5359 4819 4819 4611 5027 5246 4750 4548 4536 4586 5260 5209 4992 4926 4886 5392 4918 5284 4575 5168 4753 4723 5342 4581 5170
2950 6769 3577 1710 3690 7201 3649 5444 2847 7711 6053 8285 4078 7969 7415 2859 5487 2468 6168 4065 1367 2726 8563 2445 8114 3268 3883 5178 8122 2784
2545 6918 3582 1928 3553 7858 4077 4610 2864 8426 5678 8336 4622 7943 7582 2341 5600 2640 6209 4030 2001 2925 7617 2706 8271 3115 4394 5081 8545 2513
2887 6078 3765 1507 3849 8023 3871 5547 2222 8445 5632 8035 4226 8173 7590 3087 5515 2929 6045 3792 2088 2885 7609 1914 8365 2975 3513 4469 8090 2470
2489 7019 3577 2088 3171 7979 3572 4781 2882 8042 5588 7723 4112 8349 7888 2860 5130 2264 6449 3993 1892 2539 8140 2779 8068 2574 3526 5177 7855 2475
2370 6400 3998 2229 3617 7240 4154 5607 2816 8441 5220 7927 4847 8561 7095 2423 5656 2919 6830 3450 1639 3130 8426 2784 7946 3246 4134 4978 8367 2580
2756 6098 3741 1572 2881 7628 3946 5552 2686 8003 6081 7935 4748 7557 7974 3132 5261 2549 6821 3611 2325 3093 7583 2130 8556 3329 3887 4695 8465 3009
2435 6908 3523 1333 3698 7414 4189 5312 2451 8067 5720 8246 4078 8170 7334 3154 5938 2451 6210 4079 2292 3305 7933 2420 8150 2909 3560 4673 7764 2461
3008 6318 4414 1871 2954 7908 3195 4858 2763 8368 5480 8432 4914 7717 7438 2905 5319 2174 6583 4007 1477 3134 8255 1918 8032 3564 4422 4739 7709 3053
2127 6944 4137 1437 3862 7134 3751 5552 2216 8060 5927 8139 4958 7976 7982 2716 5599 2749 6062 4014 1541 3376 8011 2484 8579 3423 3813 4951 8275 2918
2443 6541 3639 1685 3256 7857 3936 5211 2280 8140 5950 8168 4706 8526 8076 2850 5743 2775 6691 4164 2225 3164 8367 2117 8673 3053 3656 4444 8403 2763
2412 6560 3547 2059 3750 7528 4054 5531 2413 8632 5810 8097 4190 7615 7075 2643 5013 2951 6428 3363 1668 3343 8375 2437 7972 2951 3451 4850 7788 2861
2723 6472 3936 1890 3724 7435 3529 4618 2645 7889 5843 8439 4190 8460 8083 2856 5062 2404 6632 3523 1632 3287 8467 2144 8661 2967 3484 5217 7756 2231
2166 6973 4134 1328 3477 7169 3974 4971 2547 8410 5320 7785 4166 8448 7697 3222 5330 2698 6425 3952 2350 2757 8400 2486 7960 3212 4231 5288 7799 2792
2838 6291 4356 1753 3667 7650 3514 4825 2623 7837 5052 8057 4488 7912 7840 2829 6020 2245 6302 3972 1601 2385 7635 2344 8263 3055 4371 4345 7774 2190
2866 6194 3421 1911 3579 7888 3919 4758 2003 8576 5131 8419 4567 8230 7139 2929 5195 2988 6767 3414 1427 2638 8101 2338 8408 3330 3980 4840 8419 3097
2298 6341 3673 2300 3164 7538 4066 4924 2121 8506 5753 8424 4484 8255 7325 2453 5845 2538 6782 3641 1979 2398 7982 2344 8660 3507 3502 5016 8657 2380
2540 6770 3753 1914 3551 7636 3465 5579 2691 7981 5147 7578 4060 8458 7970 2429 5183 2347 6495 4035 1474 2558 8174 2691 8293 3152 4375 4852 8006 2217
2499 6562 3735 1916 3626 7536 3724 5168 2423 7907 5642 8462 3958 8049 7266 2605 4985 2135 6035 3779 2298 2837 8525 2127 8054 3019 3971 4596 8052 2584
2997 6457 4269 2206 2994 7571 3872 5608 2585 8151 5638 7732 4865 8145 7195 2922 5203 2405 6089 4149 2069 3277 8164 2769 7821 3025 4365 4583 8021 2628
2345 6662 3838 2305 3597 7308 4153 5383 2744 7690 5047 7678 4943 7659 7454 2604 6022 2496 6723 3291 1719 2955 8573 2561 8273 2580 3662 4854 7719 2267
2642 6255 4430 1838 3724 7950 4228 5186 1955 7804 5964 7490 3995 7687 7309 2485 5749 2567 6557 4104 1877 2713 7611 2454 8111 2797 4219 4697 8421 2227
2213 6768 3975 1923 3241 7622 3742 5383 2090 8121 5056 7716 4510 8399 7138 3004 5318 2082 6667 3865 2008 2446 8505 2315 8799 3184 4041 4798 8198 3071
2139 6147 3434 1513 3454 7641 3829 4967 2389 8093 5448 7875 4015 8582 7252 2587 5274 2751 6742 3282 1954 2827 7713 2753 7857 2877 4237 4521 8619 3124
3000 6328 3820 2252 2974 7712 3686 5519 1931 8096 6018 8259 4698 8034 7638 2541 5975 2853 5991 4162 1570 2982 8351 2603 7978 2609 4118 4646 8395 2636
3133 6960 3909 2011 2937 8057 3530 5542 2587 8018 5541 8377 4617 7695 7457 2904 5352 2619 6095 3601 1826 3271 8181 2614 7876 2623 4034 5181 7752 2938
2357 6270 4419 1698 2953 7074 3744 5514 2055 7729 5758 8453 4377 7556 7569 3217 5089 2541 6387 3808 1630 3273 7583 2197 8078 2890 4306 5126 8403 2840
2463 6040 3442 2267 3893 7885 3532 4947 2412 8674 5523 8112 4186 8275 7184 2511 5304 2866 6061 3642 2066 2475 7663 1947 8798 3547 4086 4733 8444 2846
2413 6341 4105 1641 3314 7680 4039 4890 2774 8254 5317 7548 4801 8412 7191 2596 5775 2144 6140 3251 1677 2701 7825 2083 8170 3280 4181 4805 8637 3055
2725 6294 4062 1884 3171 7078 3518 5570 2074 7828 5298 7813 4218 7771 7457 2698 5339 2689 6585 3989 1545 2556 7851 2779 8207 3163 3643 5114 7739 2837
22 16 28 25 31020 1
21 16 5 12 63937 1
25 20 16 18 26646 1
7 11 14 4 45169 1
14 27 18 11 55031 1
13 4 11 26 66322 1
1 11 26 12 88067 1
1 13 28 18 81623 1
15 16 7 4 48643 1
21 10 4 11 61651 1
2 25 29 24 76053 1
8 6 16 1 32576 1
27 14 2 23 71777 1
26 26 19 18 39981 1
25 0 18 9 35716 1
19 19 7 16 42757 1
23 6 19 29 49963 1
6 9 12 27 68728 1
19 22 25 0 58094 1
8 5 24 17 63880 1
1 4 3 26 71876 1
28 3 12 8 45086 1
1 14 20 16 66165 1
0 13 21 14 72556 1
19 21 2 27 56277 1
10 1 25 15 59363 1
8 13 18 27 59669 1
4 27 22 9 71998 1
12 20 2 4 56499 1
0 21 21 6 73736 1
27 17 11 13 57385 1
14 7 3 29 75391 1
8 26 13 5 66843 1
2 12 17 3 53295 1
2 9 10 18 45461 1
23 29 15 18 36674 1
23 13 25 23 21314 1
2 11 25 24 80423 1
19 15 26 7 36255 1
13 25 25 0 74801 1
8 10 29 7 61841 1
4 28 27 20 64223 1
28 23 15 11 55219 1
14 26 12 18 36255 1
14 22 12 9 53560 1
16 5 10 13 47421 1
14 5 27 28 83042 1
4 16 24 20 48103 1
25 7 7 19 66567 1
2 14 3 1 44135 1
15 10 3 16 53530 1
6 8 5 25 55391 1
17 22 7 28 45870 1
10 18 26 13 63483 1
13 21 4 7 55701 1
27 12 6 23 69419 1
22 5 19 20 32795 1
13 2 6 5 33734 1
7 3 13 11 43200 1
28 0 4 2 55491 1
25 2 15 6 33240 1
0 13 11 16 43587 1
12 23 19 17 30108 1
5 8 17 12 41113 1
2 2 26 3 46976 1
18 21 0 18 44088 1
22 26 5 13 73384 1
3 29 21 2 94515 1
2 27 24 13 78055 1
13 21 6 2 62643 1
17 2 27 11 46667 1
12 8 2 26 64000 1
0 3 12 11 50784 1
28 4 12 15 64874 1
29 7 10 2 56697 1
4 0 4 15 41416 1
25 16 8 18 51462 1
22 6 4 11 56610 1
28 10 11 5 62835 1
5 8 14 24 55555 1
16 2 26 8 34472 1
5 10 27 23 82465 1
14 19 25 8 44533 1
11 14 5 23 36698 1
20 6 0 14 78837 1
13 3 11 28 70171 1
12 22 9 3 52676 1
27 8 21 3 22274 1
10 29 21 16 55617 1
7 29 16 28 33033 1
27 7 0 29 100113 1
19 19 18 1 56505 1
4 24 24 15 56615 1
1 0 17 27 91512 1
12 19 6 13 45421 1
16 18 5 22 45164 1
27 3 11 6 47135 1
26 28 10 21 60292 1
8 21 15 11 39540 1
17 19 28 4 56754 1
25 14 3 14 73393 1
12 12 18 8 32068 1
25 9 18 21 44354 1
7 8 1 25 61664 1
22 26 6 2 81130 1
14 11 0 1 57454 1
23 10 12 1 45742 1
20 11 4 1 69707 1
8 25 14 6 58101 1
6 12 19 29 73903 1
1 21 18 18 44696 1
27 24 15 17 41492 1
19 15 20 2 41233 1
11 2 14 19 57749 1
6 22 16 5 76291 1
24 23 15 4 55321 1
15 26 2 12 62426 1
17 19 26 28 46941 1
9 14 3 10 35433 1
28 21 25 4 45590 1
25 6 2 11 71301 1
17 14 27 3 48207 1
22 10 18 16 24615 1
8 26 6 3 55335 1
16 5 28 15 54907 1
29 17 17 5 52848 1
1 8 24 5 65629 1
18 24 28 3 61613 1
3 4 22 26 82101 1
27 18 2 17 64878 1
3 1 29 3 58877 1
25 22 23 13 25061 1
1 14 19 5 79185 1
27 19 18 15 33087 1
9 15 16 19 28824 1
4 19 19 23 39062 1
22 26 2 18 55360 1
3 6 29 27 108487 1
6 13 4 25 49767 1
5 3 18 26 76339 1
28 12 2 9 80399 1
19 13 7 9 57549 1
11 19 23 2 58573 1
29 12 13 28 83119 1
11 8 19 23 57895 1
15 15 0 9 58785 1
6 4 28 10 67672 1
7 12 13 16 33428 1
16 16 10 24 37411 1
18 7 9 6 29900 1
29 20 21 14 29343 1
12 4 3 8 34832 1
4 28 19 19 54438 1
7 22 17 9 58414 1
10 2 23 21 59224 1
2 17 16 1 69410 1
10 11 10 21 31204 1
13 25 18 7 60610 1
27 12 3 2 75049 1
6 27 8 4 64776 1
13 1 19 7 40781 1
13 4 22 14 45057 1
9 8 17 0 32436 1
27 23 10 10 68172 1
8 9 8 21 36519 1
7 18 9 29 32258 1
0 8 5 1 36647 1
5 1 11 27 78218 1
5 20 21 12 50590 1
2 17 24 26 62190 1
1 13 16 9 63626 1
4 14 13 24 46286 1
25 25 4 14 65227 1
10 29 17 25 27363 1
8 9 29 18 75861 1
0 7 29 7 79500 1
20 1 9 22 74641 1
1 3 27 20 76997 1
14 18 6 3 50292 1
16 22 12 4 66935 1
6 5 7 24 66500 1
6 21 12 11 48256 1
6 7 22 5 52421 1
6 4 12 23 56288 1
24 7 16 5 35331 1
10 23 14 5 56485 1
19 3 1 19 74568 1
20 27 15 18 41274 1
29 8 5 3 56440 1
0 4 21 25 89623 1
4 11 21 8 50801 1
4 28 7 7 67648 1
7 17 22 0 64925 1
27 28 0 8 107123 1
4 7 10 27 58823 1
12 17 17 4 46382 1
6 20 16 24 34991 1
0 25 27 12 91762 1
0 14 1 3 46013 1
18 9 19 23 48832 1
19 25 27 2 62018 1
24 1 7 3 38855 1
23 7 13 4 33215 1
17 20 23 15 19788 1
4 9 24 26 79952 1
1 24 18 18 55338 1
19 22 10 27 41470 1
1 8 3 28 67943 1
26 3 15 17 49801 1
11 3 19 6 26313 1
28 0 22 26 59877 1
7 15 14 5 43035 1
19 12 1 27 81535 1
18 20 2 2 66961 1
7 5 29 17 83083 1
16 20 29 14 42989 1
28 29 11 18 63692 1
12 4 24 19 58926 1
10 0 23 13 53127 1
14 3 10 19 46198 1
17 20 8 1 59686 1
17 17 7 6 50442 1
25 25 25 1 58522 1
22 10 3 16 66075 1
9 4 19 6 31930 1
2 0 1 19 59132 1
13 23 3 13 51131 1
21 7 1 1 61983 1
13 2 15 17 48444 1
4 26 16 11 68602 1
6 20 1 13 34971 1
26 4 13 22 65711 1
14 4 11 23 58238 1
9 9 18 19 43920 1
1 29 19 24 61635 1
25 29 19 23 26747 1
5 5 12 27 79627 1
18 2 19 24 62291 1
19 18 3 17 46160 1
29 24 12 6 79729 1
16 3 11 8 26205 1
17 19 5 7 61089 1
19 21 25 8 36395 1
28 14 26 27 50981 1
21 27 12 29 34307 1
8 20 12 10 40855 1
23 11 22 24 24374 1
26 0 21 21 49160 1
5 15 26 1 83480 1
29 14 23 9 31494 1
16 6 4 13 51714 1
2 23 24 9 72882 1
4 15 15 22 38928 1
17 1 5 8 40389 1
14 29 23 23 34304 1
21 4 3 10 63528 1
11 25 13 8 50625 1
24 21 5 5 80910 1
27 28 25 10 58904 1
4 2 17 19 63665 1
3 18 16 15 43846 1
15 29 4 27 35626 1
8 15 15 11 31191 1
4 1 24 10 59550 1
24 1 28 11 41772 1
1 8 19 3 49146 1
2 6 0 15 31286 1
14 23 28 12 56376 1
25 25 11 29 43416 1
10 28 11 3 60308 1
22 5 1 25 82531 1
8 14 6 24 38738 1
29 0 20 7 40707 1
19 16 4 0 74012 1
12 24 25 10 63332 1
15 26 0 8 76436 1
6 10 11 29 61074 1
2 15 5 25 35641 1
0 2 1 23 68588 1
18 25 14 14 39683 1
18 29 15 21 28370 1
22 27 1 2 88431 1
3 20 1 1 62998 1
1 13 16 0 70548 1
2 19 2 9 28190 1
15 15 19 6 36413 1
14 10 20 24 57535 1
17 0 10 3 20590 1
27 2 10 7 51940 1
3 23 18 29 49126 1
5 17 13 26 43087 1
13 10 7 16 44813 1
18 19 0 23 47266 1
15 5 23 24 54255 1
5 12 28 24 81965 1
8 23 13 15 31009 1
9 15 15 9 31303 1
25 19 11 8 54537 1
26 0 20 22 58806 1
9 11 20 11 53750 1
28 1 3 23 92170 1
25 12 1 24 79058 1
29 19 0 6 99077 1
6 3 3 16 45109 1
5 4 14 21 60200 1
8 14 20 1 65586 1
22 12 15 20 27542 1
20 26 24 3 52415 1
11 25 29 24 56950 1
1 5 28 12 86559 1
17 3 28 23 57413 1
1 7 23 23 82869 1
10 1 26 11 69825 1
15 6 8 12 33574 1
12 9 2 4 38508 1
0 9 29 3 75200 1
3 4 12 21 60857 1
17 6 27 9 32259 1
29 15 4 6 80616 1
16 20 14 0 60160 1
14 13 7 25 50396 1
2 26 25 2 95939 1
28 16 20 11 40682 1
16 10 6 7 41557 1
20 6 14 12 37636 1
19 3 22 26 49271 1
25 24 6 2 84825 1
14 12 27 17 47560 1
24 22 16 1 61083 1
8 6 12 14 36316 1
26 29 20 1 72522 1
5 13 25 21 71002 1
2 10 7 16 36161 1
22 26 26 12 39518 1
12 12 4 15 33176 1
8 2 24 2 37344 1
29 16 10 25 63331 1
11 25 28 3 80108 1
16 13 12 26 54609 1
13 16 13 6 44673 1
27 22 16 3 58795 1
0 14 18 26 70279 1
5 1 29 0 67740 1
7 28 12 2 76267 1
12 8 28 16 54848 1
26 1 14 25 82042 1
13 18 5 0 62670 1
13 15 0 25 57690 1
24 16 23 4 25366 1
6 10 26 17 74939 1
23 22 2 26 60067 1
27 28 20 25 32079 1
8 4 14 10 31923 1
26 12 0 13 90645 1
29 4 27 23 60035 1
28 20 20 7 42362 1
21 28 22 9 43450 1
9 2 11 24 53014 1
8 12 25 2 59003 1
24 6 16 19 45503 1
12 26 2 6 72117 1
29 27 4 27 82995 1
10 6 10 17 29261 1
12 17 24 21 35432 1
15 2 27 15 51798 1
17 8 14 22 43320 1
10 13 29 9 68751 1
2 7 29 4 67594 1
16 9 24 12 35560 1
1 27 1 2 81504 1
19 14 0 0 83160 1
2 11 2 23 34068 1
21 6 5 3 41186 1
29 17 9 13 59904 1
19 1 18 20 56162 1
6 9 21 21 70114 1
24 2 13 10 47724 1
15 5 5 2 29888 1
14 18 2 7 56927 1
28 3 1 23 89800 1
27 8 14 6 37420 1
0 15 13 25 53675 1
26 13 15 0 61006 1
0 16 23 18 60115 1
29 20 13 25 44975 1
6 2 26 29 93210 1
16 8 28 21 48601 1
20 22 29 8 49688 1
7 13 19 29 72338 1
18 15 5 6 57903 1
24 7 11 19 53056 1
20 26 22 14 30408 1
25 6 1 7 68717 1
8 23 26 21 44832 1
7 8 21 28 79055 1
22 24 17 8 42008 1
4 29 25 13 82903 1
29 2 14 1 42215 1
1 16 1 29 46634 1
15 1 4 15 54820 1
28 12 24 6 31937 1
5 16 24 10 69868 1
5 7 0 0 33577 1
1 12 12 0 56627 1
22 4 5 29 81620 1
19 21 14 16 26300 1
15 0 24 4 28846 1
21 10 4 3 52152 1
29 20 28 3 49582 1
4 4 29 16 80450 1
29 29 6 27 71968 1
29 13 19 5 58471 1
25 2 12 19 65398 1
13 12 5 17 37479 1
14 2 20 19 57453 1
13 1 20 7 46164 1
7 21 24 18 43324 1
16 15 1 18 49791 1
21 20 14 11 40579 1
19 2 12 18 64506 1
26 28 10 23 59410 1
9 11 19 8 30508 1
23 6 19 0 19650 1
23 18 4 4 63828 1
19 1 1 27 104588 1
6 24 19 15 52767 1
29 19 27 7 47743 1
26 15 22 7 24730 1
16 17 2 12 50369 1
2 14 18 16 52012 1
4 11 7 3 27747 1
4 6 11 3 19935 1
3 28 19 3 93500 1
22 3 26 25 47236 1
23 13 2 15 62060 1
14 5 29 4 41644 1
23 18 16 27 37682 1
20 13 4 13 64572 1
27 17 14 9 51113 1
8 1 3 11 45401 1
6 13 20 15 55389 1
6 4 23 11 53184 1
29 28 23 10 54203 1
3 5 22 3 45070 1
9 4 10 29 53335 1
20 14 1 4 79226 1
7 25 29 10 85318 1
8 23 28 13 61643 1
12 7 6 15 36023 1
15 23 26 19 35939 1
28 0 5 4 58795 1
13 9 23 27 61573 1
25 10 9 14 59985 1
13 0 16 21 65723 1
29 7 1 7 78000 1
13 8 29 8 37457 1
26 15 15 13 35285 1
11 5 17 14 47325 1
26 23 3 20 49730 1
14 10 1 21 61739 1
27 20 19 4 47560 1
25 7 13 6 43246 1
6 5 16 18 67469 1
11 4 1 24 71106 1
15 7 6 17 43487 1
18 2 28 17 51687 1
4 0 5 28 86375 1
22 6 6 24 69769 1
13 19 22 18 26232 1
7 13 29 10 82657 1
20 9 8 6 42237 1
4 19 16 7 59469 1
10 21 23 4 55277 1
22 4 28 0 21438 1
15 12 8 0 44383 1
0 19 18 5 78863 1
17 9 25 19 42401 1
2 0 16 16 69872 1
12 6 23 7 38074 1
26 23 8 3 69660 1
8 3 3 19 52401 1
20 25 14 13 49342 1
28 12 17 23 50591 1
4 13 26 11 84887 1
29 17 9 5 70782 1
10 29 20 11 73173 1
16 2 14 29 81204 1
12 26 10 13 44431 1
10 18 29 19 46852 1
6 20 15 10 42420 1
1 17 7 21 27572 1
0 24 18 12 68537 1
22 10 8 22 51568 1
29 4 24 18 48349 1
28 8 8 24 69569 1
22 6 23 29 41613 1
16 16 29 26 55741 1
0 15 7 25 47079 1
10 8 29 19 66481 1
20 26 5 4 89675 1
29 15 0 13 87961 1
14 11 10 25 52183 1
8 9 24 13 54804 1
9 4 7 14 34662 1
15 29 25 10 63557 1
23 5 0 23 78385 1
27 5 2 25 95795 1
7 21 25 18 49419 1
20 11 8 28 75345 1
8 17 9 28 24309 1
17 16 1 16 49623 1
6 18 10 24 31425 1
26 29 17 23 34483 1
4 5 23 18 66454 1
12 15 5 11 40951 1
19 0 29 10 47906 1
24 6 12 2 35840 1
22 25 3 9 82157 1
17 22 25 18 32269 1
29 4 28 22 60886 1
10 7 28 6 53556 1
6 24 0 1 80000 1
26 26 23 14 32334 1
13 5 23 11 43404 1
6 3 2 20 53728 1
7 29 28 18 63925 1
22 13 0 14 68723 1
26 21 0 14 73218 1
5 16 21 27 68001 1
8 6 24 16 58843 1
21 26 28 4 59213 1
27 10 24 22 45660 1
29 5 19 21 58473 1
28 15 9 23 53029 1
23 15 11 13 43608 1
0 23 4 2 67989 1
11 20 0 15 36321 1
25 8 2 16 74829 1
13 17 6 2 52264 1
21 23 11 20 28652 1
22 12 27 19 27820 1
23 17 0 21 51189 1
2 24 17 0 82918 1
25 7 24 26 45078 1
23 4 5 16 72656 1
21 8 8 21 52795 1
29 23 10 3 73347 1
11 20 23 11 37124 1
15 9 22 1 33766 1
19 23 1 20 42785 1
2 16 11 22 38535 1
6 8 23 3 44132 1
25 27 12 11 76951 1
20 2 4 26 89788 1
12 12 10 21 35581 1
3 28 20 20 59147 1
16 10 0 17 63448 1
25 2 15 22 58903 1
6 25 0 12 55851 1
4 16 13 12 40258 1
28 2 19 4 26144 1
19 4 1 20 74898 1
0 22 28 16 72191 1
0 1 20 1 59271 1
1 1 9 27 72070 1
7 11 7 26 54118 1
25 16 5 25 64688 1
15 13 22 4 38785 1
6 5 23 17 71761 1
8 27 7 6 54332 1
20 23 14 7 55679 1
5 8 7 17 33417 1
26 10 26 22 51520 1
17 14 29 21 40717 1
0 6 13 26 82960 1
16 9 9 24 55246 1
4 15 5 25 31581 1
24 4 19 20 38033 1
25 12 5 29 76971 1
19 18 0 21 49250 1
0 14 8 16 30301 1
28 23 20 4 53184 1
27 19 29 4 56548 1
4 11 0 19 34737 1
23 15 13 8 35307 1
8 6 25 27 81695 1
23 23 28 28 27770 1
26 27 5 0 99183 1
14 7 19 29 69761 1
16 0 10 26 72568 1
0 10 23 23 83505 1
10 3 7 22 52601 1
6 11 26 7 77115 1
6 26 8 5 60716 1
23 20 3 10 68603 1
14 16 6 10 44999 1
21 6 12 19 53506 1
4 6 4 18 34420 1
23 20 9 7 54326 1
26 29 22 1 59562 1
26 21 11 11 69352 1
13 22 1 12 60731 1
5 24 19 9 76658 1
24 9 6 13 69414 1
23 18 22 2 30017 1
16 9 15 28 59746 1
17 3 6 27 77627 1
17 26 29 22 41465 1
10 0 17 28 79587 1
9 12 2 18 30994 1
27 16 17 11 41810 1
10 16 27 29 66123 1
0 27 28 3 108152 1
13 2 22 5 28354 1
15 22 10 14 34608 1
5 23 13 7 56386 1
24 14 1 14 73084 1
17 5 15 27 61695 1
14 20 27 29 44024 1
28 10 12 22 68691 1
11 11 1 26 67504 1
11 26 3 7 64724 1
5 3 23 10 46231 1
18 3 2 23 74134 1
11 15 18 8 38180 1
24 4 25 14 34853 1
15 25 11 11 55921 1
10 5 13 19 49760 1
9 23 0 5 65046 1
16 29 2 10 75998 1
21 20 29 6 45285 1
19 25 13 2 74695 1
14 5 29 11 60929 1
16 11 10 23 50088 1
19 5 15 23 60574 1
24 7 4 20 60977 1
18 23 21 13 37651 1
25 1 26 13 52721 1
24 22 20 5 48975 1
2 13 19 13 63834 1
1 17 19 5 76111 1
2 3 22 12 54138 1
14 26 17 7 57096 1
21 17 7 2 62935 1
5 10 15 3 43984 1
17 1 8 24 67928 1
7 6 17 16 50318 1
11 18 28 12 61427 1
11 15 10 25 29448 1
9 19 2 7 44595 1
19 17 5 25 48215 1
29 10 26 2 39153 1
11 12 21 2 56742 1
19 22 0 17 55202 1
29 1 15 26 82507 1
4 24 28 26 69830 1
18 1 24 14 44550 1
7 5 26 28 103121 1
11 28 19 14 65294 1
4 17 29 11 82853 1
19 3 25 18 44197 1
14 16 1 6 60716 1
25 22 6 29 65158 1
29 10 23 22 45782 1
11 28 13 11 68715 1
15 5 25 21 55212 1
25 21 7 1 79433 1
28 4 10 18 73814 1
22 24 19 11 41933 1
5 3 10 19 43696 1
14 8 28 7 36134 1
16 16 24 3 48333 1
1 16 6 29 52203 1
4 20 14 15 35488 1
24 27 28 9 51818 1
26 18 19 3 48787 1
1 29 27 18 81295 1
1 10 3 18 33565 1
8 3 12 21 48426 1
20 28 25 8 55058 1
21 0 18 27 69051 1
27 29 16 15 53395 1
21 24 17 3 56655 1
13 28 12 19 45370 1
22 25 6 4 78788 1
13 4 23 6 31216 1
26 17 17 0 52319 1
29 29 21 20 37073 1
23 15 13 12 38271 1
29 14 6 26 78714 1
17 15 13 27 43545 1
13 15 20 10 40475 1
3 20 14 28 44557 1
6 28 4 20 38036 1
1 10 23 9 64611 1
7 20 7 9 41224 1
10 29 28 14 70487 1
7 2 24 20 67367 1
0 20 5 14 30681 1
22 19 17 7 33699 1
28 8 29 19 40543 1
29 14 1 25 86884 1
14 13 10 26 49049 1
29 13 1 7 94553 1
10 18 20 17 28868 1
13 17 0 27 60725 1
8 18 13 4 47535 1
5 13 13 22 57743 1
25 2 0 10 76595 1
21 2 5 22 83549 1
12 2 26 7 50196 1
15 9 26 16 49808 1
10 2 14 12 42751 1
22 2 24 18 35370 1
8 5 7 21 46116 1
0 14 7 0 62667 1
9 19 24 20 30365 1
20 0 14 22 64303 1
13 21 8 8 41801 1
21 11 5 28 83665 1
27 18 28 3 50683 1
26 16 17 26 47777 1
28 0 9 11 60853 1
1 27 4 5 72439 1
6 28 25 5 96764 1
21 18 7 4 67423 1
16 1 5 17 61298 1
17 20 27 4 52183 1
18 3 27 18 50599 1
4 18 8 6 42004 1
15 0 21 28 77729 1
1 29 16 20 50973 1
3 11 3 0 40979 1
18 19 5 25 42859 1
5 28 23 29 55892 1
7 7 21 16 62236 1
1 6 13 9 45179 1
29 25 27 16 35195 1
24 27 20 6 50262 1
15 20 5 28 46975 1
2 22 19 21 42512 1
15 20 1 18 35854 1
1 29 12 2 85102 1
1 6 3 28 75926 1
23 21 1 13 67987 1
27 21 12 26 54960 1
19 0 27 28 74769 1
25 1 29 14 58952 1
15 7 23 4 28676 1
15 15 25 29 49293 1
6 24 26 25 60673 1
17 0 3 26 87381 1
4 14 11 17 26944 1
27 0 17 5 32146 1
26 22 12 13 67409 1
19 3 17 12 28313 1
14 2 17 25 67619 1
2 14 9 2 45922 1
19 29 0 22 62912 1
24 14 9 7 53307 1
27 23 15 19 32050 1
20 23 27 20 19483 1
3 5 27 4 59682 1
10 23 27 20 40606 1
13 15 22 22 36195 1
20 26 6 4 86794 1
5 25 19 10 73863 1
5 4 14 24 67122 1
0 3 2 21 56258 1
23 25 22 7 32133 1
26 3 6 13 73058 1
25 15 6 4 65502 1
27 18 11 9 65269 1
15 23 14 8 42041 1
27 4 16 24 71314 1
24 17 7 5 70224 1
5 15 17 14 36354 1
28 25 13 29 48110 1
7 21 22 18 36315 1
29 6 19 24 61138 1
22 29 6 12 74087 1
15 9 24 11 34435 1
14 17 24 23 33554 1
22 18 27 26 30195 1
9 23 24 19 36632 1
5 9 13 28 77442 1
25 13 24 29 44584 1
0 22 5 11 48381 1
9 27 23 9 56502 1
24 0 26 16 45313 1
5 29 14 9 70149 1
11 13 15 2 46198 1
29 5 5 21 87064 1
6 14 14 6 50410 1
5 21 29 27 74927 1
0 17 13 5 67831 1
8 4 27 9 54899 1
24 0 10 12 57090 1
28 19 6 17 52765 1
13 13 3 15 42750 1
21 23 2 29 59274 1
12 3 27 9 43937 1
3 0 18 18 74605 1
24 3 25 23 41737 1
28 27 4 13 83654 1
18 22 5 4 70876 1
23 13 23 3 18171 1
29 6 20 16 48887 1
4 20 13 8 44831 1
26 17 11 3 55980 1
28 14 10 27 68147 1
9 18 19 1 61210 1
22 27 21 16 26071 1
28 16 10 7 63974 1
6 17 22 2 62855 1
19 20 13 24 26893 1
17 2 20 18 50655 1
18 12 28 15 39248 1
21 11 7 6 55673 1
17 15 18 2 37181 1
29 6 9 15 69120 1
11 0 10 25 58777 1
7 5 12 11 43600 1
13 13 9 20 37398 1
10 10 7 26 46944 1
5 8 16 4 36602 1
1 16 7 7 47750 1
12 19 2 15 38727 1
15 24 12 7 55665 1
5 21 27 11 76942 1
22 14 3 16 58644 1
8 21 10 8 33061 1
28 20 17 20 20694 1
10 19 18 28 42391 1
6 23 9 12 29536 1
13 12 13 1 50713 1
29 5 26 20 51168 1
28 0 19 16 55873 1
15 6 9 15 34376 1
6 19 16 16 39851 1
25 19 8 12 57673 1
6 25 11 19 28050 1
26 17 10 26 53227 1
6 20 26 22 49872 1
16 2 4 25 75899 1
0 28 20 12 92135 1
15 4 5 1 33661 1
16 8 7 2 36650 1
19 19 26 25 28747 1
16 1 15 21 60724 1
13 16 27 7 58166 1
24 2 20 11 37720 1
14 24 28 17 46008 1
6 18 20 25 57571 1
7 12 20 4 55514 1
2 0 22 13 64319 1
24 28 10 24 50845 1
1 4 10 8 31135 1
8 2 13 28 75330 1
2 25 27 27 80916 1
12 24 21 22 33392 1
2 25 18 27 56452 1
2 3 21 0 44795 1
27 15 23 21 20461 1
24 24 18 13 40519 1
2 29 19 18 64149 1
13 6 20 2 33071 1
27 16 15 15 36338 1
5 3 14 16 48207 1
13 8 8 19 37057 1
19 24 6 19 45490 1
21 27 1 12 83312 1
1 11 5 28 67532 1
13 2 26 7 49612 1
28 27 19 24 37867 1
22 5 21 20 29199 1
14 0 9 21 56120 1
19 8 4 27 78301 1
22 17 15 9 35613 1
3 12 12 24 52591 1
28 7 16 26 66590 1
3 6 11 3 23507 1
25 24 12 25 45040 1
29 1 23 10 35093 1
0 6 5 0 29969 1
14 4 16 23 57513 1
1 29 3 9 68941 1
20 24 27 21 29976 1
9 24 24 7 58377 1
22 7 18 21 34768 1
14 9 22 4 30499 1
11 10 24 14 57470 1
5 19 22 0 76935 1
29 24 7 6 87331 1
20 12 15 20 36047 1
29 15 13 18 51009 1
19 28 6 26 48961 1
22 14 23 26 22008 1
2 26 2 3 67914 1
27 17 12 19 41838 1
25 20 25 9 34293 1
21 16 2 22 55957 1
1 4 3 18 49819 1
16 29 2 23 46239 1
1 3 13 24 70572 1
8 28 19 11 69946 1
14 13 2 22 54060 1
5 15 9 2 37702 1
18 9 4 0 50542 1
4 3 23 7 42685 1
29 28 5 8 100350 1
11 23 6 9 51319 1
5 1 18 4 41316 1
26 3 2 4 47643 1
12 20 21 15 30176 1
19 24 21 14 36391 1
19 3 4 22 69730 1
6 0 17 10 46430 1
26 11 4 5 77307 1
0 1 10 27 76581 1
14 24 13 6 58450 1
13 18 21 10 46206 1
0 22 8 16 37947 1
6 6 17 14 51433 1
23 0 17 13 41794 1
7 7 22 12 49397 1
3 2 27 9 64124 1
14 3 28 21 59403 1
11 23 0 22 30227 1
1 27 18 22 58748 1
9 16 26 1 73604 1
20 24 17 0 67518 1
26 22 5 28 80551 1
20 4 15 26 65743 1
22 4 1 10 65449 1
23 2 12 12 54417 1
4 29 1 22 30114 1
17 10 29 1 50379 1
5 2 15 25 73799 1
1 15 3 5 38028 1
18 29 15 7 64800 1
19 12 14 27 55388 1
27 10 20 13 43946 1
0 14 17 1 73142 1
16 0 14 24 70792 1
19 19 4 26 49335 1
9 16 2 7 37302 1
9 18 12 7 34269 1
29 14 23 2 44803 1
0 18 28 5 92301 1
27 9 1 29 97095 1
22 21 3 12 61979 1
12 26 23 10 59738 1
10 17 12 4 40171 1
0 3 2 21 56258 1
15 0 26 20 58399 1
26 17 2 0 80051 1
25 7 3 18 77834 1
14 8 6 19 47766 1
9 0 29 14 75776 1
12 7 6 12 35438 1
1 11 11 5 52060 1
3 25 26 28 79582 1
12 14 18 29 57027 1
29 15 19 19 36753 1
21 15 16 28 50334 1
21 21 28 13 34425 1
18 2 1 24 86438 1
24 29 24 3 50246 1
10 25 20 13 61620 1
29 19 27 4 55964 1
2 15 6 23 31568 1
8 10 28 5 63284 1
28 12 20 21 40119 1
14 11 5 19 54996 1
14 21 24 0 57181 1
0 5 17 4 41590 1
9 23 23 15 39260 1
21 18 1 8 76211 1
16 21 20 8 40170 1
13 0 3 1 31262 1
25 14 14 29 59277 1
2 15 21 0 77030 1
27 25 3 28 77730 1
9 6 0 12 42043 1
28 28 20 12 57019 1
22 23 7 8 61904 1
17 19 26 22 32706 1
13 24 14 10 50411 1
25 20 12 3 53702 1
17 15 18 6 27659 1
22 1 7 2 39162 1
22 18 0 27 70675 1
1 3 13 0 29681 1
4 9 22 4 52415 1
15 4 4 27 77292 1
18 11 27 13 49575 1
9 22 9 5 35166 1
14 11 19 27 60246 1
16 0 26 27 78020 1
