1790 3518 3471 2509 3869 3303 2182 2482 3717 2554 3445 3887 3835 1837 3132 2270 4411 2715 5745 7213 6133 4748 5724 5355 5528 4822 6487 6230 5393
3839 4675 3867 4023 4093 3421 4873 6687 5354 6966 6460 6466 6650 6399 4890 6083 4934 4435 6321 5823 5080 6939 5385 4497 6408 6767 6345 6607 4864
3141 3674 2359 3334 3682 1215 7870 6575 7838 7339 6727 6731 6623 7895 7636 6898 6244 6367 7665 5429 5870 6856 7524 6626 5201 6257 6627 7896 6940
4050 4394 5374 4060 5119 3920 4315 5291 3630 3768 5732 3280 3969 8376 7598 6530 6684 7260 7267 7040 6240 8065 6095 7920 7683 6627 8076 6957 6068
7849 6263 3614 3268 4445 3997 3994 3683 3280 3794 4910 4263 4091 4883 5037 5394 4942 2975 4685 3974 5120 5422 4262 4073 4748 4671 2893 4309 4011
7075 6877 7462 5150 6772 6034 6633 6751 5487 5814 6842 7045 5830 6354 5916 3792 3611 3736 4411 5604 4655 5405 5740 3454 3945 5180 5310 3599 5980
3214 1239 2866 2477 1669 1803 2709 3319 3503 3605 3455 3563 2577 2359 2374 2459 2412 2738 2552 3639 3355 3722 2502 2919 6080 6595 5706 5355 5986
3383 3067 2619 3868 5076 4073 4051 2595 4489 4618 4844 3199 3387 4750 4726 3995 3981 3355 3727 4412 4493 4648 3044 3402 3348 4028 3341 2522 2696
2619 2708 3153 2090 2379 3738 3172 3025 1345 1421 1676 2961 3774 5606 5302 6601 6862 6356 5940 5192 4803 5102 5417 6861 6157 6033 6295 4880 7306
4385 4031 4106 6067 5442 4495 3976 5311 4968 4127 5307 4138 4716 4147 6512 6545 4116 4180 6234 5873 5004 4095 4047 5447 5630 4362 7390 5290 7484
4837 3707 4916 4260 5120 4974 4606 3998 4139 4754 3557 4344 3372 3790 3934 3911 4218 2623 2704 2825 5224 4488 3904 4919 3287 3038 4539 2748 4730
7332 6361 5591 5988 7247 7328 5897 6842 6751 5195 5109 5408 5398 4904 5404 5005 6134 6637 7269 6045 4901 5310 6030 4762 4807 5060 4882 6836 4769
3905 5391 4604 4209 3709 3515 4376 5414 4756 5394 5869 4964 4854 5989 4305 5726 3509 5338 4407 3797 4250 4708 4556 2501 2487 3402 1986 3180 3239
1767 3148 2508 3608 2043 3486 2458 2238 1387 1548 1724 3058 3010 2832 1688 2792 4283 2346 3416 2612 3384 4975 4787 3650 3405 2302 4060 3820 2950
6220 5923 4027 5553 3238 3700 5346 4737 3159 5121 4925 4350 4353 3363 5579 3238 3565 5569 5331 5603 3648 4237 3420 4420 3327 5456 4747 4399 3234
5214 5665 5348 7064 6621 6087 7661 5069 6121 5180 5072 5911 6970 7454 7132 5711 6685 6685 5677 7590 6765 6614 6418 6161 5760 7269 7222 6897 6236
3204 4890 3382 5036 4390 5332 5688 5539 5239 4090 4821 5094 5532 5630 3923 4918 4880 4560 4267 4406 4420 5714 5028 5742 4744 3874 3539 5507 3974
6800 5738 4633 4886 6964 5705 7061 6417 4546 5361 5827 6291 6101 6434 6925 5807 5764 5976 7028 6124 6094 4308 5146 6621 4128 5412 6457 5039 6393
3855 5115 2376 3250 2460 2921 3360 3637 3759 2210 1585 2392 2132 1507 3428 3451 3468 3878 1627 2376 3043 3476 3824 2968 2949 2775 1606 3812 3986
5096 5437 4791 4137 5597 4851 5303 4372 6295 6293 4859 5165 6281 4353 6044 6273 6374 6656 7094 6476 7903 6452 7258 5820 5908 5758 7901 7498 5666
6159 8002 6398 4240 2964 4110 5076 3537 5298 3012 4355 3507 5284 5127 4942 4868 2673 3833 4364 5060 4311 4767 5039 4317 5051 3779 3027 2878 3672
3132 3546 2518 4243 3545 2810 3422 3767 3940 3308 3940 2975 2574 2173 3008 2594 5138 3838 4284 3306 4247 4311 3130 2849 3699 3041 2937 3621 4822
2926 4911 5508 5521 4257 4219 3617 3949 5434 5228 3880 3416 3693 4376 4860 5766 4877 3544 5533 5625 4403 3895 5735 4826 5309 5806 4666 4470 5019
3967 3058 2158 3599 3106 3809 2674 3262 2852 2975 4440 2556 2620 3851 4228 2285 4219 2815 2765 3535 2980 2756 4387 3603 4237 4184 4403 6590 4413
6097 5516 5802 6105 7644 6846 6387 2944 3757 1861 2716 1680 2704 2853 2869 3156 2259 1805 1891 3878 2005 1451 2514 3068 2276 2777 3295 1520 3824
4094 5670 5467 3966 4663 4887 5923 5012 3966 5944 6143 4331 5313 4109 5408 5302 6354 4194 4751 5703 6279 5238 5861 6089 3030 4577 4319 4646 4438
1726 3149 2868 3902 2972 3108 1847 2550 2505 3483 4023 1781 4770 5778 4634 5585 4680 4664 5271 4831 5209 6638 4986 4356 5352 6617 6067 6825 6363
3972 3886 2673 3822 4709 3056 4936 2947 2589 3132 2594 7322 6365 7958 6987 6855 6916 7217 7019 6066 7678 6776 6225 6003 7690 8356 7836 6512 6025
5449 6672 5162 6237 5004 5659 6069 5632 5731 6131 6933 6182 6034 5382 5856 5581 5347 4525 6280 6728 4321 6345 4987 5575 5522 4607 4803 4692 5666
6282 7808 7782 5684 5998 6962 7683 6150 7277 7717 6984 5366 5636 5748 7654 6948 4458 5101 4209 5763 5992 4813 5872 4578 4987 5133 4410 3664 6315
5953 1789 2822 4508 4432 2414 6803 5869 6605 4380 2395 3577 7738 6605 3476 2557 4963 5280 4364 3149 6042 3573 3576 3630 7460 3799 5426 2152 5955 5100
4244 2322 4624 4855 4458 2178 8382 6832 5232 3302 4739 2814 7734 6114 2106 3035 4356 5005 4044 4633 7032 1150 2189 4451 5599 3467 7580 2709 5587 6655
4702 3515 6282 1518 5531 5565 7394 6908 5573 2628 3829 2366 7364 6046 2932 1908 6248 5073 6598 3177 7811 2687 2500 6992 5903 4925 6040 2523 4858 7011
5921 3832 5467 3905 4933 5579 8143 5842 5682 2347 3453 2576 6346 6756 3410 4647 6401 6904 6056 4340 6734 2297 2248 7056 7032 3859 6235 1718 4995 4711
6494 6273 4912 1437 6308 6999 7065 6803 6452 3873 4055 3697 7330 6469 3716 5649 5324 4492 5887 4258 7776 2528 4309 8155 5656 3745 5531 3434 4790 5292
6047 7195 4015 2509 5807 6604 6432 6007 5033 2226 2829 2471 7466 5877 3740 4751 4328 4906 6211 4715 6030 3399 4677 5581 7893 5813 5332 1933 6744 4606
6307 5540 4386 2682 4307 7032 7063 7437 5634 3326 5094 4309 6931 5108 2935 6810 6799 6415 1238 4702 7103 3061 4062 6942 7273 3243 7599 2737 5764 5935
5350 6712 6108 3800 5135 5863 7388 6708 7007 2835 4735 3739 7398 4342 3616 5700 6377 6501 2097 4612 8683 2691 3392 5646 7638 5002 6505 4129 6899 5150
5764 5071 5617 2676 5054 7208 5935 4980 6371 3452 4438 3458 6300 5528 6921 6612 6374 2064 1700 3609 8293 3555 4259 7436 1854 4327 7482 2371 5755 6767
5295 6433 5084 3546 6289 5439 8108 5310 7281 3721 4023 4101 5617 4173 6697 5682 2182 2938 3693 5197 8164 3755 3883 7215 3107 6234 6417 2502 4988 6043
5153 7293 5385 2797 5758 5092 3134 4794 7025 4269 3707 5044 7419 6626 6617 6925 2215 3615 1672 4961 8395 3322 4071 7698 2980 4813 4987 3716 6803 5733
4811 6512 4142 3824 5600 7025 2873 4743 6979 1977 5169 3944 5180 5001 5140 4734 3318 4641 1550 2953 7872 3353 3574 6535 2060 6168 5798 2823 6085 5075
5213 5599 5065 2269 6066 4901 3464 5806 6741 4445 4425 6152 6575 6230 5915 5220 3341 3753 1830 3227 7146 1155 2967 7351 2136 5514 6348 3563 5570 5390
8134 5815 5667 2467 5967 5989 3648 5281 6000 4431 5312 3690 7201 6697 6324 5510 2879 2370 2583 2602 7005 2320 1771 7837 3024 6934 5336 3103 5223 4707
7189 5013 5612 3714 6519 5659 5192 6981 6989 3114 4480 3883 7249 6277 6933 6171 4046 2396 2599 2684 6039 2922 2478 5720 2752 5846 4165 2205 5395 6094
7113 6508 4649 3579 5760 6640 3942 6804 7157 3242 4524 3530 7530 4694 7401 6214 2165 4368 2585 4233 6698 1612 1257 6349 2428 4800 6411 1438 6825 5330
6469 7398 6025 3946 5893 6594 3574 4848 6764 2083 2832 3677 7708 5119 5121 6851 4146 4486 2566 2986 8445 2590 1267 6029 2406 5190 5741 3427 7009 4937
7710 6500 6267 4049 5246 6029 5112 6764 5628 2401 3450 5134 7600 6708 5691 6444 3472 2115 3051 3669 6901 3458 1242 7487 3596 5738 5521 2743 6064 7173
7038 5008 4881 1978 6279 5784 5357 6474 7286 2680 5337 3641 7744 5884 5053 4574 2464 2681 1797 3996 8142 3452 2948 7466 1793 6538 4963 3615 5303 7701
8004 5130 5241 1393 6750 6089 4335 6107 4953 3583 3811 4766 6394 5558 6310 6687 3249 3400 3706 3610 8203 2380 2100 8181 2682 5523 5986 1453 4718 6073
8270 4940 4546 2859 6940 7013 4910 7157 6980 2848 3127 3485 5211 5262 6395 4813 1812 3164 2886 4001 7269 3598 2140 7543 3667 5165 5674 1848 4854 6576
7078 7379 4386 1659 5227 4688 5030 6932 5393 2195 4051 3757 6548 5230 6333 4906 2880 2709 3714 3753 7863 2029 2838 7903 1654 6383 5444 2896 4194 7483
7170 5386 4374 2518 6823 5268 4033 5692 6075 2862 5034 4986 5387 4871 5635 7099 3812 2541 3686 2693 7739 1949 2436 6821 1453 6285 5036 3295 3048 7522
8643 5647 5472 2680 4694 5271 4886 5887 5874 2791 4692 5294 6878 4207 6903 5547 4045 3125 2516 4986 6380 4206 1751 7590 3604 6317 6308 1451 3551 7889
8669 6530 5734 2059 5220 7197 3487 6793 5137 3090 3019 5601 6901 5238 7203 6934 3614 2315 3495 6679 3571 4309 2489 7111 1395 6553 4287 5753 3571 6137
7201 5566 5564 2228 5967 6157 5266 6421 5000 7800 3192 3531 7180 5482 6381 5725 4411 2409 3079 5851 4383 2478 2247 7303 1256 6340 5275 6254 3486 5964
7422 4840 4664 1613 5231 7184 3198 6370 7206 6873 3102 5228 6209 5645 6434 6616 3064 2470 3256 6579 4406 3702 1524 6096 1057 6207 4472 6066 4556 7358
6753 4798 4017 3995 5880 6783 5064 3303 5631 6721 4168 3667 3991 6544 5726 5579 2556 4390 3017 5676 3760 3654 1544 6171 3658 5110 4185 6413 3642 6818
8892 6762 5737 3617 5666 4821 5120 2747 4909 6544 4892 5121 2176 7054 5721 4887 3308 3385 3781 6808 4131 4686 1501 5621 1197 5447 4680 5683 4343 5959
25 24 4 15 75192 1
8 0 20 3 44718 1
18 29 28 21 49712 1
22 12 1 25 101805 1
1 22 10 16 43345 1
28 20 9 7 99733 1
28 26 7 28 70614 1
21 3 17 14 41134 1
7 26 25 8 95451 1
26 21 21 10 46626 1
15 29 12 18 51251 1
24 2 25 29 84310 1
19 22 4 26 55400 1
17 7 21 17 41619 1
20 4 16 26 82983 1
19 3 9 1 40306 1
26 6 15 25 80488 1
27 20 23 5 55420 1
8 13 4 25 54287 1
21 3 9 4 42488 1
8 29 28 5 122625 1
13 19 1 22 45028 1
6 0 29 26 122812 1
12 4 14 28 80145 1
12 17 26 0 81594 1
13 23 10 9 53146 1
1 13 3 21 44604 1
25 24 23 13 33351 1
3 13 13 7 48627 1
7 19 29 7 92031 1
20 5 17 25 73373 1
7 27 28 28 63353 1
19 22 3 18 57095 1
5 1 23 15 96592 1
17 29 14 19 48029 1
3 1 2 16 62956 1
13 29 9 15 59981 1
26 1 18 12 48965 1
25 28 7 5 113135 1
2 14 12 16 44578 1
26 14 20 20 42216 1
21 29 21 12 59572 1
2 7 26 22 104708 1
10 2 26 27 113890 1
17 17 11 24 36614 1
5 29 12 18 59404 1
3 1 4 17 65103 1
20 19 26 1 68365 1
28 4 7 9 80140 1
24 3 23 15 42652 1
27 17 20 12 35750 1
7 8 4 26 70523 1
18 24 20 10 48303 1
8 6 11 19 52055 1
12 15 2 21 46980 1
6 27 10 12 66462 1
18 11 1 18 76216 1
8 10 3 26 71187 1
21 1 12 15 64349 1
6 24 16 20 41309 1
28 19 11 20 61621 1
25 14 17 16 34962 1
6 26 6 5 68240 1
5 27 25 15 82543 1
7 10 0 1 42937 1
2 24 7 29 34871 1
13 28 25 27 37047 1
15 18 22 3 59529 1
4 0 29 11 111434 1
25 26 28 18 36656 1
7 2 5 24 71128 1
18 25 26 28 27516 1
12 0 27 29 120651 1
14 4 10 12 39419 1
26 3 1 24 125124 1
4 0 27 10 100052 1
17 24 22 0 85319 1
1 8 8 12 31949 1
4 9 27 15 96312 1
14 11 17 3 35888 1
15 13 0 18 73087 1
13 5 21 2 32154 1
28 4 14 29 107917 1
17 11 28 9 46915 1
21 14 23 25 42978 1
19 5 4 11 69909 1
25 2 3 3 67813 1
22 3 12 6 38245 1
1 25 27 14 115378 1
12 18 15 10 33355 1
16 5 4 26 98424 1
9 5 22 7 61927 1
24 28 22 2 75203 1
2 28 18 22 61696 1
16 19 17 2 60363 1
27 0 11 10 73635 1
24 4 3 1 75470 1
16 4 3 9 60264 1
1 19 28 7 110470 1
8 24 6 5 68215 1
10 23 26 1 98606 1
6 29 25 22 69310 1
29 3 2 9 92450 1
10 27 2 5 99253 1
29 11 6 1 95679 1
10 1 17 22 76985 1
16 22 8 9 60849 1
21 15 3 12 74085 1
22 15 2 28 93539 1
15 11 0 12 59708 1
12 26 15 16 40548 1
13 5 28 27 97156 1
7 7 21 22 79133 1
18 6 7 16 66486 1
0 17 24 29 101753 1
3 19 27 3 104888 1
11 12 24 17 58710 1
25 8 6 10 66916 1
21 6 16 21 57385 1
2 11 12 16 50389 1
23 11 14 18 46689 1
4 27 0 18 52000 1
0 11 23 13 88540 1
23 0 20 22 71569 1
19 26 1 15 81071 1
17 2 22 7 34118 1
4 12 15 4 62628 1
7 29 24 2 118670 1
0 6 14 10 58022 1
16 1 0 14 87098 1
24 4 29 19 65928 1
2 11 20 22 70633 1
5 3 28 5 75551 1
5 26 21 28 52537 1
8 3 18 14 55429 1
3 23 21 17 68629 1
21 19 14 13 44788 1
27 15 28 4 54830 1
16 1 17 14 51171 1
22 6 8 9 57441 1
3 9 23 9 61910 1
16 22 3 20 45648 1
7 24 13 29 35847 1
25 13 24 0 53252 1
11 25 2 16 68030 1
22 8 9 20 72920 1
10 21 23 13 58655 1
19 17 27 22 32229 1
13 2 8 24 73342 1
23 26 4 12 87101 1
20 18 9 2 73930 1
28 16 5 2 107409 1
22 9 15 20 54743 1
2 24 1 0 100718 1
12 21 9 12 42984 1
1 21 0 11 41884 1
18 20 25 15 35288 1
18 26 27 16 49657 1
29 10 16 27 81575 1
3 29 10 19 60996 1
22 9 13 22 53894 1
7 19 15 11 43851 1
5 8 13 19 50451 1
25 18 7 12 69801 1
23 15 17 22 34562 1
6 27 4 10 65891 1
13 1 4 5 38909 1
0 0 9 3 30461 1
10 6 12 18 40665 1
12 16 22 14 39509 1
10 25 12 17 35911 1
5 5 6 23 59250 1
6 22 20 19 49665 1
25 14 11 4 72909 1
11 11 27 4 69152 1
21 7 16 29 81164 1
10 6 22 25 81178 1
25 28 23 0 81425 1
1 6 17 16 85203 1
23 6 20 24 58667 1
20 14 10 27 64794 1
28 3 1 29 143646 1
13 14 1 6 67487 1
3 1 1 11 42253 1
13 12 17 24 48346 1
25 6 27 23 60188 1
7 24 0 20 35922 1
5 28 14 26 35223 1
16 8 25 7 38750 1
10 1 21 13 69240 1
23 15 10 6 64032 1
3 28 21 19 77286 1
2 5 14 12 64511 1
18 8 23 16 34681 1
8 11 19 25 75509 1
5 2 3 24 84165 1
21 12 4 15 69343 1
14 4 8 18 50395 1
15 14 1 21 59418 1
27 20 1 4 121781 1
20 28 24 19 33632 1
14 29 15 15 61017 1
6 23 21 19 55607 1
5 27 9 7 77980 1
7 25 27 9 94951 1
12 3 2 15 67284 1
9 18 22 16 38830 1
27 26 1 19 95201 1
23 24 10 17 46162 1
2 9 27 12 87414 1
4 17 15 3 70598 1
16 20 3 14 51069 1
23 2 2 24 122394 1
26 20 16 14 51912 1
17 26 1 14 79917 1
17 26 0 14 83393 1
10 4 26 23 95077 1
15 10 21 16 32826 1
22 8 22 19 40964 1
16 28 25 22 41931 1
21 13 26 18 29150 1
2 28 22 25 71538 1
23 12 9 9 53822 1
0 16 23 18 75379 1
6 17 23 23 55580 1
4 17 28 27 90222 1
26 4 10 23 88687 1
10 8 24 9 47060 1
12 11 1 5 58274 1
2 23 23 21 70699 1
20 14 15 24 47563 1
5 2 28 23 110900 1
4 19 16 24 54294 1
14 18 28 24 48484 1
21 10 11 14 50900 1
13 0 15 24 72485 1
16 27 25 4 91188 1
14 14 10 0 56066 1
0 26 18 1 126599 1
21 17 11 15 39922 1
16 1 2 17 94426 1
3 7 20 1 81848 1
24 27 9 6 97299 1
29 2 1 20 128137 1
1 9 6 2 32722 1
3 6 17 5 68100 1
27 12 11 11 65683 1
18 2 6 29 108944 1
0 11 14 7 55416 1
15 20 6 10 52009 1
11 8 25 0 75685 1
7 21 27 11 85756 1
4 2 23 17 93150 1
10 28 0 16 75606 1
25 27 12 10 81487 1
19 22 11 2 74677 1
2 15 11 20 47002 1
28 20 13 20 48868 1
6 1 9 29 96680 1
25 29 14 21 48153 1
6 14 7 0 42790 1
10 12 20 12 51312 1
11 26 28 21 58088 1
10 16 2 29 74649 1
22 28 3 16 85600 1
19 14 22 29 63223 1
4 23 28 6 115526 1
25 29 8 9 101030 1
3 21 21 4 95580 1
29 12 4 12 97463 1
12 20 25 22 34908 1
23 8 7 16 72750 1
1 4 24 10 88066 1
5 16 26 6 91585 1
26 6 26 28 68370 1
2 12 16 6 65715 1
0 11 11 6 51046 1
26 4 21 21 58492 1
5 22 6 13 30287 1
0 10 6 29 84999 1
20 10 24 16 31128 1
4 22 29 23 72599 1
15 16 23 0 65465 1
21 16 25 6 42790 1
26 5 10 29 103115 1
14 0 15 23 78923 1
11 10 15 20 47619 1
0 11 10 2 55533 1
3 3 10 29 99771 1
29 22 3 22 68975 1
19 4 7 5 49314 1
6 15 12 10 37934 1
2 25 2 3 91670 1
23 9 22 25 49867 1
27 29 15 2 112742 1
3 17 24 24 74828 1
0 26 28 20 97831 1
22 24 1 28 70807 1
26 6 5 13 89709 1
1 12 10 24 71664 1
4 13 27 4 97092 1
27 29 11 10 100841 1
1 21 14 20 38921 1
26 13 27 27 64110 1
12 3 12 23 60601 1
3 3 22 0 68171 1
11 11 5 5 39799 1
7 21 0 7 60788 1
27 24 28 6 63415 1
25 22 5 9 80463 1
13 7 21 21 56766 1
15 1 23 22 87070 1
25 5 29 23 67767 1
9 14 28 16 72031 1
18 1 6 3 46840 1
27 3 22 14 48745 1
8 10 3 16 39109 1
20 3 12 18 61457 1
10 1 1 9 51131 1
13 10 25 27 77062 1
26 9 8 3 67125 1
28 27 1 11 110492 1
16 19 16 3 59715 1
29 27 18 1 99794 1
11 5 21 6 49735 1
27 12 8 3 82621 1
2 3 2 17 58948 1
20 28 19 8 65616 1
23 7 15 12 42329 1
7 8 27 27 114786 1
15 10 26 11 41960 1
12 15 25 27 69970 1
7 7 16 23 74464 1
7 25 18 23 40297 1
19 4 6 25 98400 1
21 25 17 4 72822 1
23 26 28 2 81091 1
15 16 3 23 55345 1
29 15 0 8 118253 1
11 18 2 17 34513 1
15 29 25 10 80792 1
10 14 17 8 47260 1
27 22 22 15 32978 1
4 10 25 8 73204 1
18 6 21 29 74810 1
19 13 1 11 72407 1
3 14 28 3 102108 1
22 2 23 14 42276 1
4 29 12 4 102211 1
10 6 1 16 65787 1
11 19 22 14 48330 1
7 24 15 0 96467 1
3 4 27 13 105220 1
1 2 13 8 51779 1
19 7 3 21 82332 1
7 1 12 6 33762 1
6 12 15 10 43912 1
29 5 21 18 64412 1
12 16 5 5 59639 1
20 11 6 24 74516 1
24 16 12 8 58197 1
27 15 15 1 87034 1
27 2 24 16 46842 1
27 23 23 6 55192 1
21 20 15 29 50609 1
2 29 22 22 78662 1
8 23 3 0 88310 1
12 24 22 2 85133 1
6 25 18 22 42269 1
22 26 29 23 29313 1
29 1 2 8 108500 1
17 15 20 29 52887 1
1 27 29 28 82750 1
26 4 14 25 83567 1
26 6 7 14 84719 1
12 1 6 13 55872 1
18 3 18 26 66476 1
2 0 27 7 93382 1
24 4 16 26 89371 1
5 12 10 1 51255 1
0 20 27 12 111230 1
19 19 2 24 72580 1
3 27 19 8 94825 1
26 22 4 25 70776 1
18 8 27 27 82642 1
16 17 19 4 49190 1
17 4 14 14 52308 1
28 7 16 21 72578 1
3 15 7 28 59596 1
2 16 23 29 99309 1
8 3 5 19 52643 1
17 24 3 15 67831 1
15 20 1 18 58868 1
14 26 9 11 67937 1
29 20 0 15 100472 1
17 28 18 6 67233 1
17 24 21 14 40333 1
19 28 9 19 57114 1
1 5 18 28 110007 1
2 11 24 18 75061 1
29 11 13 12 61116 1
2 8 6 19 45743 1
20 17 7 3 74494 1
29 29 8 14 105394 1
19 11 3 5 72334 1
22 7 14 24 69346 1
10 22 5 2 71872 1
0 28 19 26 62025 1
15 13 10 28 66232 1
23 18 25 5 45881 1
19 9 4 17 66031 1
19 6 8 0 55335 1
20 4 29 11 53094 1
10 10 3 13 34178 1
0 9 11 9 36359 1
0 21 9 20 29945 1
6 18 22 22 46019 1
5 29 11 23 41857 1
4 15 23 12 78670 1
14 15 24 0 79712 1
5 18 21 10 64460 1
21 22 8 21 35129 1
2 25 11 6 90760 1
15 25 20 3 78313 1
17 3 1 27 112996 1
24 23 15 26 38952 1
6 22 12 18 25218 1
18 6 20 19 44040 1
20 6 4 21 86862 1
1 5 8 20 70547 1
4 23 17 29 64757 1
23 27 17 7 75166 1
0 9 14 25 82898 1
14 14 10 26 50795 1
14 12 3 13 54780 1
9 17 22 11 54899 1
2 16 22 6 102972 1
13 19 24 12 50751 1
26 6 10 13 74805 1
10 8 20 0 68360 1
23 29 22 12 57795 1
19 25 28 4 87256 1
23 29 15 24 37503 1
16 28 4 23 55846 1
28 2 5 13 97455 1
3 3 28 1 77544 1
19 15 4 16 57337 1
23 3 12 5 38349 1
6 19 6 5 39428 1
23 20 1 21 62243 1
7 3 1 25 87826 1
1 18 22 16 72661 1
4 27 11 17 55025 1
6 29 9 0 105191 1
17 3 26 10 41790 1
24 21 6 18 51657 1
20 19 11 6 58318 1
25 23 27 10 46930 1
26 7 18 12 37752 1
28 25 22 11 55006 1
12 18 11 9 31533 1
27 16 7 9 81857 1
3 10 26 0 92108 1
29 29 10 24 69307 1
20 14 2 25 90262 1
9 13 4 3 40947 1
15 9 16 21 44871 1
21 11 16 28 63466 1
6 19 14 28 56425 1
24 24 4 24 69656 1
20 24 7 23 41858 1
24 3 11 29 104455 1
3 19 8 12 41431 1
17 27 26 6 76371 1
7 6 28 24 103157 1
27 23 9 13 76612 1
17 24 23 18 34871 1
2 19 22 27 78969 1
7 3 5 24 68509 1
4 17 25 20 66945 1
9 28 27 9 96114 1
9 0 6 22 72888 1
7 13 2 5 48246 1
27 1 21 28 89210 1
4 20 15 28 65733 1
21 0 29 12 58428 1
24 9 13 26 67500 1
13 28 18 21 33515 1
1 18 20 26 83075 1
2 18 8 29 65115 1
1 6 8 12 43509 1
17 12 5 4 67178 1
11 0 2 15 79133 1
2 23 29 14 112623 1
15 5 25 7 56676 1
10 16 27 2 80161 1
29 8 19 14 59273 1
6 6 17 3 41249 1
16 19 27 17 35586 1
26 9 16 7 43111 1
5 13 20 1 89012 1
13 20 11 4 51680 1
4 26 19 16 72784 1
15 25 26 27 44948 1
1 19 4 1 73489 1
16 14 5 27 73751 1
5 16 11 8 46998 1
18 19 21 5 48728 1
2 24 22 8 107748 1
29 23 15 9 70563 1
29 17 25 27 44902 1
1 3 15 20 85318 1
3 14 11 23 54919 1
2 22 25 12 93659 1
20 19 15 29 51364 1
21 23 1 28 72002 1
7 4 18 5 45802 1
14 21 22 25 30611 1
22 29 4 27 59425 1
8 5 18 27 88760 1
26 27 1 17 104481 1
7 1 2 29 108526 1
20 12 6 12 63552 1
24 7 9 10 57470 1
21 11 7 3 65090 1
21 9 0 28 108575 1
5 13 25 1 98061 1
9 5 15 29 98669 1
22 26 29 17 47753 1
20 22 5 12 63426 1
6 0 18 4 49918 1
0 25 13 9 83596 1
26 0 8 5 62453 1
28 14 9 14 83468 1
13 26 22 22 32185 1
6 20 29 25 70393 1
1 11 8 27 70953 1
13 1 21 13 57383 1
26 1 28 25 80332 1
9 15 24 3 80315 1
8 5 26 8 69089 1
19 8 3 15 78894 1
12 26 25 17 51486 1
24 3 0 21 108303 1
27 15 11 19 62007 1
26 10 12 29 82024 1
12 27 28 4 102833 1
27 5 16 15 64227 1
6 0 8 10 30381 1
8 20 25 19 59687 1
25 7 1 6 95918 1
12 6 8 16 43629 1
26 2 27 24 68003 1
9 12 26 7 73481 1
8 25 19 15 60090 1
10 24 19 21 30007 1
20 17 6 19 39052 1
18 5 29 19 72949 1
22 26 1 17 90462 1
8 1 23 15 84671 1
23 9 1 15 87741 1
21 28 9 9 84565 1
13 29 13 7 66267 1
6 14 26 25 73774 1
27 1 22 23 73939 1
2 14 10 2 60329 1
6 21 0 28 45845 1
18 27 12 19 36125 1
13 24 14 1 72796 1
5 12 21 25 75244 1
4 4 3 22 71379 1
8 6 22 9 51983 1
0 7 12 27 92168 1
21 7 10 23 73922 1
11 12 15 29 78127 1
11 14 27 18 63683 1
4 26 12 19 53523 1
16 1 23 7 39862 1
23 10 14 24 62256 1
0 18 12 1 89320 1
3 22 12 0 88060 1
28 18 20 4 65711 1
26 6 3 29 122666 1
21 27 2 26 57908 1
6 26 17 28 42759 1
22 7 27 23 58210 1
20 29 12 22 36722 1
0 7 22 18 87448 1
3 11 18 8 56783 1
1 24 25 21 80001 1
24 4 18 11 38360 1
4 20 9 26 42241 1
1 9 10 16 50544 1
12 26 3 14 62850 1
4 4 20 0 69956 1
8 6 9 25 73547 1
21 20 13 3 67864 1
2 2 5 25 81500 1
16 6 24 24 72684 1
17 23 4 27 50887 1
21 0 4 19 96987 1
11 6 17 2 33813 1
28 12 10 19 77884 1
15 6 12 16 34916 1
17 4 1 21 92480 1
24 5 5 10 77766 1
19 10 14 21 44806 1
25 20 25 4 57368 1
24 29 15 6 90318 1
13 9 28 22 67511 1
18 7 23 15 40603 1
17 3 2 0 53843 1
0 26 17 26 58823 1
16 20 12 28 35249 1
25 22 21 7 49172 1
22 28 29 24 25030 1
12 20 7 7 56106 1
6 28 17 11 85459 1
15 8 25 24 68484 1
6 18 21 26 55900 1
25 16 19 22 28168 1
24 0 12 5 55309 1
29 0 19 1 51638 1
2 28 3 18 58041 1
21 10 12 1 54148 1
21 5 5 24 99070 1
12 12 29 12 70928 1
26 21 23 0 67740 1
1 15 27 18 82898 1
28 19 16 25 56379 1
14 11 20 29 71652 1
4 0 3 22 84025 1
12 6 17 16 39435 1
10 22 15 2 70323 1
29 9 11 11 73169 1
10 18 14 3 46020 1
2 0 19 26 113037 1
25 1 26 13 42524 1
12 27 2 29 42722 1
7 27 15 24 31328 1
16 28 17 3 83808 1
5 12 27 10 81929 1
7 9 26 9 63819 1
28 7 24 13 28384 1
25 18 29 25 31852 1
26 2 8 0 61589 1
4 5 20 28 104656 1
1 11 21 12 76866 1
11 20 0 4 79973 1
23 15 6 27 77512 1
29 2 2 19 120492 1
10 10 24 18 66490 1
0 7 14 23 81350 1
11 5 21 5 48985 1
7 23 9 0 79919 1
1 3 23 25 111750 1
3 24 12 28 45931 1
18 27 7 27 32020 1
11 3 21 25 83673 1
0 12 9 0 62526 1
19 25 28 11 69128 1
20 20 27 13 50095 1
2 19 15 29 81521 1
20 10 24 28 59867 1
17 15 22 6 44004 1
9 29 4 21 47934 1
27 1 13 4 46909 1
21 21 2 14 67421 1
23 6 15 18 55209 1
14 6 12 29 69638 1
4 12 27 15 93010 1
20 2 25 8 37587 1
17 28 11 8 80571 1
6 2 14 28 97761 1
7 19 10 27 39718 1
7 5 27 1 68745 1
6 18 15 16 26107 1
7 9 24 6 63812 1
19 2 3 27 112006 1
18 23 4 13 62139 1
5 26 11 17 48896 1
9 20 15 5 61116 1
7 27 26 18 71467 1
24 23 26 5 51485 1
29 11 9 8 74166 1
7 19 25 29 76154 1
9 14 24 28 78311 1
3 17 28 25 87716 1
6 17 17 28 60635 1
17 3 22 13 49902 1
11 9 22 4 52807 1
24 21 6 11 70139 1
28 21 20 6 67707 1
4 2 18 18 75746 1
11 18 25 28 58827 1
29 15 9 11 91197 1
28 16 27 26 50385 1
27 9 21 23 51867 1
1 15 24 21 79256 1
28 0 6 17 108567 1
11 15 25 12 65117 1
5 9 29 10 78715 1
6 27 6 15 44679 1
13 0 10 21 61729 1
6 27 8 10 65276 1
18 21 1 29 71456 1
3 22 25 14 85904 1
13 12 29 23 68554 1
16 9 24 5 36520 1
18 13 11 1 56186 1
17 14 27 10 43650 1
24 19 8 18 44025 1
23 11 28 6 32868 1
2 16 22 8 95406 1
6 25 25 12 88254 1
29 29 14 21 63348 1
17 11 9 14 45956 1
4 16 6 2 48390 1
11 22 4 18 40138 1
10 10 28 21 85376 1
24 0 8 28 123533 1
6 12 18 3 63324 1
10 8 2 2 43877 1
11 27 5 23 35277 1
18 19 23 4 55549 1
26 7 6 29 110837 1
28 18 2 11 87908 1
13 21 0 21 36526 1
2 3 4 14 47864 1
7 15 22 23 61847 1
29 5 28 28 94426 1
25 10 4 18 80628 1
5 29 19 23 61212 1
21 15 29 7 50620 1
29 2 1 4 87924 1
19 26 11 18 43072 1
12 2 8 15 53936 1
15 27 11 18 41279 1
25 4 0 2 77635 1
0 29 29 21 98615 1
25 28 16 7 81943 1
14 28 10 17 47768 1
1 23 18 11 80637 1
19 24 12 20 26791 1
17 8 16 19 39280 1
24 12 25 0 45918 1
26 1 23 25 75285 1
21 9 4 22 81221 1
4 15 26 13 87140 1
15 1 26 11 63455 1
11 28 4 14 70410 1
18 22 29 6 73458 1
17 7 2 10 63901 1
7 21 24 11 71396 1
9 20 16 15 38155 1
28 9 13 21 75447 1
24 1 17 9 43058 1
1 2 23 2 68266 1
21 29 13 11 71703 1
4 7 0 20 60664 1
26 3 0 5 77700 1
2 13 1 28 85292 1
21 4 0 13 95457 1
11 22 5 9 55808 1
9 26 15 0 100313 1
16 18 7 24 44035 1
0 18 28 24 92712 1
22 3 10 9 51555 1
1 10 9 3 45368 1
12 5 20 18 55230 1
29 2 19 6 43692 1
7 15 9 25 47734 1
2 21 18 7 79068 1
6 7 0 0 29961 1
26 14 24 2 46808 1
17 22 13 28 28797 1
18 14 4 5 70175 1
24 26 19 16 39126 1
5 3 0 21 68711 1
26 14 13 15 56006 1
3 15 22 8 86659 1
12 12 7 7 34527 1
28 12 2 10 95915 1
24 28 17 13 61499 1
0 9 25 24 99165 1
19 9 5 4 60786 1
22 25 22 1 79771 1
14 0 4 28 112206 1
26 4 24 16 38654 1
22 6 9 28 99068 1
22 13 14 28 65682 1
21 26 6 25 52485 1
26 1 8 7 67637 1
14 12 7 4 47970 1
4 20 0 6 61188 1
20 6 5 2 60915 1
12 12 29 1 82986 1
18 18 28 22 32539 1
26 10 14 15 57518 1
6 21 13 27 42481 1
23 13 13 13 48601 1
15 17 4 29 69271 1
7 26 22 19 65859 1
12 16 9 5 45960 1
28 12 11 23 82463 1
23 14 16 20 39714 1
26 15 16 0 78198 1
7 20 22 17 49001 1
6 28 7 17 45890 1
23 0 8 8 66861 1
15 12 28 0 77227 1
26 12 7 5 81113 1
8 6 2 20 61640 1
6 25 14 10 65594 1
8 4 8 19 52561 1
22 3 23 18 49030 1
5 21 14 3 67693 1
5 24 3 6 72029 1
26 15 10 0 97142 1
24 1 17 22 76472 1
5 18 14 1 69963 1
23 15 4 28 87188 1
13 12 26 28 75884 1
24 24 16 22 22304 1
5 5 12 8 42274 1
8 17 29 24 63248 1
10 29 7 18 49896 1
7 26 3 8 68695 1
19 4 11 11 51055 1
6 20 2 26 41345 1
15 15 25 10 52614 1
28 21 1 9 104273 1
11 20 2 24 51532 1
28 28 19 22 41970 1
0 4 6 23 73305 1
0 7 27 8 98105 1
10 24 18 22 23079 1
23 2 17 10 37612 1
18 14 15 5 39297 1
10 5 19 15 53627 1
7 26 13 22 35039 1
19 20 24 15 33034 1
25 6 15 0 55246 1
14 0 2 24 107631 1
19 15 3 3 77764 1
5 22 19 3 89959 1
13 28 13 0 82335 1
25 28 8 19 70720 1
25 17 13 14 43428 1
25 10 4 19 80055 1
8 21 20 1 95760 1
24 29 18 22 33487 1
29 1 3 3 84306 1
21 15 14 3 59375 1
21 12 20 23 42208 1
11 10 3 16 51277 1
6 28 12 1 103596 1
27 18 1 26 96122 1
11 7 21 25 76534 1
28 6 0 11 103455 1
18 1 13 26 83610 1
9 17 0 12 44250 1
13 22 26 11 57911 1
19 13 5 16 58258 1
5 23 1 3 76597 1
14 16 0 7 68511 1
1 10 23 23 91708 1
5 20 8 5 53128 1
20 15 22 6 37986 1
7 25 5 0 81437 1
14 9 17 17 33128 1
26 12 14 18 57345 1
10 28 26 19 65655 1
0 27 27 14 109961 1
7 17 28 28 83028 1
9 13 17 4 64107 1
28 9 17 12 51773 1
13 24 17 5 70731 1
29 9 2 24 131014 1
0 28 27 11 120015 1
2 20 19 20 61760 1
21 29 7 19 67963 1
12 10 28 14 73236 1
5 16 16 8 62565 1
21 17 13 15 31050 1
29 0 25 26 96443 1
20 9 24 28 57274 1
26 23 8 29 69267 1
26 0 6 20 101344 1
12 12 29 7 71027 1
29 28 2 3 132936 1
9 23 5 17 34639 1
5 2 25 27 117012 1
22 22 23 5 50703 1
4 8 4 21 50394 1
11 22 26 9 67730 1
29 24 16 7 77067 1
17 10 27 2 46707 1
11 14 26 8 67513 1
18 25 13 11 51963 1
25 1 23 12 45149 1
21 2 17 8 30004 1
24 29 22 4 74490 1
6 4 20 16 74717 1
26 16 11 12 65072 1
2 3 4 18 60026 1
29 17 13 5 76439 1
8 21 9 7 54275 1
29 1 3 16 126252 1
9 5 1 25 91570 1
4 19 18 14 52914 1
15 28 5 27 35979 1
25 12 7 9 66087 1
19 1 24 24 77460 1
8 28 10 1 102513 1
28 28 11 9 96834 1
1 0 7 7 37658 1
12 1 16 26 87363 1
29 2 7 5 74613 1
27 26 19 7 80405 1
1 19 27 17 78143 1
24 18 2 22 71112 1
16 4 0 26 117005 1
27 24 14 23 33167 1
23 3 13 8 41995 1
23 5 19 18 50250 1
28 2 3 7 90291 1
28 8 6 20 92367 1
2 25 28 28 87805 1
24 2 14 19 76674 1
19 24 11 9 60501 1
0 1 0 25 93583 1
9 13 18 4 61703 1
2 12 25 29 109988 1
15 9 29 3 53712 1
17 27 21 20 32611 1
23 13 16 20 43565 1
13 23 23 28 42516 1
1 11 18 18 59570 1
23 7 6 28 103793 1
8 10 9 29 79759 1
29 0 11 22 110628 1
17 26 4 1 108875 1
21 11 15 17 34859 1
10 25 21 20 42112 1
10 9 13 23 53146 1
10 18 26 8 68982 1
8 23 28 27 70355 1
18 12 26 16 36805 1
27 29 4 13 105616 1
15 29 7 18 61963 1
0 16 1 5 35058 1
3 25 26 28 74682 1
14 18 29 20 55126 1
5 26 0 5 87596 1
0 21 15 26 63871 1
5 10 20 8 57291 1
1 18 27 18 84095 1
14 24 28 24 33401 1
3 22 17 2 93763 1
21 18 23 4 50308 1
6 27 26 10 93883 1
25 16 24 6 34541 1
17 18 3 18 42267 1
2 29 26 19 99090 1
22 12 0 11 84641 1
2 4 7 17 57402 1
24 29 6 19 72032 1
4 24 18 1 106757 1
13 16 8 26 51152 1
13 23 26 20 38425 1
11 25 24 24 38062 1
6 13 6 28 54767 1
1 18 9 1 81659 1
19 18 25 5 59701 1
6 13 11 25 52921 1
8 9 25 2 69229 1
13 11 26 7 50108 1
1 25 18 8 99096 1
29 4 3 21 120089 1
7 20 28 21 63487 1
13 12 8 20 38528 1
24 27 15 13 69792 1
5 25 5 12 51135 1
12 10 1 26 90827 1
24 10 6 10 61721 1
15 8 16 24 61214 1
4 23 6 10 47094 1
8 27 22 1 109331 1
10 27 21 16 56796 1
3 10 9 16 45605 1
1 28 20 22 68164 1
6 26 9 2 83522 1
0 6 24 13 92353 1
5 23 21 4 99161 1
2 25 21 23 69905 1
10 13 4 0 59873 1
23 17 17 13 31894 1
7 14 18 1 74279 1
7 7 9 16 42108 1
