5275 6600 5240 5919 4769 3801 3871 4100 5110 5832 3399 5364 4441 5326 4763 3808 3609 3245 4036 3043 5611 3453 3160 4039 4014 5286 3952 4481 3819
8361 6883 8207 7338 7533 6407 7773 5674 6701 7066 6251 8329 7146 6379 6606 6482 7328 5962 7146 7187 7035 7938 8391 7887 8277 6321 8492 3262 3220
4148 4173 5752 4402 4232 4950 5293 6189 5631 4402 6520 8268 7127 6204 5861 7208 6646 6556 7271 8518 8229 6498 5741 5945 7065 8538 7605 6608 6589
2314 4566 2150 2725 3951 2985 6942 4935 6937 4122 4663 5074 4424 5357 5413 4247 6062 4651 6972 6299 4570 5129 6740 6072 5294 5766 5708 5858 5262
3448 2026 3432 3665 3810 3771 4346 2983 3507 4046 3719 4414 4579 4117 6406 3734 6288 5736 5537 4440 4120 5605 3746 3799 3812 5419 3915 5447 4910
3661 5553 4785 4664 3354 3098 4889 3497 4823 3696 5794 3231 4044 5447 5703 5389 3611 5009 3383 3308 3601 3919 1990 2400 3529 1631 3006 2063 4368
4240 5353 4227 3965 5214 5827 5573 3445 5706 5846 3909 3868 4928 5414 5096 4282 3644 3613 5346 4653 5808 5987 4532 4501 4371 5318 4104 5737 5440
2751 3487 3005 2714 3226 2691 2621 1471 1890 2247 7845 7895 7061 6369 5878 6779 7134 8312 7816 8261 8221 6623 7709 8668 7593 6522 7282 5958 6408
6020 6671 4153 5129 4769 4995 5448 4898 6282 5947 6198 6432 4897 6503 5569 6453 6133 4686 7320 4659 7049 6763 7390 4770 5675 5396 5400 7290 5014
6857 6384 7052 4896 5979 5419 4704 6601 5379 6478 6150 6445 4561 7094 6455 4871 7104 4842 5542 4235 4972 3027 4452 2818 3669 4237 2134 4347 2809
3201 3018 3422 3023 4034 4063 3096 4570 3970 3008 2782 4044 3445 4645 5078 3307 4836 3868 3262 3978 2365 2412 8948 7527 8853 8928 7629 6251 6250
7207 7357 6555 6055 7307 5564 7767 5511 7638 6262 7164 7671 6028 6247 7583 6176 6369 4660 4131 4939 4447 3309 3607 3969 3063 2770 3689 2822 3260
4037 4184 1643 1751 3990 1676 1715 6935 5561 6949 6543 6811 6915 6681 7063 8093 7087 5559 7109 7529 6665 7126 6926 7200 6102 5787 7582 6209 7560
5418 3010 2882 3604 4886 5606 3381 4783 4223 4515 4495 4199 3794 4701 5555 3770 5342 3315 3512 3156 6647 7077 7278 7533 6399 6839 5353 6509 6029
5228 5486 5200 6877 5877 6866 7340 6652 7069 6223 5705 7429 6468 7526 6821 5978 6490 3941 2414 3062 1609 1741 2240 1660 3264 3371 1542 2076 3793
6410 6940 7021 4669 6645 6222 6005 6407 4579 6202 5317 4246 6309 6279 5555 6212 6869 5128 5684 7210 6527 5937 7183 6766 5967 7494 5960 6202 6109
2058 2146 3642 2276 2502 3934 2038 6786 6402 5611 7754 7208 6339 7225 6790 7364 7961 7566 6975 6796 7400 6834 7225 6938 6237 7870 5285 6060 6542
4016 5305 3650 5088 6112 3842 6042 3373 3483 5949 5477 5032 5695 6083 5592 5042 5404 4549 3593 3883 4695 4181 4195 3499 2855 4698 3039 4804 4033
6027 6841 4941 5351 6060 5218 7031 7205 7070 6526 5524 4936 4768 6015 2252 2245 4187 3787 4339 2347 2174 3645 4557 4564 3138 4255 2970 3798 2369
6910 7881 7014 6325 6459 7467 7383 7579 5825 5959 7275 7327 7333 7613 8071 6331 6391 7293 8376 7729 7006 6303 8467 8042 8371 5973 6459 6473 4524
7120 6403 6704 5984 5352 6522 6015 5392 5919 7493 6710 7028 5751 6726 7598 6488 6371 7004 7151 5388 7814 7248 6322 5753 6969 4728 6359 4637 6429
5651 4471 3484 6154 2045 3415 2268 2493 3671 3701 1590 3515 3819 1622 1975 1931 1809 3260 3969 2792 1721 3469 2247 1409 1511 4050 1568 1775 1702
6725 5766 4771 6852 4665 6407 4850 5916 7299 5992 5676 5399 6908 6258 7245 6404 7369 5905 5159 7373 7448 7468 7381 5530 7919 6942 5980 7014 7579
5292 5614 6000 6327 6287 6767 6876 5613 5785 6414 7769 7423 6288 7363 6205 4630 5101 3679 4667 5174 6119 4626 4472 3625 5386 5024 3595 5227 4604
5954 4002 4973 6250 3813 3743 3678 3933 5623 4375 4976 3552 4794 4820 3868 6091 5925 5065 3996 5908 4109 6352 4688 6300 6701 7797 6138 7118 8079
3413 3337 2669 4865 5431 5397 4442 5356 5978 4898 5832 6345 5549 5022 4891 6523 4353 4671 6073 4361 6330 6324 5336 4958 5545 6528 5365 5061 4987
4975 6690 5286 3943 4239 5915 5248 4183 6469 6553 5203 3206 4074 4054 3889 4931 3711 3130 4030 3154 4487 4329 4655 4271 4291 3897 4436 4602 3605
5853 4596 4051 3879 5072 4283 5043 5411 4428 3751 4564 5509 5534 5929 4637 4009 5870 4178 4651 5743 3580 4632 4852 4625 4771 1716 4364 2996 2796
4762 5896 4118 6276 4500 5870 6321 6335 4607 5564 6319 5248 6424 5938 8166 7366 7380 7020 7270 8018 7423 6894 6699 7857 8145 5645 5976 6505 6854
1738 3854 2505 2070 2580 3675 2448 1340 3377 2153 3973 1794 2403 2200 2132 3725 3506 3803 3707 3698 1852 3237 4065 1340 1381 2382 2268 3733 2549
4329 7859 3387 3950 5172 3178 5090 4051 4544 5147 5300 7789 7278 5545 5611 2939 6858 3403 2813 3430 7445 2809 4111 3969 4107 1776 7263 5133 3825 7786
5919 5672 3990 2888 6588 3798 6617 4826 6208 2781 6811 6665 6132 7305 3492 3060 5949 3647 5547 3076 6685 4318 3951 5053 4312 3327 8846 5064 3102 6698
5686 4289 2769 3860 5497 1943 5229 5068 7070 4688 4245 6288 5615 7816 5401 5392 7039 3502 5314 2011 7715 2723 3899 2946 5635 1574 8408 5150 4917 5929
5652 5666 2857 2712 5032 2611 4330 5325 7287 2964 4276 5746 7188 7587 3703 4695 6221 4279 5035 3389 8546 2584 5699 3998 5128 2526 6510 3820 3721 7466
3948 6141 4058 2757 5669 3281 6238 3242 8238 4189 5921 6259 5952 6264 3398 5020 5751 3633 6281 3924 8354 1812 4051 3847 4030 3535 8431 6076 2354 7788
5324 4213 1441 1641 5453 3449 6829 3017 8860 4464 4265 7133 5641 5068 5525 4228 1968 2972 6093 2113 7183 1681 3917 2405 5640 1331 7050 5792 3174 6240
5707 6922 4361 1861 4990 3269 5081 4394 6895 3338 4836 5824 7084 6066 5509 3611 2085 3071 5990 4544 6733 1561 4803 4577 4535 3773 7297 4206 2275 8484
4518 6426 4087 2989 6857 3035 4465 4859 7423 2797 6852 7669 6017 7588 3230 5539 3476 3073 4932 2991 8406 3716 5611 3842 6547 1551 7439 5036 2771 6494
4471 6436 4127 3560 6114 3323 5264 3206 8442 2562 6464 7127 6251 6367 4413 3848 3645 2183 4690 3489 8468 4351 3038 2943 5748 3710 7502 5414 3084 7840
5668 6195 6447 3396 7426 3541 5736 4590 8828 2834 8377 6284 7106 6580 3604 4712 4789 3160 7425 4318 7324 2929 3240 4178 4337 2633 7624 4404 2751 6755
6255 4602 4217 2780 5718 2282 6992 3717 8341 3780 7326 8054 7270 7534 5354 3113 2628 1954 6606 4077 6206 2588 5687 2744 6114 1613 6329 4032 2932 6617
3720 5351 4873 7264 4912 2704 6738 5109 7897 2823 6333 4682 6317 6396 4457 3988 2386 3213 7466 4193 6583 1622 2857 2781 5638 3333 8874 5211 4167 4627
5010 5401 4875 4463 6143 2995 4277 2692 8811 3495 7580 5392 8281 5630 2881 4854 3291 2353 6530 3749 6586 2416 6499 5096 4021 3889 6155 4581 4807 6907
6119 4137 6018 6748 4763 2293 4819 3160 7450 3097 6477 3450 8176 6458 6355 5048 1964 2196 6426 3891 6736 4166 6077 4529 4424 1088 8533 6267 4756 4725
3713 6946 5159 5390 6731 2030 3298 3596 8762 4126 8361 5627 7920 5469 6405 3969 4391 3583 5876 2465 6384 3121 5672 3783 4411 3727 8628 3587 2528 4697
5108 5116 6594 5156 4717 2825 3310 3350 7670 3879 7896 3138 6998 6129 6689 4503 3746 3748 4861 4019 6189 4952 4567 4037 4381 2838 5569 4705 3551 6080
3815 4183 6144 5690 5801 3765 2243 4382 8169 3717 8166 3459 7235 5427 4922 5184 2549 3435 7384 4138 5942 3704 5786 3257 6051 2691 5110 5168 4181 6132
4215 6202 5618 5844 6095 2888 2631 4859 8126 3300 8711 5767 6047 5225 4857 3022 4024 3490 7371 3941 5012 4638 6360 4376 5815 1182 3725 2829 2184 6179
3721 6608 5189 4804 5175 2038 3201 5036 6808 3035 7792 3186 5628 5748 5563 4389 3042 2261 6944 3427 5688 3359 5674 4424 6032 2168 3434 1741 4330 6231
5789 6346 6246 6541 7130 3919 3404 4158 6022 1244 6638 4966 7775 5975 6590 4989 2640 2091 5145 3259 4907 3898 5285 4860 4725 2663 5757 3408 7310 4304
2457 4922 5050 5724 5698 3770 2982 2962 7981 2890 6117 4424 7866 6022 6881 5507 3590 2010 5911 4029 5124 5082 4351 3691 6114 3483 6021 2613 7095 6762
4058 5897 5478 7005 3678 1899 3982 3349 8443 2421 8429 5035 6769 7833 6817 4446 4054 3250 6055 4786 5592 3775 6758 4970 4836 3854 4442 2193 6776 6522
2761 6331 6194 6797 4342 2553 2653 3161 7650 1619 6977 4798 6733 6912 5510 5652 4342 3549 5503 4014 5286 2905 5052 5132 6262 1131 5143 2864 8792 4588
3678 6585 6119 6192 4316 2795 4491 3902 8587 1557 6978 4652 5279 5691 4484 5737 4390 2532 4947 2996 6696 2968 5175 3687 5103 4824 4559 1907 7668 6815
1599 5660 6503 5516 3186 2470 3547 2468 7019 2945 8642 4789 5590 6112 5435 4662 2292 2315 6941 2025 6226 2837 5198 4969 4343 5098 3249 2934 6820 6890
4173 4327 6208 5939 3996 1319 2324 5068 8094 1148 6181 3432 5850 6589 6078 5437 2360 3819 6249 2152 6108 4830 6643 3017 4527 6041 3188 2584 8966 6266
2711 4389 5381 4951 2122 2229 3155 3008 7248 1203 8035 3489 6981 6625 6787 4407 3042 3510 7418 3725 4832 4027 6872 4765 5157 4547 5183 2787 6442 5301
2151 5092 6050 6520 3139 2470 2156 4144 8061 2863 6649 3744 6539 7846 6796 5469 2826 3095 4997 2806 6961 4635 4334 4594 5085 5509 4487 4078 7779 6461
3356 4259 6141 4759 2174 1395 3755 3677 6619 1297 7949 2915 5595 6908 5608 6613 3203 1928 6261 3310 6270 5039 6754 4622 6577 5967 4346 2593 7287 6352
20 29 18 1 100964 1
8 18 10 28 46874 1
16 5 10 16 57137 1
1 28 3 4 108078 1
0 6 29 26 139589 1
7 29 25 7 112250 1
28 16 6 22 85207 1
8 10 25 11 66001 1
19 18 24 28 47874 1
26 12 10 1 80105 1
8 1 18 9 60476 1
9 12 19 2 72693 1
28 28 23 19 46335 1
25 15 28 29 61494 1
2 3 16 7 49771 1
12 17 20 3 70703 1
16 19 2 19 49173 1
20 6 27 14 47594 1
21 17 28 14 36843 1
18 9 0 14 87483 1
21 24 17 16 33440 1
16 22 11 16 36221 1
9 17 25 18 49811 1
28 23 1 16 114344 1
23 3 4 10 82510 1
25 27 21 14 41609 1
4 0 15 0 54453 1
29 5 23 17 49851 1
20 18 5 0 103514 1
14 26 27 25 46942 1
15 27 1 23 53194 1
14 18 9 11 45296 1
14 22 4 22 34188 1
13 9 26 25 86576 1
21 27 20 1 78881 1
9 3 2 27 108143 1
23 9 4 16 77186 1
28 8 9 27 96382 1
4 12 4 2 37693 1
24 6 13 4 39404 1
9 8 21 17 63561 1
7 3 5 17 54772 1
23 23 28 9 61238 1
28 27 17 20 53126 1
16 16 26 29 63807 1
22 10 25 22 55241 1
26 0 3 14 119160 1
22 6 19 27 64393 1
28 7 9 4 67054 1
14 20 19 11 51262 1
10 21 28 24 73035 1
17 7 19 25 63811 1
17 29 0 18 81531 1
25 25 12 29 56073 1
5 8 27 5 70893 1
27 4 4 22 113297 1
6 24 24 15 84666 1
5 28 14 15 62020 1
20 27 11 5 88245 1
24 3 4 6 72488 1
9 3 28 0 75195 1
18 12 6 17 54926 1
18 11 27 0 62014 1
19 13 28 14 53447 1
3 15 14 17 40995 1
23 12 25 28 65613 1
8 25 22 4 92928 1
2 17 13 15 42505 1
6 24 15 15 62329 1
29 25 13 25 52048 1
20 5 28 14 48801 1
25 26 23 18 44112 1
14 13 23 23 70326 1
13 12 28 29 97181 1
20 17 29 9 37025 1
3 10 10 26 88271 1
11 29 28 7 103390 1
9 9 16 3 38440 1
20 21 25 0 77163 1
28 11 13 12 61449 1
5 18 28 19 78651 1
29 26 2 27 91182 1
29 4 13 8 54513 1
11 21 1 19 35674 1
15 0 1 15 101867 1
19 5 29 4 27399 1
8 27 0 14 71028 1
23 14 10 8 65930 1
18 11 8 17 53718 1
20 10 26 27 60856 1
19 9 14 20 54131 1
21 25 27 7 61072 1
16 4 13 26 94011 1
25 4 0 18 112557 1
15 4 17 27 90595 1
7 16 17 28 61848 1
10 9 7 17 39561 1
12 4 10 17 55820 1
21 24 1 7 111641 1
17 8 9 29 99127 1
27 3 20 13 51770 1
8 19 27 13 81247 1
27 2 5 3 76177 1
13 9 10 28 79021 1
14 0 20 22 87796 1
7 17 21 25 56815 1
12 2 20 12 61026 1
18 16 22 27 38738 1
13 0 7 17 80861 1
29 10 10 2 69641 1
21 21 2 11 98511 1
1 14 26 13 105752 1
25 11 28 25 58390 1
4 5 25 22 112367 1
10 3 28 24 114231 1
27 12 14 29 91422 1
21 4 24 24 68922 1
7 1 11 17 62397 1
29 28 27 6 66428 1
0 7 11 6 46946 1
0 11 15 3 78992 1
20 24 7 3 102738 1
23 2 10 17 84535 1
12 23 27 16 66651 1
17 10 19 2 47118 1
5 23 11 11 67029 1
26 4 5 13 89773 1
28 18 8 21 77367 1
6 7 9 0 33878 1
10 23 18 16 47333 1
24 22 12 28 56701 1
7 0 2 25 98789 1
7 19 12 3 75499 1
24 27 9 15 73836 1
25 19 10 25 55645 1
12 24 19 17 41629 1
3 28 18 17 69883 1
1 20 25 0 132819 1
10 4 6 29 105218 1
18 6 26 18 56576 1
29 22 7 26 82085 1
24 21 22 5 55098 1
3 19 12 25 43543 1
6 20 25 12 90960 1
2 1 13 15 75826 1
23 8 5 26 93469 1
17 8 3 26 107792 1
16 9 4 21 81868 1
24 4 12 15 75630 1
3 0 16 2 57389 1
0 5 25 8 85429 1
18 17 13 2 71671 1
10 23 19 5 89006 1
8 15 25 12 79836 1
6 22 18 2 113726 1
16 21 8 14 50053 1
28 5 11 3 55263 1
16 11 13 2 48573 1
26 6 7 1 70701 1
20 20 9 18 50710 1
20 7 2 0 74607 1
15 17 28 20 53902 1
10 5 24 3 48819 1
17 3 15 21 87927 1
7 2 29 11 81979 1
27 28 17 24 36234 1
1 6 18 27 120079 1
7 26 21 25 43091 1
12 2 9 16 59167 1
11 7 7 24 81239 1
17 17 9 8 59840 1
16 25 24 17 41896 1
5 29 10 5 96938 1
22 21 29 29 46251 1
12 3 5 11 46441 1
17 15 7 10 62746 1
25 9 18 18 38653 1
22 2 25 26 87165 1
1 22 23 14 92091 1
7 11 7 22 60157 1
20 2 1 19 113835 1
24 6 2 8 83383 1
29 5 20 20 61000 1
11 28 3 17 58738 1
13 5 25 10 47415 1
22 23 6 16 67893 1
6 27 27 29 76443 1
9 28 21 13 69741 1
27 29 9 23 64474 1
21 21 17 1 73280 1
9 23 29 18 80341 1
27 15 23 27 56463 1
23 18 14 5 62122 1
8 2 16 0 45735 1
5 1 14 29 107462 1
28 4 22 17 53859 1
22 23 19 6 57208 1
13 19 15 27 25967 1
21 17 7 22 56737 1
12 7 28 19 82264 1
7 23 14 1 101598 1
19 17 22 26 32971 1
24 25 6 22 63318 1
29 9 12 18 65741 1
4 7 29 2 81658 1
8 29 7 11 82064 1
3 8 12 9 36688 1
4 9 16 23 83872 1
29 8 9 22 86480 1
0 10 19 23 108233 1
1 5 21 5 59759 1
2 17 16 1 95840 1
0 20 20 7 100854 1
13 3 11 14 54167 1
1 14 26 10 105284 1
28 11 13 16 67051 1
22 25 3 17 74624 1
6 26 28 23 79714 1
1 18 24 27 91263 1
29 18 15 15 53304 1
0 26 14 27 45858 1
25 23 9 26 57223 1
19 10 17 18 42903 1
14 10 14 25 58643 1
12 22 27 26 63743 1
21 8 26 26 65016 1
23 3 10 12 73434 1
21 29 25 9 57977 1
12 21 7 1 78126 1
19 22 23 16 35052 1
23 18 3 22 76677 1
0 17 15 16 52140 1
16 27 16 15 54076 1
9 3 13 28 98689 1
25 27 20 20 30997 1
8 3 26 29 122616 1
0 14 28 11 117604 1
6 23 0 8 79525 1
12 19 9 11 46577 1
1 8 25 0 105041 1
14 21 10 27 27706 1
17 9 1 0 75853 1
7 29 1 22 44076 1
24 26 6 4 114979 1
29 19 3 22 90318 1
25 6 11 9 53669 1
2 1 17 18 97045 1
27 20 20 4 69856 1
3 27 4 13 63890 1
27 29 1 20 97838 1
6 29 2 19 42924 1
26 20 14 2 92434 1
29 11 16 3 52784 1
19 9 11 4 42590 1
2 26 16 10 108551 1
8 22 20 27 49345 1
1 19 25 21 85117 1
3 0 17 13 86316 1
3 24 13 9 86421 1
3 7 25 11 82190 1
28 3 22 9 32881 1
23 22 27 13 50276 1
23 12 17 7 39633 1
21 9 1 1 81530 1
29 10 26 29 65131 1
12 0 20 12 69247 1
2 22 20 26 64486 1
26 14 5 7 87131 1
10 25 0 20 44693 1
9 28 5 11 72568 1
26 28 6 12 105952 1
0 17 24 20 87306 1
23 13 18 29 62007 1
21 13 1 6 89238 1
27 15 20 6 52231 1
4 4 18 9 58892 1
10 27 11 18 37956 1
28 28 7 14 104337 1
13 2 29 1 63039 1
10 10 22 7 47907 1
10 17 23 20 50653 1
2 13 25 20 101758 1
24 7 26 20 59584 1
29 10 16 22 70782 1
7 20 5 4 77314 1
14 25 29 23 53681 1
21 19 9 7 75112 1
15 1 24 5 39309 1
22 23 13 22 39883 1
5 12 18 15 63770 1
3 10 5 19 47598 1
4 0 15 29 114242 1
23 8 27 20 58053 1
5 13 1 25 58251 1
15 12 5 17 57375 1
23 19 26 27 40049 1
28 23 24 6 68972 1
6 19 29 17 74778 1
27 2 23 9 36614 1
3 13 17 7 73204 1
29 26 17 29 41985 1
24 19 7 20 71754 1
16 27 7 18 57813 1
28 26 4 29 85375 1
14 16 11 24 36605 1
0 18 15 15 60941 1
10 12 29 14 72796 1
3 26 27 10 108484 1
23 28 14 20 45168 1
5 26 3 12 60355 1
19 25 27 16 47925 1
4 13 8 21 44477 1
3 27 21 13 83921 1
21 28 29 9 62786 1
13 21 9 4 76463 1
14 4 22 7 34744 1
10 21 25 0 102775 1
10 23 13 11 57689 1
4 3 21 1 69761 1
29 14 1 13 114185 1
24 7 0 19 103838 1
15 20 4 20 38955 1
2 5 19 12 82199 1
7 8 24 3 65501 1
27 7 15 16 58476 1
10 22 0 8 87861 1
2 6 21 6 62926 1
1 10 14 12 67670 1
20 6 27 19 57419 1
16 8 27 9 31481 1
16 27 24 23 38086 1
8 26 21 20 50771 1
1 8 27 4 94101 1
14 16 15 25 30148 1
8 27 0 19 51567 1
3 24 19 8 103327 1
13 24 2 9 89788 1
13 7 0 13 73904 1
1 12 21 12 92946 1
25 25 18 10 68056 1
5 28 13 1 112825 1
2 2 18 5 51511 1
2 24 9 6 93816 1
28 22 1 5 130196 1
25 23 5 1 126726 1
22 22 7 10 87757 1
17 9 29 27 75141 1
14 4 12 20 79103 1
11 20 10 10 43821 1
7 17 20 10 61128 1
27 19 21 4 59897 1
23 15 21 27 39834 1
2 15 20 19 73991 1
4 23 22 18 74543 1
26 11 18 17 43739 1
29 27 19 15 62172 1
0 18 18 18 63927 1
8 22 23 24 55656 1
5 15 8 3 52128 1
4 1 23 13 96882 1
13 6 14 22 63721 1
12 3 23 7 43057 1
4 26 27 17 89980 1
4 27 6 8 82480 1
17 9 15 29 84012 1
18 26 8 1 111209 1
7 6 15 14 57551 1
8 26 20 22 49932 1
7 11 26 9 63361 1
3 20 25 27 77169 1
12 1 15 22 83663 1
15 8 4 27 103307 1
12 11 0 26 95664 1
4 28 21 19 63876 1
10 28 23 29 55253 1
19 5 14 27 83541 1
20 19 3 9 89754 1
25 5 3 13 93036 1
4 28 1 12 79525 1
0 27 24 20 86042 1
4 6 26 18 100496 1
27 3 8 27 116556 1
13 7 2 28 107490 1
21 10 8 12 62278 1
23 12 15 18 46821 1
21 24 8 23 42249 1
27 27 16 22 46718 1
5 19 3 6 62534 1
29 9 11 0 71348 1
25 10 11 14 67770 1
17 3 8 8 45450 1
16 13 21 0 71701 1
1 24 22 28 74854 1
3 11 6 3 38229 1
27 8 19 28 73773 1
26 1 27 16 59998 1
15 15 18 27 54031 1
3 10 29 25 122678 1
9 18 12 8 51311 1
13 18 3 27 58433 1
25 20 16 12 62279 1
11 21 22 17 43098 1
11 2 10 16 56704 1
24 28 8 11 106865 1
18 4 29 8 40380 1
24 2 10 20 95534 1
4 16 29 26 101075 1
10 3 19 2 47111 1
15 26 4 28 43196 1
27 18 16 6 66008 1
17 29 29 28 43450 1
19 16 12 23 46117 1
12 1 7 6 29144 1
17 20 1 11 93676 1
28 28 27 9 62877 1
27 19 25 10 44014 1
12 19 27 8 68673 1
5 22 21 20 59424 1
9 19 18 20 37138 1
5 5 17 13 69093 1
6 11 17 19 65412 1
13 20 11 10 52966 1
9 19 21 18 45042 1
7 24 24 13 91886 1
3 18 11 11 60431 1
28 29 22 24 39487 1
14 11 23 29 85821 1
0 17 1 3 68062 1
16 10 8 8 38489 1
10 26 9 11 70747 1
25 6 20 23 63174 1
23 25 3 20 66638 1
26 18 29 5 44389 1
19 21 1 24 70612 1
3 7 10 15 50534 1
24 20 27 7 60202 1
9 11 24 29 107058 1
14 5 29 29 102636 1
14 6 23 2 46876 1
10 16 29 12 71220 1
27 7 7 25 97641 1
26 7 11 5 51336 1
17 1 2 18 106486 1
13 14 11 6 41855 1
18 1 19 18 76123 1
1 1 21 20 111513 1
9 10 18 0 60794 1
19 15 1 7 95348 1
17 2 18 23 86485 1
26 8 8 23 91604 1
10 13 18 22 56666 1
10 20 26 16 59801 1
17 2 1 11 83560 1
9 3 6 19 68345 1
18 26 29 21 47345 1
25 24 5 8 115577 1
14 23 20 28 32373 1
21 29 22 0 87145 1
29 3 12 3 54044 1
20 25 28 29 36623 1
1 19 28 11 107892 1
23 21 7 8 83853 1
6 28 11 23 30126 1
24 6 2 0 80549 1
18 21 6 8 83278 1
20 2 26 20 74014 1
27 12 27 0 47078 1
6 29 11 10 89815 1
9 4 12 14 52954 1
13 9 7 23 71605 1
24 29 9 1 129008 1
21 5 24 24 66877 1
20 15 8 9 62511 1
5 27 1 7 92461 1
11 11 20 12 46695 1
16 22 20 16 37121 1
7 25 5 0 103758 1
14 28 8 2 97679 1
29 16 14 22 60815 1
27 1 16 27 103487 1
17 25 10 8 74018 1
20 11 0 10 86697 1
7 16 3 2 62399 1
28 12 1 2 103875 1
3 26 25 25 68407 1
20 29 15 6 82400 1
17 15 29 20 51022 1
12 16 3 19 39722 1
18 12 29 22 66124 1
27 2 1 5 85086 1
4 14 13 15 42528 1
4 9 25 25 110817 1
18 28 26 17 53021 1
8 29 1 11 96431 1
16 2 25 12 59337 1
15 1 24 6 43052 1
6 1 15 26 106260 1
13 14 20 17 34538 1
5 22 17 26 44794 1
19 23 25 2 79598 1
4 28 29 13 106592 1
8 2 27 8 75443 1
27 18 12 3 85826 1
23 19 16 29 51476 1
18 25 18 10 58478 1
19 14 26 18 37781 1
2 12 26 22 114408 1
20 25 10 3 92836 1
8 23 25 10 88885 1
15 6 15 27 87502 1
23 17 9 11 68772 1
17 9 10 29 96334 1
10 7 7 24 77522 1
5 29 7 11 73198 1
1 7 18 20 101552 1
28 21 24 4 64521 1
15 27 29 23 49775 1
22 26 8 1 115625 1
0 3 27 1 96940 1
29 1 14 9 59093 1
2 14 8 23 59239 1
21 18 9 27 54797 1
13 5 2 14 68523 1
29 2 19 1 45235 1
10 25 8 17 36965 1
5 1 10 19 74163 1
22 7 26 28 72555 1
0 22 14 24 48370 1
15 9 25 16 51296 1
14 8 9 3 31334 1
16 0 10 18 78465 1
22 23 14 21 35547 1
25 28 0 16 105508 1
5 0 13 15 74506 1
21 24 0 1 124491 1
28 18 9 27 80174 1
20 23 4 5 102965 1
7 3 14 7 30068 1
29 21 23 2 76125 1
27 27 14 10 89641 1
26 29 11 12 101466 1
21 1 6 4 65778 1
14 18 4 22 39532 1
7 9 17 9 33110 1
13 8 18 18 59622 1
9 25 25 26 49125 1
3 22 13 1 103812 1
27 18 28 28 40088 1
18 26 21 1 80910 1
0 18 12 12 71066 1
19 10 10 23 78010 1
19 4 4 7 56143 1
6 29 12 6 104578 1
1 13 26 23 118939 1
17 27 8 16 58116 1
3 17 21 6 81099 1
28 7 17 7 40772 1
19 12 7 28 88411 1
18 24 15 2 93578 1
19 4 9 2 47205 1
25 19 15 13 57503 1
1 1 5 11 52337 1
11 7 13 18 54237 1
0 14 22 20 91050 1
20 3 29 5 30857 1
0 29 6 22 40274 1
29 15 14 9 51899 1
20 10 29 21 59436 1
13 5 3 22 91538 1
8 16 0 1 82621 1
6 28 22 1 124394 1
23 0 11 2 57760 1
2 10 14 24 83322 1
23 27 6 0 123760 1
19 12 24 24 61735 1
25 14 21 0 67201 1
20 1 15 17 69920 1
12 19 18 5 74926 1
13 8 11 27 77490 1
8 18 6 5 60996 1
26 2 15 14 81677 1
17 26 3 10 96295 1
10 4 6 18 64443 1
24 17 7 12 77563 1
24 28 6 28 65629 1
23 2 6 29 130175 1
26 4 27 25 77300 1
20 16 1 23 81934 1
10 26 6 14 63617 1
14 18 1 2 85488 1
23 24 10 27 47924 1
19 19 12 25 36543 1
24 24 22 5 68776 1
23 0 10 1 59942 1
19 10 7 26 92485 1
27 5 4 11 83102 1
16 3 1 17 93699 1
19 16 8 25 57682 1
7 24 19 29 53443 1
23 28 0 14 109404 1
10 27 21 3 97939 1
11 14 9 1 58669 1
10 10 22 27 84347 1
27 6 12 17 70904 1
27 15 10 9 76203 1
23 26 1 13 108972 1
20 19 19 2 66046 1
10 13 8 2 43177 1
26 19 4 22 78369 1
21 16 1 3 91667 1
4 25 14 21 35361 1
19 15 10 20 45901 1
11 14 20 26 64129 1
16 7 15 16 54456 1
9 21 8 12 49040 1
20 17 12 1 70510 1
13 24 19 13 55794 1
1 17 24 4 102723 1
24 21 2 16 84243 1
25 25 6 0 127992 1
11 20 3 15 46963 1
11 17 25 19 48546 1
12 12 0 3 65896 1
19 1 29 5 44552 1
4 4 14 29 102249 1
10 28 29 20 79131 1
25 4 18 12 48896 1
26 0 17 27 101099 1
2 18 11 2 90233 1
9 18 26 15 61626 1
20 26 19 0 90449 1
26 12 6 9 71569 1
3 0 15 2 55685 1
22 23 15 9 60455 1
28 11 2 20 113334 1
15 15 3 29 77326 1
6 6 23 11 69766 1
22 7 10 7 43740 1
18 1 3 3 60890 1
14 10 11 1 41328 1
21 5 10 22 76657 1
16 9 19 25 60672 1
7 26 5 0 110280 1
19 11 0 17 84484 1
29 23 23 28 29481 1
21 15 15 24 45110 1
17 29 7 19 58120 1
21 20 26 1 71274 1
3 11 19 11 75386 1
17 15 27 17 34791 1
8 0 20 21 105579 1
2 16 23 28 96820 1
28 19 15 14 59907 1
12 6 8 20 69822 1
22 27 5 8 104355 1
18 1 14 26 107230 1
5 8 10 21 65436 1
18 7 27 9 29213 1
4 17 18 2 97229 1
9 17 11 0 72957 1
20 13 0 13 94122 1
1 15 20 18 75059 1
0 23 9 14 62271 1
27 8 1 24 116346 1
4 6 16 3 43576 1
7 3 21 1 63502 1
19 23 6 25 44154 1
9 18 16 2 78395 1
26 14 13 2 78127 1
12 5 21 24 75799 1
0 28 7 1 113022 1
3 25 23 4 109986 1
3 7 12 11 46058 1
26 28 4 16 93951 1
8 6 12 13 45849 1
3 14 9 3 57731 1
20 0 0 13 110472 1
20 11 27 21 52179 1
26 19 24 10 43624 1
3 22 13 25 39502 1
12 13 10 3 49765 1
12 14 21 21 51171 1
2 5 23 24 116335 1
21 19 12 7 61696 1
8 1 2 13 68585 1
15 23 24 13 66227 1
1 9 4 27 87261 1
1 23 1 7 76320 1
24 1 10 13 86772 1
8 2 25 24 119495 1
18 21 16 11 46276 1
19 4 27 0 49518 1
6 21 13 2 90119 1
6 27 24 13 97488 1
27 29 9 19 75789 1
2 23 20 11 92469 1
4 1 29 22 122748 1
19 1 6 1 69968 1
10 20 29 27 68372 1
3 21 19 6 95850 1
14 11 27 19 71281 1
1 15 8 10 55435 1
6 13 15 15 48220 1
16 29 5 20 57146 1
6 10 21 12 59468 1
18 29 1 5 117811 1
20 29 6 28 52891 1
1 5 10 23 91195 1
15 14 23 5 61625 1
15 10 1 14 77178 1
27 1 24 10 44028 1
13 18 10 8 45950 1
6 7 25 20 95823 1
4 7 4 20 59506 1
25 3 12 5 45634 1
1 13 2 1 66150 1
8 3 0 13 63473 1
20 9 2 13 81743 1
4 16 26 16 71543 1
10 25 25 14 76466 1
8 29 3 2 112093 1
12 6 15 13 42055 1
4 25 10 8 78199 1
7 1 27 29 131306 1
14 26 23 25 27108 1
12 0 14 23 84268 1
7 7 29 17 83879 1
26 23 12 13 84151 1
15 22 9 12 56572 1
22 7 15 27 75935 1
26 19 4 22 78369 1
6 7 4 18 55788 1
0 26 4 18 45548 1
21 5 1 21 99920 1
13 24 24 18 55180 1
11 18 18 24 43116 1
0 8 16 21 100834 1
28 15 12 17 56046 1
24 8 13 16 55319 1
19 19 5 20 51292 1
16 22 4 6 90420 1
5 7 12 12 42386 1
29 19 5 27 85273 1
17 24 11 16 42798 1
18 2 16 18 78741 1
0 29 21 14 96204 1
7 28 4 12 66085 1
3 25 9 5 88390 1
19 23 3 26 57312 1
23 5 1 29 122326 1
2 0 11 14 68295 1
10 28 9 16 51847 1
28 27 3 12 118437 1
2 19 15 12 74799 1
2 19 22 5 95925 1
2 25 22 15 77872 1
6 26 27 12 107548 1
7 16 28 20 82153 1
16 27 25 7 79338 1
0 19 9 14 50333 1
27 19 24 5 56235 1
22 29 21 14 41710 1
26 25 18 18 49151 1
5 16 13 0 80721 1
4 20 29 0 119859 1
15 24 18 3 94317 1
18 21 23 9 43011 1
2 8 14 23 89335 1
6 26 2 13 67197 1
16 13 24 6 56880 1
5 29 13 13 75484 1
20 1 27 6 38624 1
18 14 9 29 68954 1
11 22 22 4 80689 1
8 23 18 9 82614 1
18 21 9 20 35108 1
21 13 0 3 90089 1
11 16 7 10 39377 1
0 4 24 29 145513 1
17 19 2 11 83128 1
10 0 22 20 94229 1
17 21 20 2 72189 1
19 1 28 10 58589 1
18 5 4 14 73220 1
19 8 25 16 43190 1
15 20 2 10 82456 1
10 29 17 23 42383 1
5 9 16 9 37195 1
11 26 10 1 93120 1
24 13 6 1 92530 1
29 27 27 5 64324 1
11 7 15 22 71557 1
24 21 6 19 70691 1
20 5 22 21 51096 1
8 21 8 9 57294 1
6 20 23 14 73475 1
10 29 12 13 73129 1
19 1 29 17 76208 1
21 18 29 29 50958 1
23 28 6 1 125478 1
21 18 2 21 66067 1
22 24 11 16 56603 1
11 7 5 18 62870 1
23 18 13 17 33292 1
23 28 10 22 56763 1
20 16 29 14 35956 1
12 20 29 0 97985 1
16 23 7 15 54274 1
29 26 10 12 99536 1
6 13 20 19 67243 1
19 2 3 17 106697 1
8 21 22 24 52076 1
8 6 3 1 28783 1
24 8 17 26 65754 1
16 3 6 18 80316 1
15 14 2 25 72479 1
26 15 24 3 58112 1
14 23 6 9 67399 1
1 4 12 14 69974 1
24 4 25 26 81064 1
28 2 20 24 84132 1
6 4 25 23 115920 1
28 26 16 21 57668 1
22 29 25 20 43068 1
7 3 1 11 50354 1
9 25 6 5 81344 1
18 4 11 18 80636 1
8 3 20 24 100912 1
6 11 27 6 78621 1
22 20 26 7 55917 1
27 13 26 0 55323 1
18 25 20 11 47787 1
29 17 13 18 50127 1
3 12 17 20 75649 1
27 27 29 6 63455 1
10 10 1 0 53944 1
14 7 10 26 88073 1
16 9 25 1 51150 1
9 21 17 1 93124 1
22 26 8 23 49230 1
0 29 17 23 66969 1
12 20 5 0 92961 1
8 9 28 20 95199 1
18 1 6 27 131444 1
28 15 6 18 76313 1
18 19 11 23 34354 1
1 20 22 6 104856 1
17 9 21 15 26691 1
21 17 8 15 47037 1
18 13 8 3 71406 1
13 24 26 7 82013 1
10 4 22 11 56316 1
12 10 17 3 43447 1
2 9 5 21 61929 1
16 6 27 10 37537 1
20 6 14 17 51994 1
4 5 10 16 53174 1
2 22 15 2 115878 1
19 15 6 5 78057 1
2 20 10 25 40184 1
0 23 29 21 102116 1
7 23 14 16 45188 1
5 25 26 21 67624 1
3 12 16 7 66217 1
5 8 27 3 78904 1
2 2 5 20 79489 1
10 9 28 21 90424 1
7 27 18 20 56871 1
8 11 25 17 80746 1
22 16 2 2 93892 1
20 21 12 0 89361 1
14 18 0 14 58760 1
20 19 6 4 91291 1
19 15 26 28 57316 1
19 9 23 26 54483 1
27 19 14 23 53628 1
4 7 5 28 79305 1
0 24 0 9 63129 1
24 10 0 11 90353 1
14 7 1 29 116972 1
25 22 27 10 57691 1
19 29 10 17 57680 1
1 25 27 5 118087 1
10 22 14 7 69294 1
5 21 13 13 54599 1
1 12 5 29 81539 1
18 21 5 25 48241 1
7 3 26 20 103229 1
26 5 21 15 39105 1
5 12 26 23 106057 1
21 16 10 12 50726 1
12 18 18 23 38038 1
18 14 11 11 47234 1
27 13 17 9 40720 1
1 2 26 19 117955 1
17 17 29 5 55707 1
5 17 0 5 65113 1
21 12 0 1 94468 1
23 9 3 18 81358 1
3 13 3 26 66127 1
10 28 20 17 59062 1
7 0 23 21 105422 1
8 7 0 24 88578 1
28 16 19 26 56724 1
18 3 2 9 69656 1
3 13 21 23 88441 1
0 20 15 21 48008 1
13 22 2 28 52298 1
24 3 20 19 60377 1
26 12 14 10 53066 1
15 27 25 27 30362 1
29 17 21 26 48426 1
24 11 1 11 94268 1
19 4 10 1 43776 1
27 20 12 10 85998 1
2 28 20 21 73083 1
28 19 3 25 83387 1
29 17 18 17 30360 1
16 29 22 17 53155 1
1 15 19 14 73634 1
22 11 16 3 41931 1
12 4 15 21 71793 1
24 28 24 3 89197 1
12 19 9 6 63455 1
19 26 13 14 54921 1
8 23 0 20 36590 1
20 23 20 2 69691 1
9 2 27 18 101997 1
16 24 18 7 77062 1
8 3 7 18 65429 1
0 16 15 13 73139 1
27 9 11 23 77619 1
1 12 1 23 55742 1
4 22 7 3 77490 1
16 23 3 23 48760 1
3 0 7 17 73909 1
26 25 21 2 84818 1
11 15 28 25 89078 1
14 9 9 29 87678 1
20 10 1 7 77415 1
20 14 22 1 55026 1
12 16 12 6 47733 1
19 8 2 9 64913 1
11 2 3 28 112270 1
5 23 16 3 99848 1
2 17 16 26 69955 1
10 16 15 10 44718 1
19 5 3 15 84374 1
0 27 15 2 136268 1
25 8 5 17 79275 1
10 14 18 21 48376 1
11 27 23 15 67737 1
6 18 11 5 62691 1
16 8 18 16 45685 1
1 18 17 22 66982 1
5 21 21 11 71345 1
12 6 26 24 98494 1
24 8 2 25 100868 1
15 11 3 0 68992 1
26 1 1 4 96225 1
3 15 7 5 50655 1
12 20 27 8 74666 1
28 0 12 13 89917 1
20 11 18 19 33583 1
14 3 21 15 58373 1
14 29 17 12 69295 1
8 11 15 18 57193 1
16 17 0 24 66935 1
23 15 0 12 99042 1
0 10 14 2 75238 1
13 1 17 20 89785 1
4 0 28 20 127377 1
11 5 7 17 57542 1
0 12 9 6 57877 1
25 16 6 2 97114 1
24 25 10 29 55334 1
20 14 27 25 58469 1
3 3 29 3 78099 1
19 29 15 11 80150 1
8 20 14 25 34026 1
7 28 22 27 51465 1
10 12 29 14 72796 1
28 18 0 10 122117 1
27 12 29 21 39160 1
4 17 14 22 40575 1
2 22 23 15 83936 1
2 21 16 21 40222 1
22 5 5 4 53379 1
6 8 7 20 63038 1
16 3 24 6 32148 1
23 16 16 6 49442 1
29 11 20 10 30997 1
13 16 1 27 74446 1
16 24 1 12 91995 1
5 18 5 5 58231 1
4 12 21 13 77956 1
13 25 25 3 91138 1
20 13 7 17 52109 1
11 19 2 1 82759 1
17 14 14 4 56178 1
