4314 4194 6046 4758 6381 5598 6271 4109 5405 3963 6068 5426 5718 4076 4736 4692 5298 5918 5404 4219 4910 3870 4487 5260 5861 5113 6283 5230 3679
6182 6493 5591 5863 3996 6008 6386 4801 5392 4785 5939 4634 5244 3954 5676 4654 6269 3759 6607 5493 4700 5313 4205 6561 6189 5328 6606 5897 5124
5184 4735 5523 6656 5876 4486 6713 5495 4405 5563 5550 4416 5350 4371 6263 5246 4289 6460 5021 5662 5781 5271 6191 4548 5814 6660 4474 6722 6675
5651 4905 7519 7480 5126 6180 7218 7407 7707 5868 6347 6938 5640 7287 7066 6729 6253 5296 6980 6973 6833 7484 5130 4974 5855 6366 5412 7023 6535
2438 2418 3106 2938 5120 5139 3189 2804 3907 3923 3700 4221 3630 3788 3749 3030 4719 5092 4508 4086 4552 3351 3101 3336 3756 4863 5033 4893 5259
3321 5821 3733 4768 5769 3729 3547 3605 4837 3500 6013 4628 4055 4770 5092 5697 5636 4733 5378 4214 3589 5642 3430 4309 4056 5011 4755 5975 4508
6613 7510 6087 7862 5759 5882 5731 8119 6971 5968 7155 6544 6317 6857 5858 8075 8215 7364 6649 5520 5960 5916 8156 6127 6766 6984 8371 6244 6137
4562 4926 4923 6678 6436 6817 5034 4712 6896 6521 6900 6563 6972 5015 5115 5114 6134 4202 6333 6120 5348 6457 7046 6761 6436 4345 6526 6142 5429
3605 2656 4756 3323 2143 2014 1966 4258 2610 2211 4257 3039 2082 2735 2869 3327 3082 4748 2295 2844 4053 3143 4622 4166 2719 3091 4149 2920 3887
5232 7612 7077 6451 7375 5460 5337 5507 7458 6522 6697 7287 5051 6656 6749 5318 7163 6408 6180 5345 6917 7318 7692 5203 5421 7400 6081 7224 7216
5023 7507 7389 5643 5503 4945 7072 4925 4917 6276 5854 5910 5037 5088 7615 6310 6516 6936 5555 6661 4918 5541 5270 4859 6258 6407 5039 5267 6049
4005 5063 4870 3761 5157 6166 5608 5564 4546 4101 5534 4184 4885 4587 4596 4746 6466 4488 6499 4083 5075 4056 5360 3634 5856 6495 4096 4584 4395
3419 4882 3188 2907 3815 3960 3056 4513 2595 5188 4241 3360 3119 4503 4478 4371 5055 2629 4156 4079 3704 4689 4780 4831 3353 5157 3323 4532 3619
7677 7130 7270 8350 6653 6402 7403 7494 6687 8259 8286 7382 6268 5667 5972 8399 7072 6435 7762 8456 6740 8100 8476 6862 5680 5714 7431 7536 7996
6410 5885 5668 7506 5536 7223 7303 6457 5391 5963 6130 6894 7785 7782 7420 7749 7316 7202 7959 8066 5684 6407 5366 6511 5354 5870 5441 6720 6485
3798 5579 4308 3242 4661 5307 5188 6022 3180 3672 4551 5056 4868 5915 3530 5679 4050 3761 4844 5047 5241 3153 3207 4923 4313 3155 5838 4856 4436
5320 5575 5474 5643 4977 4720 6665 5679 4854 6788 4839 5616 4793 6934 4882 5323 6305 7360 4871 7435 7335 4712 6382 7101 4666 5653 6052 7068 4857
8082 7687 6367 7791 5999 7913 7112 7897 6606 8094 8467 5925 6408 8345 8709 8379 6472 6151 8006 5879 7378 8473 8576 6131 8202 6254 7622 8204 7082
8340 6687 6857 8482 7728 7396 6895 6231 7204 6223 8547 7305 6942 6230 7238 6712 7691 7382 5920 7280 8346 7820 7585 7075 8132 7409 6051 6540 5893
3864 2889 1714 3327 3447 3578 4157 1747 2511 3839 2062 2841 4480 2430 2400 4197 3445 3127 2222 1997 3994 2082 4086 4451 1659 2719 4201 3623 2709
7246 6690 6744 6721 6255 5590 6330 5938 6103 7393 5578 5700 5748 6041 7698 6550 6114 6403 5079 5501 5014 5299 6415 6857 5392 7453 5115 7033 7262
5275 4033 5374 4918 4439 6890 6144 5009 6461 4430 4951 6171 4585 6684 4636 4829 4503 4111 4694 4944 6877 5996 4630 4784 6475 5073 4620 5183 5331
4359 3756 4800 5693 4024 3339 4216 5625 3140 3345 4607 3214 2937 3285 2908 3042 4293 4171 3404 4800 4034 5630 4123 4004 3077 3608 4006 3909 5497
6160 5714 5381 7298 7916 7914 7253 6858 6685 7052 6296 6053 8019 7677 6998 7261 6346 7311 6281 7298 7765 6856 5688 6832 6821 7035 8114 8119 6375
7287 6903 7954 8024 5333 7545 5556 6889 7501 6336 5919 5380 6118 6062 5613 6788 5694 6427 6789 5790 6701 7432 5983 6638 6054 6294 6182 5411 5612
5354 5467 5675 4509 3784 6073 5756 5505 5129 6291 5940 5260 4645 3928 3830 3890 3914 5209 3867 6150 3910 5357 3888 4059 4053 6320 4751 6469 5596
3431 3372 2585 4029 3256 4396 4520 4440 3985 2328 4528 3798 4379 2505 2445 2843 2963 3783 2044 4343 3483 4688 3880 4793 4508 2285 4529 2414 3546
2429 3337 2055 2925 1993 3709 2715 2331 4608 2189 2146 2968 3345 4330 2563 2821 3030 4508 2273 2202 4388 2576 4505 2098 3721 3354 2300 4244 2292
8375 7614 7356 7454 6031 6117 7712 7462 6067 8191 7493 8308 7304 7679 8020 7312 7872 6753 6823 6107 8469 8445 8141 6211 6500 7107 6931 8042 8613
1973 3860 2368 1922 1904 3780 1642 2574 2518 1604 1824 2602 2080 3679 3025 3986 1777 1239 1729 2321 3807 3382 1201 2334 2872 1989 2419 3578 2789
4822 6912 6378 6953 6886 3810 4428 5591 2971 4540 4742 8989 4255 2587 5965 5208 3830 4598 8099 7302 4197 6088 4007 3282 6913 4550 2281 3881 4207 3581
3847 7416 6785 8170 6635 5386 4621 7204 4304 6015 4413 6739 4695 5033 7601 4519 3463 4297 6403 7799 4308 4622 3126 3048 6208 3730 3624 2392 6679 4108
5830 6956 7424 7940 7189 3731 3687 7726 2584 5519 6303 6204 5478 4012 6149 3626 2902 6729 7693 6636 2456 5216 2404 4893 5303 4389 3884 2207 6594 3992
4221 8162 5536 7509 6085 5347 2599 6130 4780 4361 4062 6197 5346 4224 6929 4071 2488 6619 6848 5349 3515 4652 4226 2778 5734 3957 3634 1946 4907 2781
4817 7420 5199 5742 5678 5382 4641 6026 5288 4831 5502 6233 4721 4862 5748 5927 4096 5393 7325 7782 4695 5938 3426 2879 5838 4552 3085 2485 4194 3552
5058 7187 6649 6617 7097 2703 2738 7805 2968 5450 6288 6173 5752 3675 5519 4958 4506 6473 7660 6561 3214 4793 3673 4277 5763 4229 3094 3195 6264 3168
5194 5914 5680 7054 7334 3137 2696 5604 4715 6452 6572 7609 5304 3172 4846 4866 5040 6273 6514 5458 4287 3920 1493 2575 7216 3231 3357 1898 4777 1694
5880 6042 5535 7688 6276 4847 4195 5241 2966 5067 4965 7965 5639 4544 6092 5837 4624 4517 7089 5844 4631 5067 2302 5140 7534 3793 1691 4240 4934 3068
3421 6228 7324 7625 7449 5435 3239 5332 4009 6268 6729 8029 3167 3664 6709 6011 4176 4668 6681 5054 2426 4373 2737 4267 7127 3709 2848 3728 4985 2472
5223 7003 6725 5515 6429 5514 2122 5327 4463 4256 4748 8674 5575 3824 5115 5324 4174 5835 7155 6283 2565 4106 3175 3222 5596 3663 2712 3654 4522 3187
4465 7428 5667 7917 6895 4349 2647 7161 3341 4621 6559 8725 3662 3532 5887 5546 4634 5835 6880 7213 2817 5084 4183 3556 8158 4459 2945 3075 4111 2793
5816 6951 7600 8058 7670 5313 3400 6695 4980 3701 5721 7119 4126 2557 5033 3981 3011 4626 7339 7041 2791 4887 2581 4228 5545 3720 3907 2223 4576 2318
6044 7844 5491 5326 7692 4854 4038 6252 4436 4147 6179 8651 4340 5417 7370 3826 2987 5775 8321 6429 3306 4795 2742 5005 7733 3620 3250 4290 4610 2284
4659 6625 5845 8152 7870 3176 3992 6816 4493 3955 6346 8650 4611 3443 6675 6216 2829 5920 7665 5019 3120 4290 2868 3206 8032 3843 2820 4120 6807 3439
4039 6417 5034 7644 8336 3556 3049 7726 3115 4952 5426 8062 3643 5398 6926 3757 3910 6014 5968 5162 3432 3923 2502 5114 6148 4482 1943 3521 6508 2660
4123 7781 6580 6799 6072 3876 2369 6885 4478 4154 6285 7644 3968 4748 5011 4602 4279 6068 6222 5813 3625 5202 2499 2788 5606 4647 2589 4325 6131 2325
4525 6794 6600 6623 6034 5226 3649 6599 4023 4160 5071 6131 3666 2938 5360 4576 4712 5559 8282 5175 4918 5203 3648 2743 5273 4652 2636 3687 6792 2864
4819 6774 5619 6136 8323 3030 3421 7816 5382 4046 5533 7333 5117 5185 6935 5273 4347 6396 7482 5350 3086 5339 1489 4842 7213 4210 3895 4021 6463 2538
4385 6634 6247 7790 6080 3833 4247 5800 4105 4359 4334 7529 4744 3051 5327 3626 4455 6770 5685 7601 4602 6115 3135 4716 7190 3067 3339 3208 4351 3725
3985 5357 6458 7952 6153 3575 3491 6706 4019 5124 5171 8930 3334 4392 5904 6125 3511 6521 8420 5108 4830 5923 2267 3620 7944 5515 2229 2098 5117 3621
4860 6774 6666 5603 5693 3201 2906 6122 3710 4890 6119 6825 3456 3304 5686 4227 3214 4442 8028 6849 5141 6107 4130 4575 8024 5033 1998 3667 6361 4272
4180 6869 6722 7191 7590 3939 2455 5505 5248 5384 5357 8265 4183 3366 5063 3767 4141 6486 6613 5454 2829 4960 2240 2516 7784 4516 1792 3642 4255 2714
4820 6192 5696 7084 8389 4356 3703 5888 3073 4541 5320 7767 5767 5208 5363 4641 4758 4549 6139 7723 5096 6162 3873 4165 6642 5516 3591 2173 4954 2604
6161 6506 5583 7762 8395 3187 4745 6254 4597 6456 5385 7872 5374 4206 5657 4863 3348 6893 6641 5818 4709 4084 2731 4522 6386 3472 3281 3350 5663 3912
6180 6706 5319 7176 6973 4057 3855 6201 3811 5714 4734 6498 5573 4131 6444 3610 4759 4843 5937 5144 4195 5536 2964 2686 7761 3094 2448 1897 6129 4170
5145 7133 5351 5739 6854 4496 4782 7400 4490 4550 4861 8049 3534 3701 5650 6275 3162 4232 7834 6275 4066 6133 2291 4957 6232 4440 3766 1915 4917 4012
4349 7029 6453 7609 5664 4499 3766 7019 4330 5583 6737 6380 3113 4671 6080 4328 3915 5596 6489 6297 4245 6253 1803 5236 5720 4194 1335 3169 4697 2740
6136 7997 7071 6878 7299 5005 2893 5157 2841 5372 4308 8948 5621 5226 5047 6448 4450 5020 6149 5877 3016 5318 2990 4217 5605 5188 1864 3962 5783 3371
4496 6358 7350 7548 5909 5210 4318 5699 4586 5337 5997 8625 3632 5125 5890 3805 4322 6619 6708 7462 4732 5367 3066 4469 5372 4629 3634 1541 5668 2807
17 26 7 5 96628 1
3 7 7 0 45547 1
17 23 27 6 84492 1
0 21 22 24 76850 1
10 10 20 5 56443 1
7 5 17 15 72819 1
21 29 7 21 71110 1
7 24 28 27 71847 1
12 1 15 13 59082 1
24 1 2 28 162749 1
20 3 19 17 52413 1
22 24 18 16 38086 1
8 1 12 13 48892 1
1 2 0 21 100479 1
9 3 19 2 62362 1
1 6 11 16 67515 1
2 26 12 2 108047 1
16 14 13 2 70603 1
29 1 4 29 140147 1
18 22 13 13 53792 1
19 15 2 19 80136 1
4 6 12 3 36360 1
10 15 8 27 53572 1
19 21 0 21 62168 1
11 11 3 4 60393 1
7 13 21 12 58119 1
9 12 20 16 57682 1
10 10 13 29 88559 1
11 6 17 2 44262 1
3 9 6 18 52527 1
0 27 11 25 40730 1
9 12 28 22 90313 1
16 5 0 23 106873 1
16 1 17 22 87312 1
15 28 10 10 94739 1
12 10 23 9 54900 1
22 2 27 21 85124 1
12 27 19 11 69925 1
22 7 15 3 39964 1
7 9 4 27 75732 1
3 13 11 19 54268 1
24 19 27 5 56160 1
29 20 1 1 158058 1
18 1 5 14 94346 1
19 10 5 27 93973 1
27 11 1 29 132193 1
13 0 18 7 51927 1
21 23 8 18 54041 1
21 21 23 4 77592 1
2 2 26 27 154680 1
2 28 26 28 80915 1
22 11 16 27 71139 1
8 29 19 24 45516 1
3 7 26 27 131120 1
19 0 28 20 93065 1
11 14 11 4 47646 1
20 14 13 26 59505 1
28 9 12 27 96521 1
14 6 23 2 49139 1
1 15 13 15 55965 1
18 16 17 4 51559 1
25 28 16 18 66518 1
20 5 4 17 95288 1
3 14 11 2 75355 1
5 10 10 22 61095 1
28 25 22 13 63017 1
16 15 4 4 84585 1
14 5 20 18 68205 1
0 5 1 14 48897 1
2 22 19 23 53169 1
29 29 3 0 164059 1
27 18 11 23 60562 1
28 29 17 14 80072 1
13 9 26 26 96762 1
22 17 3 22 77355 1
20 12 8 7 58630 1
7 13 13 20 40349 1
16 13 10 4 60803 1
13 0 11 18 81604 1
20 4 27 23 87513 1
0 17 19 21 82455 1
9 14 1 2 75745 1
25 5 22 12 39086 1
7 29 26 27 58747 1
21 25 6 16 81252 1
19 14 17 1 52430 1
0 26 23 2 150384 1
5 21 23 23 61594 1
7 13 20 8 66601 1
3 20 4 7 54672 1
25 28 9 14 100578 1
26 7 13 16 82275 1
16 8 15 25 78351 1
25 23 23 2 90363 1
18 27 7 21 58404 1
23 9 29 26 74088 1
13 19 5 22 35771 1
2 19 3 0 82481 1
8 0 28 16 118839 1
7 4 6 13 38572 1
24 21 13 15 70118 1
1 24 11 4 99907 1
27 28 25 15 50166 1
28 0 17 16 90521 1
0 8 18 17 100456 1
16 11 27 22 69776 1
12 21 28 3 106870 1
19 21 0 25 71136 1
19 24 18 0 79272 1
11 3 20 9 56495 1
20 2 2 3 92271 1
7 25 11 12 58882 1
25 7 28 20 54324 1
26 19 21 1 86955 1
9 3 7 29 93246 1
21 28 4 15 98736 1
25 6 0 6 86933 1
18 17 21 8 42704 1
2 23 18 1 122127 1
14 20 2 9 80532 1
10 28 4 9 91287 1
10 12 17 20 58579 1
18 21 24 3 84655 1
1 24 29 20 98160 1
0 12 27 19 129067 1
29 18 13 17 74200 1
20 22 5 26 56208 1
4 11 1 20 47102 1
17 21 3 13 78480 1
29 28 4 8 132659 1
23 10 4 1 98336 1
24 0 29 13 54177 1
0 24 22 17 95273 1
24 18 26 0 71261 1
1 20 20 28 86491 1
4 22 23 6 102539 1
22 11 27 23 58587 1
5 25 17 28 54110 1
8 10 8 29 64028 1
21 9 21 20 48219 1
11 8 23 16 73568 1
15 3 0 16 94783 1
14 10 29 2 81120 1
28 13 6 17 101969 1
8 16 2 21 41548 1
11 24 22 4 94204 1
17 28 16 15 66092 1
5 6 23 22 102337 1
0 17 17 23 78340 1
29 29 18 4 106173 1
19 14 0 7 95071 1
11 0 18 18 95673 1
25 10 12 20 83166 1
6 20 17 4 91828 1
8 5 10 18 51889 1
0 9 22 21 124222 1
27 18 12 5 95982 1
5 12 21 12 69021 1
19 24 6 5 98733 1
18 27 8 12 81372 1
12 26 6 14 64309 1
25 26 19 17 41676 1
14 9 4 5 47757 1
9 18 12 1 73672 1
11 15 25 6 83260 1
9 19 1 0 92534 1
22 4 11 0 66317 1
15 5 23 7 37949 1
24 16 15 19 49420 1
29 4 11 11 90863 1
21 27 3 15 97624 1
6 28 9 19 45924 1
12 8 24 23 92283 1
9 24 11 1 96636 1
19 26 1 27 54811 1
11 23 20 18 45084 1
26 3 26 26 77624 1
4 20 13 6 74596 1
0 7 24 11 113851 1
22 29 13 26 36653 1
9 3 18 11 73123 1
22 23 5 1 125750 1
11 12 10 29 74795 1
15 12 13 27 73190 1
22 19 14 12 55339 1
22 26 25 11 68941 1
5 20 25 13 93245 1
18 23 10 29 47362 1
16 7 7 19 76844 1
19 0 17 11 47997 1
23 5 11 20 86882 1
8 2 5 20 66691 1
13 18 0 20 58458 1
17 26 2 11 103599 1
0 23 22 6 115720 1
4 7 22 12 81762 1
21 24 1 10 118168 1
17 1 18 15 58456 1
7 27 5 17 50210 1
14 10 25 10 58735 1
16 5 6 14 63672 1
25 24 13 3 114411 1
7 23 13 10 68920 1
15 7 25 0 67454 1
28 22 8 13 85064 1
22 3 9 7 60179 1
11 9 18 3 55412 1
23 17 18 3 67286 1
3 0 14 7 65065 1
21 26 29 6 69896 1
26 4 25 18 55708 1
16 28 0 12 117655 1
25 9 25 24 58918 1
9 5 14 13 48561 1
27 26 20 21 39009 1
10 27 0 9 104473 1
6 7 20 4 61973 1
19 5 25 19 69735 1
0 15 14 2 97958 1
14 6 3 6 36307 1
13 25 8 18 40715 1
23 6 15 14 56029 1
23 1 23 14 63536 1
29 18 20 26 43344 1
25 14 8 1 99605 1
9 9 15 17 55614 1
21 15 15 26 53795 1
17 13 23 9 37942 1
26 2 20 21 89456 1
28 21 24 12 46913 1
22 15 4 2 102680 1
9 17 23 12 75294 1
26 21 5 29 86446 1
5 10 20 2 79815 1
11 4 23 1 73201 1
20 18 10 15 55814 1
8 10 12 25 63234 1
17 25 18 0 88208 1
27 22 7 15 82307 1
3 5 4 18 54531 1
13 18 16 6 68877 1
23 3 0 29 156520 1
28 15 22 4 60778 1
18 22 9 21 31575 1
26 16 20 3 74361 1
23 25 7 14 88489 1
4 13 26 25 109705 1
4 6 7 18 55425 1
13 27 21 13 70468 1
29 20 14 1 111637 1
26 14 24 27 50399 1
6 19 8 9 41947 1
3 2 12 21 91409 1
7 26 23 5 111568 1
13 24 23 28 47504 1
25 28 3 21 87285 1
17 3 21 14 59447 1
3 27 17 21 65128 1
16 21 3 27 59925 1
13 22 23 27 41254 1
3 12 26 15 102244 1
2 6 16 14 79740 1
23 0 5 26 138136 1
24 12 16 16 47681 1
22 24 18 3 82437 1
4 22 29 22 70808 1
12 25 27 14 78507 1
19 1 4 27 123667 1
20 12 23 27 58821 1
6 19 11 8 56370 1
13 20 27 16 64382 1
28 27 3 19 99197 1
20 17 3 18 82824 1
3 29 5 15 68287 1
14 22 19 29 36721 1
17 13 8 17 47534 1
4 25 28 12 111440 1
8 7 1 24 78610 1
14 6 4 13 56114 1
19 15 15 7 43973 1
23 18 9 4 100674 1
6 19 20 1 107266 1
20 19 24 13 42820 1
12 3 29 28 125726 1
10 23 26 4 109454 1
10 7 6 16 46191 1
28 21 8 15 84364 1
7 24 12 9 74690 1
6 29 22 15 89590 1
17 15 23 29 64913 1
12 25 3 29 41664 1
2 18 10 23 46633 1
7 25 26 14 93947 1
22 19 12 29 65663 1
11 4 10 25 87729 1
3 20 27 3 133790 1
8 28 5 10 76850 1
8 11 27 10 89106 1
15 3 18 15 56989 1
20 4 6 12 78635 1
4 25 2 12 60654 1
19 5 8 20 81721 1
23 20 7 28 79920 1
25 15 18 2 68687 1
18 26 1 16 90198 1
9 9 5 29 80437 1
15 22 15 8 62547 1
3 24 22 12 92981 1
25 11 12 22 79289 1
20 23 27 27 34290 1
23 15 12 11 57785 1
27 24 17 6 84101 1
12 28 11 9 83249 1
4 2 18 15 95513 1
15 26 22 8 79573 1
14 13 2 25 80748 1
0 21 16 7 109567 1
21 23 14 19 40401 1
19 26 9 25 37394 1
24 29 11 17 81628 1
2 0 22 10 105505 1
7 26 13 9 79017 1
17 11 18 20 44686 1
12 27 15 20 35328 1
7 8 15 21 64763 1
26 15 18 28 69012 1
29 24 19 10 67167 1
12 2 18 7 41283 1
2 25 7 17 50815 1
17 26 26 20 48095 1
28 6 12 27 102236 1
13 1 20 18 94404 1
25 10 20 3 54003 1
13 25 3 22 44380 1
26 22 13 11 81961 1
1 16 12 0 89675 1
3 19 23 6 115639 1
12 6 29 19 91958 1
29 14 8 8 97834 1
14 17 18 29 66004 1
28 21 19 18 40488 1
6 2 29 17 123849 1
14 1 19 12 59280 1
13 21 10 11 54587 1
4 2 14 16 80412 1
13 28 15 12 80726 1
10 9 20 2 61775 1
12 20 1 7 79104 1
3 28 13 13 87039 1
6 3 0 11 60762 1
23 22 16 28 46889 1
4 17 5 1 66801 1
13 13 5 19 55913 1
1 12 24 21 116982 1
27 19 0 26 100818 1
7 22 21 0 109056 1
2 10 16 17 82939 1
6 20 1 12 54695 1
6 27 20 14 84896 1
2 5 6 12 42989 1
4 5 22 29 130627 1
10 8 22 9 54470 1
2 15 13 24 77161 1
12 8 27 27 106503 1
20 0 8 0 55504 1
12 19 7 25 37174 1
6 16 17 12 55519 1
13 19 26 4 102836 1
22 21 3 14 96736 1
5 21 11 11 56291 1
27 8 4 16 115869 1
22 23 12 25 42337 1
6 29 17 18 80397 1
24 4 24 15 58996 1
11 1 3 28 121493 1
3 14 14 27 88742 1
18 29 4 11 105634 1
15 27 19 15 52276 1
9 1 6 8 35025 1
15 21 10 12 55277 1
9 19 2 9 65717 1
10 12 5 1 59875 1
7 16 15 27 65650 1
10 16 2 27 62648 1
21 16 8 14 56435 1
4 25 9 9 67822 1
16 2 21 15 67351 1
18 16 5 18 63598 1
9 19 3 5 67582 1
27 3 9 7 75975 1
29 22 5 6 118182 1
17 15 0 22 82275 1
16 22 13 0 101172 1
28 2 11 1 94648 1
21 3 3 28 137392 1
26 16 26 3 47452 1
0 9 5 0 52013 1
15 22 27 13 61761 1
19 12 27 28 69760 1
28 26 9 9 112851 1
1 26 24 23 80648 1
3 24 21 7 107453 1
14 9 9 4 39270 1
7 20 0 27 50455 1
24 16 2 22 84922 1
15 26 14 0 113615 1
21 13 1 4 99129 1
25 16 3 26 101258 1
6 6 18 3 59846 1
15 29 23 4 106894 1
29 29 15 8 104552 1
11 1 9 29 110570 1
5 27 26 9 122601 1
29 28 6 18 99365 1
19 1 16 8 34369 1
9 15 29 8 104635 1
14 0 19 18 77946 1
22 0 12 26 112762 1
26 24 5 17 91752 1
27 9 13 1 88105 1
16 4 13 12 47989 1
10 4 26 2 79397 1
9 28 2 7 98743 1
29 13 9 0 109849 1
22 29 6 18 88963 1
6 29 25 29 56660 1
19 20 29 6 74220 1
4 0 25 28 151130 1
28 10 16 13 56396 1
20 1 5 0 76872 1
19 10 11 14 45255 1
3 17 26 14 102702 1
6 21 14 23 33363 1
23 26 29 9 57779 1
10 28 28 10 106142 1
15 5 17 16 58459 1
10 1 23 13 94171 1
15 0 29 5 74618 1
19 17 7 20 48665 1
13 16 26 21 66583 1
10 27 23 27 41291 1
19 17 19 0 52928 1
26 8 5 12 102432 1
6 15 18 19 66365 1
10 5 26 18 98609 1
14 24 4 26 40933 1
12 14 18 3 72122 1
5 27 10 8 79262 1
11 16 6 4 58095 1
11 17 6 29 60390 1
15 29 2 16 87299 1
14 19 1 4 101838 1
11 29 15 12 83491 1
28 24 19 3 92390 1
13 6 11 23 75715 1
3 2 24 22 130222 1
13 6 26 27 100533 1
13 17 8 1 70300 1
22 2 10 1 69038 1
12 27 28 6 102236 1
7 12 1 8 43196 1
19 22 20 12 33708 1
24 3 19 29 104070 1
5 14 5 27 61409 1
24 4 25 25 87135 1
3 26 5 7 83776 1
21 9 13 0 63798 1
14 5 24 11 64351 1
20 20 25 28 47735 1
9 0 13 25 99817 1
16 17 4 11 68874 1
15 14 10 2 73382 1
18 12 24 22 50359 1
6 5 5 18 61479 1
16 6 8 0 43353 1
3 22 16 3 104835 1
3 26 27 12 113899 1
19 14 8 26 69263 1
20 15 4 0 102868 1
25 19 10 22 59269 1
0 17 8 12 46883 1
6 28 21 13 95362 1
2 16 9 6 55872 1
8 9 28 10 90861 1
12 16 0 7 73810 1
21 9 14 4 46514 1
1 9 8 18 63957 1
6 1 16 2 64246 1
7 26 26 7 119820 1
5 3 26 7 89868 1
24 0 7 27 143986 1
11 6 0 27 97933 1
18 2 12 29 109127 1
21 23 9 18 58001 1
19 1 20 11 37958 1
7 1 12 28 104407 1
1 1 1 17 85685 1
16 17 28 11 73913 1
24 12 12 13 55320 1
13 3 9 19 71949 1
14 21 28 29 62193 1
3 19 14 13 68925 1
27 19 28 3 55332 1
6 16 6 2 62469 1
15 27 16 12 71492 1
8 5 17 22 77588 1
23 11 20 18 42642 1
10 14 28 15 85391 1
9 17 2 10 54850 1
21 9 27 25 77742 1
12 8 26 21 96243 1
8 12 1 2 64219 1
0 21 21 25 80830 1
23 10 9 25 96723 1
21 25 7 24 54656 1
11 15 27 28 90338 1
9 7 25 22 101695 1
8 29 22 22 61969 1
0 18 19 9 106246 1
26 14 28 2 44707 1
21 20 3 5 110648 1
15 21 27 26 47279 1
4 29 16 27 44252 1
11 26 15 9 86885 1
19 0 12 15 77162 1
3 6 7 0 38827 1
7 19 1 13 53448 1
2 27 28 23 86249 1
3 20 6 13 41024 1
25 28 12 27 47709 1
12 7 16 26 86979 1
9 12 16 29 81377 1
5 27 13 15 69406 1
9 6 26 15 86197 1
21 24 18 12 50929 1
18 5 13 18 76114 1
10 8 18 15 61942 1
11 12 29 24 94439 1
3 12 2 23 56623 1
0 3 8 26 109494 1
11 28 1 11 100047 1
22 22 7 27 61546 1
4 13 21 28 102973 1
4 10 24 1 107428 1
16 27 25 17 70009 1
24 19 12 11 81191 1
9 28 6 15 60847 1
5 1 15 3 66805 1
5 7 21 19 100046 1
13 14 1 22 68533 1
24 6 10 24 100070 1
6 15 16 13 48890 1
22 22 29 25 26125 1
4 21 22 24 62568 1
2 27 2 12 74703 1
26 15 8 14 79446 1
17 25 1 0 139170 1
27 16 19 18 37380 1
14 13 26 0 87917 1
17 10 11 4 52251 1
7 0 15 13 72635 1
20 5 10 12 62187 1
27 26 6 8 115010 1
1 25 28 7 136705 1
29 2 4 9 107231 1
4 27 20 12 94889 1
13 0 20 21 96668 1
29 11 23 17 44755 1
20 13 25 6 46057 1
27 1 6 5 89267 1
13 21 21 7 76502 1
23 2 17 24 99266 1
27 5 6 22 110355 1
6 17 28 22 83841 1
8 8 22 3 64305 1
25 1 1 28 164380 1
14 18 15 5 66747 1
12 28 5 5 96174 1
2 1 2 11 55002 1
7 11 20 11 66657 1
3 6 16 26 104000 1
11 13 14 29 75539 1
23 19 19 7 55736 1
19 24 14 19 37911 1
5 14 3 5 43689 1
21 5 21 18 56352 1
13 26 4 1 111444 1
24 28 15 1 118188 1
13 23 4 16 59663 1
23 25 2 17 98827 1
18 29 10 5 110461 1
2 13 27 14 105139 1
1 13 27 20 118560 1
4 12 7 20 44798 1
5 8 13 4 43656 1
20 9 15 0 50210 1
18 23 28 24 43309 1
3 3 13 9 59369 1
14 24 19 6 72580 1
25 22 3 24 71293 1
9 25 5 8 69160 1
15 23 28 10 77735 1
23 8 8 9 65485 1
15 16 22 13 37882 1
7 29 17 24 51066 1
2 24 11 1 108540 1
5 0 12 28 118102 1
19 28 8 18 63753 1
1 7 20 7 77557 1
4 7 13 22 76574 1
12 5 5 28 98357 1
0 21 5 4 87871 1
3 22 2 13 49337 1
20 14 17 22 33992 1
1 20 18 13 86663 1
1 4 9 9 49526 1
22 20 0 25 87355 1
4 1 23 17 116982 1
20 26 8 7 93376 1
8 2 6 15 48966 1
5 24 2 6 78824 1
3 0 27 1 117593 1
9 10 13 1 55673 1
13 12 14 26 69314 1
21 23 25 4 85736 1
28 5 9 7 76062 1
19 28 17 14 56465 1
22 0 0 11 118355 1
20 15 5 13 66103 1
23 2 9 19 113110 1
29 15 16 4 79106 1
26 8 12 13 73409 1
4 11 19 1 82921 1
7 7 21 18 89383 1
13 7 18 0 51334 1
28 27 0 12 137008 1
26 29 4 0 152536 1
16 29 9 25 38193 1
26 3 2 0 115899 1
9 11 4 28 76505 1
20 20 7 23 51813 1
22 20 15 6 67941 1
0 2 14 11 93190 1
9 26 26 18 77284 1
2 4 18 6 62844 1
6 29 25 8 124495 1
23 18 18 0 78109 1
25 9 19 23 71856 1
17 23 11 3 98777 1
20 15 5 18 78114 1
29 10 16 23 74460 1
26 5 0 1 120077 1
3 18 28 12 123616 1
26 27 2 5 137515 1
17 14 7 7 65743 1
13 23 7 13 55221 1
20 18 25 12 46914 1
9 7 16 4 36651 1
26 29 8 23 68180 1
29 23 6 4 125511 1
17 27 14 15 63458 1
2 28 17 17 93787 1
21 10 29 4 49470 1
20 12 12 3 55938 1
22 25 1 7 126221 1
28 24 2 21 88861 1
1 2 8 20 88201 1
10 9 18 11 48506 1
28 17 11 4 106964 1
24 18 9 4 106298 1
22 15 5 5 86134 1
2 27 23 8 122606 1
2 18 18 14 86641 1
12 23 9 14 49646 1
3 2 28 8 108546 1
19 24 28 2 94005 1
23 27 15 16 59773 1
0 12 14 13 60264 1
21 11 16 21 56319 1
5 9 15 17 67260 1
7 20 14 2 83568 1
14 2 27 5 64520 1
20 28 16 8 80993 1
25 6 1 3 97615 1
23 0 8 21 118860 1
10 9 6 2 42809 1
8 27 29 20 77998 1
14 9 17 23 73057 1
9 4 7 23 70473 1
1 21 13 4 101004 1
22 9 5 27 109755 1
26 17 4 22 81290 1
14 8 23 27 87243 1
23 4 7 14 89886 1
8 17 23 24 71168 1
19 18 22 29 42641 1
1 25 14 1 124963 1
2 5 21 6 67612 1
2 13 22 10 90066 1
21 8 14 1 55756 1
25 27 9 25 54839 1
22 4 10 18 95243 1
4 0 10 14 67102 1
3 1 7 13 63827 1
3 4 22 10 89526 1
7 9 13 25 74132 1
0 17 12 27 78236 1
29 3 19 25 84448 1
29 17 9 9 104506 1
29 20 7 27 82238 1
26 3 28 20 59938 1
9 21 28 1 123046 1
4 19 18 26 67026 1
10 18 28 2 125252 1
24 19 3 7 125473 1
25 25 13 17 74120 1
4 1 2 17 64341 1
24 9 12 0 79766 1
24 15 9 0 104855 1
9 6 16 20 69644 1
24 22 8 6 95439 1
1 5 5 26 96548 1
25 26 10 19 67799 1
8 0 24 9 87500 1
9 3 2 19 83508 1
7 0 25 5 84341 1
7 7 29 17 107605 1
15 24 27 24 47442 1
19 16 14 7 51720 1
10 16 6 27 53228 1
6 19 18 1 108543 1
12 18 27 28 74897 1
20 23 7 9 84137 1
23 4 5 3 83874 1
4 12 29 4 114785 1
17 2 2 3 89844 1
10 16 22 25 70681 1
10 21 22 6 86922 1
12 29 4 12 85303 1
18 11 3 18 90203 1
25 16 6 27 96126 1
5 1 23 23 129915 1
5 12 5 0 52441 1
20 10 2 12 86698 1
5 7 11 20 58161 1
0 20 23 14 100961 1
0 15 18 3 114299 1
24 14 25 25 51870 1
5 16 14 25 66558 1
25 15 15 10 59343 1
5 8 1 26 87742 1
8 29 21 16 77645 1
22 21 7 24 61935 1
11 17 3 28 69023 1
6 28 11 15 68852 1
24 16 7 7 91788 1
22 23 22 8 56933 1
4 23 25 9 113106 1
18 19 12 23 39337 1
22 29 28 19 52931 1
7 26 25 1 138247 1
18 26 22 20 33834 1
12 9 11 27 77239 1
2 6 8 29 95629 1
14 10 19 18 50567 1
24 6 4 27 126012 1
9 20 14 3 80317 1
13 28 25 1 135171 1
6 9 19 12 67645 1
6 16 18 22 57373 1
13 16 22 15 38440 1
13 3 11 28 107995 1
12 25 22 0 111222 1
6 21 22 17 71946 1
23 16 13 9 62271 1
1 25 16 13 94624 1
8 10 19 5 50796 1
18 26 3 10 105105 1
19 21 12 24 30576 1
7 21 17 5 86245 1
25 1 22 26 102955 1
10 21 0 4 92851 1
1 19 27 28 105514 1
11 1 26 19 115364 1
5 29 9 5 90452 1
21 2 7 5 68119 1
2 7 23 21 122136 1
0 25 8 3 94494 1
25 11 20 27 77846 1
17 14 7 6 68484 1
13 22 9 12 48883 1
1 10 13 20 78387 1
25 18 0 29 116765 1
10 8 20 5 47808 1
6 18 25 28 93446 1
0 23 16 24 61662 1
10 17 4 28 62459 1
23 7 7 7 62336 1
20 13 26 0 69162 1
1 11 8 27 87011 1
22 29 28 9 76496 1
19 2 26 9 50715 1
6 3 14 11 63989 1
29 16 6 1 125469 1
11 18 3 7 71909 1
27 27 5 3 138880 1
14 18 3 25 65072 1
17 23 27 20 42463 1
11 5 20 15 66630 1
0 1 9 29 133162 1
19 27 25 14 64835 1
12 16 22 11 53759 1
5 21 22 25 64510 1
2 19 25 16 99670 1
27 20 12 18 64774 1
0 7 20 10 89474 1
22 4 7 23 104653 1
10 15 5 27 62320 1
17 1 23 18 83268 1
2 18 16 9 89652 1
18 12 6 17 64844 1
5 17 21 18 78659 1
8 11 20 16 61077 1
3 2 8 15 60810 1
10 13 22 23 74923 1
4 1 17 7 67282 1
22 2 3 18 124161 1
7 24 8 2 77864 1
29 27 25 20 30232 1
17 26 18 16 41471 1
17 14 26 27 68001 1
24 28 10 19 73419 1
3 5 9 26 90014 1
2 6 10 11 48932 1
3 6 8 19 56348 1
20 26 17 3 86906 1
28 11 9 3 103918 1
0 15 23 28 117939 1
9 13 20 26 78583 1
11 26 19 6 84825 1
8 7 23 7 57095 1
11 0 1 12 83139 1
26 4 3 13 108616 1
14 0 15 9 45324 1
16 0 21 13 61080 1
0 21 27 29 101061 1
20 13 2 0 106356 1
13 1 29 3 91071 1
3 12 13 29 92933 1
15 20 29 23 48721 1
21 18 15 22 35495 1
21 23 8 24 51374 1
25 17 21 26 50665 1
0 18 4 25 42195 1
21 14 6 0 100960 1
3 19 12 15 57151 1
22 21 3 28 83696 1
19 5 7 22 84970 1
25 20 21 9 59390 1
4 5 15 11 60507 1
19 13 27 9 43103 1
0 24 11 4 101888 1
17 10 10 27 87152 1
12 17 12 28 45233 1
23 12 24 26 65955 1
16 18 25 26 57943 1
11 6 21 10 51024 1
24 3 3 18 130544 1
1 1 21 26 149711 1
14 12 0 3 88689 1
7 14 0 22 57110 1
5 4 22 24 115432 1
9 17 3 29 61568 1
11 1 16 6 39151 1
0 25 25 2 154344 1
8 29 20 18 72313 1
9 23 26 29 70139 1
12 12 18 20 53877 1
23 18 28 5 65819 1
9 20 0 19 37948 1
1 15 16 1 107674 1
4 7 19 9 62047 1
23 12 10 3 80800 1
1 2 29 6 118965 1
10 14 17 23 59402 1
0 2 25 26 159875 1
0 14 11 4 75939 1
7 14 13 9 42459 1
15 12 19 0 53471 1
8 19 2 27 44173 1
13 17 25 25 74120 1
6 11 0 3 61036 1
5 29 23 9 117583 1
0 28 0 9 96532 1
17 0 12 8 53130 1
17 22 5 2 102545 1
23 17 14 19 55318 1
29 7 8 6 74729 1
0 10 10 27 101617 1
22 23 11 25 46057 1
14 21 26 28 52536 1
2 21 9 17 43134 1
29 14 3 23 97735 1
1 24 9 14 64127 1
6 26 10 11 65476 1
24 4 10 4 66307 1
2 6 24 16 105137 1
6 4 13 28 103840 1
6 23 22 17 74158 1
17 0 3 26 135854 1
4 22 25 8 108133 1
0 10 10 4 60079 1
19 4 21 28 81501 1
26 19 1 1 153440 1
2 26 10 16 61765 1
16 25 7 15 66327 1
18 11 4 29 106279 1
16 26 2 25 47450 1
10 5 12 24 81232 1
27 0 9 21 122450 1
19 26 7 5 99974 1
16 24 14 16 43102 1
3 18 17 13 76378 1
12 29 20 8 88929 1
0 16 18 5 97758 1
19 29 28 26 32407 1
16 13 8 1 67898 1
14 29 22 23 41353 1
3 17 16 21 67101 1
28 12 10 21 89616 1
3 14 14 7 73348 1
21 4 11 19 89211 1
18 8 1 11 86341 1
13 28 26 19 76703 1
26 19 15 23 46988 1
23 27 17 15 55076 1
0 14 13 0 96231 1
24 9 14 8 48217 1
10 13 20 28 88019 1
2 24 11 7 86668 1
24 7 17 1 51219 1
16 25 5 22 45346 1
3 9 14 25 97407 1
21 13 16 26 56375 1
24 15 6 3 105159 1
18 18 12 13 51464 1
25 25 27 15 37892 1
23 13 10 8 68124 1
1 1 23 19 148437 1
12 23 4 28 45524 1
18 5 15 16 55868 1
14 9 12 26 79795 1
20 8 9 15 71090 1
22 3 25 24 93222 1
10 24 21 5 93124 1
18 8 2 0 89058 1
22 16 25 8 37959 1
8 16 17 12 45855 1
1 3 6 21 93440 1
17 24 18 7 68505 1
2 25 7 20 38479 1
15 22 17 4 74742 1
14 25 24 17 69229 1
0 14 29 17 125248 1
2 17 12 16 43940 1
1 28 11 10 95722 1
25 29 20 2 108302 1
28 26 13 29 49958 1
24 9 12 13 66342 1
27 24 14 20 51499 1
7 14 2 4 58746 1
5 14 17 8 67698 1
7 16 26 5 98438 1
1 8 27 8 102853 1
17 23 0 24 62564 1
29 20 12 17 73684 1
0 12 23 0 128601 1
5 3 21 2 84496 1
10 15 4 8 47075 1
2 14 18 28 110750 1
1 16 12 24 68342 1
16 17 0 27 87779 1
11 4 14 11 44789 1
4 17 13 14 53149 1
29 8 8 11 92605 1
0 10 20 25 122810 1
26 3 5 18 125638 1
3 3 27 23 140652 1
12 3 18 25 96241 1
29 24 14 14 81487 1
16 3 25 1 63556 1
10 12 7 5 33944 1
17 7 26 1 56309 1
18 4 0 24 125233 1
28 11 25 20 44400 1
17 16 5 0 98695 1
17 7 3 12 76977 1
25 14 12 11 64424 1
16 29 14 4 108191 1
21 7 18 24 70092 1
