4358 4579 3866 6487 3899 5665 7001 6215 5031 4338 5231 4087 4672 3820 6279 3270 6424 3286 7126 3478 4572 5972 4384 4898 6415 4843 3942 4544 5774
6556 7882 4691 7934 7243 6104 5249 8318 6320 5667 5870 4660 6269 5982 6773 5618 5508 6299 5829 7999 5451 7510 5583 8214 5588 5068 4363 6209 3377
4142 4674 5009 4542 2422 3217 1592 2016 2247 1949 2968 1616 4177 1855 5199 3829 3861 2108 4237 4838 4222 1962 3320 3884 3153 5400 6937 4741 5886
3433 2211 2167 3455 2035 4765 1544 4842 7466 4436 4167 6548 5665 3845 6574 4793 6633 6111 6412 4033 4422 3861 5492 6030 5999 5014 6017 5293 3900
5259 5831 4908 4201 4636 5959 6276 7434 7311 7509 7786 8409 7861 6451 8261 8657 8657 6498 8714 7180 8468 7625 7562 7865 6455 6207 7125 4973 7504
6492 7013 7004 8116 8187 6701 6376 6939 7025 8292 3695 5782 5179 4511 3710 6880 4721 7403 4837 5522 6337 4939 5168 5571 5203 6152 6959 4361 5981
5878 6889 4959 7523 8116 5976 5579 6767 6756 5461 8300 4955 7426 8561 5038 5828 7326 5941 7023 6742 5736 3578 6495 3138 5086 5582 6940 4860 5422
7060 3904 5379 6893 4623 3444 5706 3557 5091 6312 5691 5663 3483 4833 5758 6353 6535 4938 4925 7099 6418 4387 6286 5389 4274 6635 4377 6916 5164
2438 2190 2574 1931 4873 3036 4525 3250 4517 3165 4644 2812 4154 2495 5440 4707 3179 3545 3864 5165 2002 4554 5435 5645 8234 7009 4934 5291 5191
5200 6299 6113 5009 6902 5930 5371 6491 6957 7662 5041 5583 7722 4887 4096 5558 5696 5609 5356 4986 4708 6543 6235 5419 4309 5110 7146 7714 5996
5769 3566 6201 5332 5627 6565 4659 4353 3709 4867 3804 3744 5882 6626 5119 6039 6079 5552 7148 6029 4268 5961 5499 5376 6839 4605 4417 6415 6505
7271 4072 6788 7666 6172 6365 5904 7537 4788 5202 6387 5326 7153 6239 4190 6647 4353 7698 7174 6989 3738 4871 4976 4396 3773 4337 7345 7228 4038
8258 6311 5865 4541 7080 5106 6818 4568 6056 5506 7643 4599 7925 4887 8233 6969 7550 7269 7862 5379 5485 5590 6422 8054 5744 7069 6679 8039 6215
7231 8790 4911 5007 5110 8348 5323 5058 5192 4999 5732 5308 7920 8616 3849 7443 5946 6117 5263 5323 6040 4044 3838 7224 7276 5806 5206 7197 5450
4479 5254 6568 6428 5093 4144 7673 6196 4738 6849 7174 6306 7219 4742 4424 5238 5865 5637 7073 5021 5675 4396 7047 4732 1696 2219 3427 3676 2962
6122 4044 3456 3776 2765 5755 4780 2850 4472 5905 3967 3797 5847 5550 3018 4304 5955 6177 4887 3442 3870 4887 3955 3494 4772 4933 8196 4470 4594
7184 4514 6558 6708 7632 6157 7031 7322 6171 5124 4601 5248 6892 7785 4687 6547 5739 4901 5148 5823 4057 6241 4960 6618 7192 7128 5834 7113 8621
4626 5440 6303 6713 2856 6062 5650 4754 3785 4628 5118 4427 3368 6661 3572 2991 5395 5324 6707 5145 3436 5805 5636 8347 5711 7219 6319 8249 6404
4461 4401 5982 4126 5782 2478 3578 3173 5185 2936 4435 3306 6091 3442 4020 5161 4526 4630 2924 6028 5113 5417 5161 5782 4285 3559 5503 3374 5947
4501 2941 5445 3009 4355 2409 5317 4210 2927 3899 2389 4601 5403 4651 4276 2278 2242 2465 2401 5166 3574 3640 3902 2107 4718 5033 2176 3709 5185
3183 3108 5253 3751 3044 4092 3757 4772 3277 2961 4597 3201 2105 4505 5086 1966 1708 1744 5238 1553 2480 1709 3292 2518 5233 3012 4578 3643 3548
7118 6644 3809 5263 4015 4934 3764 4719 4899 5403 3932 3015 2931 5121 3818 5454 2732 2763 4085 4355 2387 2554 3297 5370 5174 3433 4577 4886 4604
4968 2405 3859 3266 4503 6060 5772 2772 3215 5282 3724 3159 7517 5191 7899 7118 8210 5389 7350 6656 6568 8216 7746 6984 6483 7121 6048 5284 5167
7040 3469 3633 6028 7292 4828 5443 7270 5559 6417 6060 6790 3639 5212 5070 5911 6492 5594 5322 3975 5080 5472 5862 7280 4337 4446 2397 6182 4816
4726 6788 7473 8191 8390 7868 5207 8047 6763 4729 8503 4977 8133 5519 6059 5253 5373 7705 5003 5566 7523 7252 7086 6491 7802 6311 4825 6830 5723
4026 4407 6281 6735 5583 4774 6424 6842 4755 7237 6523 4186 6258 4764 6075 7524 6418 5175 7428 6573 5938 3678 5020 5452 5727 2815 6514 4441 3213
3342 2683 5217 5551 2362 5283 2570 5948 3800 5539 3544 3633 5718 3425 2622 4573 4054 3322 6314 3460 5078 4423 3141 5138 3213 5245 3167 3849 5201
4996 4768 4204 4113 2216 5792 4710 5139 3359 4364 4219 4860 3535 3982 5519 4380 5678 4634 5664 5238 6705 8180 7728 7153 8421 7254 6448 6754 4598
7695 7363 5212 6679 4924 5253 4897 6343 7810 8623 4830 6917 7398 5251 8199 4075 3042 4535 3303 5865 4527 2672 5342 2365 3746 4683 4444 5886 5023
6784 7207 5142 5094 6312 5781 6960 5559 4909 4498 4144 4789 6644 5021 5365 7806 5475 4744 6365 5420 6198 7597 7203 6620 5255 6163 7319 5941 8519
4311 7104 4218 4924 3885 2679 4977 6024 6774 3249 2510 8566 3340 6558 4690 5428 3393 4466 3707 4218 8080 6875 5635 5761 7313 2687 4079 4578 7401 4490
5085 5239 4887 1687 6929 3010 3942 5704 6017 3282 4789 6819 4341 6576 3897 5435 3437 3599 5066 5546 5825 5125 2825 5693 6498 3712 6042 4534 7912 3581
4488 6656 3773 3244 3513 4437 5366 5022 5920 2306 2615 8592 4437 4340 7040 8697 3168 3420 4471 3916 6537 5634 2385 2635 5516 2755 2607 2391 7800 3194
5077 7275 4053 4583 5179 3257 4469 4745 4590 4207 5050 6285 5071 5916 4562 7354 3962 3103 4823 3585 5870 3932 5042 4628 7995 6011 3696 3066 7992 4981
7854 7391 4812 3857 5364 2911 3923 5355 5645 2229 3010 8378 3724 5887 4381 8436 3361 5844 4002 2749 5151 4096 4260 4188 5819 6125 5064 3514 5396 5062
4585 5119 2104 3499 4286 5677 5791 3039 3256 1461 4994 4939 3232 5988 4659 6296 5547 5919 4263 6245 6539 3403 2099 5571 5363 5926 3227 2488 6273 7439
5121 5322 5514 3501 4449 3288 5911 5912 2514 2940 6218 5217 3735 6584 6311 7133 5947 3239 4606 3826 8414 4453 5714 2816 4850 2493 2762 2343 8176 4926
6760 5407 4807 2302 4450 2086 4199 3132 5397 3106 6829 7339 3363 4976 5885 8493 4922 6576 6357 3724 7377 3642 5014 4435 7752 5371 2469 3153 7223 6608
5759 6752 4325 4426 5945 3433 3563 3916 5198 3127 6912 7147 5520 4293 5515 7581 6244 3311 3574 3431 6744 5809 3929 5778 6449 3758 5655 1507 7456 7917
5736 7032 3980 2724 5389 2108 5313 3432 6041 4213 6158 5175 6764 4867 4585 5522 5967 3776 4402 2775 5491 5664 3522 3456 6207 4376 2496 2202 5645 7548
5528 6288 3264 3304 4467 3398 6692 4480 2746 1769 3954 8437 4592 6473 4771 6580 3617 4455 6341 4903 5861 4405 4690 3678 4457 3456 5322 1601 8162 6668
4671 4220 3698 1801 6612 2945 7191 3012 4963 4517 4492 7625 6165 6214 6224 6012 5071 4138 4836 3940 5241 3282 5842 5474 5038 4253 3970 3353 7437 5452
7022 6238 3336 1845 4599 3052 5673 3054 3986 3572 6876 7648 3250 7007 7685 7303 5670 5983 4516 3596 5453 3566 3379 2970 4722 3522 6040 3223 5778 4565
4856 3952 4902 5001 3874 4356 3555 2997 4013 4971 4842 2586 4817 6842 5734 7141 3544 6473 4741 5305 5017 6489 3436 3690 2317 6364 4513 1587 8031 6014
7523 5915 4241 2760 5002 4221 6690 3843 4699 2392 6955 3809 6351 7548 6331 8473 6267 4733 3224 4684 4912 4524 2586 4774 2751 4378 6125 2743 7947 7748
4994 7374 3634 5078 7335 2711 3734 4627 3445 3130 3641 3681 5636 6810 4447 6717 2893 3076 6305 4054 6155 4935 2318 3379 2707 4117 5329 4700 5788 7843
5239 5744 2330 3743 5344 5624 4463 5333 2843 2879 3467 1200 6903 5007 5946 6250 4355 6735 5732 4477 8266 3689 5731 3349 2602 5812 6246 4759 6525 5266
5664 6176 5709 2313 3475 6166 5900 4689 4934 2633 7127 2926 3717 5804 7712 5270 6139 5988 5342 6456 8504 3729 5089 3779 4342 5969 4813 3103 5095 6619
7313 8338 4299 2340 5032 4372 3888 5222 6024 1433 5640 1623 5417 4363 4601 6254 5436 6257 3192 5747 6769 5160 3582 6645 5245 6873 3879 2690 5240 7327
5992 5620 5589 2554 4480 5103 4619 2211 5305 2221 4380 3215 6620 7742 7088 5686 4536 5541 6309 7785 7039 5375 4375 4728 4690 6011 5577 5248 6407 6660
6386 7254 3313 7796 6682 6646 3859 4806 6185 4671 5502 4863 3216 5489 5495 5339 6043 6667 4903 6703 5000 5662 3212 5419 3670 3975 6588 2854 5344 7221
7499 8189 2156 7579 4396 3618 5746 2550 2759 3887 4977 1458 3710 7153 7235 6584 5566 4558 4059 4582 6428 5828 6006 6842 4049 4558 4946 1803 5736 6149
7711 8484 3838 8173 5512 5986 6425 2312 5881 3021 3508 1457 4397 7809 5097 6859 4426 3938 3915 8332 6569 6000 4270 8032 1685 5023 6496 3445 8624 6058
6836 6812 3016 5272 4427 3137 5190 5029 5094 1395 6925 4200 5940 7309 5560 5657 4988 4678 4171 5158 7174 6400 5020 7969 3230 3641 6848 4066 6873 5409
5255 7011 4437 7763 3456 4144 5972 5320 6397 4299 5590 2504 4343 7363 5051 7658 5287 5602 3284 4528 6534 3712 5867 7805 5040 3439 5472 2239 7622 6685
5771 7428 3553 8805 6233 4322 5925 5429 5270 3386 7230 4202 4341 6337 4450 6028 4827 5450 4461 6283 7141 6445 3884 4901 2399 4357 4185 5078 8316 4578
7941 5360 2494 5350 5403 3299 5289 4860 6116 2557 6527 3412 6978 5064 5613 5611 5561 3713 2672 5585 7892 3504 5364 4290 1833 3523 6060 3887 6448 7405
6968 7044 2021 6975 5047 5981 4062 3723 4618 1390 4239 4131 4265 7091 7000 6004 7554 6673 5709 4908 6547 5330 6003 5589 2541 6665 6017 4408 5676 4997
6877 7949 7766 6870 2222 3847 7093 4109 5578 2665 6397 1401 6484 5175 4927 5370 7992 3491 4730 5152 8361 6310 4288 5430 5406 3622 6705 3398 5985 8343
6 3 9 10 38012 1
15 8 5 18 78400 1
11 29 5 5 117781 1
29 25 5 14 133524 1
6 12 4 21 56428 1
26 11 15 2 65708 1
20 25 2 19 91962 1
7 29 28 17 111441 1
9 13 19 7 57597 1
22 9 17 3 34254 1
10 26 7 6 93715 1
14 21 20 14 47187 1
22 0 14 22 103322 1
11 24 22 8 87855 1
1 27 10 11 98142 1
6 7 14 22 90052 1
15 29 10 7 115663 1
21 7 13 27 88411 1
20 4 7 21 103691 1
4 13 17 17 81936 1
9 5 21 13 66109 1
7 6 10 28 104547 1
28 14 6 25 125998 1
27 10 9 10 68122 1
4 21 15 1 112259 1
19 29 22 9 75491 1
3 6 15 18 92853 1
1 7 22 1 88661 1
1 8 28 25 133950 1
10 23 1 13 75453 1
16 4 17 22 84057 1
4 10 27 12 88340 1
3 10 9 16 49685 1
19 4 22 20 67255 1
12 5 25 15 84075 1
14 27 21 0 114592 1
20 15 0 10 84533 1
3 0 23 20 129150 1
14 22 6 19 42786 1
3 2 6 29 106943 1
24 3 26 16 66897 1
29 3 28 15 66062 1
12 15 14 23 52900 1
4 18 2 0 66717 1
10 10 17 0 65972 1
19 13 4 9 60664 1
13 21 5 7 85611 1
2 15 18 6 79152 1
22 29 21 19 43401 1
3 28 11 6 114005 1
27 2 20 9 50753 1
0 22 11 16 64390 1
2 26 28 22 98494 1
22 3 16 15 68070 1
13 0 4 4 52392 1
13 8 19 15 46437 1
25 0 14 3 49234 1
10 23 7 7 73575 1
29 9 5 17 110080 1
20 23 17 13 42661 1
14 11 27 4 65523 1
27 18 26 3 64616 1
8 24 24 6 120288 1
16 22 26 9 75667 1
18 11 10 26 85430 1
23 21 2 21 92549 1
8 21 4 11 57014 1
16 23 9 2 112136 1
22 29 7 13 117383 1
11 17 21 22 62710 1
6 2 22 8 72483 1
0 1 17 27 138295 1
19 6 16 20 67530 1
10 27 25 28 51855 1
1 13 0 26 60286 1
9 3 24 21 113724 1
0 11 24 21 127588 1
19 23 5 15 92025 1
4 2 27 8 100631 1
7 20 26 22 90671 1
24 24 23 3 95123 1
9 0 25 28 146825 1
4 1 10 16 84047 1
18 7 27 10 39592 1
16 29 22 6 101185 1
2 0 9 9 49237 1
3 13 18 24 104396 1
28 7 23 27 98062 1
22 12 19 25 49865 1
16 26 3 20 76125 1
24 11 4 26 108485 1
26 7 11 13 76617 1
25 23 9 28 72485 1
15 12 24 28 85027 1
28 0 28 23 112109 1
3 20 23 25 96532 1
15 1 29 6 74554 1
25 18 8 2 108650 1
28 9 9 15 86270 1
25 20 4 27 92412 1
21 14 22 1 53383 1
5 12 17 2 74364 1
8 23 28 21 86548 1
12 17 8 23 40245 1
20 25 8 27 42233 1
27 1 5 4 85833 1
28 20 14 2 113922 1
23 6 5 2 77672 1
5 10 28 4 101478 1
26 16 1 11 110779 1
3 17 10 8 56172 1
9 2 21 22 101623 1
12 17 26 1 112215 1
8 14 19 18 68438 1
29 13 2 13 110159 1
21 13 13 29 78444 1
3 8 18 14 74822 1
22 13 12 25 77185 1
9 14 19 23 81328 1
13 28 10 17 66680 1
7 1 7 22 85504 1
12 5 9 25 96830 1
20 21 10 9 66385 1
2 19 20 26 88950 1
22 2 5 9 76857 1
20 26 23 7 67143 1
29 11 24 20 54605 1
19 26 9 15 85433 1
15 7 11 17 64615 1
7 7 0 29 100471 1
16 9 2 11 48857 1
15 21 2 22 56785 1
26 1 3 19 138057 1
28 3 9 7 89083 1
27 10 27 22 59617 1
11 8 4 12 38470 1
22 19 9 20 69200 1
14 14 16 4 59354 1
0 0 20 0 88870 1
29 3 28 12 51287 1
9 21 5 4 81753 1
10 18 5 4 72889 1
12 13 7 1 68925 1
16 4 9 26 122804 1
22 23 9 23 58183 1
9 12 23 17 78853 1
10 5 27 15 94346 1
26 6 21 21 71544 1
11 26 19 13 72787 1
24 15 12 2 92494 1
13 20 13 4 92276 1
13 24 29 11 87181 1
8 1 13 12 60133 1
18 6 19 29 84869 1
19 17 10 23 55948 1
19 18 21 7 46358 1
7 24 8 3 87008 1
12 11 9 27 95285 1
26 2 14 4 50372 1
14 22 16 1 100194 1
27 7 4 13 100588 1
1 16 29 27 131266 1
3 6 15 17 89873 1
4 26 25 19 101856 1
0 18 25 25 121480 1
19 7 29 5 46880 1
13 0 23 24 112363 1
21 2 28 12 62688 1
25 26 2 0 150990 1
20 10 26 16 43226 1
27 1 19 26 112723 1
4 8 4 21 60859 1
3 1 26 9 96605 1
18 29 23 24 36541 1
27 26 0 13 145562 1
23 5 26 16 58258 1
5 19 8 10 48635 1
7 21 21 7 97604 1
3 25 11 13 84601 1
19 7 8 26 101458 1
1 10 14 13 67027 1
21 17 20 5 48694 1
7 27 18 18 64210 1
7 29 15 20 55005 1
10 26 17 19 52453 1
9 26 18 0 132002 1
18 19 1 5 101287 1
15 28 4 16 87751 1
11 11 15 23 76948 1
9 5 24 29 130857 1
0 0 23 7 100698 1
29 29 25 19 62628 1
25 29 7 4 137144 1
1 29 27 13 137954 1
25 7 0 26 141957 1
8 13 19 28 95760 1
18 11 6 21 87051 1
16 25 9 15 72948 1
14 22 23 2 99787 1
28 16 20 19 45989 1
28 6 6 22 134036 1
11 26 14 0 132072 1
8 28 28 19 93661 1
24 1 1 6 96544 1
23 17 24 1 85120 1
6 27 29 0 165587 1
23 23 11 4 108072 1
11 23 2 6 88458 1
24 5 23 16 58101 1
3 23 8 14 55658 1
13 8 4 16 66982 1
0 13 26 10 98190 1
15 9 16 27 83233 1
23 20 10 19 70497 1
23 19 8 10 85818 1
22 13 26 25 66925 1
5 6 28 26 139666 1
26 4 25 19 68282 1
10 18 19 28 73472 1
0 0 11 8 65494 1
17 9 16 26 79139 1
28 20 21 14 52206 1
10 24 16 6 104176 1
25 9 17 13 37796 1
11 8 25 13 64596 1
20 17 26 11 35422 1
4 17 19 26 94663 1
4 19 18 10 90688 1
1 7 10 18 68333 1
10 11 23 26 97391 1
28 6 20 1 46302 1
22 23 20 6 64010 1
17 14 28 0 93747 1
26 23 13 4 110984 1
10 22 14 12 69796 1
11 29 4 6 113402 1
28 10 4 5 97286 1
13 28 26 5 118391 1
20 27 20 1 88540 1
22 1 8 22 121481 1
2 29 21 3 144270 1
13 2 15 12 50666 1
20 23 1 12 105849 1
23 18 12 17 58618 1
18 28 9 3 120170 1
19 8 26 26 77356 1
4 21 14 27 55016 1
0 25 27 2 161730 1
14 2 29 7 75557 1
25 7 4 23 132301 1
21 0 17 27 107077 1
25 4 7 8 84984 1
16 2 7 13 68550 1
0 28 28 23 100575 1
28 11 28 26 71920 1
23 26 3 14 121685 1
6 16 0 22 45726 1
28 6 9 26 128358 1
19 6 29 5 47746 1
8 20 16 3 92241 1
6 20 21 9 93825 1
3 5 14 1 52399 1
23 4 19 22 75026 1
28 0 8 2 85255 1
12 4 21 29 115539 1
13 3 27 22 116247 1
19 25 21 3 83575 1
1 3 0 14 38875 1
29 5 1 3 108337 1
0 16 17 23 89530 1
27 7 2 4 96314 1
12 19 9 28 54556 1
24 5 20 16 52064 1
5 2 13 15 84644 1
14 21 20 0 98793 1
24 2 12 2 46363 1
2 29 23 9 123350 1
1 21 13 13 89536 1
11 2 29 13 100058 1
20 11 24 21 52721 1
25 22 10 19 77086 1
28 12 25 26 68799 1
12 24 6 4 102274 1
18 20 12 13 63454 1
11 8 24 13 64495 1
23 25 27 15 59297 1
16 3 10 27 116301 1
13 11 26 6 57311 1
4 21 16 3 109837 1
1 7 13 0 72677 1
14 0 6 24 121219 1
12 2 0 13 72931 1
10 4 9 17 60403 1
27 6 23 16 59921 1
6 21 11 15 45213 1
7 16 11 22 39372 1
17 14 19 25 47589 1
25 19 7 29 98633 1
29 8 14 17 83323 1
1 0 10 27 120183 1
24 0 7 9 90824 1
26 6 25 15 42827 1
8 22 27 14 104436 1
17 7 1 8 63622 1
28 16 8 8 98428 1
14 16 6 0 97523 1
7 2 4 11 52128 1
18 2 19 21 73894 1
9 8 15 23 89497 1
24 11 2 17 97820 1
16 8 6 17 72889 1
8 12 16 14 51941 1
16 24 24 3 104267 1
26 13 4 9 81910 1
22 22 19 6 62470 1
25 8 21 29 89236 1
11 29 22 14 87335 1
26 17 25 0 75635 1
21 17 3 19 83841 1
9 12 21 27 97901 1
9 1 14 12 70469 1
21 19 10 6 77840 1
28 18 15 0 110679 1
26 26 6 6 130775 1
24 24 14 26 38886 1
3 23 10 15 61537 1
11 15 24 28 102280 1
3 29 1 18 53661 1
28 21 14 8 93892 1
5 2 17 1 49587 1
13 1 13 13 70796 1
5 10 0 16 37149 1
3 14 24 18 114962 1
15 14 6 23 75007 1
15 5 5 21 95511 1
20 2 28 14 74918 1
6 0 28 4 98396 1
8 4 5 23 84313 1
17 7 23 18 55300 1
7 21 25 1 133862 1
1 9 29 28 147434 1
12 15 14 7 53581 1
12 6 18 19 72021 1
2 16 7 0 69669 1
13 5 18 21 84606 1
8 2 0 28 111684 1
8 2 22 27 122588 1
16 14 0 8 81776 1
10 12 6 0 60970 1
18 25 14 4 95746 1
0 14 21 26 120461 1
25 24 18 5 80129 1
26 25 14 19 65689 1
16 24 23 9 70126 1
28 18 17 16 52737 1
26 6 3 24 140889 1
28 10 7 5 85410 1
6 27 21 19 66530 1
9 8 15 3 44253 1
6 29 2 8 88561 1
15 14 1 19 80769 1
21 9 2 24 107802 1
9 15 1 24 68302 1
1 19 22 15 102460 1
27 14 16 12 48685 1
17 27 0 4 125863 1
12 5 1 12 53486 1
26 16 14 15 66001 1
26 20 14 25 61886 1
14 4 9 13 58316 1
21 20 13 8 62827 1
21 25 9 11 93223 1
16 16 25 7 65246 1
29 19 22 16 43740 1
4 28 20 26 55692 1
2 12 29 13 105982 1
0 13 1 22 44252 1
15 10 1 1 77011 1
16 15 3 26 90184 1
15 13 22 17 49164 1
16 20 0 26 73562 1
27 14 25 28 68882 1
10 1 4 9 46313 1
22 9 27 19 56867 1
29 24 14 8 93666 1
16 4 21 25 85665 1
23 13 4 22 108622 1
24 29 12 18 90323 1
8 10 7 19 38564 1
23 14 6 7 82998 1
10 20 13 27 40754 1
5 17 13 6 76936 1
23 22 0 12 119385 1
17 24 29 20 61611 1
16 11 18 25 59916 1
24 7 13 2 57018 1
8 19 6 27 44500 1
11 26 19 12 78190 1
24 5 5 1 83950 1
16 14 28 23 74910 1
27 4 16 1 53565 1
27 10 19 13 37530 1
23 6 17 19 65914 1
16 27 23 7 85448 1
15 9 12 0 53706 1
1 11 8 20 62911 1
22 3 15 24 95400 1
18 25 28 9 80494 1
26 27 6 8 122943 1
24 13 16 5 61965 1
8 7 22 21 91547 1
18 14 26 26 63754 1
10 1 28 15 113743 1
8 9 25 23 104370 1
7 10 20 16 70420 1
21 27 7 28 49639 1
18 0 5 21 124654 1
2 11 11 19 62036 1
20 15 28 22 54362 1
10 7 23 1 68387 1
14 14 6 22 66091 1
3 10 13 6 49363 1
14 14 24 12 51125 1
5 1 11 25 116534 1
19 9 21 28 67171 1
15 10 27 21 80076 1
9 3 4 23 94034 1
15 12 3 6 65199 1
6 20 21 29 88840 1
24 18 12 29 80361 1
1 22 10 12 73723 1
22 7 16 28 90249 1
4 3 15 18 101066 1
26 23 3 0 148977 1
6 8 15 28 107331 1
13 3 20 29 108448 1
8 4 26 17 106369 1
18 2 17 22 84393 1
0 1 2 10 33041 1
22 2 8 6 58451 1
19 23 11 3 94290 1
19 18 10 17 48025 1
1 4 20 7 78656 1
19 21 17 13 36249 1
24 11 6 15 85104 1
13 20 19 11 60390 1
0 15 28 16 137591 1
22 28 16 21 48236 1
3 23 25 10 124416 1
10 2 15 27 125161 1
6 23 17 16 74863 1
28 20 10 6 111194 1
4 26 14 12 102906 1
15 26 29 7 108698 1
29 23 1 1 160031 1
23 5 25 18 70095 1
26 26 4 17 120566 1
22 28 22 4 95685 1
3 3 8 29 110472 1
26 3 0 11 113758 1
4 6 3 23 64074 1
18 0 3 11 90530 1
1 3 19 26 129038 1
11 19 29 8 101850 1
13 3 24 21 104050 1
12 5 25 16 91483 1
29 5 23 13 59120 1
28 25 9 4 128961 1
26 27 12 29 59945 1
21 16 1 15 101744 1
28 24 0 22 111710 1
28 28 26 1 120531 1
28 23 8 19 91539 1
28 11 9 5 82988 1
11 28 17 9 95371 1
3 8 23 1 90301 1
1 18 17 28 92031 1
1 16 15 27 79588 1
24 28 4 17 118311 1
26 12 22 25 70105 1
10 10 26 0 87746 1
11 15 11 3 67433 1
26 15 12 6 77286 1
14 8 17 20 64775 1
27 20 6 5 122843 1
24 11 21 25 56094 1
27 10 14 11 42769 1
2 6 17 28 120382 1
18 29 1 12 117435 1
25 23 21 0 108412 1
27 16 10 6 92610 1
13 25 16 5 100434 1
28 13 8 15 98914 1
25 7 10 7 59485 1
8 10 2 19 51213 1
1 12 8 6 39415 1
10 17 14 4 76931 1
18 13 8 3 71261 1
20 29 24 12 71181 1
15 1 7 23 110980 1
17 17 6 10 76537 1
22 2 7 2 55992 1
20 17 18 4 49703 1
10 5 16 17 76503 1
25 25 14 25 44854 1
0 14 22 6 94513 1
2 20 21 10 98206 1
12 26 7 18 53474 1
2 5 24 4 89789 1
24 15 21 6 48441 1
28 12 28 29 80356 1
21 25 22 13 52483 1
6 26 14 2 122154 1
23 9 23 21 61670 1
17 5 5 26 124792 1
17 19 7 10 78834 1
26 17 6 13 106778 1
13 24 0 9 103290 1
17 11 7 2 67695 1
5 5 0 10 28925 1
12 4 5 11 53786 1
26 25 1 18 121361 1
25 24 22 2 95752 1
9 14 22 11 60312 1
27 3 22 10 44612 1
10 3 27 28 136669 1
22 2 28 28 121284 1
9 6 12 24 91643 1
8 11 1 20 62303 1
11 15 17 11 43060 1
16 14 6 26 82167 1
25 7 13 22 90554 1
17 14 24 27 66802 1
5 27 6 7 95968 1
17 21 5 22 52459 1
23 11 6 23 96802 1
11 10 5 15 46622 1
19 19 8 17 56777 1
14 4 13 17 73769 1
23 5 17 23 80256 1
22 20 8 15 85429 1
29 3 15 26 127097 1
6 4 25 23 130176 1
17 15 23 9 42335 1
10 10 25 10 57677 1
11 4 24 8 69839 1
15 23 18 16 43153 1
24 12 28 25 68072 1
26 29 16 13 89307 1
29 9 7 0 97611 1
15 18 8 0 95109 1
9 6 26 13 80716 1
21 22 0 12 109109 1
18 12 2 29 111598 1
8 22 16 12 79932 1
9 27 25 26 56130 1
3 0 0 9 32804 1
26 10 20 19 45948 1
3 29 18 8 119762 1
5 22 10 5 79813 1
4 17 19 22 82560 1
12 29 27 20 89880 1
27 18 3 29 110791 1
26 24 1 19 114391 1
27 13 6 23 118395 1
8 9 7 20 48828 1
29 18 1 16 131439 1
21 12 18 29 65129 1
4 14 13 22 73163 1
10 21 19 27 52318 1
19 26 1 3 129038 1
16 13 26 18 58189 1
26 29 19 21 52015 1
15 28 29 18 87743 1
28 24 25 5 90281 1
17 13 4 0 94010 1
15 8 23 29 92329 1
26 14 22 25 60962 1
2 22 20 3 116914 1
26 11 28 20 44896 1
29 15 3 3 128297 1
8 27 10 10 88798 1
17 8 20 23 51941 1
22 3 9 12 79760 1
29 27 7 17 118834 1
27 28 26 4 105869 1
29 14 22 6 55568 1
28 0 16 2 57466 1
10 13 19 14 55677 1
10 9 6 19 52895 1
8 11 15 5 46650 1
28 22 15 17 76135 1
19 4 21 16 51627 1
11 21 8 7 66680 1
4 20 0 9 52149 1
1 1 1 20 72758 1
5 23 2 13 46882 1
19 5 1 29 134782 1
14 29 15 6 97888 1
12 4 26 12 75584 1
20 23 8 26 50231 1
14 10 25 19 70461 1
6 3 12 20 86368 1
26 15 28 4 52644 1
17 19 3 25 77340 1
24 25 23 12 62609 1
12 25 19 17 52484 1
21 10 1 29 117378 1
19 22 3 25 70066 1
20 20 16 29 48826 1
7 5 11 23 83768 1
2 0 18 29 149488 1
14 18 19 4 72808 1
7 20 1 12 57027 1
29 12 9 27 108961 1
11 8 17 22 84011 1
27 2 10 24 132631 1
28 9 22 17 54141 1
10 3 22 13 74780 1
24 13 15 28 90496 1
4 28 23 4 135711 1
7 28 21 21 64424 1
4 24 18 2 134463 1
17 22 8 6 96168 1
16 21 24 28 56952 1
29 3 18 23 105487 1
17 2 21 8 36739 1
22 17 8 9 73935 1
3 0 26 16 125316 1
27 3 25 19 75548 1
8 27 15 21 35902 1
1 22 14 27 55005 1
6 2 4 17 63575 1
20 17 8 13 71968 1
18 12 4 29 108035 1
18 6 3 18 93421 1
2 1 28 17 138921 1
2 9 19 28 116705 1
11 10 27 15 75833 1
22 23 24 1 99261 1
18 24 20 15 31770 1
14 12 29 13 61821 1
8 26 18 18 65991 1
18 9 8 2 57067 1
14 19 7 7 72854 1
3 16 3 2 45390 1
17 17 4 19 64405 1
22 27 7 26 48776 1
22 5 2 11 81318 1
9 5 8 26 94810 1
18 22 15 9 58830 1
23 7 7 1 71432 1
19 20 5 9 81914 1
1 23 23 15 116581 1
26 12 25 3 45647 1
28 23 16 26 55572 1
16 20 25 22 48094 1
27 29 22 19 64758 1
8 29 19 19 67333 1
5 6 19 1 67666 1
27 12 15 16 62117 1
8 28 8 11 78465 1
8 3 7 27 102294 1
23 4 25 17 72637 1
10 12 29 8 74112 1
18 21 9 5 95763 1
5 19 10 9 59140 1
16 24 2 21 64016 1
7 3 0 27 102264 1
10 29 19 23 49780 1
26 16 4 26 110194 1
9 15 23 19 80704 1
7 9 26 19 98667 1
7 15 24 20 102083 1
28 23 1 10 131043 1
13 13 23 16 64631 1
12 5 3 20 82360 1
1 10 27 13 97617 1
21 17 24 9 37951 1
27 3 5 19 136545 1
10 8 11 27 94291 1
20 21 18 12 37730 1
28 14 23 2 70993 1
3 6 2 27 76344 1
23 21 18 9 57257 1
20 27 25 2 102192 1
11 25 4 16 66883 1
0 0 17 2 70718 1
4 24 25 6 143178 1
13 19 9 5 75411 1
20 12 4 1 92139 1
25 5 9 26 122433 1
18 26 18 2 94563 1
26 19 18 21 50154 1
9 11 19 2 68814 1
15 20 8 3 92213 1
3 2 23 1 75827 1
15 23 7 27 30213 1
8 8 27 18 96436 1
2 1 23 22 130890 1
10 1 27 24 127057 1
8 1 21 2 51219 1
23 26 1 9 118962 1
22 23 14 16 57409 1
29 9 15 10 45202 1
0 24 28 12 149294 1
22 28 0 1 151349 1
10 3 6 11 49089 1
26 28 17 7 94050 1
16 9 28 8 40359 1
13 6 29 18 96874 1
5 15 1 26 57736 1
10 23 28 0 148132 1
28 22 19 19 51491 1
4 5 2 18 44328 1
12 14 17 6 56581 1
26 21 6 18 104854 1
5 23 12 16 54482 1
21 13 18 28 58548 1
12 10 23 1 68537 1
28 24 18 29 51228 1
12 24 1 21 56965 1
7 10 13 23 77307 1
6 21 21 27 73614 1
23 26 17 8 72646 1
6 27 8 13 67730 1
14 27 21 10 73373 1
23 29 25 10 87859 1
3 13 0 28 66536 1
4 29 17 14 97362 1
16 12 5 15 66825 1
1 3 22 11 84432 1
25 27 24 4 107585 1
24 14 15 17 57849 1
11 2 24 18 99126 1
16 14 24 25 65480 1
6 9 16 7 42556 1
26 22 17 4 93926 1
0 3 12 15 81239 1
24 7 6 28 117062 1
0 26 6 7 86844 1
19 22 9 25 47323 1
2 0 14 24 128175 1
0 12 17 3 81100 1
15 16 25 6 73458 1
17 5 4 26 127219 1
5 7 9 15 46731 1
15 25 23 0 116410 1
13 16 22 2 82759 1
2 12 20 23 101508 1
16 7 29 13 66502 1
6 8 15 13 54679 1
29 26 7 9 122328 1
2 7 12 16 67606 1
25 19 17 24 54525 1
9 14 23 6 79806 1
10 10 13 20 65693 1
15 11 29 2 77557 1
6 0 23 2 71532 1
6 27 23 10 97100 1
4 26 19 10 103944 1
19 18 12 24 45476 1
29 1 27 11 54511 1
3 19 15 15 68289 1
4 1 11 5 39252 1
22 22 19 12 43932 1
0 20 8 28 62532 1
29 11 17 19 64473 1
27 23 0 7 142543 1
9 16 5 25 53297 1
4 6 25 1 91034 1
4 3 13 13 76448 1
27 3 22 9 39330 1
14 16 16 27 56797 1
27 18 12 3 100954 1
9 4 14 19 87618 1
21 28 10 28 47162 1
10 5 26 8 71830 1
13 13 17 22 61107 1
9 28 28 15 109532 1
23 24 9 15 88699 1
3 4 20 2 64339 1
20 26 6 11 108042 1
14 21 12 13 56679 1
4 25 23 18 97109 1
26 28 12 1 137292 1
28 16 27 2 66091 1
13 25 22 6 92382 1
18 28 13 7 92499 1
13 27 29 10 97937 1
17 1 6 26 134962 1
25 29 17 13 79722 1
14 25 9 15 64544 1
0 8 8 24 87560 1
23 9 22 19 47986 1
26 9 6 4 83322 1
3 14 20 23 107903 1
29 11 4 3 105450 1
1 13 17 13 79803 1
23 8 28 17 56796 1
20 25 12 8 77045 1
25 22 22 8 72379 1
8 9 26 5 75117 1
26 3 4 13 115047 1
21 21 10 24 50074 1
4 20 25 2 141724 1
24 3 3 18 129591 1
24 2 25 13 62036 1
24 12 10 13 61192 1
4 29 0 7 97129 1
27 10 6 17 104848 1
11 17 3 7 67672 1
27 24 13 7 92343 1
1 28 12 13 107412 1
4 22 26 25 94662 1
19 10 11 25 80508 1
16 1 5 27 136607 1
7 5 16 27 114264 1
19 5 8 25 110860 1
21 21 25 1 91164 1
26 23 19 19 44548 1
11 21 15 12 60911 1
5 20 2 8 49818 1
2 13 16 27 91734 1
0 21 27 6 139143 1
26 27 14 16 80856 1
4 21 2 1 73821 1
23 21 8 24 74558 1
0 0 11 16 93722 1
0 13 4 24 59875 1
14 22 28 22 61645 1
27 3 12 22 114615 1
29 14 9 22 111091 1
12 25 29 21 75055 1
17 21 17 2 85417 1
12 19 22 27 65400 1
8 10 8 22 46561 1
13 21 25 0 123153 1
26 21 12 21 67409 1
9 19 16 13 60128 1
18 2 1 11 84930 1
1 14 8 26 69497 1
24 15 17 11 41219 1
16 4 7 9 52047 1
18 15 9 11 59295 1
8 2 18 7 51533 1
24 27 26 16 53872 1
4 25 6 7 84368 1
1 6 9 0 47252 1
3 4 25 6 94186 1
22 2 9 1 56597 1
8 24 14 19 46751 1
3 4 27 1 91914 1
16 4 24 20 87648 1
25 18 0 27 105968 1
4 14 6 26 70438 1
24 13 24 1 70599 1
9 28 19 2 123266 1
10 0 12 12 68953 1
9 29 14 13 89434 1
4 4 29 24 144343 1
20 19 16 26 40017 1
27 28 1 21 112292 1
10 8 28 7 68663 1
14 5 16 28 112016 1
19 19 11 14 57320 1
5 21 19 4 110524 1
4 23 17 6 113059 1
7 3 25 1 66611 1
29 10 25 4 37306 1
25 24 15 18 59983 1
24 18 13 21 59189 1
24 27 1 3 139866 1
4 6 3 29 91455 1
25 10 21 18 41976 1
2 11 21 23 103109 1
11 26 25 16 86954 1
27 23 1 24 108719 1
13 23 23 24 40163 1
26 8 19 26 80322 1
14 20 7 0 103070 1
22 21 28 26 44756 1
26 27 23 10 79813 1
6 15 12 9 47275 1
11 19 29 28 101007 1
7 10 3 27 86419 1
7 9 27 23 113409 1
22 11 5 10 66259 1
26 27 18 13 70363 1
16 27 3 15 88812 1
5 24 20 0 139855 1
23 2 13 12 65973 1
4 22 12 6 92629 1
5 16 20 22 85921 1
2 26 9 11 85566 1
1 6 9 18 63761 1
28 11 3 5 100124 1
6 1 11 22 99492 1
5 1 21 2 66334 1
4 3 5 23 80637 1
13 24 11 13 68982 1
23 20 1 15 120009 1
14 8 27 12 53664 1
4 13 4 26 64189 1
25 0 26 14 64386 1
0 11 15 9 55289 1
21 1 8 7 67464 1
22 7 28 15 53128 1
27 5 24 27 103826 1
0 14 25 14 111230 1
21 16 18 23 33593 1
2 24 11 17 58781 1
8 6 18 23 100164 1
18 14 5 0 98371 1
20 5 14 18 70787 1
29 0 14 0 81951 1
26 21 23 12 53190 1
16 2 20 17 63587 1
21 0 9 1 63805 1
3 19 28 16 116926 1
4 7 23 17 102354 1
12 28 0 18 79441 1
1 2 12 7 54732 1
17 4 8 14 67302 1
21 22 10 18 63071 1
28 12 17 26 88712 1
17 16 1 25 97799 1
18 4 3 18 100940 1
13 2 2 20 91852 1
11 1 25 24 120614 1
1 15 26 24 128106 1
14 8 10 18 66775 1
1 21 17 10 97431 1
27 13 15 18 74733 1
8 14 22 19 85686 1
3 19 7 7 57506 1
7 5 22 18 90150 1
15 7 28 24 88044 1
1 12 20 3 84967 1
24 13 7 8 77161 1
2 1 0 12 39933 1
5 5 4 15 51395 1
27 28 23 11 84335 1
10 4 6 16 64782 1
0 28 10 29 47240 1
2 26 11 18 66564 1
6 26 13 9 93307 1
24 23 15 11 68875 1
13 14 1 25 92032 1
13 8 28 11 56948 1
4 1 19 15 104654 1
1 14 27 6 105992 1
22 12 2 6 75723 1
19 7 10 16 69540 1
14 0 17 28 125260 1
4 5 1 13 33909 1
2 28 9 3 110886 1
15 23 19 3 86650 1
13 15 24 12 60708 1
21 12 29 19 59545 1
17 15 28 28 81786 1
24 28 0 4 147633 1
8 0 26 10 89778 1
3 3 16 21 113597 1
6 27 21 16 74560 1
12 7 21 23 74190 1
7 29 19 6 117074 1
25 21 14 20 59272 1
22 25 14 29 43931 1
8 19 28 6 115196 1
0 0 8 22 101425 1
15 7 13 26 87556 1
14 15 29 10 70366 1
24 27 2 28 70580 1
15 12 27 21 79906 1
1 27 26 28 81539 1
1 22 18 25 76108 1
22 0 7 9 79829 1
17 24 16 3 91135 1
29 28 15 16 90260 1
4 1 20 25 131276 1
3 23 0 14 43562 1
25 2 15 3 38041 1
10 22 28 0 146083 1
3 14 7 2 56007 1
11 13 22 10 50961 1
27 25 22 8 80623 1
16 20 25 21 49612 1
7 3 16 23 107539 1
19 28 5 28 47522 1
28 3 3 26 160264 1
9 24 7 14 53924 1
11 9 25 14 64720 1
22 14 2 22 105783 1
8 8 8 27 85500 1
5 26 11 7 98931 1
3 23 24 9 114856 1
2 27 9 11 92503 1
14 11 19 24 57876 1
16 8 13 17 56062 1
