4723 3507 3155 3457 3338 3869 4221 2988 3684 4905 3764 3792 3111 2969 4882 4582 4797 4423 2830 3000 4211 4276 5021 2995 3126 3755 5025 3383 3182
7181 7886 8204 8439 8454 7506 7832 7916 7585 6614 7385 7758 8371 6724 7665 7807 8155 7051 7569 7037 8149 8204 8557 8621 6888 8035 7928 7520 6571
2242 4065 2453 2414 2225 4365 3981 4131 2754 2552 3172 3444 4304 2387 3670 3602 2474 3258 3515 2274 4346 3924 2491 2977 2177 4161 2918 3779 3006
5338 5719 4430 6093 5734 4966 5234 4596 5188 5264 5496 4295 4498 6024 5965 5038 5581 5429 5554 5092 6146 5329 5188 5497 5341 5873 5063 5774 6041
4060 2689 3112 4156 3721 3247 2267 3759 4032 2734 2863 3056 4089 1977 3269 3048 2501 2550 2034 2234 3723 3311 2712 2286 3765 2117 3794 3381 3651
6610 5687 5488 6651 5140 7022 5711 5004 5344 5955 4947 6482 5957 6586 6932 6801 5016 6264 5236 5447 6135 5593 6140 6846 6630 6632 7102 6412 6061
8268 6639 7930 6883 8014 8171 7333 8277 8559 7379 6701 7636 6965 8300 6956 7876 7442 8571 6739 8764 7130 7450 8346 7998 7074 7697 6951 7845 7663
4839 4197 2882 3841 4236 4777 3701 4866 3455 4694 4774 3217 4430 3268 4116 3090 5101 4940 4897 4081 3349 4406 4919 4751 4067 4345 3731 4079 4829
7451 6641 8397 7341 7779 7907 7969 6790 7519 6424 7242 7750 7948 6608 6765 6678 7227 7007 6941 7998 7774 8291 7024 7572 6422 7521 8347 7004 8058
2815 4687 3903 2774 3913 2583 3858 4681 3318 4067 3309 4223 3274 3623 2628 3850 2534 3073 3005 3514 2655 2745 3233 3769 3428 4504 4258 4123 3586
8563 8757 8344 7094 6829 8212 8036 8198 7287 8354 7195 8443 8778 6854 7870 6879 7995 7556 6624 8281 7525 8832 8369 8167 8207 7703 8035 8778 7168
6103 5577 5112 5308 5998 4071 4968 5721 5824 4097 5606 6049 4921 4870 6256 5891 4584 4110 4792 4687 4849 4720 4761 5061 6323 5867 5856 4926 4673
3932 3160 4165 3082 3216 3094 2684 2761 3001 4633 4139 2783 4111 2779 3439 2572 4040 4706 3655 3682 2504 4241 2626 3997 4285 4223 3201 3263 2766
6423 6487 6813 6443 6739 6853 6646 5561 5180 5002 7005 5298 6918 6844 5669 5240 6000 5273 5531 5318 5278 6105 4857 5534 6879 6195 6453 6623 6132
6875 7548 7888 8156 6184 7298 7418 6004 7389 7149 7484 6769 6194 6018 7505 6177 6444 7106 7146 7620 8208 6937 8079 7042 7305 8014 8250 6006 7791
6509 7588 7780 7098 7604 6524 6983 6851 7564 7178 6529 7207 6935 6348 6745 7673 6732 7460 7903 6614 7664 7763 7215 7906 7790 6463 7555 8122 7443
5678 5949 4957 6840 4721 5852 5866 5517 5872 5526 5870 5492 5183 5225 5247 6548 4673 6804 6242 5749 5300 6832 5326 6003 4892 5068 5077 4799 6502
4268 5814 5949 4033 3944 4572 5581 4593 4023 4330 4706 4153 3981 4926 4902 4529 4185 4408 5247 3760 5246 5778 5717 4349 4599 5210 3922 4235 4572
6103 4988 5200 6082 5340 4796 6696 5571 6780 5301 5098 5800 4617 5185 5960 5209 5521 5306 5069 5479 4707 4798 4633 5949 4778 4760 6327 5043 5886
3158 2600 2135 3749 2784 3902 2159 2297 2813 2684 3454 3454 3721 2498 4103 3437 2743 2365 2098 2706 2324 3859 3593 2390 3576 2392 3845 2865 2197
5475 6237 6337 5140 4566 5621 4900 5661 4635 5596 5940 5604 5992 5718 6128 5909 5281 4964 6333 4904 5222 5433 5423 4320 5003 4835 4379 5203 4853
6385 5137 5162 5466 7171 5836 7113 5864 6003 7168 7261 6350 6266 6406 6100 6250 6717 6532 6643 5699 6897 6217 6036 5447 6121 5250 7197 6037 5909
6569 6592 6169 5572 4673 6250 6016 5046 6019 5991 6289 4991 4822 6690 4939 4594 4745 6282 5227 5431 6253 4765 6319 6788 6675 5096 6277 6659 4672
6596 8611 8005 6788 8628 8607 8484 7233 8298 8167 7051 6557 8331 8191 7656 8487 6616 7976 6613 6674 7963 7407 7865 8396 7857 7465 8263 7831 7012
8537 7054 7927 8410 8597 7512 8091 8047 8398 6901 7535 6698 8035 8490 8648 6888 7691 8694 6941 6701 7044 8232 7197 7986 8774 7265 7765 7649 7973
2146 3329 4031 2226 3827 3065 3646 2722 4149 4091 2246 2914 3251 2244 3184 2596 2540 2615 4100 2188 2606 4372 3286 2902 2572 3032 3224 3791 4282
3509 3620 2290 2676 2954 3972 4104 1976 2704 2029 3413 2369 3888 4014 4220 2582 3011 2746 2798 2261 3256 4064 2877 3709 3821 3568 3784 3988 2969
5775 7310 6382 6590 7412 5580 6345 5786 7778 6042 6934 7113 7226 6632 6741 6421 7407 7359 7534 6309 5810 5565 6749 7315 7233 5759 6338 5634 7622
7807 7899 8226 6724 7930 7127 6846 6993 8748 7885 8092 7561 6659 8046 7763 7292 8172 7819 8331 7356 6973 6779 8476 6884 6874 8363 8722 8517 8072
4653 6176 5817 4301 5781 5077 4781 4674 5176 5487 4328 4936 5582 6176 4389 5820 4983 5344 4279 5075 5540 5661 4507 6009 5758 6168 5448 5290 4229
5640 5751 6883 5076 5502 6946 3534 4176 7606 6195 1359 6380 4391 2849 2481 6972 7080 6944 5456 5853 3907 3663 6414 2279 3380 4191 4377 1848 6603 6318
6933 7205 8264 5541 5991 6316 3945 3389 7510 5866 1652 6761 5832 4500 3630 6706 8072 5456 5390 6396 2195 3909 7484 3598 2807 4158 4286 1826 5869 6852
5865 5794 7873 5664 6521 6710 2764 3737 7388 5385 2356 5932 4444 4432 2965 6115 7555 5824 6032 4270 3923 4162 6662 1914 3017 4505 5100 3078 6768 8135
5693 6634 8364 4932 6585 7123 2747 4014 6010 5626 1802 6551 5112 3773 2005 6805 8017 6947 7189 5919 3598 3291 7363 1983 3992 4698 4960 2914 5601 7309
7632 5160 7028 5102 6673 5296 4087 4118 5699 4959 2668 6829 4280 2913 2723 6572 6939 5416 6032 5463 4334 3207 7008 2550 2739 4694 4232 3129 6478 7640
5953 5403 7299 3994 6593 6113 3962 3953 7398 4826 2447 6068 4413 3186 2459 6678 7180 5981 6492 5960 3621 3824 6840 2943 3361 6009 3857 2312 6087 8106
7643 5433 7210 5656 4774 5348 3505 2191 7311 5726 2194 7295 5002 4285 1666 6092 8189 6674 6067 4931 2314 3686 7262 2387 4071 4044 3990 3439 5631 7230
7282 7031 7952 5494 6417 5759 2906 2321 6924 6612 1811 7842 5777 2740 1822 7794 7889 6110 6285 5704 4288 4670 7204 1901 3958 5431 3687 1647 7146 7400
5846 6981 7358 4977 5241 6485 2081 3072 6366 5161 2973 6596 5817 2515 1659 8136 8053 5051 6766 4713 4062 3448 7790 2863 2373 6109 4209 1956 5675 6574
5957 6184 8528 3785 6312 5121 3499 3704 7241 5782 1529 7280 5132 4425 2861 7583 7515 6560 6725 5375 3229 4998 6486 1990 2576 4496 4493 2518 7094 6957
7541 5983 8033 5557 5138 5750 2436 3023 7288 4812 2221 6289 4184 4161 2498 8133 7529 5597 5111 4730 2326 5002 8186 3486 3279 5262 4767 3283 6763 6654
6708 6019 7692 5510 5526 5712 3797 3340 6612 4837 2631 6731 4262 2942 2853 6901 7204 6103 6310 5919 4017 3861 6443 3088 2499 5984 3794 2060 6929 7710
7657 6851 8501 5297 6151 6328 2851 3643 5904 5195 2749 6465 6191 2611 3416 6360 8373 6648 5733 5167 4197 4358 6491 1998 2183 5377 3111 3041 7337 7946
7691 5793 7312 4374 4983 6332 3930 4209 6695 5777 1786 7832 6161 3351 2756 7388 7658 4787 7042 5073 4038 4102 6006 3046 2406 6200 4861 1780 5295 6653
6264 7076 6805 5163 6026 6017 3922 2813 6606 5550 1838 7084 4437 3696 2699 7352 6731 5729 6319 4702 3963 4782 6978 1574 2672 5303 4797 2567 5211 7344
6495 5931 6628 5654 5427 5788 3500 2849 7405 5703 2875 7042 4652 3253 2468 7759 7761 4958 5816 5311 2569 3433 7957 3203 2695 4381 3632 2776 5195 6894
7324 6858 8400 5371 5839 6527 3915 2372 5923 6527 3440 7188 4331 4124 3249 6767 8219 6437 4985 5973 4041 3757 7227 3183 3397 4097 3919 1401 6612 6504
7281 7150 8109 4950 6316 6439 2737 3641 6456 4849 3442 7075 5837 3310 3223 6306 8352 5937 5857 5219 3135 3335 6169 1690 3432 6185 3087 2099 6097 6369
6967 5450 7284 3906 5276 5172 3870 2772 6147 5615 2311 5953 4197 3169 2421 6744 7730 6894 5327 4709 2893 3524 6850 2037 3694 4111 4279 3166 6126 6710
6581 5576 7395 3725 5634 6355 2409 2549 5977 6056 3209 7315 5636 2941 3291 6759 8513 5616 5331 4983 4051 4456 6561 3670 4326 5282 3881 3175 6237 7065
7244 5936 7111 5467 6682 7141 3363 3037 6947 6002 2353 6389 4287 4521 3127 6976 7153 6028 6454 4546 2799 3600 7418 2877 3046 4098 4608 2445 6302 6565
5958 5947 8371 3809 4988 5550 2778 4255 5918 4628 3412 5916 5753 4453 3295 6421 7269 5428 5007 5034 2232 4687 6593 3120 3553 4081 3546 2434 6974 7902
6173 6855 7265 4714 5424 6188 1918 2212 5810 5777 1780 5761 5761 4162 2444 7897 6774 4830 7014 4539 3525 3847 6599 3117 3067 5670 4194 2991 7412 7864
5636 5525 7972 4268 6452 5322 2156 3858 6622 6297 2739 6737 4053 2806 1926 6224 7746 5577 7145 5601 2707 4238 6931 3492 3910 5085 4693 1844 6444 6989
6300 5807 7424 5673 5850 6772 3973 3257 7196 6726 3119 5738 6115 4206 3679 8093 6950 5618 6324 6023 4035 4399 6714 3631 4179 4246 3241 1386 5735 7284
6939 7226 6687 5360 5204 6686 2533 2784 6654 5128 1695 7923 5539 2807 2459 7808 8411 6376 5802 5357 3194 3551 7299 3043 3388 4995 5063 3053 6407 7607
6361 5765 8531 5115 5339 4877 2579 2843 5885 4620 2294 6717 4652 2503 2183 6797 8530 5894 6624 6346 3907 4340 6234 2903 3654 4953 5270 2205 6633 7292
6589 6871 6735 4241 6532 5718 2775 4272 6741 6016 1341 6630 4081 3387 3161 6787 7730 6494 7066 4284 4322 3949 7308 1644 2217 5523 5121 2511 5768 6645
6795 6148 8061 3977 6151 7004 3890 2260 6741 5586 3165 7881 4896 4533 1911 6036 7251 5167 5443 6045 4209 3581 8154 1641 3375 4232 3642 1737 5774 7056
5 0 22 0 112239 1
27 1 12 29 120791 1
5 22 18 14 64511 1
27 22 25 3 66720 1
23 1 19 18 75212 1
24 4 4 1 96656 1
17 26 21 9 68809 1
7 15 20 12 47472 1
21 25 2 29 65568 1
18 14 15 29 65955 1
22 20 26 12 36429 1
20 27 3 14 79698 1
11 14 22 27 70570 1
28 23 9 9 90977 1
23 3 10 17 92107 1
9 0 10 16 65021 1
4 6 21 3 70625 1
4 4 21 14 76220 1
9 6 21 8 46165 1
28 27 26 1 85661 1
13 6 15 23 67825 1
24 13 29 28 60463 1
10 9 11 24 61139 1
26 22 1 28 84437 1
29 16 20 18 55664 1
13 20 6 17 41196 1
20 7 4 22 81913 1
17 5 29 18 78649 1
3 10 19 28 91170 1
0 15 22 6 81105 1
2 23 20 5 96162 1
22 20 11 6 74978 1
18 24 23 8 73233 1
22 5 8 15 72428 1
19 7 21 29 77918 1
14 24 11 15 43513 1
13 18 17 28 53947 1
4 25 6 12 46192 1
13 3 4 13 56250 1
9 24 29 8 103867 1
15 23 24 4 89154 1
10 13 1 14 26977 1
22 27 7 8 98367 1
14 24 12 10 53863 1
8 4 16 17 75661 1
25 15 10 18 66553 1
3 24 18 8 89616 1
1 1 21 1 105918 1
22 24 2 25 60305 1
5 8 6 22 58290 1
20 4 22 25 82055 1
4 16 7 24 31522 1
28 29 27 19 54580 1
16 14 27 20 50639 1
13 20 28 0 110987 1
1 19 15 14 55297 1
1 1 24 1 118118 1
15 28 28 26 47426 1
16 28 7 6 101360 1
4 0 17 16 88322 1
21 8 5 4 70781 1
28 4 18 18 77697 1
5 15 15 24 60713 1
13 10 2 29 81505 1
26 16 18 7 47094 1
18 28 28 26 38975 1
16 9 20 21 52078 1
5 14 12 18 30575 1
8 11 17 12 37833 1
13 15 27 23 73424 1
6 29 27 27 63965 1
21 22 27 8 65804 1
11 24 20 19 40692 1
7 9 19 17 57710 1
7 1 1 20 81295 1
27 6 26 27 68012 1
17 14 21 5 40332 1
18 15 28 24 61867 1
4 23 11 27 30246 1
17 28 7 8 94176 1
13 27 1 5 100971 1
0 17 13 11 60021 1
12 25 1 6 87480 1
14 3 2 5 55212 1
21 24 18 2 79611 1
24 1 14 18 102750 1
16 28 28 0 120091 1
25 17 1 5 100759 1
7 26 26 24 58516 1
5 21 2 28 29139 1
14 15 25 18 50262 1
27 15 11 26 83265 1
12 11 24 12 50306 1
25 5 14 22 88286 1
11 26 9 17 39186 1
18 17 6 6 78750 1
3 4 15 28 111422 1
15 10 9 20 45787 1
1 25 13 16 68131 1
2 6 21 5 68117 1
5 28 2 12 58546 1
15 3 6 5 49070 1
6 12 26 29 105201 1
0 9 25 0 94163 1
19 26 27 9 72347 1
13 16 24 17 59425 1
8 26 11 4 88872 1
8 28 15 25 38227 1
2 8 27 8 75304 1
22 25 25 6 73225 1
20 16 17 5 49587 1
20 15 8 1 88133 1
10 19 19 22 43129 1
16 29 6 29 49067 1
20 4 5 1 82533 1
12 21 25 14 62554 1
25 19 21 29 44783 1
7 7 15 17 64867 1
8 19 1 3 74238 1
5 25 19 17 65629 1
16 19 9 5 77365 1
28 14 1 17 84510 1
1 27 19 26 48837 1
0 1 12 17 80870 1
10 23 13 8 62968 1
24 6 22 26 77357 1
20 6 2 20 84419 1
20 1 26 18 72984 1
24 6 9 12 54931 1
20 6 28 14 46355 1
5 29 15 3 119780 1
21 0 9 7 66678 1
29 22 7 22 68623 1
16 13 10 19 44367 1
15 10 26 14 41794 1
20 1 8 10 58494 1
1 13 22 11 71756 1
2 1 26 27 136929 1
7 14 10 28 57894 1
12 18 15 29 55367 1
22 25 15 13 63009 1
1 28 12 3 103788 1
29 11 12 6 60955 1
29 20 23 15 43988 1
29 4 14 13 77366 1
8 12 26 1 82766 1
15 9 7 17 50149 1
4 9 12 20 53224 1
5 18 21 2 101042 1
19 13 26 9 30965 1
11 9 6 14 27423 1
29 1 7 14 106111 1
24 25 0 27 71617 1
0 9 19 17 72399 1
13 11 24 29 103559 1
6 24 17 6 92830 1
13 4 10 26 89781 1
6 11 7 29 77151 1
10 28 20 29 42706 1
1 2 22 28 138513 1
13 1 12 22 79298 1
27 3 28 23 71576 1
26 8 4 3 83871 1
28 18 7 21 86473 1
4 9 12 19 51672 1
16 25 10 5 90819 1
6 0 25 25 138376 1
9 25 13 5 77745 1
29 9 19 18 55047 1
20 15 25 1 62340 1
10 5 24 4 67076 1
20 12 7 28 83235 1
19 12 23 24 49829 1
7 0 10 18 78922 1
2 12 6 23 42536 1
4 22 17 4 92842 1
22 4 28 18 72042 1
19 3 14 8 33045 1
7 3 18 7 49784 1
25 16 18 6 46870 1
20 14 4 11 51186 1
26 27 12 3 110449 1
26 9 6 19 90025 1
5 22 0 16 41196 1
20 9 2 4 69821 1
25 3 6 22 115432 1
9 27 23 10 88003 1
29 29 16 7 102088 1
10 23 22 4 93086 1
22 5 7 8 59584 1
17 7 13 17 56145 1
21 5 2 2 79574 1
18 29 20 7 74673 1
4 29 25 14 97698 1
29 11 5 10 63682 1
26 7 23 25 61351 1
11 9 6 24 63099 1
18 5 7 20 84824 1
8 9 17 13 41137 1
3 16 12 1 73263 1
22 9 10 3 66348 1
9 17 23 16 63476 1
8 23 15 15 53928 1
15 20 23 25 46653 1
1 3 8 26 93422 1
14 19 26 4 88511 1
21 4 17 25 81762 1
27 8 7 6 69515 1
0 8 15 6 57021 1
21 9 5 25 97757 1
22 28 29 9 76734 1
9 10 25 4 58264 1
5 15 17 23 62897 1
21 14 3 10 58262 1
10 24 27 13 79050 1
23 28 29 10 69428 1
20 25 12 0 103772 1
17 18 5 2 97194 1
29 1 24 26 96693 1
17 20 27 15 48766 1
25 22 12 18 56632 1
9 7 7 20 53449 1
15 2 22 21 91711 1
26 5 8 16 86837 1
11 8 24 4 62252 1
20 14 9 14 31735 1
15 10 20 29 76753 1
17 27 3 19 61770 1
28 23 14 0 124162 1
19 4 1 19 93424 1
22 25 16 11 69436 1
20 18 13 27 45903 1
16 27 23 22 39518 1
5 22 15 24 35618 1
29 18 17 3 86626 1
3 10 6 18 37679 1
14 23 25 14 56677 1
15 19 11 9 53894 1
9 23 24 8 94442 1
20 0 6 17 96575 1
0 11 14 23 72127 1
11 15 24 13 50722 1
21 24 5 15 76386 1
2 21 1 6 53809 1
29 15 20 28 69623 1
22 16 29 8 47395 1
15 16 25 0 84080 1
6 27 23 14 83321 1
25 15 16 7 47030 1
18 15 9 21 53242 1
18 18 6 2 99781 1
21 14 27 29 67863 1
0 7 12 17 59323 1
17 16 27 3 70717 1
22 15 18 23 43917 1
24 0 23 23 84797 1
6 1 9 16 67184 1
1 1 5 17 66522 1
3 5 23 5 77786 1
12 22 12 4 62040 1
6 20 23 3 106622 1
3 25 23 5 114059 1
7 28 11 15 61893 1
9 18 27 19 72077 1
4 18 13 0 83212 1
21 23 7 19 52906 1
28 24 12 20 58170 1
5 5 20 3 68093 1
24 5 4 1 88059 1
4 3 27 4 93517 1
29 5 16 1 68079 1
10 25 18 22 37309 1
16 20 6 19 41701 1
17 1 23 26 102665 1
26 20 6 16 85159 1
19 16 3 6 73121 1
6 23 0 6 65827 1
19 13 25 4 44071 1
6 16 23 26 92558 1
3 0 0 21 79460 1
17 3 25 1 43872 1
1 27 18 12 89320 1
1 16 16 7 74682 1
1 25 5 5 71911 1
0 18 26 16 94616 1
29 6 15 25 98143 1
11 9 6 3 45627 1
12 10 22 19 60877 1
23 10 10 0 77172 1
11 23 15 17 41318 1
7 9 23 24 91037 1
0 19 11 19 45484 1
1 18 22 26 84169 1
18 11 0 14 60507 1
28 18 8 24 82505 1
12 17 15 27 44508 1
9 26 16 7 83657 1
24 22 5 11 97376 1
6 9 13 21 63506 1
14 11 14 27 73696 1
22 5 15 29 101414 1
27 17 15 22 60378 1
14 7 29 12 56612 1
15 16 15 26 67538 1
26 8 8 7 59366 1
25 2 3 9 83680 1
14 3 9 17 61964 1
7 22 8 4 75873 1
11 2 8 20 76569 1
13 21 12 11 38629 1
3 23 18 26 52559 1
15 21 23 5 75980 1
23 20 21 5 64747 1
20 28 13 2 113958 1
7 11 1 2 49380 1
24 8 1 5 90438 1
23 12 14 1 81950 1
25 4 18 28 93856 1
3 25 21 7 98411 1
29 22 16 16 73590 1
4 21 11 8 57108 1
10 15 28 15 66781 1
11 25 11 7 71831 1
25 12 15 26 73760 1
18 14 22 2 55106 1
12 13 2 23 50599 1
2 28 8 14 53961 1
12 27 5 23 33688 1
4 25 1 6 64939 1
27 17 8 14 66031 1
1 16 21 8 87635 1
2 9 15 23 71443 1
4 24 27 17 86243 1
28 7 24 1 35830 1
21 8 3 15 75291 1
11 17 27 1 98588 1
5 27 1 18 40928 1
7 29 1 17 58911 1
25 0 5 11 84368 1
13 25 4 15 55942 1
19 18 0 7 81436 1
8 18 11 25 37865 1
14 0 20 10 65283 1
12 0 27 12 80910 1
4 21 28 11 98293 1
20 4 8 6 48858 1
22 29 3 4 132127 1
9 14 2 25 44762 1
12 4 18 22 79055 1
23 9 5 20 87791 1
27 19 19 14 41924 1
17 24 23 2 94539 1
5 13 29 18 90648 1
3 26 0 19 34278 1
16 15 6 8 57023 1
0 26 10 1 109078 1
13 18 10 8 53129 1
7 29 16 21 58057 1
0 9 12 27 81747 1
12 16 28 8 73714 1
4 29 20 29 56333 1
18 2 12 14 61747 1
23 2 23 24 90805 1
9 11 6 29 74057 1
13 15 8 27 59909 1
0 8 8 0 63107 1
11 19 4 3 71425 1
20 1 4 8 74380 1
24 10 24 28 62026 1
19 2 9 18 73859 1
29 12 22 18 49665 1
18 8 3 4 66534 1
23 9 10 26 97073 1
14 5 20 27 90928 1
4 7 15 22 82473 1
17 24 6 17 61536 1
7 20 4 27 31977 1
27 25 18 21 45947 1
9 27 0 15 64837 1
4 26 18 1 113023 1
8 8 15 21 71784 1
26 11 7 9 56020 1
11 4 28 19 99069 1
13 1 23 29 133534 1
0 3 29 26 149363 1
14 7 2 11 44051 1
23 29 1 15 111511 1
2 11 29 16 91435 1
10 13 29 18 78126 1
8 23 3 3 75996 1
19 14 0 9 62116 1
25 15 29 21 32066 1
18 10 26 18 44596 1
26 11 3 20 87077 1
29 18 7 13 83205 1
26 1 22 25 86637 1
16 3 29 11 63915 1
20 17 28 1 83100 1
8 20 29 29 83493 1
23 19 2 10 88048 1
23 15 16 0 82255 1
17 24 27 24 36249 1
14 24 24 14 58151 1
6 21 21 10 77876 1
25 10 16 6 37087 1
0 15 27 26 115399 1
17 29 0 15 93070 1
13 28 3 17 65481 1
1 19 14 28 66461 1
18 26 6 15 77272 1
23 5 21 21 69987 1
0 22 22 16 91496 1
11 29 9 16 52118 1
7 8 21 0 76937 1
23 22 26 0 78057 1
10 7 20 25 86802 1
21 19 4 8 81083 1
11 9 3 6 35479 1
25 18 2 6 92693 1
20 4 28 12 52029 1
28 19 23 1 80620 1
19 4 9 7 41211 1
12 11 23 19 63753 1
0 6 23 26 122400 1
3 16 25 14 69543 1
4 21 20 15 67551 1
3 11 21 12 61044 1
15 18 19 26 43970 1
2 14 23 2 99978 1
26 13 18 18 40788 1
24 2 6 15 98477 1
4 4 11 25 85258 1
5 17 18 9 66124 1
28 27 7 4 128999 1
5 8 17 8 47087 1
6 0 1 21 90068 1
17 20 4 28 64730 1
16 8 17 21 59791 1
13 13 14 27 57382 1
26 14 14 19 60881 1
5 18 28 4 114180 1
21 25 29 17 62332 1
25 23 27 7 49389 1
8 16 25 0 98956 1
8 17 17 7 60507 1
26 27 15 19 58559 1
6 3 29 14 101224 1
4 6 13 29 96440 1
0 3 5 18 63016 1
14 18 29 9 83187 1
5 7 18 26 101417 1
29 23 26 1 74012 1
6 23 28 10 93421 1
28 26 5 22 84498 1
6 26 13 0 111349 1
8 14 14 19 38523 1
28 15 11 14 56413 1
26 20 18 18 32674 1
20 10 4 1 69841 1
19 8 10 24 72358 1
21 9 22 29 84673 1
7 17 18 11 57241 1
20 13 15 20 35529 1
18 21 12 1 84664 1
1 4 1 19 62221 1
22 29 3 26 64536 1
12 27 25 7 91939 1
7 12 12 6 32235 1
1 3 12 28 105057 1
5 21 18 23 44857 1
23 23 15 1 103651 1
15 28 4 14 73198 1
3 24 7 13 41776 1
10 21 11 4 71982 1
24 8 18 16 55509 1
19 16 4 0 91359 1
8 25 18 28 41439 1
12 12 27 5 62605 1
11 26 18 23 30993 1
4 26 1 9 57959 1
15 3 0 14 76584 1
21 27 3 11 94681 1
23 2 9 19 100449 1
4 1 10 8 46749 1
3 0 10 15 71995 1
29 7 29 20 59824 1
24 15 1 17 81676 1
0 13 27 4 96099 1
24 29 13 24 56620 1
28 13 1 7 87619 1
25 27 8 13 85148 1
8 12 17 2 69425 1
15 21 13 8 64583 1
15 3 11 26 98881 1
8 2 12 13 53869 1
5 29 27 27 66051 1
1 26 3 18 36183 1
9 25 22 26 47784 1
5 8 1 25 63041 1
5 25 10 6 79628 1
1 6 18 11 61223 1
26 15 24 7 30654 1
18 21 8 22 42576 1
16 3 8 9 55791 1
12 26 7 16 55118 1
0 27 17 17 82606 1
0 29 13 29 50550 1
0 3 16 19 102822 1
15 21 11 7 65387 1
19 5 15 20 57072 1
2 5 10 12 46698 1
11 22 23 20 46963 1
12 29 7 5 97203 1
10 25 4 13 51236 1
11 24 22 0 111646 1
3 27 24 7 112863 1
19 0 13 28 101251 1
14 22 24 15 68275 1
29 9 17 24 77703 1
23 26 12 21 48185 1
22 18 7 23 59575 1
9 18 17 24 40628 1
19 15 2 7 67740 1
12 15 9 2 52729 1
10 27 7 19 39541 1
1 18 14 29 76761 1
7 23 13 29 42333 1
2 0 23 17 114203 1
25 25 29 2 84876 1
4 10 0 23 47141 1
12 25 29 14 79717 1
25 26 8 8 101833 1
1 12 28 9 83348 1
10 22 7 12 41669 1
17 8 1 18 74864 1
6 22 23 29 78883 1
13 24 20 15 49130 1
22 12 4 9 59903 1
12 25 15 11 66326 1
3 14 23 17 69599 1
1 25 0 5 74851 1
26 19 6 18 82607 1
10 28 14 0 123808 1
11 23 22 6 78677 1
28 23 26 7 52755 1
10 5 24 24 105785 1
29 16 0 21 109928 1
23 11 10 26 95012 1
14 24 2 23 33253 1
24 22 19 9 60866 1
22 3 24 12 49656 1
9 1 20 3 61882 1
1 29 19 26 60648 1
7 18 18 24 54869 1
7 19 17 29 65256 1
4 27 8 18 46524 1
0 20 24 29 98407 1
22 10 9 18 60310 1
24 16 12 17 59902 1
2 26 21 14 83785 1
8 24 15 4 90738 1
28 22 1 1 142886 1
4 17 25 9 78421 1
6 13 20 14 42769 1
11 13 4 9 34219 1
29 11 26 1 37453 1
5 6 16 4 46962 1
29 1 19 26 110807 1
15 2 13 11 54839 1
14 25 18 7 75066 1
27 10 0 24 107652 1
22 29 4 28 59940 1
14 12 3 23 60841 1
26 20 21 29 45571 1
13 11 3 19 54000 1
22 29 14 27 31394 1
1 20 10 1 89398 1
15 16 20 8 50380 1
22 28 28 24 30967 1
29 15 16 25 75458 1
12 17 21 13 40243 1
28 21 1 12 105650 1
14 13 24 5 58270 1
12 15 9 4 46052 1
8 5 24 13 79043 1
13 3 23 6 49882 1
4 21 26 5 101314 1
28 1 16 11 72294 1
0 20 29 5 121563 1
18 3 29 17 76467 1
4 5 26 26 121277 1
0 25 8 17 51815 1
7 18 16 1 95403 1
0 5 9 26 88088 1
2 25 7 1 90376 1
4 22 27 0 126035 1
5 6 28 2 93199 1
19 23 24 5 70444 1
1 6 2 28 76236 1
27 12 16 11 43804 1
13 5 22 24 92350 1
18 5 1 16 87833 1
25 1 13 9 63722 1
2 27 18 26 44910 1
8 2 24 4 83721 1
28 22 3 22 81083 1
0 14 3 1 51381 1
0 24 18 11 89838 1
11 19 22 13 58976 1
22 12 12 21 64027 1
13 18 22 22 51320 1
19 23 9 22 28528 1
7 24 6 11 58443 1
12 9 29 18 80591 1
15 15 11 4 54343 1
13 5 1 16 73274 1
4 4 6 12 34372 1
29 20 1 28 103456 1
5 16 29 20 100060 1
10 28 17 7 97344 1
21 21 7 3 99546 1
27 16 3 10 83775 1
28 2 11 9 81345 1
5 19 15 2 94409 1
3 9 8 18 48231 1
24 8 28 29 89255 1
20 21 21 3 66939 1
29 7 19 18 58844 1
12 21 11 7 52145 1
8 26 2 8 70765 1
3 0 12 24 101144 1
9 10 19 23 65177 1
11 28 20 10 79583 1
22 27 19 1 85735 1
13 0 12 12 48307 1
3 15 26 21 87838 1
6 16 1 10 37809 1
7 5 17 11 49463 1
19 8 8 1 61853 1
4 29 5 13 49266 1
7 22 20 16 62820 1
6 9 5 26 62261 1
6 5 27 17 101291 1
3 13 19 10 50696 1
9 12 24 9 52748 1
18 11 5 9 42989 1
24 28 17 7 87303 1
4 16 2 8 27766 1
1 18 3 1 66435 1
12 8 28 13 59795 1
14 7 3 20 67940 1
25 26 29 18 42799 1
29 28 0 28 79294 1
14 27 0 4 104668 1
17 17 27 25 64120 1
16 2 4 23 103757 1
12 7 27 21 83776 1
14 8 26 22 82909 1
15 28 20 15 58747 1
6 7 8 18 52930 1
11 23 18 5 78793 1
11 5 5 26 87790 1
8 10 21 14 47340 1
25 21 19 1 72219 1
25 7 25 18 32552 1
23 1 7 26 133014 1
11 15 5 20 41914 1
19 21 6 1 104002 1
10 7 2 25 74281 1
17 15 14 1 75742 1
19 6 22 23 59975 1
23 27 15 0 119413 1
1 9 5 21 46975 1
17 27 6 8 97252 1
13 20 23 2 97326 1
22 27 7 29 45256 1
21 11 20 24 56012 1
0 14 4 6 33597 1
11 14 11 27 52084 1
17 8 3 0 75146 1
28 3 11 11 74719 1
2 3 23 14 88779 1
29 15 7 11 74705 1
14 21 1 14 58069 1
6 25 19 22 46514 1
24 10 29 5 29948 1
2 14 17 2 85124 1
6 28 16 21 58859 1
29 3 6 27 131323 1
22 1 25 18 70863 1
27 15 15 21 59111 1
26 18 26 7 32952 1
26 21 22 14 31382 1
20 18 10 4 79600 1
28 23 2 16 91615 1
4 5 1 16 48338 1
29 7 3 22 111270 1
6 0 25 3 97574 1
4 22 20 13 66882 1
1 16 23 19 92935 1
26 7 0 23 109072 1
26 20 19 15 35892 1
8 7 24 29 121029 1
10 3 24 27 117426 1
25 13 7 7 67304 1
29 28 27 10 68657 1
29 20 10 22 76431 1
17 11 10 4 47447 1
0 25 17 26 54277 1
3 4 26 24 124198 1
2 10 19 3 61461 1
24 6 2 8 68956 1
10 27 17 6 91291 1
23 15 6 18 75052 1
1 13 7 20 37762 1
10 3 4 13 51080 1
6 27 10 1 104635 1
1 26 5 9 62558 1
27 12 2 20 93283 1
27 12 14 8 56986 1
9 5 21 26 100531 1
28 21 8 1 124476 1
12 14 28 19 66440 1
4 16 28 16 85710 1
12 18 24 22 56912 1
16 20 27 20 36519 1
27 13 9 5 73662 1
11 23 22 9 75139 1
25 0 0 4 106416 1
17 5 1 9 66667 1
0 17 23 23 81736 1
20 25 5 27 45564 1
12 7 14 21 57265 1
15 3 2 1 71532 1
2 1 21 4 90810 1
29 25 0 3 146042 1
4 10 22 6 55418 1
9 11 2 20 44606 1
23 20 1 14 77432 1
28 9 19 25 74826 1
23 6 3 3 77522 1
6 18 18 24 60936 1
25 13 14 21 58613 1
4 1 24 6 80547 1
29 17 3 26 108746 1
1 10 6 19 42620 1
21 29 24 18 55207 1
5 0 19 2 86698 1
28 20 22 1 87335 1
4 24 15 27 37408 1
5 20 15 24 42302 1
0 9 17 3 74294 1
28 0 15 20 102986 1
27 17 14 8 73678 1
9 10 7 20 41383 1
22 27 11 23 40076 1
28 5 21 1 49742 1
29 16 11 8 78183 1
5 12 24 0 97150 1
27 25 18 17 58740 1
19 19 0 12 70680 1
22 20 9 5 82990 1
16 28 4 9 87370 1
3 6 29 12 86825 1
20 1 12 6 45471 1
4 11 24 9 60172 1
28 10 27 1 35725 1
10 13 11 23 40761 1
29 12 9 7 71259 1
29 29 19 20 55279 1
10 1 19 14 73366 1
23 14 6 20 69869 1
22 10 0 18 85378 1
10 21 28 10 87402 1
20 21 8 27 50758 1
16 23 27 12 65491 1
28 18 18 12 56754 1
26 20 15 8 73623 1
10 19 9 8 42279 1
10 9 21 2 64658 1
20 26 5 19 65899 1
13 26 20 23 35990 1
7 4 20 7 51264 1
27 7 19 13 38488 1
21 25 3 28 61479 1
28 4 13 19 103131 1
26 10 0 10 62391 1
28 4 16 21 90114 1
8 2 18 28 120648 1
19 4 19 25 62960 1
11 17 27 24 73559 1
0 27 17 7 101279 1
8 5 21 16 81709 1
2 28 24 2 141314 1
12 8 20 17 55101 1
11 20 18 7 68930 1
11 10 1 2 53140 1
17 12 27 19 54882 1
20 8 10 19 71190 1
18 25 19 11 46978 1
18 20 12 2 78549 1
26 20 26 10 31302 1
5 21 8 5 69112 1
3 24 8 29 38856 1
2 21 9 28 38880 1
6 9 19 10 39179 1
7 12 15 24 57800 1
25 21 9 17 65955 1
15 9 7 17 50149 1
1 24 25 2 123662 1
14 26 18 9 76039 1
2 17 12 8 52809 1
25 15 3 13 65469 1
18 19 29 23 46050 1
26 9 18 5 36373 1
5 4 3 23 65783 1
13 22 13 10 51622 1
25 25 8 20 63371 1
16 0 22 7 51362 1
2 10 15 13 43323 1
23 27 9 28 39859 1
17 23 18 11 46581 1
23 10 3 11 54967 1
4 16 19 20 62346 1
4 8 20 10 46890 1
24 9 10 20 81084 1
26 20 19 24 34709 1
4 25 19 10 80333 1
19 23 2 4 99012 1
16 26 27 0 113178 1
15 19 0 2 100666 1
15 3 4 17 76582 1
6 28 5 7 77258 1
25 14 2 7 77777 1
19 11 25 7 30416 1
2 11 28 19 99958 1
25 18 2 2 104150 1
13 24 3 17 50461 1
1 3 8 9 47518 1
11 6 28 9 65144 1
16 21 18 12 40676 1
7 16 29 11 79373 1
25 12 12 15 46928 1
14 8 16 20 68893 1
15 24 9 20 28017 1
28 22 2 24 80786 1
16 0 14 24 106510 1
4 9 11 21 54056 1
11 16 11 4 51942 1
10 5 17 12 48244 1
7 23 27 5 106371 1
19 13 26 10 28936 1
0 17 11 10 50909 1
6 15 0 29 61732 1
28 6 13 29 108553 1
5 23 1 8 56891 1
25 10 7 6 62345 1
7 21 12 13 40368 1
18 8 5 14 55913 1
26 6 20 18 58904 1
11 10 11 29 75273 1
16 17 7 25 65079 1
26 1 20 12 52967 1
3 19 18 11 71008 1
8 2 12 14 56648 1
28 3 2 1 110119 1
1 12 0 21 39196 1
17 21 17 9 49845 1
3 29 13 23 49509 1
24 8 0 29 129443 1
26 21 5 26 75861 1
19 28 2 15 81782 1
6 24 20 27 47683 1
16 4 3 13 70110 1
23 12 27 24 53094 1
29 11 0 27 123521 1
6 0 15 7 60483 1
27 12 18 18 49328 1
1 1 24 4 107969 1
28 14 10 23 76098 1
25 8 3 14 75757 1
7 18 0 13 38145 1
7 25 18 23 36840 1
27 21 10 16 83895 1
2 12 7 28 61964 1
5 9 18 16 64553 1
14 27 29 4 108766 1
4 12 17 12 45940 1
11 15 24 9 61756 1
17 27 25 24 28368 1
0 7 28 17 107588 1
24 23 7 13 75557 1
19 23 16 15 41368 1
14 14 3 13 30463 1
1 10 6 4 38836 1
23 29 5 9 118648 1
7 16 19 26 68140 1
25 23 12 1 102991 1
26 14 8 24 78886 1
0 0 7 17 76156 1
11 17 0 10 50652 1
19 17 25 22 33496 1
24 6 12 26 92168 1
23 18 25 10 35059 1
29 19 9 3 111774 1
2 15 23 28 97793 1
21 9 14 26 81157 1
26 14 8 3 84719 1
10 4 3 0 49863 1
7 16 29 22 93427 1
18 29 25 0 109151 1
10 24 22 18 56022 1
0 3 12 5 53021 1
27 3 8 12 81971 1
3 7 0 26 71556 1
5 4 29 2 106955 1
8 11 22 15 60812 1
29 25 2 0 147751 1
13 21 27 12 74062 1
26 4 15 27 93023 1
29 18 20 17 55031 1
22 6 22 22 68914 1
22 16 10 9 62354 1
2 5 12 25 87900 1
4 13 11 2 61575 1
11 3 23 3 57940 1
1 4 4 15 45411 1
1 12 17 4 74793 1
4 6 13 13 44910 1
28 13 1 20 92828 1
8 7 16 13 45463 1
4 17 20 27 68875 1
13 20 27 1 100293 1
28 11 9 5 73363 1
1 13 22 29 105760 1
24 1 14 24 106030 1
29 6 22 24 73952 1
23 2 4 14 95008 1
5 29 1 21 40855 1
15 19 0 12 69056 1
10 15 5 24 49132 1
23 18 29 27 51257 1
13 9 5 21 60776 1
28 10 11 6 57259 1
20 26 18 9 60206 1
29 1 12 8 80645 1
26 24 25 11 42186 1
7 18 24 7 83684 1
6 27 5 6 71649 1
23 15 6 4 92460 1
8 28 9 12 59053 1
11 2 24 29 132603 1
5 26 24 25 64649 1
5 13 18 16 51384 1
1 6 23 11 76241 1
6 28 19 25 44241 1
21 11 5 14 58118 1
10 7 2 18 57822 1
9 21 17 27 41363 1
7 29 27 20 80354 1
29 17 10 25 92392 1
4 24 24 7 100273 1
27 25 2 15 102691 1
26 26 21 17 54189 1
12 9 18 17 52586 1
7 26 24 9 103971 1
12 19 13 1 68871 1
19 20 1 27 65671 1
0 9 10 11 32891 1
12 24 14 11 57166 1
7 7 17 10 36528 1
26 16 1 20 91148 1
15 14 3 26 65922 1
22 4 18 20 62898 1
14 22 6 0 113514 1
1 5 7 22 73902 1
13 10 28 25 89481 1
27 16 1 24 99285 1
5 9 17 29 97738 1
26 18 19 25 43344 1
11 13 28 8 68082 1
29 19 19 23 49832 1
24 26 5 6 119701 1
26 17 0 22 92858 1
23 26 0 4 129607 1
16 19 25 25 50848 1
5 25 16 3 109545 1
11 17 26 17 66420 1
16 4 25 8 43927 1
8 19 21 8 77475 1
19 29 7 6 103353 1
3 7 16 18 79676 1
23 28 28 13 61219 1
25 11 0 18 93764 1
14 28 11 2 104903 1
11 27 21 25 34507 1
19 5 13 19 69687 1
14 13 20 4 50454 1
6 5 21 15 81503 1
9 23 1 3 81672 1
