7415 5420 4090 5568 4165 6968 5172 5573 4700 4426 7117 6872 7596 6623 6607 4393 7552 5063 4256 6616 5199 6252 7357 6826 6842 6501 5975 4364 7174
4497 3648 4325 3597 3252 3872 2810 4168 5161 6215 2793 4183 6243 3335 3378 3571 6190 6223 2813 3137 5653 5696 4368 2967 2880 3518 3111 4847 4887
5458 7412 7505 6069 7679 7744 7115 7287 6699 4718 7355 6130 5980 7560 4827 4888 7564 5856 4495 5297 6170 4719 4890 4493 4485 6611 4770 4890 6084
4624 7024 6445 4001 6999 5827 3653 3839 7074 5402 3698 4207 5209 5389 7026 4714 6265 4311 3726 4887 6449 6168 6379 3821 6143 5599 6609 3915 6287
3262 4795 5883 5065 5574 3826 5778 5458 4884 3262 4837 4868 5590 5287 3470 5168 5327 5718 3680 5878 3440 6146 4579 5591 5276 5081 5078 2614 3297
8162 5375 4907 7802 5086 4889 7204 8314 7954 6831 8291 7504 8357 4938 6542 4789 5742 7356 7100 6621 6490 6851 5769 5245 5110 7108 5540 6802 8141
4852 3746 1686 4094 4319 4648 3517 4058 3540 4745 4434 3590 3580 1733 2545 4019 1724 1999 3742 2048 2324 1664 1458 1960 4146 1896 4100 3482 4004
5956 6156 5512 4316 6870 5407 5022 7035 7468 4821 4261 4085 7433 7209 5080 6637 5640 5161 7422 5580 5072 4715 5240 7137 6179 4157 5868 6940 5068
7310 7767 7015 7598 5868 8366 8028 6461 7477 5204 6734 6380 8175 4980 7259 6160 6465 8040 7996 7653 6650 6296 8042 5711 8396 6355 5952 8165 6119
5703 5241 4137 7013 5851 6211 5737 4462 6887 5398 5084 5340 4312 4503 3468 6044 6018 6437 4027 6888 6191 5317 5751 4869 5504 4951 6040 3760 6812
3812 4526 1555 3038 4101 2308 3528 2759 2727 2561 2263 3409 3235 3090 2338 2357 1697 4727 4668 2389 1959 1579 3086 4047 2648 4229 3985 2722 4176
3488 4245 2633 4112 3093 5339 3493 3143 3390 3991 3879 2097 4836 3945 2662 2899 3924 3282 4942 1965 1740 3452 3347 5017 1745 4281 3624 3944 1917
2234 3633 1896 3562 4761 3393 4536 4366 2383 1912 2619 4850 3536 4604 3826 1789 2040 3962 3763 4026 4824 4777 2808 2408 3180 3975 3336 1755 2395
2276 5697 2660 5287 5466 2428 4028 4188 2194 2508 5402 4729 2287 3585 5666 5178 4833 2758 2338 4943 2250 5067 4213 2311 5237 5666 2673 3113 5538
4251 5365 5136 6642 4699 4611 4933 4856 6668 5381 6788 6920 7954 7800 5595 6841 5368 4500 5358 4301 6661 4775 4782 5770 7795 6400 5689 5249 6070
6084 5765 6133 5448 6116 4130 3007 3993 3440 3216 5038 3490 2946 4584 6603 5563 3341 3269 5270 2923 4894 4855 3799 6335 3153 3585 5570 3951 5401
7510 6218 6234 5596 5600 7198 4376 7666 7656 5566 6875 4590 5047 7219 7372 7301 7129 4865 7103 4147 4212 6434 6650 5599 5175 4754 4424 7418 7054
5415 8520 6850 7615 6774 6143 7708 8380 7916 5080 6124 5612 5545 5665 6217 6211 7328 5124 7352 6395 7688 6607 6585 6673 6534 5910 7580 5348 5040
6825 8284 7249 5220 8409 6381 5881 6670 7606 8608 6678 8527 5977 7289 7094 8937 7468 5366 8654 8809 6727 6201 6461 8516 8874 6057 7108 6872 8495
5097 5130 5181 3592 5600 5609 4992 3231 6467 4450 4429 5476 4560 3376 5175 6328 4713 6116 6006 5064 3167 6300 5528 5493 2915 6133 3297 4094 6026
4967 5258 6148 5088 5023 7060 6061 3627 6421 7013 6473 4780 5442 3692 3975 5223 5102 3621 4777 7064 7045 6078 5620 5912 4974 5387 4660 6263 5111
4456 2868 1129 2342 2196 4590 3732 3218 1465 1315 2292 2468 2947 1309 2285 4729 3968 3811 3183 4356 4707 2406 3600 1182 3722 4742 4172 4185 3781
1984 2156 3303 2082 2957 2568 3958 2431 4829 2811 4795 4171 3937 5417 4980 5279 4404 3306 2803 4099 5477 3913 5320 2279 5677 3155 2925 1962 3519
5143 6566 6258 7331 5345 6109 4730 5738 4831 4166 6089 6155 4642 5216 5130 7244 3887 6362 6735 4460 4624 6119 4335 5692 7051 5933 6114 3802 6539
4636 3532 3087 3578 5145 4290 2329 2277 3821 5040 3827 3824 3587 2247 2262 3711 2836 2029 5013 4624 3439 2468 3210 4885 3092 4189 4266 5039 5223
3256 3290 5259 4527 5688 3043 4665 4868 4837 4698 5206 5531 4366 6291 5987 3610 3493 5130 4858 4007 5734 3445 5041 4776 6062 6066 4966 6544 4108
8685 6572 8775 6294 5084 6378 8453 8690 6111 5534 6040 6255 5285 8821 8563 6689 6302 6353 7189 7020 5412 5483 7341 6404 8616 5464 8449 7956 6714
6109 3745 6217 4266 4996 3794 6191 7037 4428 4277 7009 4870 7338 6817 5578 5272 6399 3702 6443 6331 5381 5351 4859 4916 7029 5446 4392 5325 4083
2899 2593 5154 4683 5411 2683 5514 5344 2414 5201 5193 4181 3791 4039 3181 4352 4839 4212 4395 4195 4717 5179 3127 2271 3705 4684 4332 4088 4961
5353 6813 7693 5965 4983 5378 7441 5340 6803 7251 6356 6899 6368 6326 7446 7378 5938 6526 4706 6228 6799 6212 4911 5250 4659 6558 4348 4415 8025
6276 5522 6432 3208 2219 4964 5883 6148 4242 3918 4968 3133 6816 5509 7429 5338 6006 6134 5940 2441 6062 4920 5649 6451 4519 7021 4689 3968 5625 4031
5663 6753 5414 4396 2143 5523 3984 5774 3850 4353 7318 2415 5306 6009 6622 2547 4794 3984 3581 3362 3012 2331 5769 5958 6075 5907 6841 4271 3305 4015
6338 4757 3950 5350 2009 4192 4012 5201 5212 6475 7162 3954 7326 7088 5385 4908 4177 2872 3853 1932 6282 4663 6761 4074 3488 5049 5405 4503 3420 5335
6327 6537 5994 3660 2894 5555 5422 8163 2563 5694 5331 3922 5877 7330 5326 4308 4281 4413 3953 3887 5181 2399 7028 6441 7141 5649 6306 4018 2979 3681
4228 5088 4991 3065 3743 5198 2328 6061 3034 6948 4921 3853 7902 4883 5107 3993 6741 4555 4769 5569 4358 5646 7606 6210 6576 5065 5756 3768 2067 4385
6720 7432 4595 4023 5158 4311 2990 7037 2989 3883 4422 3354 8526 7792 4313 5210 4803 3034 4923 3068 3128 3113 7108 6446 3740 7138 4234 3754 4330 3590
3789 7535 4614 3752 4896 5345 3721 5767 2789 4848 6756 2667 8571 6379 6307 5420 4871 2952 4968 5355 3146 5452 7107 4631 3672 6865 5487 4183 3873 4832
7113 7163 5513 4920 1949 5220 2271 7099 5489 5779 6344 4971 5563 6453 7069 2433 4680 6423 6144 4851 2867 4759 6557 5840 6072 6313 5641 6095 2996 4402
5641 5602 3955 3541 1595 7425 5587 4836 4349 4247 7329 3976 7464 5225 5847 4068 6812 3117 5310 2765 3068 2678 7189 4907 4184 4594 4358 5255 5443 4934
4835 7121 6176 5357 3726 3994 5003 5579 5395 5544 5119 5047 8112 5592 6619 3946 5483 2958 3689 2124 6126 5083 4636 4660 6193 5707 3576 5645 3536 4965
6877 6896 5472 4480 3955 4395 4305 6589 3933 7214 4259 2680 6654 6080 6815 3115 5638 2898 6529 4138 5608 4184 7573 6524 6682 5249 5535 2976 4538 4806
6163 5031 4045 1839 4757 3882 2992 7070 5625 7309 5997 4251 6482 6109 4554 3045 5329 4120 4961 1941 6430 2291 4796 6528 5684 6455 6512 4781 4864 6687
6876 6983 3696 3584 5072 7323 4051 5420 5152 5186 5885 3461 6447 7083 5235 3218 5754 6388 4809 4508 3524 5011 6728 4460 6870 7348 6345 4196 2062 3623
4779 4436 6253 4318 2308 5837 5191 5085 3624 5292 5119 2538 8459 6237 6406 5174 3427 5366 3670 4311 5947 2000 5405 4939 5408 5101 7012 4768 3357 6985
3776 5700 4752 5413 4427 5998 5291 7941 4092 6941 5061 3007 7959 6977 7094 2573 6531 6218 6857 3705 5160 3763 6651 5057 5410 7540 4115 3188 4226 4375
4759 7687 6290 2933 2864 3926 5890 6273 5408 5758 6140 4329 7574 7206 5046 2719 5042 3845 4046 3789 3947 2513 5560 4228 5689 4970 6104 2720 3228 3692
7195 5758 3385 3804 4908 5096 5093 6188 4408 5681 4682 4905 7227 6975 6561 2817 3585 4273 3618 2312 5937 4213 7107 4693 5747 5990 4756 2609 2719 3744
5485 4418 6318 3132 4454 5163 5682 6674 3919 4572 7206 2605 8566 6166 7221 3503 6650 2717 4512 3314 6444 5410 7144 4475 5530 6214 6361 4683 2749 6444
6473 6535 4094 5112 4225 4078 4884 7769 2905 6550 5328 2387 6928 6875 5002 4378 5570 4806 4155 2237 5674 4207 6891 5954 5778 6822 4583 5597 3594 6955
6492 4814 6809 3630 2537 4075 3687 8089 5153 6833 4623 3834 7966 7480 5466 2901 6142 3484 5929 2130 3637 4727 7464 5474 6354 5781 5014 3910 2005 5969
4207 7354 3558 5357 4816 7003 4041 8249 4754 4708 5482 1787 5812 4891 6193 5596 5369 4180 6522 1886 5683 4854 6064 5481 6102 4565 7029 2973 2529 5406
3806 6986 3444 3982 4700 5099 2975 5193 5583 4005 4849 5096 5322 6363 6963 4247 6736 5740 3995 2682 4367 3417 6803 7051 3988 4438 4542 3183 2976 4451
5774 6293 5518 2205 4608 3852 4471 5028 5808 6909 5370 4145 6305 6654 7274 4263 5564 5928 3920 4341 4708 3992 6218 5301 5615 4001 3629 3418 5361 6724
3828 4787 3903 4027 2364 4471 2621 5170 5739 5110 5885 1947 6771 7320 5352 3596 5985 4807 4822 3339 4828 4556 5414 6031 4831 7592 7199 4229 2145 6581
5870 5138 4054 3295 2519 7050 4578 5793 3370 4340 7001 5170 8588 7506 4362 5432 4577 5962 5047 4319 6366 4918 6052 5066 5208 6226 5502 5858 4702 6165
5726 5355 3957 4291 2094 4630 3848 5384 4545 6136 5018 2568 8429 5509 5808 3472 5061 4338 6307 3298 4365 4885 7666 5981 5120 5555 5535 3815 3042 5433
7405 4554 5826 2249 3869 4738 4315 5770 4378 6706 6066 4717 7970 4359 5412 4841 3641 5125 3932 4320 3655 3452 7030 6115 5416 4656 5576 5747 3314 6883
4640 5718 4902 2034 3952 7194 3049 7954 2349 4653 6282 4169 5719 6601 6953 3721 6684 5364 4896 5076 3667 4297 7438 5261 6018 5216 5152 4937 3286 6284
6985 4285 6070 3024 1830 7242 4222 5630 3744 4559 7034 4042 8820 4474 5199 5625 6451 5659 6809 2810 5743 4658 7410 7076 6538 6489 5816 3945 2086 5982
19 29 18 10 83018 1
10 5 18 16 63319 1
16 23 10 6 70738 1
14 23 27 25 70507 1
25 10 3 26 126257 1
13 13 26 20 71095 1
20 18 6 25 65857 1
1 13 3 24 54135 1
23 7 29 22 81244 1
5 6 20 4 63630 1
11 25 20 5 95222 1
22 28 1 26 78754 1
21 27 8 24 61405 1
20 23 11 17 57762 1
29 3 12 14 84957 1
3 16 13 21 53178 1
19 21 1 17 76945 1
12 29 13 20 31895 1
8 24 19 15 64144 1
13 0 23 19 96821 1
12 10 20 22 73077 1
26 14 2 25 118668 1
0 29 0 4 111521 1
24 21 7 19 62436 1
7 24 28 10 119012 1
27 11 6 7 89058 1
19 8 4 14 78182 1
28 9 8 25 121424 1
28 20 3 19 92265 1
12 23 7 11 54823 1
9 22 20 0 102747 1
16 15 21 3 49354 1
22 11 23 26 60991 1
15 24 2 4 104635 1
23 17 29 0 82170 1
2 6 20 21 110260 1
28 21 12 0 123582 1
9 27 28 14 105721 1
2 11 15 12 51171 1
24 24 29 18 43155 1
14 21 25 29 69290 1
26 1 3 4 96601 1
8 24 27 19 78699 1
17 16 23 27 62528 1
16 20 10 24 32686 1
5 28 27 8 135004 1
19 29 4 4 124758 1
25 19 1 3 123492 1
21 7 3 18 91294 1
20 20 13 10 64444 1
13 25 29 13 96349 1
14 23 14 9 63326 1
25 20 0 8 123005 1
1 6 13 15 70606 1
25 29 24 7 84496 1
9 25 2 21 40335 1
8 12 4 24 53246 1
29 5 10 14 92259 1
9 9 11 23 48120 1
20 28 6 4 111836 1
17 4 7 29 116772 1
7 3 14 27 94525 1
3 12 28 25 136807 1
12 29 25 24 58204 1
6 23 6 2 65467 1
18 3 17 12 51090 1
24 2 18 28 97823 1
1 26 22 29 82273 1
17 15 5 10 58832 1
25 10 11 19 75232 1
5 8 3 29 75093 1
6 16 23 16 74015 1
23 18 21 28 42477 1
10 21 13 10 45304 1
17 26 11 0 114061 1
15 6 6 18 67133 1
3 8 5 23 58177 1
12 19 4 27 48292 1
6 12 10 3 43536 1
7 7 20 18 87285 1
24 3 4 21 114911 1
25 2 18 18 71519 1
25 3 3 3 85429 1
14 5 24 2 48573 1
18 2 19 26 96379 1
19 17 23 8 41833 1
24 15 23 4 41013 1
29 10 12 15 80098 1
23 9 1 11 84464 1
0 19 4 5 72629 1
4 29 7 14 53108 1
16 28 25 4 101381 1
28 26 13 6 122112 1
14 21 13 1 78991 1
18 1 18 24 101629 1
6 7 16 18 75036 1
6 27 1 5 83193 1
27 13 16 3 76626 1
20 29 5 9 112513 1
7 20 21 6 85443 1
16 14 28 20 71955 1
14 2 21 18 76800 1
3 8 24 1 100767 1
4 29 21 25 74512 1
17 14 13 0 70306 1
6 21 29 18 88629 1
29 6 24 25 84533 1
14 10 11 24 57827 1
16 9 1 5 74252 1
12 15 16 28 54603 1
0 6 8 23 83573 1
7 15 21 0 87906 1
20 15 29 6 56706 1
9 16 24 28 83488 1
27 29 11 29 58873 1
8 18 23 21 61839 1
4 3 10 7 32363 1
9 27 3 12 73397 1
10 13 28 6 80307 1
3 12 22 5 85346 1
9 16 25 15 64417 1
26 6 24 14 35378 1
17 14 10 1 67930 1
3 17 28 4 119290 1
10 0 24 14 89808 1
25 6 9 4 69480 1
18 2 15 15 67663 1
3 20 14 16 53753 1
6 18 25 18 72382 1
6 13 18 20 67483 1
26 26 1 18 117303 1
9 0 18 26 120390 1
8 14 17 6 66741 1
20 18 25 12 44216 1
21 23 6 29 73726 1
12 12 22 15 46959 1
0 18 7 3 83316 1
23 19 13 9 65025 1
27 22 16 1 113993 1
23 20 28 10 55125 1
12 0 3 21 90038 1
6 27 19 20 69955 1
16 13 27 6 59985 1
7 28 24 0 136458 1
6 20 29 25 107277 1
22 0 20 19 56449 1
23 21 23 8 54965 1
19 14 13 5 53931 1
15 27 3 4 110088 1
4 16 24 16 85094 1
14 5 5 25 89049 1
21 29 20 8 71379 1
17 4 27 9 54212 1
2 11 24 3 96364 1
9 10 6 19 39630 1
25 1 9 28 127821 1
2 21 26 16 98132 1
24 13 28 26 61794 1
6 14 12 4 53955 1
17 11 29 21 74705 1
1 0 28 12 132204 1
16 9 2 2 79368 1
12 28 8 15 51425 1
29 22 12 10 101776 1
25 16 16 24 62590 1
21 28 18 1 100216 1
10 10 16 23 59163 1
10 22 5 3 71056 1
3 16 22 14 82358 1
6 6 2 0 43494 1
12 16 25 14 53398 1
20 26 23 15 52662 1
21 1 24 16 49973 1
28 22 11 14 84600 1
29 26 27 4 102189 1
1 5 7 19 68952 1
22 8 13 2 54337 1
5 13 11 2 61935 1
1 20 20 16 81935 1
21 25 12 6 89342 1
9 4 14 27 86665 1
29 29 1 23 120080 1
17 14 11 4 57817 1
2 1 20 5 87229 1
20 20 16 2 80093 1
20 16 1 6 99894 1
5 22 25 3 118376 1
11 26 23 21 64240 1
27 5 6 17 105984 1
5 19 13 9 57033 1
14 27 21 16 64198 1
16 10 22 18 46931 1
24 6 28 13 40028 1
2 13 6 4 55534 1
11 22 28 21 71958 1
15 5 20 17 64557 1
20 11 28 27 84519 1
7 16 13 29 62595 1
15 5 27 14 79099 1
26 24 3 13 122394 1
16 22 28 22 64541 1
7 5 27 3 80829 1
21 13 27 17 36944 1
0 3 1 29 112076 1
27 3 14 5 55321 1
7 26 17 7 101312 1
8 1 8 18 71711 1
0 16 26 18 111329 1
26 18 1 26 116330 1
0 1 16 25 131216 1
8 2 16 29 109192 1
7 8 17 2 63134 1
4 27 16 13 86798 1
25 23 16 13 77968 1
23 21 0 28 104863 1
17 28 22 1 96528 1
25 11 7 15 74661 1
15 5 21 11 42671 1
11 2 9 23 69506 1
7 20 0 29 49195 1
13 10 3 20 67467 1
29 6 16 8 57262 1
28 6 9 21 105684 1
0 22 23 4 131770 1
19 19 2 10 90070 1
23 6 0 8 102375 1
26 3 7 5 78580 1
19 0 2 9 102266 1
16 20 25 14 45453 1
13 21 28 1 101666 1
25 4 14 2 50072 1
13 19 8 8 50465 1
2 8 17 19 86658 1
5 9 21 20 89515 1
12 2 17 26 105948 1
11 29 0 1 122955 1
2 20 19 2 120132 1
28 13 21 17 45489 1
10 7 3 25 76645 1
3 21 25 20 83427 1
17 19 13 0 86968 1
29 8 10 6 84166 1
18 16 23 22 46277 1
12 22 23 2 94069 1
27 28 13 29 51485 1
23 26 0 26 91959 1
16 14 1 27 92371 1
0 3 9 21 89056 1
25 7 4 11 88729 1
17 3 1 5 60774 1
7 0 21 25 126284 1
7 17 24 19 64115 1
5 25 23 8 107868 1
1 6 27 13 119765 1
21 20 28 3 69761 1
5 17 17 6 79151 1
19 9 0 21 103646 1
22 9 27 17 46862 1
14 11 7 15 35449 1
8 5 1 21 79941 1
12 11 2 3 58614 1
15 27 1 19 75683 1
1 12 27 19 116077 1
20 26 13 9 87927 1
15 17 5 21 49301 1
4 1 15 28 116780 1
6 2 18 16 84444 1
12 2 26 13 88747 1
14 5 14 28 92097 1
20 9 24 25 64737 1
18 29 16 11 89913 1
14 14 13 4 43221 1
29 4 2 25 148926 1
9 11 19 6 56468 1
26 19 29 27 45551 1
5 1 3 18 77846 1
20 6 25 26 82176 1
20 9 17 1 47963 1
28 15 8 15 76625 1
4 29 17 15 80678 1
29 25 25 6 92882 1
29 17 20 21 55334 1
1 2 21 14 98790 1
4 27 8 20 31083 1
29 18 20 6 72745 1
19 2 0 28 145183 1
11 19 17 24 40998 1
11 12 21 3 56351 1
28 27 16 27 47748 1
7 8 25 5 87938 1
19 16 10 8 56493 1
10 15 2 28 61119 1
4 5 23 14 96309 1
0 25 4 16 54793 1
19 0 28 2 45203 1
0 22 8 6 82757 1
10 12 25 11 55551 1
29 22 27 13 51401 1
3 3 0 16 63140 1
12 18 27 28 81745 1
29 19 25 8 59880 1
28 11 14 11 50666 1
13 14 27 1 84626 1
16 0 29 13 99713 1
22 16 23 26 44062 1
9 0 27 2 84596 1
8 7 27 11 80152 1
0 24 11 18 64092 1
14 29 29 28 53512 1
23 14 11 12 56162 1
21 5 25 14 41820 1
0 22 13 2 106033 1
20 19 22 10 33727 1
0 9 27 28 148094 1
12 22 28 24 81569 1
8 26 12 11 60323 1
7 2 23 8 83379 1
12 22 16 7 70977 1
27 16 15 29 87668 1
23 29 29 0 125486 1
12 0 24 16 88974 1
2 14 25 2 117456 1
23 28 26 12 73755 1
12 20 23 6 76319 1
11 16 17 9 49389 1
2 0 13 17 96028 1
19 26 10 13 78142 1
20 28 17 8 82104 1
4 29 4 16 51429 1
9 27 11 8 66558 1
23 29 26 16 63412 1
4 4 4 21 70918 1
9 28 11 20 31756 1
19 19 27 8 63211 1
20 21 9 14 60430 1
28 27 1 1 170796 1
5 13 26 5 101747 1
26 22 20 18 40374 1
11 7 18 13 51031 1
18 11 0 12 71940 1
24 2 7 18 101492 1
23 29 29 23 49184 1
10 23 26 26 78778 1
17 0 24 24 105590 1
18 11 22 27 63199 1
5 6 6 20 48264 1
5 21 18 5 96675 1
26 8 8 3 83702 1
5 15 17 22 66030 1
20 10 3 11 67005 1
14 10 24 21 72409 1
18 2 28 21 96174 1
12 7 4 27 82646 1
12 18 16 28 46812 1
9 29 27 1 142792 1
12 0 8 10 47519 1
13 27 29 27 58847 1
14 11 3 0 74171 1
26 23 14 28 61114 1
21 1 27 14 61575 1
5 17 28 13 98369 1
7 26 23 17 81905 1
5 23 25 12 102490 1
3 28 16 13 92134 1
0 9 14 3 68416 1
17 25 14 17 50482 1
15 24 6 22 51285 1
23 15 28 22 47094 1
13 23 3 29 57061 1
2 29 25 3 147020 1
24 21 29 13 49856 1
15 20 23 8 59754 1
25 16 14 25 72102 1
28 9 3 23 137698 1
22 20 10 13 56991 1
27 12 25 26 74219 1
12 22 29 17 79719 1
25 2 1 29 153144 1
9 10 24 14 64012 1
5 14 21 3 86811 1
2 28 26 24 98975 1
12 18 4 2 72880 1
2 21 10 19 35131 1
26 0 3 11 111823 1
22 17 19 24 37498 1
28 25 8 15 102170 1
7 6 19 17 80354 1
29 15 24 0 76573 1
28 25 1 20 119695 1
1 16 23 20 91638 1
9 24 19 27 52573 1
14 5 3 9 59430 1
10 23 22 14 66141 1
16 19 19 11 42200 1
17 26 2 0 143595 1
6 3 0 13 63107 1
4 6 22 8 81310 1
17 29 3 4 120323 1
22 5 5 27 114016 1
13 23 9 1 81546 1
22 21 16 27 43013 1
14 29 1 24 67196 1
6 23 15 16 52651 1
10 5 26 26 120306 1
14 7 23 14 61450 1
19 3 27 15 64613 1
5 15 20 0 102743 1
27 12 18 11 36521 1
1 9 28 0 126745 1
8 27 20 12 91251 1
8 25 29 1 137120 1
23 17 14 14 49059 1
20 26 3 29 72965 1
23 19 27 6 58883 1
5 25 18 8 95914 1
11 27 20 22 60672 1
25 11 11 19 70026 1
0 24 9 25 50971 1
5 26 23 9 107352 1
6 0 7 24 79697 1
11 13 16 4 48544 1
15 12 28 17 71060 1
16 25 9 29 41581 1
29 3 10 6 77230 1
23 10 17 22 65682 1
2 14 9 0 83708 1
9 5 9 21 55092 1
10 9 25 15 67155 1
10 13 21 11 42428 1
2 12 24 13 92257 1
21 8 11 5 53805 1
13 6 27 3 60824 1
6 10 27 20 103239 1
9 9 28 28 117146 1
17 3 22 25 87108 1
29 18 11 13 83165 1
5 2 23 28 132155 1
12 29 29 5 129600 1
5 5 23 0 81923 1
18 8 4 2 74034 1
10 27 5 13 61823 1
19 8 24 3 32765 1
8 9 28 11 78211 1
8 6 19 28 101846 1
3 9 28 19 119701 1
13 8 5 22 69303 1
20 26 19 9 69125 1
8 6 16 13 54007 1
28 29 19 19 63177 1
20 13 27 9 45235 1
29 1 8 8 102246 1
10 11 12 19 29189 1
21 11 22 29 60672 1
18 18 13 9 55427 1
25 10 10 12 60757 1
0 1 0 12 54591 1
26 11 17 12 35151 1
23 16 10 19 52877 1
13 21 1 24 60641 1
25 7 13 4 55514 1
21 2 2 28 131254 1
6 24 18 1 115073 1
10 23 11 14 28239 1
11 22 11 6 52525 1
22 13 8 27 93145 1
0 23 19 26 94451 1
25 24 0 24 116035 1
3 9 25 25 130632 1
6 5 19 23 107090 1
28 25 3 16 121678 1
7 19 25 12 83195 1
6 16 17 21 50194 1
16 16 23 19 37999 1
21 12 10 0 71430 1
7 3 0 23 98921 1
29 13 13 24 91112 1
18 25 10 11 78745 1
6 18 21 17 60102 1
4 8 13 26 88333 1
17 19 28 20 39942 1
4 21 21 0 115678 1
28 15 16 16 55746 1
29 21 13 6 107804 1
22 13 14 2 67010 1
2 26 20 22 95194 1
9 5 3 19 69981 1
10 25 28 0 125433 1
11 5 0 10 61876 1
0 12 23 13 98329 1
22 3 2 15 104746 1
23 5 5 18 95699 1
1 14 16 4 90576 1
0 16 27 14 115399 1
26 26 2 29 98317 1
18 4 14 18 77819 1
1 0 27 8 122255 1
29 20 8 0 136626 1
9 27 0 9 87746 1
28 11 19 20 60427 1
2 3 18 17 100619 1
29 16 14 11 72238 1
19 22 0 2 125916 1
16 17 3 0 103187 1
17 9 12 14 41074 1
1 21 12 2 91165 1
10 12 27 6 74023 1
14 23 14 1 92984 1
6 8 7 24 48777 1
6 2 0 24 97890 1
1 1 5 8 39779 1
4 1 3 29 108807 1
25 25 1 1 155090 1
7 12 14 16 45489 1
28 9 2 17 120440 1
29 17 17 9 75199 1
28 26 4 7 147966 1
2 20 19 18 71109 1
3 1 3 26 110100 1
6 12 15 7 50802 1
29 4 16 29 119191 1
28 13 20 24 68886 1
7 10 0 23 68742 1
2 16 24 21 94906 1
19 23 12 7 82761 1
16 23 1 2 113182 1
25 15 10 23 69966 1
13 1 28 24 132833 1
21 9 22 24 48546 1
0 3 1 26 99231 1
19 7 10 24 85010 1
3 27 29 22 119191 1
0 25 28 8 155244 1
3 12 6 20 40316 1
15 15 29 11 62777 1
5 27 3 13 57514 1
25 18 16 29 71596 1
2 11 16 24 92499 1
27 19 14 14 63578 1
5 15 14 22 53709 1
5 8 19 8 60077 1
8 18 25 4 95649 1
0 18 8 1 99144 1
21 20 12 27 56940 1
2 21 20 2 118974 1
26 5 17 22 87511 1
0 24 11 15 68277 1
7 25 3 11 53366 1
5 13 10 23 47159 1
6 1 15 15 70214 1
10 12 8 3 35592 1
15 22 6 28 57481 1
12 18 28 13 77364 1
21 27 7 8 108525 1
5 4 17 12 68354 1
19 15 6 26 71283 1
11 15 26 18 66835 1
14 13 0 15 67037 1
8 16 4 5 54456 1
28 25 18 13 87547 1
15 9 16 27 81154 1
19 5 27 13 60184 1
2 16 11 20 48313 1
24 4 5 11 83293 1
7 8 2 29 80228 1
3 16 9 21 40199 1
1 29 29 28 99619 1
11 28 29 20 93263 1
12 9 17 16 42907 1
11 18 22 6 68116 1
14 16 3 17 45691 1
2 16 13 5 77932 1
20 2 13 5 42022 1
5 20 16 14 57637 1
26 25 9 7 116604 1
3 11 29 20 119344 1
3 14 5 0 74008 1
7 24 20 27 66739 1
16 21 0 1 111206 1
5 22 5 1 81087 1
23 10 10 18 69148 1
14 25 28 17 84415 1
14 6 24 13 62431 1
11 12 27 11 58844 1
3 3 12 6 39792 1
19 0 6 24 120060 1
6 24 17 0 110430 1
5 9 14 7 48635 1
23 24 2 22 98476 1
6 5 5 14 38158 1
0 18 0 0 88711 1
13 15 22 17 43591 1
28 23 1 1 160182 1
12 27 15 18 44345 1
1 3 10 8 44406 1
4 26 27 14 115499 1
23 24 8 1 124567 1
0 15 20 5 113150 1
7 8 16 19 67759 1
21 19 8 26 61545 1
4 18 25 26 103454 1
10 14 2 3 61417 1
23 27 17 22 46809 1
25 11 12 2 74639 1
6 28 26 17 99000 1
12 5 2 26 98937 1
11 3 27 20 109274 1
25 7 20 29 94489 1
3 14 26 10 101060 1
16 16 0 23 89081 1
21 18 0 11 94593 1
22 4 4 16 98616 1
28 5 6 28 136741 1
8 6 1 13 53290 1
16 14 3 13 65763 1
25 8 22 23 66640 1
0 6 15 25 116610 1
2 14 15 28 91273 1
10 23 3 10 61638 1
27 17 1 11 112302 1
12 13 21 20 51408 1
22 10 24 25 58114 1
20 12 1 6 87933 1
26 6 18 28 96415 1
10 3 29 13 99327 1
25 11 1 6 101298 1
16 10 23 18 50851 1
3 25 13 9 82983 1
3 9 14 11 49820 1
15 20 5 8 72671 1
22 21 10 28 63297 1
29 9 10 29 130794 1
12 19 2 23 50819 1
13 10 5 26 72482 1
3 8 16 5 62280 1
1 8 14 28 104123 1
0 4 6 17 61468 1
28 11 10 21 89369 1
29 24 5 0 161650 1
16 3 26 25 110004 1
10 28 10 17 36039 1
14 27 4 6 98430 1
17 17 12 1 76712 1
10 19 4 23 35245 1
18 21 9 29 60822 1
28 16 20 12 46277 1
13 0 22 12 72888 1
18 29 23 14 77562 1
15 19 4 23 53848 1
8 24 21 0 110703 1
6 16 20 25 81369 1
24 21 2 19 82247 1
10 25 11 1 75786 1
28 4 2 24 143428 1
23 3 18 15 46693 1
10 6 23 26 101887 1
17 7 29 17 83565 1
6 6 15 26 95576 1
25 27 17 16 72615 1
14 1 0 1 69510 1
4 3 3 15 62207 1
24 27 12 18 68969 1
10 22 7 12 47735 1
20 9 16 0 60556 1
8 8 14 15 43919 1
9 18 6 8 48331 1
3 21 10 1 82056 1
3 20 17 28 74139 1
27 3 23 18 64795 1
17 23 0 1 126268 1
7 28 15 21 51520 1
16 8 11 14 40164 1
12 1 2 0 60265 1
1 0 1 20 83411 1
4 15 15 16 47758 1
6 24 13 29 44619 1
23 1 7 19 102883 1
16 4 10 17 58782 1
11 23 25 22 66116 1
8 9 4 20 49994 1
7 19 25 13 78829 1
17 27 9 14 66551 1
14 13 26 2 73194 1
21 11 2 18 86857 1
15 9 23 29 95497 1
11 29 23 18 70570 1
27 0 5 21 135328 1
20 22 4 15 83838 1
29 23 7 5 139434 1
29 26 9 23 91225 1
26 21 16 18 47210 1
24 22 12 20 51894 1
26 9 9 8 78837 1
6 1 15 12 60444 1
19 14 24 20 43671 1
14 8 8 24 70713 1
13 22 0 15 73095 1
5 17 27 23 99406 1
13 9 18 15 40117 1
7 21 13 13 46373 1
19 4 16 28 97529 1
10 14 0 7 62770 1
29 22 19 11 75925 1
10 19 25 29 78134 1
25 0 3 11 106097 1
4 6 23 28 126027 1
18 24 26 14 69720 1
29 4 2 21 134895 1
27 3 14 21 89885 1
9 7 0 21 80027 1
18 11 5 7 64444 1
21 10 14 3 47855 1
17 23 25 14 63018 1
23 16 10 0 93061 1
7 9 5 26 54411 1
16 13 3 25 88698 1
29 21 26 9 67020 1
5 0 19 27 134078 1
12 24 16 0 99701 1
18 15 5 9 66541 1
5 14 8 24 37540 1
11 24 8 12 53493 1
26 5 14 16 74677 1
16 19 25 21 35222 1
2 11 20 8 77354 1
19 4 12 14 63937 1
14 29 20 13 83848 1
0 20 19 21 78781 1
18 3 28 4 39569 1
0 4 14 6 53280 1
23 28 18 11 70419 1
29 25 10 15 100645 1
25 0 12 18 92202 1
24 22 19 2 77881 1
27 7 11 18 93350 1
11 5 25 7 68436 1
26 20 8 1 121766 1
2 8 29 11 107009 1
4 12 17 3 78373 1
27 26 10 0 142914 1
28 5 6 19 113663 1
5 4 22 28 122499 1
18 25 22 4 82363 1
12 7 23 5 57741 1
21 5 8 5 57708 1
13 4 23 18 78779 1
13 1 23 21 103629 1
4 15 10 11 37142 1
18 9 27 13 55875 1
10 5 9 17 35230 1
19 13 11 0 73005 1
7 0 22 11 90337 1
15 18 23 3 67905 1
14 10 25 23 83153 1
28 18 15 18 52708 1
11 12 26 15 65220 1
23 8 8 18 82099 1
27 21 16 29 67611 1
15 20 25 3 75422 1
26 22 12 17 68504 1
24 27 27 7 87594 1
19 17 11 0 90824 1
28 11 11 3 86036 1
2 4 21 5 72489 1
4 13 14 28 81050 1
22 3 18 20 62058 1
27 27 2 16 127917 1
16 7 22 2 41464 1
10 20 2 25 47226 1
25 22 0 22 109693 1
5 14 27 4 101637 1
4 1 29 14 132458 1
14 6 10 0 35879 1
17 15 14 24 49886 1
21 24 4 10 100392 1
17 27 21 18 49233 1
25 2 9 16 91673 1
0 27 9 20 50911 1
13 13 27 15 64763 1
14 6 20 0 52543 1
28 23 8 29 91861 1
19 15 26 2 57440 1
15 17 7 28 64743 1
5 17 9 8 45571 1
25 7 1 8 108082 1
26 9 11 10 67090 1
19 1 24 10 46907 1
21 13 19 27 55055 1
13 17 18 0 94124 1
0 16 17 4 106046 1
16 4 7 12 60735 1
24 2 7 4 67211 1
11 2 12 24 73549 1
19 23 6 6 102442 1
28 21 28 0 88991 1
24 11 8 10 61683 1
12 25 21 4 90206 1
0 3 14 20 96947 1
14 20 26 23 58824 1
22 16 6 24 72015 1
25 5 23 16 46531 1
14 9 19 14 42814 1
7 25 25 3 122827 1
23 21 0 13 109944 1
15 24 6 19 50403 1
13 3 0 8 59398 1
5 5 17 7 61759 1
29 7 10 20 107288 1
16 8 1 8 63504 1
24 17 18 8 45546 1
22 5 3 15 94799 1
18 25 29 0 119931 1
7 0 25 29 150701 1
14 12 26 5 64114 1
29 9 7 27 139354 1
20 25 6 10 101069 1
6 23 29 12 114235 1
19 14 8 23 65173 1
25 1 10 14 84785 1
10 27 24 12 88495 1
25 28 9 4 121109 1
20 11 28 0 53138 1
6 17 16 22 50691 1
1 26 24 8 137099 1
6 22 0 8 63353 1
13 9 8 19 47058 1
20 14 10 23 57307 1
7 2 23 2 70892 1
18 22 7 20 49606 1
23 29 19 16 61177 1
2 12 12 0 75222 1
21 0 26 22 87656 1
27 6 20 23 80080 1
9 2 11 13 40629 1
0 10 23 19 104379 1
27 15 9 14 72304 1
20 0 17 17 66703 1
19 20 13 11 56106 1
6 7 29 13 105673 1
18 8 21 25 62557 1
28 14 20 12 45106 1
12 12 24 8 55905 1
19 22 0 24 93566 1
28 28 11 16 91678 1
6 14 20 28 85437 1
13 16 0 6 80814 1
17 20 9 11 58729 1
16 15 8 5 59481 1
25 24 4 23 103461 1
3 8 12 24 77396 1
12 19 13 0 69467 1
10 21 3 17 36957 1
13 4 2 20 90127 1
10 29 19 26 40913 1
25 11 18 18 51900 1
10 15 9 2 43088 1
20 20 14 24 42237 1
24 15 11 23 63440 1
14 15 29 24 87891 1
24 24 17 12 69555 1
0 4 16 28 118935 1
13 7 18 26 97570 1
28 6 19 0 51323 1
20 11 1 18 88651 1
10 21 8 11 38892 1
6 20 10 1 68731 1
27 29 19 1 115606 1
24 18 19 11 35312 1
10 20 5 11 43541 1
5 23 23 25 88495 1
2 25 29 23 131614 1
6 20 20 18 54305 1
23 0 12 21 93862 1
25 27 13 25 54302 1
20 18 17 8 47310 1
18 19 3 10 80671 1
28 5 2 15 122704 1
16 28 24 0 110833 1
5 10 14 0 69116 1
11 21 0 24 57858 1
16 22 3 22 61494 1
28 4 0 7 112624 1
14 14 6 5 62467 1
18 19 5 10 74700 1
11 8 26 13 71858 1
4 1 13 3 43540 1
28 18 3 23 107727 1
9 28 10 14 45967 1
11 22 15 9 53936 1
2 6 22 24 122265 1
10 19 16 12 50305 1
2 16 10 12 46932 1
2 6 28 28 151950 1
18 5 8 27 111217 1
7 19 27 3 107382 1
17 23 26 22 54641 1
11 8 4 25 72170 1
5 3 14 6 42309 1
1 22 29 24 129636 1
13 27 15 3 100824 1
14 3 26 5 52114 1
17 26 8 18 64367 1
18 2 8 3 45650 1
26 21 5 27 100944 1
21 6 14 1 48626 1
25 10 5 20 99641 1
16 17 0 5 96690 1
15 4 22 26 94878 1
25 25 11 28 58599 1
25 8 7 14 88955 1
21 29 13 26 33974 1
4 18 23 7 97165 1
29 29 13 23 78344 1
19 12 8 11 44662 1
26 0 4 24 141120 1
4 8 21 24 104701 1
26 1 23 13 58837 1
5 9 6 21 40366 1
27 12 14 27 105260 1
9 24 0 15 61170 1
7 26 26 16 95916 1
20 28 3 8 113582 1
4 24 27 26 106643 1
18 13 11 24 63403 1
27 18 12 11 73830 1
27 13 16 27 93345 1
13 29 5 15 70180 1
15 21 24 24 47546 1
14 27 28 2 123795 1
4 14 11 22 49839 1
14 8 24 15 56748 1
25 10 0 16 115830 1
8 22 23 0 111763 1
21 7 10 19 67261 1
6 29 1 24 34461 1
0 0 28 3 119179 1
6 4 15 5 38801 1
10 16 25 18 62226 1
4 1 23 21 124613 1
16 18 18 29 65572 1
8 12 27 9 86116 1
9 20 24 12 73685 1
22 29 6 9 112543 1
19 7 7 1 76425 1
14 1 21 20 89704 1
24 0 25 25 95015 1
10 14 25 18 66394 1
8 16 29 13 94479 1
20 13 15 29 79473 1
14 24 4 0 107922 1
23 25 21 9 56719 1
12 15 4 12 44296 1
26 7 15 5 55173 1
15 17 18 5 63536 1
23 8 20 19 43049 1
28 20 11 19 60508 1
4 15 12 7 55353 1
1 0 28 10 132219 1
16 0 17 15 80288 1
16 5 26 13 70162 1
10 5 26 14 82946 1
17 20 20 29 56161 1
27 15 2 17 99268 1
11 26 25 17 73898 1
26 29 11 22 73452 1
22 7 28 11 37582 1
1 16 5 9 46048 1
4 22 22 10 99362 1
0 19 18 8 97869 1
23 28 14 12 92185 1
22 20 25 1 70748 1
4 17 5 6 48064 1
12 27 29 29 63161 1
19 10 6 20 73957 1
20 0 25 21 81495 1
11 4 13 24 71234 1
20 5 15 20 66414 1
2 18 26 14 102578 1
0 11 29 9 115841 1
15 26 23 8 85641 1
21 21 16 28 37605 1
24 23 7 9 101351 1
23 8 12 29 99322 1
21 22 6 3 103908 1
10 21 19 17 46113 1
14 24 7 4 80525 1
18 2 6 13 83849 1
9 16 14 3 57399 1
28 4 16 5 50646 1
21 17 4 23 76510 1
5 19 8 27 32942 1
13 28 29 15 101732 1
10 8 19 1 60641 1
28 24 8 0 146177 1
29 24 22 19 49525 1
29 17 16 29 93474 1
19 7 23 25 71322 1
11 15 12 4 41761 1
24 20 12 0 103476 1
10 24 23 15 69471 1
12 19 20 29 59227 1
