3902 3960 5208 6875 5733 3710 4803 6478 6049 5071 5937 4873 5869 6675 5814 4743 3579 6687 7061 5382 4983 6073 5211 6716 3500 3858 4336 6540 4109
7035 6712 4661 6198 6281 6210 7058 7080 7256 6624 5164 7523 7276 6187 5748 5803 5009 5594 4309 5734 7017 4773 5472 6150 4257 7476 5537 6174 6648
5027 5000 5792 3983 5498 6823 5220 6890 3888 7536 5354 6871 4044 6894 7470 6465 4261 6694 6668 6710 4883 4362 7084 4793 7256 5235 4868 4131 7620
5348 7386 6492 4536 6691 4777 4377 5495 7649 4807 6005 6322 6838 4604 4271 6123 5742 5763 4957 4008 4839 5552 4636 6835 6270 6520 6476 5181 6422
6318 5475 5896 6899 5853 5477 4806 6482 7320 7468 4934 7210 6041 7399 4324 6644 5260 6810 4807 6864 5346 7091 4392 6671 7109 4931 4269 7353 7626
5782 7312 5082 8160 8085 4732 2395 1095 4674 1681 3522 4059 1795 1678 3351 3709 2414 1649 2013 1509 1594 4236 2002 2062 1931 1241 3957 1091 1078
1482 2303 1481 2999 1443 3140 2443 1532 2162 2688 1589 2205 3321 1179 3676 2228 3507 1499 3075 3958 4745 1756 2534 3551 6385 8004 5128 7365 5245
3604 6040 5267 3406 2590 5071 2533 3754 4776 3061 2454 5953 5594 5671 4524 4747 5340 5466 5683 2878 5910 3086 2928 3517 2477 4489 2760 5668 2833
5758 6448 5419 5189 6291 7773 5561 6423 7873 7708 6391 2765 4849 2358 3591 3892 4167 4319 3723 3276 1653 3415 4761 2218 4379 3698 3931 3596 4295
5935 4207 4672 5353 5671 5157 7068 4464 6922 6966 6174 3814 6954 4105 4607 3992 4735 5263 5331 4001 4095 1933 3207 1321 3248 3186 2945 2955 4628
6465 6279 6654 5977 3898 5232 4448 7216 6848 5078 4450 7113 6927 6069 5587 7154 5818 7735 5693 6938 8381 5453 5735 8082 7625 7192 5535 5812 7720
4428 4252 3610 4060 5164 5334 6493 5078 5604 5785 3350 5165 4051 5518 5362 5980 5147 5395 6061 5206 3109 5245 6230 4287 3699 4584 4585 3182 3756
4124 6646 4591 5118 4177 4359 7643 4307 7108 7609 7812 4524 7570 5810 5859 4877 4678 5404 4883 4828 5941 6214 6474 5810 7673 5057 5649 6141 6066
6163 3745 6174 5481 4461 5662 5920 4115 3457 3313 6905 6479 3732 4396 2791 4709 5714 4513 4120 2645 4341 3957 4651 2205 5757 2788 5780 5740 3583
7361 7954 5454 6804 7876 7587 4969 5701 7046 8148 5273 6755 5933 5535 3666 4175 6156 6244 5940 5974 4441 5539 3762 5000 6304 6373 6418 3352 3544
3323 5841 3772 2625 4305 5240 4800 5427 4208 2713 5106 4996 3739 4742 5697 2327 3975 5329 6771 6736 6470 5920 5111 5247 4321 5873 4694 7394 5493
6832 6553 6394 4786 5056 7588 4712 5919 4587 5480 4515 5048 5152 5766 6815 4932 5450 5178 4242 7149 5405 2376 5553 3285 3604 3494 2617 2223 4415
7708 4796 5961 4484 5182 7704 7927 4357 5955 7158 7037 6607 4864 4609 6563 6578 6774 5055 6023 7090 7419 5576 5506 5832 6289 6441 5379 3390 4494
4031 5025 2845 2489 2984 3131 5073 2967 5025 4020 1819 4397 1905 2657 3773 2848 3967 1941 3969 3144 1527 2673 3627 4744 3491 3046 1717 3478 5321
3531 5966 4126 6258 5209 2606 6209 4788 5502 5267 4966 5979 4306 5270 2829 5050 2678 6026 4398 2641 2682 3987 5376 4649 5120 4250 5715 5467 5007
7479 6346 4916 5584 4756 5257 7452 5468 6238 7288 4681 6991 5914 8286 7796 6314 5641 8240 7851 6103 6784 5666 5125 7383 5645 5782 4337 5756 6215
5106 5606 6284 6836 4197 6986 5636 6472 4574 1552 3346 2802 3388 3333 2837 4014 4719 1882 3202 4571 3892 3944 3047 1300 3641 2672 3000 4178 2613
2829 2344 3361 3271 1660 1893 3522 4425 4544 4799 4504 4132 4102 3488 5788 3544 4241 4441 4485 2454 2310 3530 3560 3346 3085 3474 3727 3230 3767
7453 5243 4205 4477 4281 4628 5793 5109 6651 6976 5321 6077 5595 4526 5974 4666 4825 4588 5042 5189 2431 5199 4288 3203 3241 4767 2491 2566 2856
2667 3896 3222 2136 4974 4454 3137 3721 3651 2676 4093 2481 4864 4670 5493 3015 4405 4828 5357 2378 4045 5165 5240 3745 4714 3373 7542 7857 6420
4197 4923 3498 4219 3738 6235 4287 5479 2419 4220 3141 4454 3841 4944 5764 2474 5646 3076 3109 2916 5701 2611 5630 5530 4241 4142 5134 4922 3577
5456 5368 4340 3615 2431 5395 1962 5419 3477 5512 4035 3831 4004 5129 2975 2883 3203 2024 5582 3444 2912 2878 5225 5198 5646 5815 3693 6863 4531
2455 3661 3334 3196 4751 3725 3229 4913 1635 4773 3869 5237 5953 2787 6214 4188 4403 4375 4594 5141 3340 3201 3767 4795 5467 5975 3519 5177 4615
5174 2843 3439 3640 3865 4104 2586 3250 4976 4140 1961 1884 4019 3642 3073 3090 4511 4714 2519 3152 4080 1992 4517 4465 5188 4252 4033 2270 4018
2887 2183 1998 3436 2187 1496 2292 1229 1833 5217 2420 3856 3675 5219 5768 4302 5781 5731 5819 3192 2837 3155 5171 5033 3488 5471 4631 5803 3093
7376 7278 4432 4606 4204 6048 5948 4118 5427 2862 5428 7380 6131 4575 2917 5026 6067 4464 5541 5240 2530 4807 3890 7600 5255 4817 7158 3865 5497 5055
5065 6675 2385 3369 6038 6296 7548 4806 6692 3313 4781 5918 5901 4279 5378 3927 5988 5499 5441 5771 1228 3100 7028 4729 6621 4493 4578 4098 5052 4251
5167 7452 4564 5589 6575 7279 6637 3051 4548 3707 6628 7346 7445 4210 6834 3506 5259 2138 6459 3860 2884 2791 4754 6651 5948 6748 4176 2953 4839 6163
7742 5918 1165 4053 5178 6645 8750 3222 4778 4389 7569 6086 7171 6537 7176 6411 4092 4317 5767 6221 3594 4975 7130 4870 6707 5339 4693 2790 5104 4820
5005 5337 3836 3772 6655 6468 7469 3798 6686 5159 6334 7549 5735 3924 6586 5050 3306 3436 7938 5685 2173 1849 3683 5257 5812 6351 6784 2525 5693 5494
6229 4641 4464 3352 5772 7425 6541 5129 5323 3749 7071 4548 6055 5656 4551 1849 3919 3941 7513 3859 2603 1927 6767 5788 5944 7207 3841 2221 7457 3469
5772 5429 2184 3290 7391 6009 8474 4593 6298 3974 7264 5288 7024 4331 7128 4433 4039 4651 6596 6965 4965 5295 6989 6164 3378 6449 6064 4773 8292 4280
6324 7583 2135 3921 8007 5948 8193 4502 4587 4023 6759 6656 7704 3808 4524 2716 3447 4049 4940 6790 1396 2926 3854 6035 3413 5149 3950 4951 6693 4717
6357 5919 1532 5425 5459 5375 7646 2441 5399 4502 4785 6228 8175 3552 6100 2010 4893 3463 4947 6772 2244 5154 5022 5284 3299 6327 5078 2452 6602 4912
8155 7486 3120 2983 7356 5878 8696 2102 4873 4773 8164 7082 6342 4385 4917 2159 4252 4234 5082 6277 4131 4986 4526 5572 4946 6881 5884 2157 5292 3776
8641 5918 1620 5362 5153 7148 8281 5256 5542 4322 7156 5474 5126 4474 5875 2636 5516 3828 7272 3905 2129 3221 4719 6081 6428 6809 7081 2069 7551 6254
8449 6864 3948 6151 4818 4993 8357 4780 4450 3764 7627 5233 7468 6182 5698 1977 6062 3671 5401 6567 2842 4666 6629 8173 3528 5160 4518 3588 8156 3871
7842 5392 4730 6444 5526 6723 8655 5234 5295 2553 8055 5174 6376 4430 5243 2297 2739 5393 7827 7039 1982 3017 4739 6527 3505 6367 5705 4566 5474 4447
5778 5841 2903 5226 8107 4753 7432 4495 7583 3068 6740 6604 5602 4485 6951 3590 3011 5192 8394 5673 2739 2384 3891 7622 3163 5306 6665 2011 7210 5157
5613 6720 1709 2861 4790 3900 8119 4702 5415 4985 4611 4986 5827 4966 4904 4171 5526 3723 5038 5265 3309 2964 6787 7650 5934 2615 3678 2190 8254 5698
8016 4034 4571 3880 6005 4586 8624 4447 3281 4737 7067 4454 6749 5387 6990 2510 3119 2809 7875 6405 4113 2753 4944 8040 3123 4130 7268 3237 6765 3301
7273 4493 1992 5122 5232 5709 5783 5050 2585 3767 7741 4861 5759 3651 5945 5340 2596 2565 8270 5779 3740 4387 6950 4800 4198 5458 7047 2750 7809 3217
7349 4673 3086 4163 7781 5982 5793 4942 2117 2342 5824 5619 5654 5996 7696 3684 4188 1964 2858 3548 4106 5499 6171 4659 4607 4164 5615 1797 6239 6054
6781 3959 3556 4305 4888 7271 8366 2702 2723 5301 4821 6145 5284 4735 4996 5048 3005 6982 2496 4709 3190 4242 7193 7920 5682 5079 5710 1792 6665 4079
6772 4900 3003 4369 6533 4146 6957 3212 3613 4836 6996 5161 5969 5899 4843 3721 3979 5730 4517 3526 3978 4411 5463 4738 4267 4284 5967 5345 7300 6884
7592 4657 4350 4985 8086 6329 8090 4451 4394 2411 6811 7003 6430 6228 7741 4319 5859 5711 4248 4285 2652 3958 3763 4577 4866 4838 3684 5143 5124 3650
6486 6598 1154 5655 5050 5348 8687 3133 4203 5397 6909 6788 6700 3432 4428 3545 4150 7354 2735 4228 1728 5802 4963 3554 4088 4337 5377 5236 6120 6414
4104 7261 1380 2975 7492 7092 8241 5453 4091 5440 6477 4349 7455 4555 6850 4513 2339 4886 5568 6897 3747 3188 3817 5036 4698 3843 5165 7687 6862 7682
5945 4898 1029 3742 5502 5884 7539 8106 4038 4446 6156 5889 7534 2924 6965 2834 3874 7418 3101 5863 4314 2360 6523 5850 5451 3478 4234 5402 7113 7092
6169 5704 1848 5930 5730 7313 6714 7014 5422 3969 6062 6689 5202 5167 5753 4591 2286 4218 5027 5952 1478 3573 8267 5718 5421 4825 4622 7157 5460 4842
4489 6422 1998 4238 7390 7262 6062 8014 2619 5284 5596 5462 8079 2905 6553 5219 3964 7378 4866 3929 3688 3200 6716 3550 6388 2657 3720 7881 5185 7481
6705 5108 5202 2866 7262 5275 2233 6827 5218 7130 5044 5766 6691 4774 4119 5402 4941 5449 5474 6057 4694 2567 8087 3743 6405 2748 5491 7274 7731 4415
4348 7036 4766 5740 6205 6506 4507 7247 4831 6895 6626 6842 8365 2686 7199 4436 3718 7734 2881 6761 2962 5654 7301 3447 7768 4191 6202 6003 6586 4760
6574 3964 4440 5244 7262 7198 2130 8434 5303 3458 5898 4370 5784 5045 4839 5064 2944 5290 5713 6687 4424 3149 7152 4209 7720 2567 5862 7786 5863 6559
21 14 29 11 40049 1
22 15 18 22 34913 1
24 7 19 15 45925 1
26 24 1 24 108499 1
23 3 16 28 96846 1
6 1 20 1 48738 1
26 11 17 2 57590 1
0 18 12 23 62783 1
3 29 7 0 82064 1
20 29 1 11 122131 1
10 1 4 12 48722 1
26 21 6 26 83385 1
21 12 21 2 35763 1
25 2 11 22 105079 1
5 11 9 20 33385 1
1 17 18 29 84556 1
17 18 13 5 67313 1
20 5 15 17 56379 1
14 0 25 15 91641 1
29 6 1 21 128079 1
1 17 11 3 67421 1
26 25 10 16 84635 1
23 20 28 9 49364 1
11 4 21 8 57638 1
3 15 20 17 62942 1
12 3 1 19 77744 1
14 13 26 25 77480 1
26 13 5 3 99328 1
21 16 5 18 60683 1
4 28 24 29 83102 1
29 5 20 4 44288 1
5 23 19 21 53900 1
16 22 25 6 88597 1
20 20 0 0 113649 1
29 8 28 27 70523 1
6 7 19 0 57551 1
9 28 20 4 110996 1
1 2 16 2 44866 1
21 10 6 8 63072 1
26 8 3 27 126294 1
12 3 29 1 58491 1
10 17 5 26 38575 1
14 24 19 8 71816 1
7 16 26 9 91249 1
3 16 23 14 77599 1
29 24 20 21 44305 1
7 16 16 27 60929 1
11 12 6 20 43152 1
24 12 25 1 41316 1
14 0 27 2 47946 1
23 3 4 7 71611 1
14 3 4 8 52042 1
5 23 15 29 50573 1
5 16 15 13 40424 1
16 16 12 24 45946 1
19 4 2 25 117016 1
28 20 22 24 31626 1
4 23 28 7 126273 1
27 0 22 8 35705 1
24 10 3 28 119792 1
5 29 14 16 58283 1
24 7 9 25 108239 1
12 22 16 12 59775 1
25 19 12 21 46534 1
16 22 3 2 88097 1
13 23 17 17 38516 1
23 26 9 4 129638 1
25 29 9 10 120246 1
23 11 16 21 61057 1
27 4 7 4 68739 1
3 10 28 17 111002 1
26 14 0 8 116947 1
10 26 0 27 38320 1
22 29 14 1 119075 1
28 8 16 13 67965 1
27 20 19 11 62561 1
19 15 3 12 64150 1
25 18 21 28 42531 1
26 8 15 6 49313 1
7 11 19 29 94844 1
14 24 4 1 94412 1
15 21 29 26 70494 1
4 28 5 2 71272 1
9 11 8 26 59292 1
26 2 1 19 110462 1
11 16 18 28 62008 1
24 29 0 3 152027 1
1 25 24 13 115591 1
3 3 22 25 114848 1
22 29 15 23 47145 1
27 28 4 29 98888 1
18 2 5 5 46878 1
11 9 22 18 66539 1
3 23 2 11 59868 1
25 8 12 29 111622 1
14 10 8 21 60658 1
3 11 9 1 47718 1
26 28 26 13 63470 1
1 4 13 12 83857 1
18 10 16 22 44209 1
18 14 26 20 43649 1
15 16 6 15 28316 1
6 20 17 13 58171 1
7 29 18 1 108497 1
1 16 23 1 106277 1
25 23 29 8 61351 1
8 22 1 9 57980 1
10 15 21 27 67913 1
21 5 24 15 51245 1
23 14 16 0 76538 1
12 20 29 25 71370 1
12 1 29 29 149909 1
21 3 13 11 60765 1
10 15 18 8 49801 1
7 19 2 11 49738 1
17 27 6 19 55066 1
12 5 17 23 90633 1
17 5 19 24 74871 1
17 1 7 16 71365 1
7 26 18 7 94843 1
3 12 15 10 64120 1
29 9 18 27 88942 1
11 6 27 2 64627 1
25 22 15 26 57625 1
20 23 3 2 107211 1
2 11 17 29 102413 1
11 23 1 7 80078 1
14 17 10 1 77212 1
12 16 27 24 71384 1
17 18 19 27 32588 1
3 19 19 5 98521 1
25 27 24 11 70545 1
0 10 21 12 95308 1
24 19 4 5 106425 1
6 4 21 13 81166 1
21 9 27 22 57773 1
12 25 27 23 74103 1
3 9 25 15 93577 1
9 0 0 22 81966 1
5 16 14 9 51195 1
20 18 9 22 49245 1
23 5 22 28 89345 1
1 25 26 5 139991 1
12 9 0 9 48537 1
26 22 0 10 119408 1
16 21 5 10 60433 1
25 2 8 29 124509 1
9 5 9 23 73374 1
6 1 11 7 32703 1
24 28 21 10 72433 1
13 21 1 7 74659 1
26 4 4 6 82876 1
9 10 25 24 101160 1
3 0 7 13 51533 1
28 26 12 8 114389 1
20 23 21 11 46208 1
29 13 11 22 88885 1
7 7 16 21 69343 1
25 13 2 13 94408 1
25 1 13 27 111627 1
3 29 25 21 92784 1
22 11 9 16 63280 1
21 24 0 24 88158 1
13 14 17 23 45732 1
29 18 21 15 38847 1
18 27 7 15 65075 1
6 27 20 17 78731 1
20 8 12 16 53959 1
24 29 27 11 83658 1
1 27 6 1 74693 1
0 18 18 12 80355 1
2 20 15 28 63457 1
23 7 16 29 93393 1
5 23 21 18 64975 1
20 24 10 12 77306 1
22 19 17 26 38725 1
20 10 27 22 63032 1
10 0 28 23 134650 1
5 3 18 18 73299 1
24 21 9 12 73828 1
6 3 12 21 65284 1
4 11 5 29 48918 1
8 10 21 4 75997 1
19 6 26 0 43785 1
29 17 25 7 52380 1
12 8 6 18 53540 1
19 23 15 13 47600 1
28 8 13 28 108185 1
17 27 28 13 75277 1
13 16 26 15 50779 1
6 19 3 28 32887 1
22 18 27 11 45099 1
27 9 27 23 56870 1
16 9 5 19 66993 1
27 21 25 4 71438 1
1 23 22 16 92022 1
21 19 21 6 47757 1
21 14 17 3 50213 1
17 18 29 13 57828 1
7 17 1 21 28072 1
26 11 9 23 94353 1
8 0 26 10 91886 1
17 16 5 25 58999 1
23 8 7 9 63205 1
25 24 7 7 107610 1
24 27 20 10 74967 1
29 7 5 12 105402 1
23 24 13 16 56832 1
29 2 20 26 94513 1
15 27 23 7 89992 1
26 15 4 15 77457 1
10 16 10 3 60767 1
7 21 19 13 62948 1
19 1 3 4 59708 1
15 4 6 6 39341 1
21 9 13 18 57927 1
14 12 18 5 42004 1
27 20 0 3 130502 1
10 27 0 18 57840 1
27 28 18 13 81132 1
5 25 17 10 82866 1
12 28 19 6 94860 1
25 28 6 9 115324 1
16 13 5 4 71403 1
21 13 15 0 64375 1
10 4 28 19 119351 1
24 17 7 3 97497 1
3 23 18 8 92221 1
18 2 2 26 105250 1
28 4 24 25 86740 1
24 8 17 21 68649 1
17 15 24 2 59861 1
10 7 10 19 65140 1
11 17 26 25 75785 1
21 24 24 15 38760 1
12 13 23 11 61792 1
12 13 23 26 77293 1
10 11 0 0 70708 1
12 12 23 15 57736 1
3 17 19 0 91628 1
14 26 0 1 118280 1
1 25 23 4 133412 1
13 23 23 16 57630 1
27 6 3 18 121208 1
10 26 17 14 74684 1
27 20 9 0 123235 1
3 3 15 22 89119 1
22 6 12 3 45830 1
12 10 0 20 70579 1
1 18 7 4 61490 1
8 10 2 6 37665 1
4 4 2 17 55668 1
15 4 20 13 55555 1
4 11 28 9 109380 1
11 2 12 12 54235 1
17 10 29 26 92328 1
3 19 29 0 124102 1
2 13 28 14 104046 1
4 3 15 18 73121 1
29 25 20 9 79618 1
21 6 12 8 45244 1
25 26 2 24 98914 1
7 29 28 23 92852 1
28 6 9 7 85203 1
18 2 3 6 61562 1
29 19 23 29 54229 1
0 4 10 0 53192 1
5 25 22 7 102552 1
19 11 13 29 76879 1
4 1 24 14 104362 1
4 29 0 13 64534 1
15 2 23 13 63198 1
19 22 13 4 85120 1
5 21 29 29 110218 1
7 21 29 11 98842 1
2 2 19 28 118318 1
15 29 23 7 96694 1
1 6 28 11 128856 1
15 27 9 22 30488 1
26 20 13 20 42782 1
11 4 14 14 64252 1
13 17 26 12 64667 1
6 18 19 20 47919 1
6 4 29 4 76170 1
0 17 1 8 52679 1
21 19 7 27 66235 1
1 19 28 17 98728 1
20 27 26 22 41477 1
13 24 13 14 39646 1
11 19 22 14 62761 1
6 10 0 19 42904 1
0 1 29 29 170904 1
23 8 11 29 105487 1
1 13 25 22 99333 1
28 12 28 24 43774 1
0 12 23 28 125233 1
17 17 12 25 51899 1
15 7 9 21 78302 1
26 18 28 10 28541 1
1 19 19 8 92598 1
0 9 25 14 109223 1
26 8 3 4 92204 1
12 16 3 2 60131 1
15 1 10 15 70898 1
9 23 27 5 119326 1
27 19 7 5 111848 1
22 6 4 2 64078 1
21 24 5 15 71767 1
4 4 28 3 80298 1
12 3 8 27 91099 1
0 4 1 16 69666 1
21 25 9 18 64067 1
25 2 20 16 58297 1
29 8 14 3 61646 1
4 25 24 14 98315 1
17 1 26 21 92247 1
26 24 7 20 72211 1
25 2 23 15 54254 1
17 23 5 17 52634 1
14 20 23 1 91528 1
19 1 14 24 97566 1
6 12 11 3 35883 1
5 13 13 24 53769 1
13 20 20 10 60244 1
12 25 21 23 46652 1
2 26 5 7 61868 1
27 9 6 0 83424 1
2 14 25 25 111726 1
25 10 10 7 72779 1
29 18 2 0 140884 1
6 17 3 7 35993 1
14 2 12 25 105691 1
18 3 5 25 91201 1
5 8 23 7 77558 1
22 8 11 3 56744 1
19 21 28 7 72377 1
28 7 21 12 45289 1
29 21 10 24 81337 1
10 2 17 22 93884 1
0 24 9 13 64588 1
2 9 7 2 34388 1
26 11 9 28 104172 1
7 18 17 18 49192 1
4 18 22 6 98665 1
20 2 1 5 73643 1
12 25 1 4 108371 1
17 22 11 13 55980 1
12 3 28 3 54846 1
6 4 10 27 70342 1
5 17 11 28 43410 1
11 4 1 12 72250 1
2 27 5 3 70163 1
21 18 4 8 81660 1
24 18 12 28 70673 1
10 1 21 23 109727 1
16 7 20 23 69291 1
27 3 4 19 106231 1
27 7 9 28 124494 1
21 18 29 12 47384 1
2 28 28 24 100258 1
16 24 3 29 56413 1
24 7 7 27 117937 1
13 18 19 8 53900 1
6 5 18 2 39453 1
11 17 26 10 81597 1
26 12 19 25 66887 1
25 12 4 9 97873 1
25 27 14 15 73926 1
15 21 25 14 58072 1
15 15 0 12 62261 1
24 5 20 18 60339 1
9 5 21 29 127260 1
5 16 5 1 42360 1
3 3 17 18 82274 1
8 5 0 17 63718 1
6 9 11 4 33461 1
26 3 10 17 100323 1
16 2 23 26 99253 1
22 26 2 8 113846 1
29 22 13 29 81476 1
28 5 22 21 69559 1
13 17 18 0 75209 1
14 20 1 9 68979 1
15 4 18 11 38619 1
2 9 6 19 41499 1
9 2 29 26 140476 1
14 9 24 27 93385 1
19 13 13 9 35775 1
27 14 3 9 105135 1
28 1 7 8 83995 1
27 7 11 26 121898 1
13 20 11 2 74405 1
16 4 13 25 102569 1
28 5 25 15 44706 1
20 15 12 8 53995 1
13 20 11 3 78015 1
1 10 9 12 53128 1
18 1 23 26 99200 1
2 22 12 3 77702 1
5 5 28 4 81782 1
12 29 12 8 101318 1
21 17 8 21 51714 1
21 17 11 9 63755 1
20 7 25 1 30471 1
6 29 12 22 49121 1
28 24 8 23 84790 1
17 9 23 16 41576 1
22 18 6 21 59696 1
18 25 16 15 40027 1
29 12 15 8 66603 1
14 12 29 5 79683 1
19 2 3 19 89862 1
18 1 28 28 122580 1
12 22 0 29 70445 1
11 9 23 20 74183 1
15 6 8 9 41483 1
10 12 17 7 48227 1
4 16 25 22 76780 1
19 16 0 4 97703 1
12 17 29 2 100452 1
27 5 23 23 78673 1
20 10 28 6 46774 1
1 10 15 1 71863 1
5 8 1 19 47667 1
6 13 11 4 43264 1
29 26 21 3 111015 1
7 4 21 6 70954 1
2 13 27 19 103453 1
8 27 28 5 127217 1
19 16 29 18 45746 1
21 21 22 6 56262 1
6 24 26 11 104850 1
23 17 21 9 31511 1
3 19 13 14 43937 1
3 9 28 14 109980 1
1 22 15 0 95128 1
19 8 26 21 64267 1
28 10 1 6 126895 1
16 2 13 29 106165 1
14 4 8 13 67572 1
21 9 4 25 99188 1
22 12 11 18 64319 1
9 3 7 29 80465 1
25 23 21 0 95614 1
14 9 4 12 49251 1
16 27 22 4 88377 1
8 19 5 8 44066 1
6 26 23 28 68200 1
23 3 14 21 86381 1
12 17 19 14 36338 1
4 10 14 7 48861 1
9 1 0 2 30904 1
4 22 20 5 102405 1
17 3 4 4 51909 1
9 20 14 15 35262 1
7 14 24 14 67087 1
23 22 16 8 64604 1
15 21 8 7 71092 1
17 28 16 3 91406 1
17 15 10 11 45455 1
11 7 16 17 61059 1
3 17 5 25 24749 1
9 6 12 23 86551 1
19 9 3 29 104044 1
23 16 10 12 63654 1
1 28 10 17 59983 1
29 29 9 16 111073 1
26 8 23 16 40036 1
9 6 23 4 70657 1
3 23 14 1 89815 1
24 19 22 7 57759 1
21 28 27 8 86855 1
9 16 17 29 68938 1
12 3 24 23 111579 1
7 0 10 12 57286 1
11 2 1 18 69405 1
23 12 17 24 64389 1
9 27 13 18 37784 1
14 0 12 20 96787 1
25 17 3 21 78905 1
27 6 12 12 80877 1
29 9 9 10 90910 1
22 29 3 6 124127 1
12 23 3 18 52663 1
6 5 17 6 56695 1
18 2 2 10 73270 1
20 13 7 10 68672 1
18 5 29 6 50161 1
22 23 26 7 71544 1
10 25 19 9 87609 1
6 9 23 21 79619 1
2 28 20 29 70269 1
26 16 20 20 30037 1
26 28 25 5 100451 1
10 27 22 6 102485 1
23 7 5 12 82610 1
21 17 5 13 61591 1
11 7 11 24 82048 1
6 9 27 28 122174 1
1 0 10 15 70297 1
22 21 21 11 34786 1
19 2 11 13 67957 1
23 13 8 29 97149 1
7 29 27 11 121409 1
23 24 12 8 90019 1
8 14 15 8 51698 1
20 3 23 21 77060 1
20 16 25 1 63220 1
24 3 27 14 50832 1
25 20 0 15 94733 1
8 9 2 27 61089 1
14 13 25 24 72048 1
26 17 29 9 34115 1
28 24 10 28 77117 1
13 17 26 6 83739 1
29 7 17 27 93801 1
13 28 2 19 62586 1
25 21 16 4 88844 1
19 26 25 22 39640 1
15 12 4 3 69622 1
19 2 1 0 66207 1
16 6 23 17 61829 1
0 9 10 17 58943 1
2 8 20 22 98315 1
26 28 25 15 58921 1
7 18 20 29 75609 1
23 15 17 25 54400 1
11 17 20 11 56170 1
17 16 7 13 36639 1
1 29 19 28 68918 1
12 4 22 21 94645 1
8 4 15 15 66530 1
26 12 7 21 88110 1
21 29 10 12 92125 1
19 27 23 0 101531 1
18 9 28 21 68072 1
0 18 11 25 61377 1
24 14 20 3 55975 1
21 8 4 18 89408 1
2 25 5 3 75135 1
1 18 4 11 45539 1
29 15 10 1 104190 1
1 22 23 4 117738 1
2 9 19 9 69115 1
24 23 18 7 71475 1
26 21 22 11 50682 1
19 1 29 28 126430 1
17 18 21 10 40408 1
6 9 27 5 82201 1
4 0 23 16 102428 1
26 21 25 2 74171 1
2 15 22 19 76867 1
17 8 7 17 66453 1
1 26 20 1 122733 1
1 6 28 15 124597 1
25 13 6 19 83168 1
7 21 2 26 34347 1
15 18 10 2 76449 1
13 9 16 17 44157 1
23 13 23 28 62494 1
16 22 4 17 45717 1
23 12 19 6 45114 1
19 19 4 23 59219 1
4 24 29 26 103650 1
9 29 11 17 50175 1
29 17 6 20 85802 1
18 9 2 7 65461 1
9 22 12 8 73430 1
1 18 15 14 59344 1
25 7 4 9 90860 1
12 10 2 26 86889 1
8 3 18 0 43686 1
2 6 9 2 37777 1
29 23 11 28 78318 1
18 4 17 23 66106 1
7 25 26 26 77293 1
27 7 19 15 58373 1
20 14 12 27 65965 1
1 10 11 19 73246 1
9 10 15 16 44811 1
15 0 13 28 116317 1
11 29 22 2 117539 1
24 11 3 6 101259 1
26 3 11 24 117592 1
29 22 17 28 65355 1
21 24 7 11 82988 1
22 12 6 26 94365 1
15 22 17 10 54977 1
7 12 8 1 39473 1
0 28 21 3 132785 1
2 0 26 7 93647 1
27 0 6 17 98759 1
0 9 5 26 59876 1
14 18 26 29 87093 1
20 1 1 13 94917 1
22 16 8 24 70115 1
22 7 2 29 126396 1
9 10 5 3 35650 1
14 11 15 29 82165 1
8 5 25 24 120557 1
20 4 9 18 89336 1
16 2 27 21 92010 1
4 3 5 29 67836 1
18 11 1 14 76746 1
0 5 19 2 74296 1
26 12 23 23 48479 1
7 29 9 3 80465 1
2 23 26 27 106700 1
23 24 0 18 93847 1
22 15 27 27 62041 1
20 5 8 26 109118 1
5 12 23 13 73441 1
16 12 28 20 67280 1
1 10 15 7 68740 1
24 23 7 27 68979 1
24 19 28 12 38623 1
9 12 10 21 47157 1
20 14 12 19 51460 1
28 9 22 29 82362 1
7 26 29 5 127378 1
15 17 28 8 73191 1
2 7 21 20 91044 1
27 28 6 14 111192 1
10 21 6 28 40023 1
4 8 14 5 58153 1
23 14 17 3 59393 1
15 18 23 8 62102 1
8 17 26 9 91969 1
24 22 12 21 47102 1
29 29 1 20 118503 1
8 1 1 29 93688 1
1 3 17 14 88914 1
15 16 2 10 65101 1
28 24 12 1 125210 1
12 11 9 28 76336 1
14 28 2 27 40408 1
1 11 8 17 52263 1
7 6 17 12 64966 1
28 2 24 29 109527 1
10 21 9 1 71869 1
22 23 2 14 93149 1
8 21 27 19 66977 1
1 2 5 20 59415 1
26 4 8 6 80156 1
26 8 2 1 94039 1
14 3 21 9 47655 1
23 1 21 16 54804 1
21 28 9 16 78242 1
15 10 23 15 51423 1
14 0 27 2 47946 1
18 27 5 3 98901 1
28 8 8 6 89133 1
17 5 3 3 57536 1
23 11 10 4 82475 1
18 23 6 17 54055 1
16 19 4 14 55743 1
5 22 11 1 63674 1
3 19 15 27 57187 1
8 8 25 20 96707 1
20 18 10 10 64649 1
14 1 10 27 103677 1
12 26 4 10 76193 1
12 22 4 19 38651 1
17 11 25 0 60032 1
1 27 13 0 101567 1
29 0 23 8 42517 1
4 21 28 5 118743 1
20 8 27 0 44302 1
26 7 19 21 72572 1
2 22 26 12 108066 1
9 11 3 20 45746 1
0 25 22 16 105867 1
24 11 29 5 33523 1
21 16 6 27 80811 1
27 11 6 10 97441 1
12 6 8 28 95376 1
3 5 28 17 120257 1
8 23 18 1 98870 1
28 22 20 7 76252 1
1 7 17 13 82019 1
19 10 4 28 93845 1
0 20 13 28 61360 1
11 28 3 22 43811 1
27 28 21 9 85427 1
9 19 17 26 51883 1
12 15 25 10 68364 1
27 17 22 23 36525 1
15 21 9 26 34133 1
24 19 4 19 69480 1
29 14 13 3 88019 1
12 6 1 15 70412 1
27 7 29 25 72957 1
10 1 14 27 102306 1
25 29 6 26 82990 1
5 27 8 8 57871 1
18 28 27 3 107401 1
15 5 10 17 71643 1
14 29 27 13 87664 1
11 29 13 21 37652 1
3 2 24 3 60689 1
4 15 6 7 25251 1
22 19 0 10 102487 1
6 12 0 29 65222 1
20 4 7 25 110503 1
7 14 18 19 45630 1
24 26 12 10 97391 1
10 16 20 7 65836 1
3 2 29 15 116347 1
13 28 9 17 52650 1
1 9 6 0 39302 1
10 3 5 20 56507 1
12 17 4 12 39894 1
18 17 20 2 56459 1
2 4 10 20 76100 1
29 5 20 1 39701 1
23 7 13 9 42162 1
23 15 16 7 50922 1
2 2 26 25 133984 1
24 7 15 0 51208 1
15 3 1 27 100043 1
10 21 21 11 68980 1
19 17 18 7 35094 1
12 2 23 8 53277 1
13 8 7 4 38624 1
23 7 23 25 75025 1
14 28 4 27 34665 1
3 15 16 3 74701 1
19 6 9 10 54500 1
6 1 6 22 50581 1
15 2 7 9 43055 1
7 29 27 2 126992 1
29 14 0 8 130750 1
28 24 6 18 88355 1
16 22 4 28 59552 1
20 9 29 3 50071 1
6 26 17 29 45900 1
13 13 10 23 51230 1
15 23 22 20 35392 1
27 4 3 16 105064 1
14 23 12 7 78074 1
1 2 22 15 100428 1
15 6 25 19 77872 1
25 14 5 1 103478 1
26 10 17 12 55274 1
22 0 19 18 68720 1
16 28 22 0 102405 1
17 8 8 27 89224 1
14 9 24 1 53653 1
26 8 20 21 66440 1
22 1 23 13 47086 1
23 17 0 29 112016 1
0 28 22 17 103021 1
0 28 19 19 85924 1
10 29 10 1 98597 1
4 22 26 2 104362 1
16 10 3 19 75488 1
29 24 12 19 73220 1
17 3 16 21 71685 1
25 3 10 7 69158 1
4 28 26 11 120133 1
5 19 22 4 93717 1
13 12 8 5 56829 1
28 21 21 10 58591 1
24 2 10 2 39031 1
23 20 8 17 57948 1
11 22 19 28 50783 1
3 11 18 6 78655 1
29 26 17 28 57134 1
6 1 10 12 50032 1
19 5 8 0 56848 1
21 21 0 2 112331 1
11 24 29 25 74355 1
8 8 19 14 66426 1
6 26 29 16 106014 1
17 13 6 20 58171 1
12 6 22 19 85156 1
19 25 0 21 78832 1
7 23 15 1 86698 1
28 6 8 6 93205 1
22 9 29 22 71708 1
23 20 1 27 84983 1
27 17 11 20 62282 1
2 14 12 10 67069 1
15 0 2 18 87460 1
29 18 14 11 83591 1
11 5 19 2 39329 1
11 7 2 8 40984 1
19 18 25 1 72727 1
29 4 5 8 89420 1
4 13 28 0 100970 1
3 0 22 15 106213 1
24 13 3 7 96957 1
8 12 21 9 67689 1
29 16 2 4 128404 1
24 18 29 13 35615 1
12 19 0 7 77282 1
8 29 14 13 74074 1
20 12 6 13 61966 1
10 28 4 17 47407 1
16 24 5 23 48723 1
17 19 8 13 47543 1
10 11 25 11 78227 1
3 8 6 24 54880 1
2 13 8 19 43234 1
1 16 21 25 91254 1
3 17 12 20 33234 1
8 9 15 29 92447 1
21 1 21 26 87811 1
9 23 7 12 46207 1
29 18 17 15 55283 1
6 15 6 2 29858 1
3 14 0 26 62967 1
10 2 3 9 37468 1
22 14 14 18 44473 1
18 11 27 29 92049 1
1 0 14 20 95674 1
22 5 6 22 101419 1
29 25 9 23 81541 1
22 26 26 5 88806 1
22 16 20 29 49286 1
22 10 8 17 73861 1
6 18 10 2 46063 1
13 5 26 14 82288 1
11 5 3 26 86504 1
28 14 5 22 98156 1
17 19 8 5 84635 1
10 28 16 1 114390 1
14 11 1 14 67995 1
19 27 11 9 82273 1
27 5 13 7 67049 1
5 15 1 0 60828 1
19 28 1 5 123749 1
1 7 14 7 53409 1
20 2 16 14 58627 1
28 9 19 0 56596 1
28 22 1 19 92304 1
23 27 2 4 135521 1
6 13 21 16 55917 1
23 13 15 25 69631 1
10 21 11 7 69199 1
19 0 7 17 86289 1
11 13 28 6 90136 1
23 19 23 9 49114 1
29 14 20 20 49698 1
10 14 15 3 68950 1
17 20 19 11 38852 1
6 9 18 5 57048 1
1 16 5 29 44503 1
8 18 5 28 34077 1
2 29 8 9 71467 1
3 23 27 6 130822 1
2 2 19 18 87953 1
1 21 19 26 73744 1
15 1 27 10 66372 1
6 14 8 4 36865 1
22 19 7 7 82996 1
22 2 26 18 65116 1
11 20 6 10 41102 1
1 1 27 5 90127 1
14 19 23 8 72680 1
11 21 18 27 41260 1
13 8 27 25 100958 1
23 21 7 23 58974 1
21 9 26 24 65306 1
10 28 17 6 102143 1
24 0 0 17 112249 1
26 28 18 19 60115 1
3 13 25 14 89197 1
4 18 28 24 95385 1
7 9 4 16 27496 1
0 4 5 27 83413 1
12 10 18 16 49622 1
17 26 25 18 51835 1
21 27 6 29 55985 1
13 13 6 7 43767 1
9 10 12 24 71818 1
9 8 21 27 106221 1
7 25 8 14 39555 1
25 25 4 17 88431 1
22 15 0 11 95301 1
21 28 11 14 74817 1
28 3 16 6 54289 1
7 0 27 0 70626 1
5 21 8 4 55278 1
21 8 12 9 33527 1
23 4 3 13 95648 1
7 24 26 16 82650 1
8 27 12 16 51282 1
7 29 14 2 92114 1
27 22 21 14 43352 1
12 8 1 27 88838 1
24 20 10 2 102354 1
24 2 9 13 84696 1
20 3 14 28 98934 1
8 15 1 26 53589 1
27 29 8 0 157870 1
28 17 18 2 76975 1
18 17 24 13 36984 1
5 14 29 0 102059 1
21 19 10 23 53991 1
5 27 28 8 126957 1
15 28 14 15 61225 1
0 14 15 4 87864 1
9 16 13 28 57385 1
18 0 21 24 89245 1
2 23 9 17 43930 1
8 7 9 25 64123 1
9 23 14 0 96920 1
7 7 25 9 77604 1
14 22 27 10 87697 1
11 20 2 12 52506 1
7 25 14 8 83043 1
15 1 26 1 39176 1
4 8 16 12 67456 1
28 21 21 3 86815 1
7 6 22 15 79634 1
2 16 23 21 76668 1
3 26 14 2 89716 1
3 28 9 2 76371 1
4 8 2 25 69003 1
6 2 29 13 95895 1
1 8 23 19 107935 1
5 5 13 15 48593 1
1 26 4 11 63023 1
27 3 14 4 46360 1
22 4 8 12 80026 1
13 23 1 28 58180 1
13 5 14 19 71499 1
16 20 0 10 84334 1
7 25 13 20 29915 1
27 28 1 20 109779 1
20 6 24 20 67004 1
24 3 9 10 76150 1
22 22 6 14 68979 1
6 19 9 9 37466 1
0 18 17 2 94799 1
19 8 13 4 39287 1
20 21 10 16 52736 1
23 26 0 6 130940 1
8 0 1 23 83436 1
6 16 5 7 25466 1
2 23 12 28 54321 1
14 12 29 19 81278 1
29 26 7 18 98144 1
14 15 3 23 52920 1
8 2 0 27 80574 1
14 14 2 11 57948 1
4 11 18 13 64234 1
12 11 9 22 59474 1
24 27 2 29 88013 1
2 25 8 13 56400 1
10 20 26 27 75068 1
8 20 23 14 71483 1
8 14 24 23 74168 1
29 17 14 16 62269 1
13 4 8 14 63052 1
15 9 8 23 73477 1
29 18 15 29 79126 1
10 11 21 8 51141 1
15 16 5 22 47289 1
0 18 28 28 124520 1
22 28 10 26 48489 1
12 22 20 8 74011 1
11 19 24 4 102848 1
18 23 14 29 29868 1
28 4 3 3 81092 1
19 10 29 1 62269 1
13 21 28 25 67804 1
22 0 5 17 88596 1
20 10 4 14 75114 1
13 11 5 20 48769 1
27 2 23 29 107201 1
29 6 15 13 76099 1
13 2 12 21 86034 1
28 15 21 3 64749 1
2 9 15 25 90163 1
20 22 26 17 35781 1
26 25 5 17 87652 1
7 13 29 26 107375 1
22 2 12 25 111142 1
10 0 12 15 67504 1
21 7 12 21 75328 1
20 29 12 9 95825 1
0 27 15 2 100136 1
24 1 29 11 44258 1
1 6 15 24 101627 1
19 6 27 22 81032 1
7 20 16 24 38380 1
24 5 22 15 45832 1
18 0 18 11 39409 1
19 16 9 5 79905 1
21 28 25 7 87124 1
27 27 1 12 133833 1
1 22 0 9 65892 1
12 5 26 21 103558 1
22 3 13 14 69403 1
17 8 6 15 60696 1
9 3 17 1 34061 1
19 9 27 28 92674 1
6 6 2 12 39025 1
