4592 4939 4973 5239 5686 4360 4367 4363 4687 4061 4263 4654 4528 5006 4634 5361 5636 4341 5622 4454 5571 4634 5225 5416 4686 4794 5230 5464 5587
1709 2474 1890 1359 2815 1495 2525 1891 1215 2145 1881 2168 2701 2551 2707 1829 2517 1375 1765 2812 2788 2070 1451 2484 1631 2372 1449 2446 3011
7512 7873 6788 7339 7864 7496 7805 6963 8211 7399 7628 7852 6969 7366 7836 7873 8018 7702 8315 7734 7181 7195 7553 8460 7142 6956 7203 6948 8491
2144 2661 2574 1737 3096 1759 1528 3218 2231 2589 2581 1550 2167 2558 2082 2986 2515 2817 2107 3140 1959 2316 3076 3310 1891 2157 3158 2826 2229
8101 6936 8225 7662 7412 7295 7526 7890 8528 7932 8547 8064 7697 7898 7789 8384 6896 8316 6897 7917 7635 7984 7517 8530 7769 7404 7934 8403 8287
6303 5363 5085 4704 6263 6112 6208 6217 5963 4844 5385 5505 6104 4600 4502 5708 5091 4867 5618 6025 4630 6296 4554 5941 4705 5322 5338 5923 5284
6676 5835 6306 6195 6560 6121 5255 5999 6598 6361 6423 6234 5691 6171 5292 5709 5910 5689 6156 6522 5571 5273 6390 5883 6249 5245 5738 6194 5098
3908 3639 3673 4226 4263 3568 4054 3944 4264 2896 4538 3997 4353 4613 3928 3984 4604 2843 3810 3977 3198 3757 3831 3796 4069 3460 3691 4061 3662
6838 6034 5253 5465 6751 6703 5237 6246 5982 5322 6732 6564 5481 6134 6828 5197 6344 6812 5116 5592 6633 5097 5103 6007 5366 6819 5108 6063 6720
6629 6418 6813 7336 7122 7048 6550 6890 6796 7449 6229 6143 6997 7396 7086 6466 7434 6829 6208 6886 6649 7109 7143 6685 6849 7529 7480 7169 7021
5559 5480 4904 6190 4908 6182 5539 6165 5807 5048 5944 4966 5756 5345 5208 6024 4804 5542 5341 4600 4812 5526 5616 5482 4836 4621 5165 4545 5887
2876 1913 3586 2293 2415 1983 3059 2560 2783 3615 2439 2165 2567 2924 3215 3200 2467 2129 1907 2023 2218 2656 3243 2285 3162 1936 2577 3014 3118
3034 2706 2923 2459 1948 1848 2630 3331 3188 2123 3193 2589 2456 1959 1674 2234 2481 1574 2978 2295 2397 2706 1690 2584 3366 2574 2852 1798 3114
4659 4942 4396 5115 5354 5236 4534 5686 5996 6163 5629 5107 4959 5798 5395 5005 4651 4457 5284 5676 5473 5367 4717 5842 5986 5795 4413 5917 6004
4742 4078 3847 3902 4881 3734 4176 3612 3952 4229 4548 4839 4310 4280 3241 4498 4084 4426 3379 4345 4414 3499 3211 3815 3353 4380 4671 4471 4475
5252 4171 4406 4713 4146 4301 4038 5059 5224 4904 4517 4168 4788 4585 4467 5175 4077 4552 4657 5674 5402 5036 4537 5693 4777 4359 5337 4650 4821
4038 4702 5517 4517 4657 4438 4537 5556 5550 4116 5338 4793 5638 4959 4995 5358 4678 4737 4255 4298 4756 5238 4475 4433 5212 5199 3996 4435 4766
6533 7364 6894 6559 7313 6729 6635 5981 7045 6141 7060 6485 6296 6198 6242 6579 6548 7002 6919 7051 6844 5909 6074 6099 5847 7041 6825 7119 5771
5830 5669 4731 5073 4735 4601 5195 5067 5818 5934 5724 4678 5596 4999 4780 4623 5579 5340 4748 5488 5035 4743 5286 5980 5723 5589 4587 4522 5250
3543 3686 3252 4575 2978 3475 3250 3002 4290 3696 3804 4712 4013 4578 4045 3923 3211 3327 4218 3858 4102 4603 4658 2911 4215 4558 4194 4145 3784
7562 7874 6442 6675 7529 6728 6572 7186 8007 7549 6615 8105 6715 7443 6850 6379 8130 6783 7936 7153 6979 7158 6826 7748 8055 6431 6534 7291 7097
6732 7582 7485 8274 6805 7209 7612 6907 7267 6792 7663 6926 7373 7307 6795 8270 8151 7935 7289 7026 7148 7998 7887 7485 7826 7938 7151 7016 7582
6514 6156 6394 7050 6106 6837 6076 6824 5964 6597 5688 6803 6167 6851 6843 6555 5661 6143 6475 7428 6433 6181 5983 6449 6151 6810 7338 6912 6568
5326 5528 4200 5019 4094 5064 4711 5134 5278 5249 4872 5158 4291 4977 4728 4147 5685 5512 4704 4219 5629 5800 5317 5627 4717 4508 5229 5010 4336
5318 5377 4403 4645 4704 4128 4077 5148 4698 5359 5267 5383 5604 4813 4306 5568 4259 4760 5507 4527 4182 4209 5741 4803 5481 5381 4733 4456 4592
2736 2671 3784 3902 2855 4041 3923 2527 3472 3296 3343 3146 2606 2949 3061 3862 3591 3625 2329 3010 2560 2526 2296 3524 3596 2957 2626 3139 3495
3608 3378 3590 3805 2544 2890 2876 2644 3378 2002 3210 2754 3654 2557 2277 2041 3605 3553 2379 2563 2561 3639 3429 3257 2402 3588 3641 3545 2580
8532 8094 8669 8629 8225 8506 7596 8724 7830 8615 7523 8730 7681 7600 7662 8271 8149 8680 7517 7879 8126 8786 8020 8145 8178 7258 7858 7633 7124
2303 2085 2351 1758 2047 3178 1757 3014 2966 1712 2727 2205 1899 1935 2523 1763 2469 1621 1943 3225 3221 2746 2320 1900 1540 2466 1803 1735 2042
5239 3641 4163 4269 3641 4488 5333 4597 5342 4997 5207 3757 3636 5244 4197 4700 4568 4262 4090 3675 3823 4086 5275 5242 3856 3882 4153 3548 4302
2186 4504 5929 5242 5643 2578 5732 6513 8664 2429 3257 4863 5300 4916 3768 3718 7490 6825 4240 2755 6751 5447 2755 5078 2428 3250 5857 7326 6694 5624
1511 3550 5849 4983 5863 1436 6974 6227 8112 3471 2466 4062 4090 5389 3289 5223 6239 6935 3470 3478 5184 5472 1526 4461 2615 2785 6115 7003 8328 5446
2465 4283 5968 4038 6131 2126 5989 6160 7620 2476 2336 5069 4069 5813 3260 4045 6588 5552 3615 2026 6029 5572 1522 3756 1618 3873 6285 5914 7193 5237
1761 4010 6294 4638 5076 1142 5258 5642 7825 1872 3105 4597 4539 5334 2738 3979 7516 5426 4599 2378 6419 5041 2488 4011 3086 3356 6355 5745 7791 4635
1694 3930 6011 4765 6134 1420 6970 5955 8881 2843 1991 4075 4851 6122 3665 3655 6745 5218 3201 1943 5590 5797 2849 5346 3166 3551 5900 7000 7058 5224
1620 4841 5155 3856 5184 1353 5867 6676 7712 3491 2181 4311 4740 4850 4368 4583 6605 6929 4900 3557 5839 6091 2206 3981 1648 2682 5728 5584 8198 5017
1396 3746 6068 3839 4758 2243 6631 6619 7594 2585 3257 4425 4761 4969 3262 4484 6596 5591 4836 3520 6048 4922 1548 5388 1425 3091 5847 5958 6748 4606
2180 5154 5547 5273 4693 2504 5641 6209 8254 2007 3166 3985 4035 5939 3012 4665 6173 5945 4723 2949 6375 5959 2523 4922 3217 3663 5982 6839 6695 4170
2515 3988 6244 4866 5232 2533 6844 5218 8056 2322 3307 3974 5080 4944 4271 5110 6611 5200 4897 3339 5809 5540 1746 4714 3172 2343 7021 5567 7358 4806
2261 4336 5907 4109 5491 2580 6676 6653 8553 2318 2929 3614 5119 6154 2917 3818 6202 5550 4679 2451 6862 6326 2156 5208 2111 2124 7008 6654 6686 4924
2804 3726 4629 4187 5362 2569 5428 6173 7514 1867 2847 5175 5335 6163 3554 4175 6008 6459 4104 2287 6024 6476 2868 5121 2745 3060 6243 5716 6891 5104
1701 4930 5746 4992 6189 2838 5296 5444 8387 3448 2429 4464 4950 6015 3339 3873 6920 5506 3213 2019 5442 5116 2233 4099 2545 3265 6179 7077 8027 4656
2836 3937 5225 4205 6322 2328 5943 5139 8082 2852 1953 3646 4235 6153 4173 4240 6283 6693 3780 3327 6795 6281 2422 3647 2799 3837 6157 7056 6742 5921
2065 4246 5528 4619 5896 2457 5512 6098 7991 3359 2942 3849 4251 6021 4131 3813 7492 6782 4538 3346 5905 5632 1690 4875 1704 2638 6704 7219 7588 5735
2214 4042 5054 3857 6294 1941 5348 5841 8642 2524 2656 4449 4688 5507 3005 4886 7289 5992 3161 2157 5530 5505 1679 4136 2547 3232 6182 6291 7010 5591
1372 4884 5884 4002 6051 2506 5324 5641 7253 3538 3281 4549 4373 5549 3785 4032 6760 6785 3629 2150 5945 5369 2678 4651 3105 2787 5713 7208 7111 5875
2648 4850 4849 3769 4631 2056 6554 5659 7538 2624 3263 4418 5284 6422 4392 5304 7198 6824 3901 2663 6598 5967 3131 5136 1434 3659 6839 6755 7958 5829
2605 4056 5389 3768 6415 2408 6442 5177 7818 2993 1982 3817 4856 4962 3524 5259 6019 5938 4892 1857 6623 5171 3130 5023 3106 3587 6255 7306 7458 5664
1412 3865 6343 5014 6313 1437 6255 5377 7400 1968 3073 3802 4941 6419 2882 4216 6684 5148 4833 2769 5448 5757 2981 3804 2016 3329 6020 6523 7204 5086
2710 4627 5590 4996 5685 2054 6509 5491 8968 2334 3294 4946 4271 5351 3317 5355 6318 6106 3313 2384 5681 6104 3016 5112 2851 2704 6995 7154 6599 4482
2601 4685 5291 4799 5703 1373 5281 5583 8317 2173 2714 5299 5122 5702 3309 5304 7397 5548 4589 3097 6413 5820 2052 3834 2404 2114 6117 6011 7538 4975
2409 5118 4619 4250 5191 2312 6978 6842 8246 3016 3213 3742 4054 6236 2743 4004 6358 5685 3208 3564 5771 6438 2021 4789 2856 2376 6631 6258 7535 5110
1294 4294 6341 4277 5499 1201 5966 5304 8181 2630 2760 5312 4372 5559 2797 4311 6598 5378 3583 2838 5145 6360 2637 4150 3224 2225 6847 7252 6657 5920
2246 4646 5342 5155 4949 2597 6335 6734 8691 3477 2103 3758 4485 6483 3819 4237 7416 5450 3311 1946 5318 6192 3201 4349 2713 3675 6599 7105 7881 5107
2726 4049 5092 3631 5918 1980 6185 6610 8375 2809 2643 4777 5331 5050 3064 4689 7196 5473 3247 2540 6869 6571 1694 4699 2388 2613 6810 6059 7987 5736
1873 4883 5304 4903 5184 1384 6961 6347 8175 2805 3160 4860 4468 5224 4039 3599 6044 5708 4925 2311 6250 5384 2245 4585 2585 3529 6258 5560 6980 4401
1773 3386 5809 4365 5942 1221 6690 6118 8701 3008 2016 3824 5648 5406 2842 3708 6904 5702 4292 2712 6185 6611 2426 4415 1879 3154 6340 6654 7466 4504
2202 4558 4741 4768 6369 2006 5324 5963 8931 2126 2141 3826 4129 5687 3814 3904 5971 6124 3637 2630 6326 5779 1577 4371 2578 2133 7142 6255 7588 4947
2396 4553 4932 3725 5030 1777 5342 6422 7721 2331 2344 4019 5750 4959 3597 3913 6811 6885 3353 3370 6576 6349 2992 3669 2403 2492 6899 6864 7271 5793
0 4 25 18 101100 1
26 8 23 21 48055 1
18 23 7 8 66901 1
26 19 15 3 69987 1
12 3 1 26 71524 1
27 8 15 23 77271 1
2 24 9 13 56049 1
26 28 1 14 94710 1
29 1 10 12 69543 1
21 23 11 15 49499 1
25 2 23 17 61281 1
18 10 29 10 29461 1
28 19 13 20 44640 1
9 21 19 6 71928 1
29 13 12 4 57626 1
4 29 29 24 82603 1
7 27 5 4 75859 1
20 5 15 14 49111 1
28 13 15 14 46262 1
24 13 0 6 87736 1
13 28 7 18 45572 1
1 18 28 23 74000 1
18 20 27 2 74888 1
14 13 8 25 48431 1
24 29 8 28 84107 1
7 20 25 2 88471 1
23 21 12 0 87328 1
4 8 28 17 90191 1
15 19 1 3 70004 1
21 3 12 11 48794 1
20 29 17 4 106539 1
22 28 23 6 97424 1
29 15 13 4 62116 1
11 15 8 3 45180 1
29 23 0 23 74763 1
3 29 11 17 47964 1
9 4 27 7 55027 1
21 29 17 15 74639 1
24 9 8 24 78994 1
17 21 0 15 60048 1
26 4 10 14 59776 1
2 28 22 20 81240 1
0 27 14 29 65486 1
22 10 2 20 83121 1
9 13 18 20 49135 1
1 14 11 16 40751 1
3 15 21 25 68475 1
14 6 9 25 63775 1
13 21 16 4 59120 1
19 23 24 1 88151 1
5 8 19 13 57803 1
21 19 14 1 76227 1
22 20 5 11 81381 1
14 21 24 1 93066 1
25 12 6 9 59036 1
13 4 19 9 32176 1
25 5 2 28 105990 1
1 8 15 14 53544 1
6 27 1 8 61155 1
2 1 17 24 88051 1
28 15 8 10 65995 1
15 27 26 27 49523 1
23 24 6 20 56238 1
10 13 18 23 50593 1
9 16 5 0 67628 1
7 28 16 26 43360 1
20 8 18 18 50483 1
14 26 2 15 59012 1
0 6 26 18 95157 1
4 18 10 7 55854 1
0 20 19 15 70104 1
3 28 25 15 90870 1
26 7 8 0 56151 1
11 24 8 4 63871 1
19 22 25 7 60524 1
12 25 8 12 50343 1
24 1 21 18 74052 1
29 24 10 29 64048 1
13 11 2 8 41566 1
12 12 24 24 57787 1
0 19 11 0 61974 1
7 19 21 5 65863 1
29 24 8 9 85817 1
2 6 15 19 67810 1
0 1 28 0 63107 1
1 8 27 5 57910 1
12 26 12 4 53818 1
5 11 1 23 39368 1
9 1 21 3 48067 1
13 22 29 5 77116 1
8 6 23 6 44360 1
5 21 24 20 60605 1
24 4 12 22 71030 1
13 18 12 0 48130 1
11 25 26 12 72786 1
16 15 4 21 59034 1
19 4 27 8 32990 1
7 16 1 29 47962 1
26 17 17 27 62178 1
11 7 3 12 31368 1
21 28 17 0 117984 1
6 25 28 6 100357 1
11 25 24 18 54984 1
11 24 27 13 71376 1
24 3 1 22 93198 1
0 13 15 11 53748 1
5 17 12 3 61997 1
13 15 4 7 52078 1
11 15 2 2 57029 1
17 21 5 13 65171 1
28 2 27 16 37806 1
27 15 14 16 54400 1
13 29 16 16 55947 1
14 14 1 25 55159 1
4 29 27 3 121315 1
20 12 28 16 43900 1
26 14 17 24 51574 1
5 13 8 1 56192 1
4 20 7 1 64206 1
18 24 12 14 37308 1
8 24 15 19 31075 1
18 5 6 26 84859 1
16 13 10 17 37726 1
14 14 1 26 57531 1
13 24 1 16 44065 1
3 24 27 16 86183 1
18 28 3 21 62323 1
29 4 2 26 109911 1
17 27 19 12 72282 1
6 3 9 12 48704 1
20 24 4 22 41965 1
0 17 9 1 64468 1
29 19 25 5 39693 1
24 5 13 5 22342 1
27 1 10 9 59150 1
19 8 6 15 60961 1
15 8 24 22 74384 1
2 3 14 8 44360 1
20 0 2 12 67427 1
2 29 24 20 82984 1
13 11 3 14 40907 1
19 23 1 27 52422 1
10 11 19 15 46107 1
11 10 1 1 42444 1
16 22 2 29 52424 1
6 3 27 19 90955 1
27 16 9 18 66099 1
11 22 14 12 32758 1
24 18 11 17 43660 1
6 3 24 16 94243 1
1 7 7 29 68851 1
25 16 17 28 68183 1
9 13 21 18 58536 1
1 25 23 19 66066 1
12 5 3 21 56969 1
24 19 2 16 70568 1
11 9 9 0 28533 1
13 24 26 3 83112 1
14 14 24 9 49245 1
20 6 26 14 43540 1
19 22 11 10 48676 1
6 0 16 6 39597 1
15 28 9 9 68000 1
2 19 11 12 42859 1
22 16 3 5 91156 1
19 5 10 28 81188 1
4 19 24 9 78814 1
24 5 6 27 100606 1
9 22 2 25 24759 1
27 29 27 12 46227 1
5 28 5 10 65141 1
15 2 11 13 42711 1
1 7 16 16 68129 1
14 29 13 19 40359 1
5 6 20 23 91867 1
11 8 24 20 66117 1
5 10 18 18 61502 1
24 26 10 24 44691 1
28 13 5 26 91190 1
21 6 23 23 77122 1
11 15 11 4 29725 1
13 29 14 2 82633 1
14 5 8 29 81901 1
20 2 22 21 91710 1
26 11 20 28 75836 1
12 29 5 15 62442 1
3 20 21 10 73879 1
2 24 21 12 90121 1
3 5 10 0 25639 1
12 23 9 8 46778 1
26 12 1 11 76896 1
12 23 20 3 71028 1
23 5 9 15 58925 1
11 18 18 26 41318 1
2 25 7 19 30212 1
0 20 5 2 58150 1
6 5 29 3 54058 1
6 25 15 6 76945 1
6 5 24 23 93300 1
28 9 9 18 75062 1
14 10 11 21 32293 1
22 24 28 13 41033 1
22 22 7 13 64845 1
6 26 27 2 113321 1
13 1 24 2 38930 1
16 5 1 13 47997 1
29 19 16 8 60993 1
17 27 5 17 71817 1
7 8 16 3 42996 1
15 10 2 28 79198 1
25 28 6 1 123470 1
24 12 25 28 53588 1
10 1 22 22 83225 1
6 25 13 22 26684 1
11 3 23 1 39568 1
5 23 19 22 37545 1
13 19 2 23 37459 1
6 2 29 19 97597 1
10 23 2 5 62051 1
6 3 21 20 90384 1
23 28 0 29 88973 1
21 26 8 9 78570 1
7 25 27 5 92082 1
9 15 18 7 54630 1
20 14 27 27 62222 1
27 0 21 8 47175 1
10 19 20 25 39321 1
0 12 20 27 92949 1
11 23 29 27 57086 1
6 25 9 18 38215 1
13 17 17 5 47687 1
3 3 17 5 35303 1
8 28 17 19 56539 1
16 6 0 19 67934 1
22 15 9 18 60320 1
8 28 17 21 53007 1
18 1 6 16 86159 1
11 28 10 19 25401 1
7 4 9 22 63383 1
9 26 7 5 75499 1
10 26 3 10 61309 1
25 3 11 4 38660 1
4 28 13 17 62724 1
25 2 8 9 56921 1
19 11 3 29 90039 1
27 4 8 26 102503 1
29 14 18 14 36223 1
22 21 10 1 89406 1
5 26 27 15 89189 1
25 3 21 26 85675 1
0 16 5 11 33282 1
9 22 28 0 90003 1
2 5 26 16 79625 1
19 25 3 7 82633 1
16 28 19 2 99373 1
29 9 4 5 62547 1
13 1 19 14 63182 1
29 23 16 9 67254 1
26 6 4 21 92934 1
16 18 8 12 47435 1
15 6 6 17 68532 1
2 19 21 11 80428 1
29 9 3 26 101951 1
7 14 24 28 88296 1
25 15 11 10 53411 1
0 23 6 18 31026 1
26 29 26 2 77327 1
12 0 5 20 73178 1
5 24 14 26 29099 1
20 12 25 25 62899 1
1 16 11 18 35492 1
1 21 7 8 47540 1
8 24 1 18 30145 1
13 11 1 10 36853 1
24 7 24 17 43936 1
26 9 8 13 67900 1
11 17 25 26 57030 1
25 15 19 4 46859 1
19 0 23 26 96654 1
23 5 8 11 52824 1
27 22 2 20 67924 1
21 22 23 13 45977 1
25 16 18 5 49180 1
13 13 25 22 58783 1
9 20 24 9 70392 1
11 23 24 8 73606 1
20 7 27 19 59901 1
14 20 6 14 42314 1
29 13 12 27 78051 1
20 13 23 25 62419 1
4 12 12 21 50906 1
5 8 1 14 27370 1
23 4 15 17 71810 1
1 21 11 22 23502 1
13 9 1 20 55302 1
0 3 18 3 55664 1
21 12 15 25 71278 1
24 4 6 0 55301 1
15 19 10 5 48493 1
6 24 15 15 49093 1
19 6 5 20 79013 1
24 29 10 7 103079 1
7 8 25 21 79695 1
9 16 16 29 64388 1
29 0 28 14 34333 1
3 25 1 15 25215 1
1 15 19 17 63247 1
27 5 25 22 49158 1
19 11 3 20 71675 1
9 28 0 15 65701 1
15 5 6 15 54536 1
13 4 29 17 69320 1
19 22 5 0 86914 1
27 9 1 26 102298 1
5 20 1 12 31295 1
3 16 21 27 80578 1
17 3 26 21 72858 1
10 17 23 5 63058 1
29 26 15 26 48618 1
22 8 14 19 63279 1
25 3 23 20 58977 1
21 28 11 13 76725 1
7 21 4 10 43041 1
15 28 14 1 89583 1
3 25 7 18 30900 1
1 23 21 25 55134 1
22 22 1 12 71580 1
19 14 9 29 74885 1
20 3 15 26 89059 1
24 14 8 24 74807 1
21 9 0 28 96501 1
11 26 20 18 45115 1
26 16 10 25 65317 1
21 28 13 16 72837 1
20 19 15 27 46650 1
27 16 0 7 96188 1
26 10 10 1 58595 1
22 4 15 21 79461 1
15 2 18 14 59374 1
24 0 7 18 90595 1
8 14 2 27 56405 1
23 8 2 0 70449 1
14 14 25 15 39698 1
12 21 7 1 67389 1
27 27 9 25 62908 1
1 0 7 23 62652 1
9 22 21 5 66758 1
19 20 11 26 38333 1
16 0 17 27 97312 1
1 21 12 0 66520 1
9 29 16 6 85980 1
6 8 26 23 89810 1
10 10 17 5 29684 1
12 20 26 12 59310 1
4 15 5 26 42325 1
8 19 13 24 24280 1
14 9 11 20 33514 1
3 7 2 29 60154 1
2 4 16 20 77943 1
26 14 6 7 80068 1
11 14 24 11 51025 1
15 24 20 4 76776 1
18 8 3 3 52574 1
28 4 4 23 99429 1
11 29 28 23 58441 1
1 0 24 5 57661 1
1 0 10 6 33766 1
23 26 23 1 92794 1
14 9 0 24 66183 1
20 2 25 7 35876 1
6 23 0 29 34549 1
25 3 1 12 69471 1
9 22 11 4 51349 1
22 18 13 14 47335 1
14 2 6 6 38466 1
11 0 16 13 54138 1
6 15 13 29 63780 1
21 3 17 24 90000 1
11 27 0 15 53509 1
7 12 11 25 51225 1
10 26 3 29 35801 1
7 28 4 18 45113 1
12 2 7 9 29067 1
22 14 4 10 67565 1
27 24 17 23 32121 1
5 4 19 22 82248 1
15 22 29 2 84781 1
9 15 6 4 54292 1
9 28 9 9 67504 1
3 14 5 24 32560 1
9 1 15 20 69867 1
22 19 28 9 35774 1
25 16 24 27 38699 1
21 7 6 27 103163 1
6 23 22 13 79200 1
20 25 4 3 98095 1
8 16 25 28 84083 1
21 9 6 9 38912 1
10 13 26 26 76573 1
23 15 12 2 73433 1
8 7 5 17 54698 1
13 16 3 18 39866 1
11 12 25 4 49658 1
26 9 0 26 106135 1
22 6 24 25 75319 1
5 15 8 23 42191 1
19 10 4 24 71989 1
20 29 8 21 60463 1
8 16 7 1 65818 1
8 3 9 23 73947 1
20 25 13 29 42032 1
1 4 14 4 35225 1
10 5 4 10 28205 1
2 4 14 18 68005 1
23 20 20 1 82855 1
21 17 5 17 68075 1
5 1 22 10 75341 1
4 28 11 12 67899 1
4 11 17 14 59259 1
2 28 27 20 90788 1
3 25 23 25 55351 1
22 27 10 29 63425 1
27 12 17 9 37819 1
2 26 26 13 96487 1
7 16 17 22 43013 1
15 22 20 17 37910 1
23 19 12 23 39240 1
14 15 18 28 64108 1
20 21 14 29 51301 1
3 6 22 19 80305 1
22 8 8 6 57832 1
28 20 5 25 70389 1
17 24 13 0 73425 1
20 10 1 27 83317 1
12 21 21 19 28442 1
29 13 27 5 26423 1
29 3 9 24 92122 1
0 3 13 9 46007 1
29 4 1 23 97309 1
25 16 3 29 89237 1
23 9 8 4 56574 1
21 24 6 1 100081 1
21 28 22 18 62910 1
10 19 2 13 41015 1
24 17 23 27 43807 1
11 25 2 8 68292 1
5 16 17 14 54419 1
10 16 20 24 45477 1
26 29 19 1 94780 1
6 22 12 18 22735 1
21 13 13 15 38575 1
5 20 23 2 95791 1
19 8 16 24 69236 1
26 8 8 21 86338 1
19 14 9 22 50773 1
9 13 11 25 42372 1
24 17 2 24 77669 1
6 18 23 25 63421 1
14 24 4 24 24532 1
25 28 22 12 62445 1
27 15 12 22 58025 1
14 16 20 1 71793 1
9 0 27 10 63676 1
29 15 2 3 87143 1
23 4 11 27 82317 1
8 28 3 14 57609 1
19 10 9 21 59350 1
29 9 3 3 68522 1
27 6 29 23 49039 1
22 23 29 20 30664 1
22 0 23 13 58540 1
23 23 19 6 76815 1
4 13 27 18 88462 1
19 28 24 20 45999 1
12 19 26 22 41975 1
21 13 9 14 49635 1
6 10 29 3 66681 1
18 25 2 15 67194 1
28 27 5 27 78226 1
18 11 24 20 54185 1
27 15 29 28 39927 1
15 26 1 28 50693 1
10 14 17 9 33098 1
14 15 15 5 39770 1
11 15 24 24 53866 1
7 16 6 29 53365 1
19 4 3 1 47361 1
2 4 6 24 61181 1
25 25 21 3 82308 1
27 17 6 25 78635 1
5 26 9 13 63555 1
15 9 28 9 35501 1
24 19 5 27 75998 1
27 8 11 23 84001 1
3 29 2 11 49774 1
14 24 12 2 57763 1
17 3 10 19 60739 1
20 25 1 27 56430 1
0 28 13 28 59272 1
16 1 13 20 68856 1
15 13 3 9 45900 1
19 19 12 1 62563 1
4 16 9 26 55685 1
20 20 6 1 94249 1
1 20 28 11 91408 1
10 6 5 20 62991 1
3 24 25 7 99243 1
7 7 26 18 82759 1
29 9 20 14 39136 1
14 26 7 12 60908 1
24 15 9 5 71310 1
5 22 17 17 48101 1
20 10 6 14 51984 1
24 6 18 26 89986 1
21 26 2 28 74022 1
23 19 25 29 34215 1
24 16 1 26 84910 1
21 11 22 28 87896 1
22 6 16 11 43426 1
28 8 4 4 64662 1
22 26 7 9 81825 1
12 25 9 2 70962 1
26 4 5 12 71539 1
23 29 20 11 88629 1
7 9 2 29 65496 1
15 24 3 23 33475 1
21 19 16 27 46576 1
1 0 19 18 89734 1
21 1 13 17 75335 1
19 21 12 25 29954 1
15 7 7 29 85722 1
20 23 3 14 68020 1
2 27 19 18 69225 1
12 0 29 14 69321 1
26 19 14 14 49904 1
26 9 8 26 93902 1
16 23 11 11 42278 1
16 10 25 29 83286 1
13 11 28 25 73329 1
1 1 29 3 69067 1
25 8 16 10 31612 1
14 28 25 24 45519 1
6 5 17 15 62531 1
17 20 20 12 43263 1
23 2 14 9 46075 1
12 13 5 0 48905 1
10 11 10 0 37501 1
8 2 0 17 59879 1
17 20 15 3 70537 1
16 18 27 12 53848 1
1 11 15 25 64310 1
22 26 10 19 50621 1
10 14 24 0 68680 1
2 9 15 29 88989 1
11 5 24 14 61855 1
18 0 23 13 63186 1
5 9 0 20 38809 1
11 3 12 18 38824 1
0 28 16 15 75113 1
10 13 7 1 53321 1
15 25 24 11 74670 1
24 6 7 15 72124 1
29 17 9 20 65492 1
27 12 23 24 43837 1
19 29 11 8 78771 1
24 22 14 25 36057 1
27 15 0 3 91241 1
19 20 7 15 50413 1
13 15 27 13 55693 1
3 19 23 2 87256 1
25 27 5 28 80367 1
4 17 21 3 84853 1
23 26 3 6 98088 1
20 7 1 16 73201 1
17 21 9 29 48163 1
16 27 27 3 98138 1
22 6 25 18 56057 1
5 17 18 10 65286 1
16 16 21 1 79774 1
5 25 19 24 38279 1
25 20 13 3 80518 1
11 20 10 6 42481 1
8 25 17 15 56448 1
20 29 28 4 94397 1
2 12 15 13 54436 1
28 9 2 25 100585 1
17 8 29 7 48654 1
22 1 2 21 101378 1
23 8 14 6 35931 1
2 25 18 7 90735 1
26 18 11 17 45383 1
27 17 0 26 91648 1
22 6 0 19 81973 1
3 3 28 18 85045 1
26 25 5 16 85217 1
4 27 1 12 44234 1
24 26 1 23 68791 1
27 13 24 22 33919 1
29 14 14 20 53879 1
14 18 24 2 78020 1
26 9 8 11 58670 1
16 16 24 5 65508 1
9 11 22 1 69233 1
19 18 29 8 56710 1
1 18 7 26 34457 1
25 26 11 13 68466 1
22 9 0 16 78612 1
22 2 6 24 101567 1
7 15 4 0 52115 1
0 1 8 5 25266 1
11 12 7 0 41447 1
20 14 27 19 36338 1
0 12 25 8 78505 1
26 9 19 29 80177 1
13 4 26 27 93467 1
25 19 5 11 81277 1
4 14 16 11 51885 1
18 14 10 23 51231 1
1 24 3 6 45327 1
4 8 7 23 54345 1
19 28 10 9 74071 1
4 27 16 6 92292 1
5 10 18 10 36193 1
25 7 3 7 57083 1
28 16 28 0 36223 1
15 1 3 21 79230 1
3 11 15 10 35344 1
9 8 8 24 58062 1
26 4 16 23 81109 1
19 21 8 27 51749 1
12 3 5 0 23140 1
27 3 6 11 72344 1
22 14 18 0 63635 1
26 16 19 10 36380 1
16 29 17 5 89489 1
11 16 7 29 48154 1
25 27 28 9 50148 1
12 27 24 2 93144 1
0 5 26 26 108674 1
23 23 15 29 50567 1
24 12 21 24 52451 1
14 0 27 1 33104 1
3 6 8 29 77168 1
13 1 25 16 76849 1
29 14 10 2 72012 1
29 14 24 1 46862 1
3 18 24 11 82969 1
0 12 18 29 96720 1
29 0 29 16 45430 1
26 16 8 9 67552 1
5 18 12 8 52189 1
5 2 12 25 81966 1
8 12 28 29 95089 1
2 16 27 15 90705 1
5 9 16 0 48246 1
16 25 4 22 36278 1
3 6 14 18 58331 1
29 21 15 22 39867 1
29 14 2 13 92880 1
16 7 12 13 33740 1
23 26 18 15 57169 1
27 1 4 5 62100 1
5 25 24 7 99835 1
19 24 2 10 72716 1
28 8 5 4 62093 1
4 10 11 20 44714 1
25 14 14 11 47574 1
24 22 8 28 66136 1
22 7 16 27 98172 1
8 22 29 4 86623 1
9 2 3 11 44017 1
26 25 10 23 48085 1
25 6 23 15 36869 1
27 3 7 29 116449 1
19 7 0 21 84414 1
19 23 1 24 46970 1
2 10 26 3 67226 1
5 7 20 7 56289 1
18 7 21 0 34578 1
2 26 3 4 57146 1
23 13 15 25 70437 1
21 25 6 7 87466 1
6 1 25 4 61346 1
0 9 26 29 111165 1
26 21 22 11 45566 1
4 0 21 4 54606 1
6 5 29 28 106467 1
11 26 7 3 73211 1
4 6 12 26 74433 1
24 17 13 2 84477 1
25 17 8 7 82741 1
3 15 29 23 83026 1
6 4 23 10 66076 1
19 26 18 15 47800 1
21 25 7 5 84696 1
7 21 1 3 56505 1
0 12 11 9 36045 1
4 4 24 23 103485 1
4 18 29 26 85452 1
1 13 11 20 42695 1
20 1 11 21 74769 1
12 14 5 8 36321 1
11 3 5 17 59460 1
14 28 29 14 79889 1
22 22 0 22 51220 1
12 21 12 3 43357 1
16 25 2 5 79685 1
15 5 9 24 60057 1
19 10 4 17 66227 1
12 13 1 22 43248 1
27 5 0 22 91189 1
20 29 9 13 81908 1
1 2 15 5 35534 1
6 15 4 25 41690 1
23 2 13 15 64617 1
11 16 27 10 59992 1
5 20 13 22 28628 1
20 13 10 25 67201 1
17 17 25 24 48832 1
6 18 14 22 32914 1
13 8 27 5 42383 1
13 27 18 13 66470 1
1 24 14 7 71319 1
14 5 5 21 67302 1
11 11 28 28 79678 1
13 5 21 3 30153 1
16 21 6 4 76117 1
15 5 29 20 63292 1
10 16 5 7 52903 1
7 3 7 28 85742 1
2 15 13 22 44924 1
3 26 26 4 100297 1
2 7 23 8 65611 1
15 9 19 15 35971 1
25 10 22 25 54471 1
5 14 14 2 62844 1
29 9 21 12 34562 1
5 25 18 12 76283 1
29 15 19 24 48599 1
12 0 13 24 61799 1
10 15 9 24 31159 1
13 7 11 22 43835 1
14 5 8 21 59826 1
4 11 11 16 43630 1
5 29 10 1 98886 1
25 6 22 13 37844 1
28 0 0 21 104361 1
14 26 8 2 84125 1
1 14 11 2 46772 1
2 10 8 29 69938 1
17 14 5 16 54419 1
19 10 3 3 56283 1
7 21 10 13 40018 1
7 7 19 27 84781 1
12 18 13 2 43835 1
25 24 23 5 61354 1
23 21 4 23 58417 1
13 20 5 3 70846 1
20 23 7 28 52843 1
5 12 10 3 47018 1
4 1 23 18 102372 1
26 4 18 13 51038 1
12 2 18 21 67611 1
24 9 1 29 101941 1
10 21 14 10 38769 1
23 28 27 1 89314 1
5 2 3 20 54442 1
0 26 20 18 69758 1
25 5 6 15 74460 1
24 4 29 16 43785 1
18 13 0 5 70515 1
8 4 26 16 75588 1
9 12 2 29 75374 1
1 15 15 26 58542 1
0 4 24 2 69430 1
25 4 18 20 70996 1
27 17 15 3 67666 1
22 29 19 15 70274 1
17 6 10 23 69555 1
12 23 10 11 36199 1
18 19 28 23 35802 1
16 21 2 24 42328 1
17 23 1 6 76279 1
3 18 18 10 60545 1
15 1 29 15 69800 1
28 10 6 26 96364 1
22 12 7 15 68951 1
27 3 23 11 37282 1
29 2 16 24 86246 1
24 0 27 27 76306 1
7 4 24 21 92350 1
26 20 5 10 80766 1
25 15 18 19 32545 1
29 15 14 16 59216 1
2 23 14 26 42417 1
15 26 25 26 36385 1
22 3 7 24 93748 1
19 27 11 3 83152 1
3 27 20 11 89930 1
5 17 13 3 66202 1
21 28 29 14 70678 1
23 4 13 22 70245 1
17 6 7 22 70484 1
2 24 25 28 70088 1
16 19 2 4 73645 1
2 9 24 17 90855 1
23 21 10 1 91027 1
18 17 29 15 48424 1
26 13 29 0 39342 1
20 14 24 5 47015 1
13 22 22 8 66426 1
2 22 8 6 56888 1
6 29 4 1 87704 1
15 26 26 14 65249 1
18 23 5 8 74676 1
28 10 2 23 94306 1
5 2 27 19 98275 1
26 23 21 14 42509 1
3 11 21 28 98937 1
7 13 3 25 46845 1
9 14 16 23 41093 1
18 27 17 0 100729 1
18 21 5 7 79502 1
1 3 10 25 70301 1
19 10 5 21 68547 1
8 27 1 10 62716 1
26 25 7 24 51924 1
0 2 9 20 70834 1
3 25 7 6 58106 1
7 16 23 0 84546 1
0 1 11 8 40550 1
17 14 11 25 47806 1
10 3 25 26 97251 1
28 13 6 7 77362 1
8 27 7 1 95832 1
12 0 8 13 53051 1
0 10 27 21 98913 1
2 26 16 16 68669 1
17 0 2 21 83127 1
21 25 26 16 40183 1
10 27 17 11 66464 1
28 17 19 9 40924 1
2 5 17 16 75151 1
6 23 13 19 29474 1
16 27 24 5 93670 1
26 10 12 9 41104 1
17 29 3 29 72093 1
16 21 9 27 40571 1
27 1 12 11 60373 1
21 3 7 8 57071 1
15 27 26 15 68309 1
7 21 25 27 61773 1
11 4 13 24 53980 1
6 19 21 20 47341 1
26 27 19 22 32657 1
11 11 29 29 87513 1
23 3 15 6 28761 1
5 23 21 7 88002 1
29 18 27 28 33840 1
29 29 2 8 120014 1
7 16 15 3 62895 1
27 11 9 26 90650 1
15 11 18 29 81927 1
16 25 12 8 51996 1
0 10 3 21 33354 1
29 14 28 28 34872 1
17 23 7 1 87769 1
4 25 28 17 80729 1
4 22 26 23 56135 1
22 3 1 23 94658 1
7 3 14 9 38719 1
10 29 14 21 33341 1
13 7 8 28 77815 1
8 7 20 23 80323 1
7 19 3 1 54154 1
21 25 29 7 67724 1
9 22 5 10 47234 1
16 20 11 28 35971 1
16 28 12 6 71587 1
24 20 12 13 49525 1
21 3 1 27 101047 1
18 25 1 12 71472 1
13 21 18 29 49946 1
24 28 2 18 86618 1
20 10 3 23 73958 1
9 2 14 17 63292 1
8 24 5 14 45253 1
3 10 25 9 61639 1
16 1 13 12 48732 1
29 16 4 9 86005 1
11 14 18 22 36408 1
4 13 1 20 27446 1
17 23 5 9 66371 1
13 11 29 23 73558 1
3 17 12 20 31662 1
29 3 13 1 47273 1
13 14 8 5 38008 1
3 27 10 7 74369 1
19 26 0 4 98122 1
14 12 19 26 60998 1
9 21 27 13 77829 1
3 23 26 6 93285 1
4 25 15 4 81790 1
24 22 10 21 41265 1
2 10 12 27 64797 1
19 25 29 0 84127 1
14 20 29 13 57176 1
7 4 27 29 108205 1
22 26 17 17 56898 1
7 9 20 7 44603 1
23 6 14 13 55752 1
29 6 20 9 35123 1
14 13 7 10 33256 1
0 17 17 21 58809 1
12 9 0 8 35816 1
7 10 19 5 39766 1
21 26 8 7 90798 1
16 8 22 1 49353 1
0 28 17 21 59701 1
5 5 5 19 39571 1
14 1 19 7 33781 1
26 23 6 1 111782 1
3 16 24 24 70504 1
18 24 20 8 72016 1
21 0 12 19 67791 1
17 2 14 16 66314 1
22 7 4 24 95131 1
2 29 8 19 45100 1
28 19 12 12 57647 1
27 15 2 21 86530 1
24 7 14 6 31824 1
27 18 24 7 42352 1
21 23 5 18 63517 1
11 12 0 1 51552 1
23 8 18 22 69070 1
26 2 13 22 82051 1
29 14 2 27 101743 1
28 6 14 26 85365 1
8 1 0 20 65686 1
19 29 11 4 88788 1
1 1 24 6 60080 1
15 11 1 17 58436 1
7 15 14 28 61049 1
4 10 27 6 69676 1
10 14 1 11 38202 1
12 14 24 6 52115 1
22 5 29 17 45422 1
13 27 22 13 80573 1
12 28 28 16 68669 1
5 7 26 18 92807 1
13 12 0 22 52694 1
5 22 22 3 90249 1
15 24 28 25 34679 1
21 20 23 10 51172 1
26 12 29 23 38367 1
29 24 10 1 95559 1
25 11 10 1 64023 1
21 24 21 4 82853 1
20 24 10 23 29513 1
24 6 27 19 45061 1
29 23 3 16 80040 1
17 22 21 15 44012 1
12 5 5 20 60405 1
27 3 24 11 35574 1
29 3 19 22 69303 1
17 8 3 18 66540 1
17 15 26 1 73686 1
3 9 3 23 34443 1
15 15 12 23 31294 1
21 26 18 14 58709 1
11 24 28 28 50278 1
10 11 21 15 55483 1
5 12 5 26 54543 1
21 28 26 4 94245 1
22 27 24 1 100013 1
8 29 27 20 82422 1
24 13 24 28 57955 1
5 24 20 12 78230 1
9 14 5 21 44184 1
13 27 12 9 50781 1
18 13 3 2 71782 1
20 16 21 26 54177 1
29 11 21 18 43708 1
25 27 2 8 108325 1
1 6 25 13 77243 1
20 26 13 4 83673 1
29 17 26 27 37026 1
16 0 18 18 76063 1
2 15 10 5 40083 1
2 16 5 7 39996 1
7 1 14 21 77706 1
15 1 16 12 53843 1
7 28 1 2 75273 1
27 29 6 10 103804 1
5 11 3 20 30594 1
19 26 8 9 70372 1
17 0 18 19 73963 1
24 5 6 10 52560 1
10 3 6 27 85794 1
5 9 24 14 71146 1
