1835 1120 5120 6966 5498 5312 5896 4944 6799 6072 6555 5812 5440 5831 6053 4848 5118 5368 5254 5575 6817 5761 5300 4863 5898 4825 5706 5446 4924
5706 5204 4823 6408 4663 6381 6587 4741 6173 5954 5819 5916 5314 6312 5846 6353 5469 5825 6278 6337 5588 5648 6276 6339 5490 5086 5253 6395 6452
2714 1537 2677 1630 2885 2570 1902 2037 1896 2242 1881 1483 2030 2762 3135 3117 2288 1985 2466 2218 2133 2435 3046 2913 3191 2038 1553 1595 3049
3783 4491 3987 4086 4574 3090 3193 4480 2950 3074 3384 4611 4645 5678 4872 5209 5419 4107 3931 4430 4519 4554 4105 4173 4819 4388 4159 5983 3886
5810 5531 4477 4229 4225 5063 4684 4885 4203 3769 5698 5127 4664 4330 4451 5234 5203 5490 5895 4991 6100 5532 4837 5540 4652 6298 6018 5940 4832
2213 2042 2707 3548 2306 3420 1957 2180 3324 3610 3342 3292 3695 3117 1983 2329 2261 3534 2961 3071 3450 3532 3421 3546 3812 3174 3777 2037 2694
4371 5186 4783 5649 4409 6150 6850 7498 5923 7080 5557 6592 6254 6182 5693 6031 5719 6418 6441 5503 6239 6784 7076 6169 7303 7227 5962 6380 5643
6095 7041 5802 7527 7052 7280 6370 6453 5438 7262 5533 6750 5781 6869 6490 6378 6939 7101 7302 6359 6600 7351 7004 7212 6370 4623 3653 3625 5161
2357 2880 2800 3035 3644 1701 2262 2109 2667 3457 2971 1562 2796 1920 1717 2316 2071 3216 2370 4043 4943 4878 4831 4263 3676 3538 4109 4104 4145
3494 3531 3997 3541 3613 3870 4089 3600 3049 2911 3782 2495 2483 2407 3943 3523 4005 4290 3414 4147 5220 3687 4322 3629 4504 4545 3358 5368 4431
8763 8589 6826 7966 8756 7720 6957 8225 8027 8746 7270 8188 7272 7979 8210 8424 8387 7283 7153 5598 6204 6352 6263 7170 6565 6157 6561 6950 6343
3730 6611 6344 6450 6399 7116 5358 6879 6811 5114 5836 5383 6724 6658 6381 5141 6699 5266 5374 6337 5190 6815 5101 6278 6326 5646 5057 6231 5983
7379 6631 7766 8291 6495 7479 6609 7349 8136 7600 7212 8412 7405 6513 8434 7679 8417 8069 8049 8372 8567 6956 7171 6831 7192 7039 8656 6995 8567
3872 3934 4712 5158 4169 4660 3776 5035 5153 4665 3269 4573 2720 3927 2934 3302 3378 3200 4226 4144 3557 4335 2854 4125 3268 3689 2981 2652 3896
4673 4902 4673 5812 4827 5650 5430 6279 4598 5206 5030 5691 5610 5399 4405 5913 5231 4651 5814 4471 6435 6000 5518 5484 7600 7577 7661 6930 8079
7605 7725 8260 2769 3512 4060 1996 3992 3432 3256 2318 3393 2773 2552 4087 2773 3685 2143 2399 2742 2952 2615 3263 2537 4052 2343 3846 3654 2621
8130 6855 7863 7632 5587 6346 6288 6650 7363 6003 5830 6302 7287 5595 5668 7059 6324 5923 7026 5739 6678 7012 6662 5711 7653 7216 6214 6343 6864
6508 6448 6418 6410 6820 4956 4975 6452 5282 5480 6151 4883 4312 5057 4406 4287 5381 5861 6272 4662 5406 4283 5044 5429 5582 5696 4601 6162 6133
5810 4938 6075 5770 5490 4538 5253 5993 5718 6477 4531 6101 5870 6080 5373 5348 5050 5017 4617 5952 5130 1621 2536 1449 3456 1896 2118 1742 3163
4189 2155 3139 3736 3308 3851 2739 3196 4212 2202 2827 3138 3685 2418 4184 3258 4113 3049 3654 5519 5967 4574 6197 4708 4752 4986 5200 5105 5571
4848 3838 5085 3738 4175 3577 3170 4242 3864 3021 5228 5310 5066 4977 4939 5289 5184 6012 6319 6255 5142 6223 5649 6301 6541 5824 5090 6276 5201
6822 8194 7400 8479 6614 7659 7892 8239 6641 6625 8820 8353 7458 6985 7153 7965 7686 7772 8645 8820 7975 8092 8768 7638 6883 8595 2862 3339 3459
5572 6314 5393 6420 4929 6162 5988 6895 5811 7533 6609 6021 7314 6531 6752 5849 7014 7486 7070 6071 7798 6071 5977 7003 6576 7061 6624 6713 7027
5639 5682 5170 4635 6461 5491 6400 6794 6047 5489 6121 6280 5780 6240 5493 5438 6340 4228 3420 3488 5120 3121 4563 4266 4362 4398 4838 3797 4658
8434 7819 7002 6564 7084 8522 8465 7252 8682 7715 8058 8053 7749 7923 7632 6592 7501 6808 8559 7684 6929 6737 7665 8032 6895 8697 6824 7755 7332
6490 6084 6168 6473 7740 6415 7149 5787 7468 7656 6146 7527 7621 7044 7464 7458 6566 5721 7200 7611 6309 4905 6368 4875 6975 4862 5708 4976 5828
6574 7115 7295 7152 6293 7582 8329 6559 7514 8534 7419 7918 6536 8280 8029 7387 7286 8071 8438 7904 8088 7851 7232 8040 7966 8295 8638 7139 6707
5997 7382 6771 5696 7166 6876 5524 6667 6171 7211 2851 1731 3286 3156 3486 2451 2230 1941 1645 2236 3385 2761 2058 3235 2466 3170 3471 2499 3451
3703 3323 4579 4371 4885 4492 4864 3347 5116 4789 4981 4214 5200 3382 4767 3407 4784 4423 5383 4139 3752 4690 3272 3769 5080 6873 6067 6899 7245
3190 1819 6886 7819 7157 6559 6987 7383 8310 8376 7704 7339 6847 8533 6662 8312 8158 7009 7784 6891 6717 7981 7533 7068 6994 7583 7382 6542 7766
4254 3015 5062 6426 7733 4708 8135 6180 4767 5469 6249 7214 4408 6202 5035 6308 6783 4572 7661 6682 4829 4912 4495 7666 2919 6528 6940 7984 4502 5231
4802 2845 3005 6409 7302 5430 6683 5994 3903 5709 6996 6788 4897 6717 4997 5645 5540 3843 7667 7448 3872 6018 4142 7732 4374 8388 7216 7506 4347 3587
5007 2753 3424 5431 6823 5235 6197 7086 4396 7276 6450 8490 3316 5266 3741 4825 4808 3507 7881 6564 4847 6131 3402 7594 3281 6601 6404 8524 3580 4250
5651 4125 4371 4860 7921 5893 7055 7641 4154 7206 7707 6582 4643 5276 3999 5026 6679 3985 6661 6733 3187 5293 5053 7030 3661 6720 6762 8052 3446 4411
4966 2073 3254 6039 8142 4970 7690 7095 3379 5640 7586 7979 6095 6726 4633 4501 5576 4095 7491 8025 4794 5503 3912 7513 3734 7896 5327 8178 4185 4905
6184 2317 4013 6094 7454 6023 6309 5963 3579 6082 7643 7723 6531 5739 4501 5839 6511 3451 7158 6179 4296 6529 4361 8373 3009 6868 6940 6440 4792 3829
4723 3667 3324 5309 8467 4716 7772 7641 3507 5500 6981 7715 5884 1437 3614 7334 5634 2986 6322 7358 4519 6289 3726 6745 2636 8128 6435 6835 2932 4585
4938 2083 3024 6338 8274 4898 7941 7608 3721 6504 7454 7347 5480 2912 3369 8360 6439 3433 8250 7381 3249 4943 2934 6782 2795 6634 5899 5531 3209 4035
5924 3647 4901 5108 8129 4077 7305 7487 4081 6528 6047 6849 6267 3285 4541 8847 5154 3834 7795 6668 4925 5681 4921 8467 4546 6384 6406 5155 4731 3603
4878 4282 4639 6078 8645 5040 8357 6871 4937 7306 6620 7955 4832 1881 5194 8422 5829 2605 7739 8079 3406 7041 3892 7136 3767 7768 5605 4872 4072 4050
5957 4291 3267 6354 7973 4987 7533 5564 4137 6117 6589 6408 4866 1884 3711 8293 6315 3421 6520 7261 5282 7075 4242 6958 4394 7599 7286 4858 4607 4477
5564 3948 3031 4606 6809 5661 6578 6041 4820 6949 5972 6839 4734 1505 3573 7015 5972 3177 6724 7471 6057 5422 3281 7400 3873 7802 5427 5807 3610 4473
4656 2918 3527 5252 6848 5748 7995 6722 3408 5381 7294 7704 5755 3017 3629 8648 5684 3338 6825 7323 5090 5721 3270 8007 4044 7539 5256 5992 3223 4634
5000 2415 2905 5904 7698 3897 7013 7718 4705 6433 7145 8214 6023 2610 4780 8477 4704 3029 5004 6648 4705 5002 4352 7904 2967 8300 7254 6083 4331 4397
5487 2551 4551 6383 7552 5472 7487 5622 3980 6391 5813 8320 6002 2221 4696 7671 6669 7776 5925 7914 6285 4951 4418 7241 3550 6970 7034 5882 4113 4600
4065 2796 3084 6249 7147 5456 6712 6044 3974 5259 6570 8018 5002 1204 4425 6697 6563 7398 5033 7146 6267 6750 3611 8537 3352 6628 6377 5142 3911 4387
5042 2075 3250 5394 7541 5543 8097 6953 3185 6783 5814 8157 5861 1991 5017 6927 5829 6247 5882 6607 5819 7039 4943 6858 8550 6336 7286 5320 3480 3877
6159 2158 3299 5630 7448 5927 8319 6008 4346 6296 6897 6446 6112 3137 4493 8548 6451 7589 4825 7568 4264 6359 4666 6486 7725 7592 6016 5794 3220 4956
4850 4231 3818 6019 7646 3919 7199 5756 4752 6975 6365 8469 5168 2136 3139 6657 4606 7003 5007 7885 4275 7578 3988 7069 7929 6715 6460 5133 4130 2658
5938 3107 2700 6224 8686 4202 7705 5994 3229 7670 6774 7855 4508 2752 4353 8081 5544 7931 5530 5408 5756 6202 4909 8605 8548 8398 7284 6305 3509 3118
6107 3255 3891 4498 8590 5544 6885 6936 5268 6631 7437 8320 5089 3244 4718 8614 6807 7625 6355 5385 6332 6062 4486 7475 6793 7737 7126 6497 4447 2311
4243 2995 3257 5434 7319 4130 7607 6660 4022 6778 6185 7422 4654 3080 3763 7218 5550 6407 5922 5729 4705 7000 3786 7987 7788 8378 5345 5011 4237 2021
5689 3415 3657 4825 8491 4672 8602 7736 5379 8053 7802 6868 6412 1842 3265 8526 6671 7611 4922 4237 4636 6027 3966 8435 8396 6989 5242 6379 4591 2931
5295 3932 4752 4289 7041 5590 7564 7016 3788 7297 1763 6859 6239 1443 5073 6796 5302 6783 5886 4622 4417 8015 3610 7854 7893 8273 7223 6276 4932 2833
5662 4579 4562 6400 7909 4847 7142 7086 3700 6144 3342 7510 6588 2443 3490 8221 4895 7284 6558 4198 4318 7974 3998 7557 7075 8474 6746 5787 4815 3063
4716 4697 3517 6912 8719 5774 7334 6613 3448 6364 1334 7517 5983 2046 3341 7770 4143 7507 6016 4914 5739 7588 4278 8089 7426 7695 7910 5030 4102 2597
5012 4264 2727 8413 8194 5126 8677 6421 5343 7421 3270 3497 5677 2983 3647 6811 4474 7269 4840 3971 4348 7790 2967 7352 8115 6721 7399 5593 3203 3250
5454 5315 3290 8798 8712 4611 8564 6775 4481 8007 2975 4081 6582 1144 3688 8822 5754 8029 5398 4192 6318 7694 5070 8000 8154 7748 8338 6827 2715 2098
4938 3447 3631 7469 4974 4701 8723 7424 4120 6804 2812 3583 6685 2672 2897 7595 5261 6590 4963 4814 5471 8015 4264 8098 8716 5032 6711 5497 4899 3391
27 25 1 24 113398 1
13 21 3 15 55489 1
6 16 27 24 91314 1
11 17 3 0 67816 1
21 6 8 22 85935 1
15 15 10 9 38734 1
22 29 28 6 87274 1
18 19 4 1 93541 1
20 10 12 29 84277 1
28 11 2 24 100479 1
24 5 15 20 78837 1
28 12 22 23 54431 1
10 29 4 3 101664 1
15 15 6 26 71798 1
13 21 23 11 64732 1
19 15 29 15 40520 1
29 26 26 4 98750 1
6 7 15 1 54062 1
29 16 1 13 96738 1
2 0 2 21 47588 1
6 5 24 17 94902 1
27 20 27 1 73069 1
14 9 19 16 36459 1
27 12 5 22 82432 1
25 22 18 6 79567 1
11 21 15 2 84190 1
18 0 14 19 81248 1
12 29 26 17 91220 1
4 28 28 10 113941 1
29 23 13 2 113494 1
28 9 25 16 33342 1
29 25 17 25 66664 1
10 22 28 0 128124 1
20 8 28 19 58227 1
22 5 17 14 49776 1
11 25 19 16 65177 1
9 19 4 9 49229 1
14 27 28 4 114508 1
9 29 28 17 104831 1
15 17 21 0 72937 1
14 21 26 21 61658 1
18 12 13 0 59769 1
17 29 1 14 100826 1
10 10 8 21 41261 1
16 18 27 8 69824 1
3 9 27 16 88540 1
1 21 12 5 83591 1
8 28 21 19 79833 1
15 19 5 12 47825 1
11 29 22 20 72352 1
26 0 21 20 108960 1
18 28 7 12 77044 1
11 21 6 2 71808 1
21 15 16 22 56417 1
22 21 1 1 126773 1
10 21 26 28 83734 1
27 22 10 28 78790 1
18 15 26 22 57021 1
15 14 14 27 45319 1
18 16 28 3 77006 1
3 24 7 2 73398 1
23 0 29 11 74775 1
23 26 29 5 93885 1
11 13 27 15 44296 1
13 16 22 19 57249 1
25 15 9 14 53305 1
5 7 16 3 62067 1
10 3 22 15 83101 1
17 4 23 25 108871 1
15 28 19 17 47056 1
12 21 24 17 78254 1
17 24 1 6 106014 1
16 12 1 16 61487 1
15 13 13 28 50855 1
0 17 9 6 63025 1
21 7 2 25 105210 1
1 24 8 16 45098 1
16 3 2 4 62907 1
14 20 6 0 82679 1
17 28 0 1 124199 1
16 11 19 26 69042 1
27 9 14 21 71664 1
26 26 15 26 62876 1
26 13 16 25 67746 1
12 28 0 19 72344 1
18 8 8 22 70554 1
8 12 0 18 46060 1
6 18 16 20 53568 1
2 23 13 19 58076 1
29 20 8 22 95519 1
4 3 4 22 61841 1
3 26 17 26 72241 1
22 26 6 17 95222 1
29 23 23 7 75638 1
2 6 15 24 87429 1
13 21 13 0 84364 1
17 2 11 19 81622 1
8 22 28 12 78522 1
19 24 5 23 66683 1
7 11 19 22 71264 1
6 14 19 26 80271 1
14 3 23 23 102750 1
28 1 5 15 110501 1
8 21 6 10 44360 1
23 17 25 5 79373 1
1 8 18 20 92376 1
3 9 15 25 86946 1
1 12 14 19 68374 1
8 28 7 4 83438 1
8 20 1 23 39878 1
16 23 4 14 70462 1
18 9 2 21 81981 1
11 3 27 5 82505 1
17 2 10 29 114243 1
8 1 26 25 114359 1
24 18 5 15 84602 1
14 13 19 4 39847 1
22 5 17 29 98263 1
10 24 6 14 48266 1
10 0 8 16 49856 1
10 0 13 26 101700 1
27 3 13 3 61453 1
28 5 25 24 75230 1
20 5 8 23 87228 1
17 4 7 20 80344 1
11 11 29 8 74629 1
14 22 11 0 90358 1
7 2 21 14 68388 1
19 28 6 20 75602 1
12 27 17 8 76526 1
3 6 24 26 140445 1
10 6 0 8 51439 1
19 12 15 5 37373 1
29 9 0 21 115948 1
27 12 10 4 83242 1
14 17 6 29 72112 1
14 6 10 17 56955 1
19 22 2 7 96935 1
0 13 11 29 88213 1
8 22 10 2 66018 1
6 9 19 21 79823 1
28 29 13 18 78097 1
8 17 18 26 62588 1
16 7 26 13 50526 1
13 4 17 19 70150 1
7 19 29 14 73118 1
24 15 15 27 78373 1
27 6 15 9 66057 1
5 8 24 12 69241 1
3 26 25 24 111189 1
2 1 8 25 76060 1
28 7 25 27 72409 1
19 18 21 6 50612 1
28 8 10 28 111344 1
11 22 22 7 85215 1
27 6 14 3 78247 1
21 25 9 26 70175 1
5 10 25 26 114650 1
21 11 15 3 56248 1
27 6 19 26 106292 1
19 29 9 10 80064 1
19 0 1 8 75660 1
10 25 0 9 81306 1
21 9 6 17 65390 1
20 7 28 22 71729 1
6 5 20 3 67150 1
29 15 11 22 83655 1
6 4 12 27 100318 1
20 7 22 28 90276 1
7 28 21 14 91564 1
6 25 10 9 71564 1
15 8 22 12 40030 1
26 29 0 23 106670 1
25 2 20 29 118209 1
21 11 5 9 70158 1
22 2 16 21 84432 1
11 26 14 0 108037 1
3 16 8 26 50622 1
22 5 11 29 111865 1
21 1 0 26 129976 1
8 7 4 21 51975 1
25 18 12 4 98027 1
7 24 1 15 44567 1
24 13 9 19 55529 1
14 20 18 7 59336 1
18 5 14 16 54318 1
21 22 28 19 35179 1
16 4 29 5 70173 1
28 7 25 25 69561 1
25 10 1 23 108312 1
6 0 12 16 69424 1
10 6 1 20 73508 1
27 13 23 24 46973 1
27 12 21 4 59928 1
2 11 19 26 100688 1
20 19 24 9 64661 1
24 9 28 20 46769 1
9 3 22 18 89848 1
25 6 6 3 96986 1
17 25 6 7 93346 1
2 13 14 17 50982 1
5 4 0 24 67115 1
13 17 8 4 47568 1
22 1 7 8 66821 1
23 29 3 26 84206 1
27 27 9 13 79110 1
12 20 10 2 75867 1
7 4 23 23 112712 1
26 20 16 16 65769 1
0 8 29 13 92529 1
17 26 27 11 77424 1
26 28 19 4 92384 1
3 14 28 7 90636 1
24 19 17 28 53903 1
6 26 5 16 39702 1
9 28 21 11 96095 1
15 16 29 4 81023 1
24 22 16 6 90707 1
26 17 6 26 118631 1
5 12 14 7 54972 1
1 23 25 14 97855 1
25 21 14 17 67495 1
18 8 7 13 45992 1
17 16 13 3 60733 1
27 17 1 5 103305 1
21 9 13 7 43701 1
26 6 13 14 77012 1
18 12 12 3 61242 1
2 15 4 5 33066 1
19 1 13 26 91878 1
13 7 15 29 77156 1
19 21 15 27 36024 1
6 2 25 8 91975 1
22 12 4 21 77674 1
19 23 8 27 61132 1
22 1 14 16 72094 1
21 26 21 15 73631 1
24 19 5 19 95317 1
25 26 6 12 104836 1
6 26 19 19 82254 1
24 21 18 16 51015 1
2 2 22 17 108531 1
11 7 8 22 60961 1
5 3 28 27 126893 1
10 29 29 20 98868 1
11 1 20 24 114875 1
5 2 17 27 108219 1
6 9 12 16 50209 1
2 5 10 12 50395 1
19 11 13 4 49084 1
0 15 20 8 84830 1
16 23 4 3 96334 1
18 15 28 13 31907 1
4 9 24 28 124227 1
20 10 10 1 59621 1
21 1 0 20 110134 1
9 28 13 16 57921 1
1 6 19 12 74517 1
17 17 25 7 71361 1
14 26 0 27 69569 1
27 1 17 29 126969 1
21 1 10 6 64364 1
5 1 1 8 28092 1
20 20 15 5 65639 1
28 1 11 24 125092 1
10 26 28 19 99025 1
29 12 8 23 87672 1
24 16 23 26 48608 1
15 9 9 26 75132 1
4 12 0 29 58731 1
25 25 9 25 91310 1
0 23 10 19 57326 1
6 10 7 23 59176 1
18 23 11 8 73789 1
3 17 22 22 88370 1
17 23 28 8 86824 1
28 9 1 6 106297 1
29 2 6 2 82604 1
9 25 20 16 77060 1
6 15 12 2 59438 1
7 15 19 15 43252 1
14 19 19 24 41357 1
4 5 15 12 55963 1
21 5 3 4 83203 1
23 17 15 24 59532 1
23 23 10 8 97641 1
26 4 3 8 112010 1
3 22 17 4 102849 1
20 14 11 24 61421 1
17 1 2 9 63075 1
23 11 26 3 63715 1
9 13 3 3 51855 1
5 4 9 25 77821 1
18 28 26 20 57047 1
28 14 11 4 85224 1
29 21 0 10 124157 1
7 26 13 11 68546 1
22 1 24 17 88437 1
0 25 2 5 57730 1
11 17 22 23 66537 1
22 4 27 28 97589 1
29 9 28 26 64589 1
5 21 20 20 72931 1
26 3 8 26 138317 1
25 18 21 24 51751 1
19 21 26 17 55811 1
20 27 6 6 112001 1
13 8 21 11 48604 1
8 26 25 9 108614 1
1 28 3 14 42201 1
6 16 7 27 52578 1
17 28 5 2 108802 1
23 2 12 10 75528 1
23 14 14 13 27847 1
21 9 28 16 50597 1
27 2 11 24 119746 1
18 9 17 0 45491 1
19 15 15 27 57059 1
25 1 16 20 94587 1
1 19 20 27 102111 1
9 16 22 26 88974 1
10 26 1 7 84377 1
14 21 6 10 66292 1
26 2 5 26 135635 1
19 20 12 4 80269 1
22 1 12 10 73535 1
21 7 5 17 73236 1
19 9 2 12 64560 1
7 22 18 8 73488 1
29 8 7 22 99980 1
27 24 8 18 84528 1
3 8 23 16 84753 1
27 4 29 13 49044 1
19 15 15 5 40290 1
3 26 25 25 111476 1
23 16 3 11 82092 1
3 0 18 13 72667 1
25 23 23 4 91163 1
8 16 25 0 96785 1
1 4 23 4 90941 1
4 16 9 1 58624 1
14 2 25 20 98090 1
20 4 10 2 42255 1
28 17 3 19 96200 1
19 5 8 21 73317 1
6 20 13 1 76391 1
8 1 18 9 65722 1
6 9 19 26 94158 1
4 27 7 11 71243 1
29 19 6 20 94040 1
9 11 1 21 52564 1
8 22 16 9 60876 1
22 1 16 22 85572 1
9 8 19 9 46456 1
13 0 27 8 76399 1
11 1 29 4 71524 1
18 16 8 27 79643 1
21 18 1 17 87102 1
9 21 26 29 78254 1
20 21 21 4 79303 1
16 6 29 6 77491 1
4 12 20 16 60153 1
22 3 5 23 110631 1
19 20 2 5 92914 1
17 14 5 3 62326 1
25 28 11 7 114760 1
5 20 9 4 54675 1
17 23 13 4 78304 1
3 20 29 28 119787 1
12 3 22 10 73861 1
26 3 2 2 89653 1
7 15 16 25 69258 1
0 10 12 18 71323 1
16 8 4 6 56676 1
28 17 13 20 75727 1
18 18 23 6 69185 1
29 7 13 17 78192 1
14 11 28 14 46349 1
1 22 6 10 54628 1
13 25 2 19 55753 1
1 7 26 11 96588 1
3 14 24 5 96696 1
23 22 14 27 54479 1
4 25 20 25 82163 1
1 29 29 7 137913 1
0 29 26 15 124951 1
9 8 6 16 35560 1
20 20 15 10 48903 1
16 28 2 8 101149 1
25 7 12 27 109900 1
10 23 29 11 92756 1
14 8 1 16 72864 1
2 21 19 2 99187 1
0 16 6 6 53244 1
14 4 16 24 70619 1
18 0 16 14 60086 1
16 25 4 9 88498 1
23 13 4 5 72576 1
7 21 14 1 80887 1
19 12 26 7 47772 1
2 4 15 20 81517 1
10 13 2 3 51529 1
1 2 2 11 22725 1
2 20 23 3 113743 1
24 5 29 14 59217 1
17 17 2 13 66085 1
9 13 3 27 65268 1
26 7 5 0 103109 1
8 26 1 9 68173 1
22 1 19 9 35693 1
16 15 3 19 62882 1
3 8 4 21 45456 1
3 3 22 19 110639 1
11 11 6 20 44578 1
15 23 17 12 36718 1
13 7 2 19 70919 1
12 4 10 28 106583 1
22 17 1 25 116032 1
18 21 22 28 31141 1
4 25 6 17 35352 1
16 14 29 22 65317 1
28 0 4 17 121005 1
5 21 16 28 63886 1
11 21 25 3 116308 1
9 21 2 12 53382 1
5 19 17 20 62915 1
0 9 29 28 137129 1
1 1 1 26 68558 1
25 8 13 14 58676 1
7 14 16 13 22896 1
20 27 3 9 113207 1
6 5 10 18 50885 1
2 14 11 13 32628 1
6 10 4 0 39916 1
10 20 12 2 70826 1
18 13 27 23 47318 1
14 9 7 25 78965 1
27 13 9 13 41419 1
7 19 6 10 42755 1
29 21 11 18 93461 1
2 28 8 13 55054 1
18 27 21 2 91300 1
4 13 16 3 70967 1
7 0 23 0 61018 1
12 1 13 22 87032 1
9 26 12 15 62639 1
11 21 5 15 42892 1
2 8 1 19 32733 1
22 24 0 6 139816 1
29 4 12 7 96381 1
12 24 24 6 104244 1
18 13 5 8 46995 1
14 21 25 10 69057 1
22 21 12 17 63454 1
11 22 26 12 73123 1
21 13 12 20 49496 1
17 14 2 8 59994 1
28 17 22 28 58390 1
10 26 1 11 77115 1
24 17 18 4 76151 1
5 17 25 9 82726 1
17 21 15 10 45606 1
18 8 3 10 65937 1
24 23 5 29 98532 1
2 24 4 13 37806 1
21 17 0 9 97705 1
26 3 11 18 108285 1
13 12 29 1 88588 1
17 2 11 16 72745 1
10 20 19 4 79879 1
15 1 11 18 77639 1
2 23 23 5 113033 1
14 16 17 27 49708 1
26 7 3 16 106100 1
6 27 3 12 61723 1
16 24 24 13 55929 1
18 10 21 3 39178 1
29 27 12 5 118653 1
5 20 25 12 74756 1
14 11 17 3 45298 1
25 28 21 13 61332 1
23 12 4 13 58383 1
0 11 26 9 107330 1
12 15 0 10 67948 1
28 23 11 9 92322 1
26 9 27 29 63313 1
9 6 15 2 36941 1
14 25 0 20 69535 1
10 17 17 9 52090 1
29 21 14 29 80267 1
12 14 8 2 44072 1
24 6 4 12 98216 1
11 6 19 1 52724 1
13 26 12 9 67547 1
9 17 19 15 42066 1
4 23 17 13 62789 1
13 2 20 11 56218 1
8 25 15 29 43059 1
27 22 22 15 45532 1
18 10 5 8 63497 1
23 7 19 15 47358 1
17 11 28 26 76859 1
14 4 0 27 120871 1
26 17 20 11 46049 1
27 14 16 18 51730 1
2 10 23 14 73230 1
2 4 12 29 98693 1
7 12 13 6 46331 1
16 23 2 10 83825 1
8 12 17 2 59363 1
8 26 27 13 88486 1
5 12 24 5 88642 1
13 16 3 16 43122 1
11 1 26 1 49072 1
10 27 14 15 65892 1
16 4 8 12 55078 1
23 0 13 12 72618 1
2 9 17 2 69523 1
21 19 27 13 42580 1
14 24 17 10 53839 1
25 6 18 12 55869 1
19 11 25 18 50776 1
21 23 7 18 85806 1
4 9 7 28 73308 1
19 8 15 2 33420 1
5 26 20 29 64984 1
16 13 27 9 42176 1
17 16 6 19 60650 1
4 4 17 9 70068 1
16 23 13 6 68889 1
4 20 25 3 120536 1
25 18 15 9 64161 1
26 29 18 14 72281 1
22 26 18 16 62939 1
8 4 23 11 71018 1
14 15 7 0 63165 1
6 27 22 7 118961 1
26 4 16 0 59532 1
19 14 10 15 38312 1
14 28 3 22 61658 1
17 16 2 18 64814 1
17 21 22 10 69160 1
21 29 25 15 67318 1
23 5 0 9 110469 1
14 10 8 5 41964 1
29 7 2 18 107689 1
29 4 17 10 80896 1
8 1 15 23 77498 1
26 14 2 12 77838 1
26 22 19 1 84279 1
6 20 15 25 53833 1
2 2 12 1 34723 1
29 16 19 10 47444 1
16 3 29 5 69119 1
0 18 5 28 49645 1
10 3 7 20 57736 1
24 0 11 5 69314 1
0 20 9 11 53114 1
1 23 12 1 90913 1
25 29 8 21 81338 1
16 16 9 13 29093 1
13 17 24 18 62310 1
7 10 23 26 109078 1
25 18 13 14 61179 1
6 19 14 17 38682 1
18 6 5 5 71183 1
22 27 14 7 97587 1
10 2 26 15 96574 1
16 29 6 21 67449 1
24 24 14 29 60805 1
6 14 24 6 87241 1
9 7 3 18 51215 1
11 2 9 14 47503 1
7 1 20 27 112431 1
0 28 24 25 111836 1
24 20 9 22 70468 1
27 28 10 26 74053 1
9 13 8 24 39853 1
27 28 24 0 115246 1
10 22 1 25 45369 1
16 18 23 28 61888 1
13 22 17 7 63501 1
8 18 4 27 50757 1
1 24 26 23 109904 1
11 29 2 25 43605 1
28 27 17 15 78807 1
21 15 5 4 77636 1
26 26 7 6 112088 1
15 9 26 29 86932 1
4 3 10 17 58173 1
12 3 10 20 73778 1
10 0 17 5 51728 1
3 2 12 15 70492 1
10 21 11 2 73999 1
17 3 15 19 60783 1
18 22 26 25 50468 1
14 19 17 5 61772 1
2 28 16 8 90603 1
14 5 7 24 86458 1
17 2 10 13 57332 1
6 15 19 0 81844 1
17 23 6 15 70545 1
5 19 27 18 82357 1
15 20 1 23 67749 1
29 19 4 20 100873 1
23 17 6 26 106221 1
19 15 16 22 40228 1
10 8 1 5 43693 1
4 7 21 29 112542 1
5 11 2 3 33229 1
16 19 3 29 81153 1
22 27 25 6 107288 1
10 5 16 11 52837 1
13 20 7 4 67412 1
0 24 28 13 99818 1
14 1 21 25 116918 1
14 24 4 19 55765 1
15 23 21 27 42468 1
0 11 26 20 109151 1
21 8 1 28 108833 1
16 19 12 28 43585 1
21 0 19 26 104390 1
18 7 4 6 70200 1
9 17 25 29 84712 1
26 10 5 25 101063 1
27 14 2 2 96900 1
0 7 7 13 46041 1
27 22 20 18 46706 1
27 20 14 0 93650 1
6 3 3 20 63784 1
17 17 28 22 68868 1
26 7 10 27 124785 1
26 18 7 10 77591 1
14 9 10 25 75272 1
16 23 13 10 51614 1
10 18 13 25 46347 1
18 8 28 3 61653 1
14 7 6 2 54266 1
24 13 1 7 80602 1
20 10 2 24 87972 1
23 14 5 11 59104 1
26 4 18 12 68385 1
20 19 11 22 50494 1
0 0 8 29 95629 1
9 11 20 25 79818 1
7 4 19 8 64315 1
1 3 17 28 122062 1
2 18 20 9 75782 1
26 11 9 27 103565 1
26 3 7 1 73181 1
29 16 6 3 100516 1
8 24 13 0 91410 1
1 6 19 5 82650 1
11 27 25 22 74059 1
16 29 26 12 84505 1
4 3 19 12 72266 1
27 17 26 28 32070 1
7 13 20 14 34554 1
4 17 10 28 60146 1
12 14 18 21 51342 1
27 19 12 8 70475 1
13 1 25 26 123776 1
29 23 2 15 113148 1
14 3 24 20 95692 1
23 8 0 21 108046 1
5 7 12 20 63763 1
4 7 16 5 64643 1
2 6 25 24 125761 1
19 18 15 27 47496 1
27 13 7 19 65695 1
8 0 28 7 95368 1
10 4 26 22 106214 1
3 12 29 7 100744 1
10 21 18 7 81127 1
25 6 6 7 99373 1
7 15 2 21 38152 1
25 10 16 14 45164 1
1 23 8 6 68960 1
28 7 26 16 37662 1
6 22 8 6 51958 1
22 14 17 1 59829 1
27 6 11 14 77702 1
15 16 27 0 92309 1
12 23 29 9 95491 1
29 8 13 18 74741 1
6 12 17 21 64128 1
0 16 9 18 43114 1
3 8 7 29 73122 1
6 16 0 3 59349 1
10 9 26 5 89879 1
23 3 16 12 66178 1
11 17 27 6 86629 1
18 2 1 2 57579 1
17 2 1 6 70371 1
25 8 21 2 49353 1
17 4 17 29 99567 1
12 10 23 10 60254 1
22 12 3 7 77534 1
22 19 19 2 73231 1
28 3 25 16 60417 1
15 2 0 13 83601 1
24 24 11 23 71499 1
18 24 3 5 102112 1
17 2 7 9 57865 1
4 9 24 17 95430 1
28 26 27 11 47575 1
15 3 20 24 91131 1
26 7 2 11 105648 1
17 28 20 0 99781 1
22 17 5 28 108639 1
27 12 21 25 69988 1
22 11 24 20 54241 1
29 3 15 15 85116 1
8 15 29 1 101077 1
13 2 23 17 88359 1
18 8 12 12 39983 1
1 1 23 3 76005 1
28 17 15 22 69056 1
9 11 29 16 64358 1
12 26 25 13 73750 1
19 7 4 15 63820 1
2 2 21 15 92553 1
8 0 22 8 72312 1
24 7 11 20 94559 1
29 16 24 11 41235 1
13 0 29 1 59104 1
3 25 10 14 61438 1
24 25 16 20 59433 1
22 12 2 24 87938 1
0 7 3 27 66950 1
29 10 7 17 69816 1
17 16 10 19 51254 1
28 22 25 7 61744 1
2 19 18 13 56667 1
26 2 6 27 145852 1
20 17 18 27 42634 1
0 23 22 25 112668 1
1 7 14 16 69809 1
19 23 24 8 80683 1
19 16 7 29 87194 1
20 20 18 3 70864 1
26 28 5 4 122220 1
9 26 0 16 63440 1
22 24 29 10 68745 1
9 12 0 2 58747 1
12 23 13 14 39517 1
6 15 12 28 74697 1
11 19 2 11 55591 1
15 19 29 15 60025 1
19 17 10 20 56356 1
3 18 18 3 93865 1
29 15 16 24 77486 1
24 0 27 21 95586 1
17 12 27 15 36060 1
20 26 24 20 47960 1
9 15 29 11 60450 1
24 19 12 20 66244 1
17 27 22 17 62460 1
26 29 18 12 74730 1
16 16 22 11 46854 1
26 22 3 21 99157 1
1 27 13 14 76464 1
22 21 28 25 39508 1
28 7 24 13 31567 1
29 1 16 1 47470 1
11 26 17 3 99049 1
10 12 1 27 71565 1
5 14 7 0 49951 1
3 7 28 8 101725 1
14 7 22 27 97587 1
12 3 23 29 117607 1
8 18 28 1 106553 1
19 14 12 22 48874 1
27 14 15 20 51838 1
16 24 27 24 61541 1
7 12 15 22 50627 1
19 0 3 27 125093 1
10 26 17 7 91974 1
23 20 11 14 69351 1
16 17 0 26 90322 1
17 7 14 16 44864 1
16 3 23 29 106317 1
24 10 6 15 70329 1
5 12 18 6 67852 1
16 26 23 5 97386 1
0 14 10 11 51828 1
3 20 0 12 34153 1
0 0 11 0 40663 1
20 8 10 3 60756 1
28 13 13 2 74907 1
18 5 3 28 113274 1
11 16 24 4 92190 1
11 24 29 20 87377 1
0 10 27 23 114499 1
12 0 14 18 79089 1
1 22 3 5 47957 1
21 1 21 21 87705 1
29 0 1 8 113667 1
19 4 10 12 56135 1
26 7 16 29 110408 1
25 28 7 27 74058 1
2 15 14 3 76905 1
27 29 19 10 73124 1
3 28 20 7 107040 1
14 16 23 28 70482 1
18 11 9 27 85053 1
26 26 5 3 123994 1
19 4 14 10 41852 1
13 13 20 22 52896 1
0 23 22 27 102411 1
23 9 9 4 81361 1
8 16 27 14 53813 1
11 7 1 19 74867 1
28 22 3 20 108506 1
27 11 2 6 88999 1
20 11 23 19 49701 1
12 27 13 2 99657 1
7 27 16 22 53318 1
12 13 25 15 45628 1
16 26 11 20 44824 1
1 17 24 29 109893 1
13 9 19 21 60688 1
22 16 9 25 89417 1
16 13 14 2 43761 1
9 20 3 11 51710 1
29 27 23 7 85922 1
18 6 5 13 64157 1
16 25 1 4 110772 1
9 7 2 15 45846 1
7 7 6 17 37613 1
13 24 13 4 77023 1
27 9 2 29 117886 1
10 6 22 14 67604 1
6 23 16 2 100119 1
21 3 21 27 108306 1
17 14 13 22 41608 1
0 4 13 2 57726 1
21 5 10 3 57487 1
0 9 23 15 92143 1
29 23 10 28 92830 1
27 14 7 4 79303 1
7 18 21 23 85806 1
22 7 12 5 60507 1
20 6 2 20 87726 1
24 2 4 28 137555 1
29 6 11 18 96136 1
9 3 18 29 102079 1
0 20 5 13 36647 1
12 29 1 13 86484 1
18 21 13 0 93886 1
26 10 9 26 102831 1
23 2 22 26 122311 1
24 3 24 22 97717 1
25 6 23 29 95916 1
29 9 7 15 78514 1
9 15 26 20 69262 1
12 8 9 15 34964 1
5 26 0 5 72339 1
9 18 29 24 103705 1
26 22 5 23 89059 1
23 6 9 29 126422 1
11 4 29 22 113323 1
20 1 12 27 103958 1
11 27 3 4 99571 1
18 22 7 23 51534 1
25 6 1 28 138658 1
3 16 23 13 65561 1
16 22 2 26 60897 1
4 13 21 9 67761 1
0 21 10 9 71475 1
0 26 20 7 113099 1
19 17 1 16 76153 1
5 18 5 29 35475 1
17 4 3 24 108246 1
21 21 16 16 50181 1
19 6 0 19 94932 1
25 25 15 2 113528 1
21 9 22 18 60905 1
9 9 21 28 89240 1
5 2 16 19 80553 1
19 24 3 15 89152 1
5 15 15 25 64343 1
13 7 13 26 72354 1
26 10 16 20 66087 1
24 27 14 27 51080 1
19 11 24 5 43165 1
26 21 29 5 66472 1
25 19 1 15 102856 1
5 14 13 28 71742 1
17 2 26 15 76309 1
15 29 12 21 40068 1
7 6 7 28 80969 1
5 23 0 4 70004 1
2 15 22 4 98239 1
26 29 3 6 131061 1
2 29 10 2 93529 1
19 20 7 1 85033 1
15 22 8 27 44264 1
6 16 19 4 72055 1
18 4 23 22 88423 1
2 0 23 15 99138 1
29 6 5 0 105195 1
14 13 23 12 27387 1
2 23 10 28 42237 1
5 21 17 27 66783 1
2 24 13 6 87440 1
21 11 7 24 85494 1
24 16 3 9 93005 1
16 29 7 18 77268 1
28 13 12 28 83523 1
18 20 13 10 52124 1
12 13 6 9 31345 1
4 23 3 10 47675 1
9 14 20 26 77774 1
14 11 22 7 52997 1
3 28 12 19 72771 1
21 28 0 7 129807 1
15 29 26 19 70705 1
24 16 4 25 108057 1
24 26 9 3 131127 1
29 4 23 19 75924 1
28 2 2 17 121471 1
20 29 14 2 103861 1
13 16 20 2 62195 1
19 27 17 11 68146 1
21 3 8 3 55355 1
28 4 11 12 82714 1
14 27 26 1 120507 1
20 4 14 17 63568 1
19 6 3 24 95674 1
4 22 24 7 108227 1
5 7 7 20 47342 1
6 21 28 11 85462 1
14 13 2 22 54900 1
19 19 5 1 85498 1
12 22 25 15 75768 1
8 22 25 13 67149 1
6 19 2 6 47853 1
10 21 27 25 82882 1
28 21 23 5 74790 1
16 4 7 2 46266 1
1 25 11 23 47965 1
2 4 11 17 60364 1
20 26 7 5 103075 1
28 26 22 1 109936 1
17 9 20 22 66768 1
9 19 0 5 69295 1
27 15 17 8 51637 1
4 8 10 2 39277 1
2 17 10 20 39417 1
29 10 28 23 45288 1
18 25 6 2 98364 1
29 2 10 8 93260 1
13 11 1 23 70001 1
0 10 22 6 110514 1
23 9 14 13 45277 1
27 21 6 27 102875 1
3 28 12 3 106428 1
27 17 9 22 84631 1
9 23 14 28 36628 1
24 24 29 14 52283 1
13 3 26 1 50852 1
27 6 9 28 128109 1
29 22 1 12 110063 1
12 15 23 9 63396 1
17 5 5 11 69697 1
11 12 27 3 95302 1
2 6 11 27 87293 1
24 24 29 15 56517 1
3 9 19 1 72022 1
16 17 22 29 59937 1
22 28 10 26 58980 1
29 4 15 6 78329 1
12 3 11 28 106728 1
4 3 24 5 89628 1
3 0 12 5 50172 1
15 5 6 17 56066 1
1 15 27 19 93971 1
7 14 2 21 35077 1
11 15 5 2 59454 1
23 8 5 17 76727 1
1 19 27 29 117957 1
18 8 7 27 96414 1
29 21 22 28 55857 1
12 10 20 4 60217 1
11 20 3 9 66009 1
29 17 23 1 93820 1
19 22 9 23 44985 1
29 7 14 14 67068 1
6 25 21 9 100249 1
6 15 27 0 113896 1
26 20 29 10 35148 1
5 18 14 22 47993 1
25 11 29 3 53058 1
12 10 2 6 55897 1
10 29 27 12 99735 1
14 15 23 1 71081 1
26 27 25 0 112678 1
29 0 29 10 47895 1
15 11 8 7 38131 1
