7589 6838 5340 5927 5642 7502 5822 7232 6986 6627 7266 6635 5542 6276 7507 6026 7048 5634 5240 6216 5360 5361 6093 7463 5058 5183 6619 5311 6038
5463 7751 8222 6080 6343 5173 7745 6128 7798 6390 5978 6553 6862 7900 7722 8115 6158 5254 6720 5574 6152 8152 5515 8264 7329 7580 5686 6565 7100
1729 3819 1761 3105 3247 3361 2383 2556 3176 2581 2050 3579 1531 2204 1862 1581 3325 4299 1405 3977 3053 1711 4359 4469 2096 2890 3118 4428 2981
7253 7398 6295 6159 6737 6325 5168 6239 5721 7831 5934 5168 5849 6031 6378 7783 4859 5817 7854 7485 5154 4896 7952 5555 4853 7514 5316 6992 5127
4438 4232 5082 5075 4905 4817 4675 4998 2737 4966 3538 3462 2608 2134 3647 4904 3555 3459 2260 2539 4343 2521 3472 2872 4039 4504 3017 5161 2418
2707 4212 4483 2280 5154 5327 3366 2254 4027 3431 5100 4649 4261 4656 5018 5175 3751 3353 4238 2984 3353 2718 4850 3613 5045 2262 3636 4865 2712
3696 5273 4074 3140 3153 4029 4076 2968 3797 3527 3664 3071 3247 3900 4768 5533 5484 3853 2618 3709 3551 4087 2627 2648 3434 3733 3805 3672 5135
5923 4256 5506 6168 5203 5955 4093 4876 4841 5249 6866 6384 5080 4621 6119 4688 5631 6971 5818 6195 5431 6355 5138 5446 5039 4272 4790 5721 6305
4673 6424 4473 5381 5158 6925 6613 5080 6902 4909 6694 6884 4679 6694 4262 7223 5637 4525 6964 5677 6271 6241 7101 6036 5140 5263 4300 6136 6251
5011 5542 4797 7614 6336 5688 5375 6664 5873 7368 6987 7889 5083 5726 5813 7830 7869 6771 5499 7408 6782 6750 5563 7747 5466 5441 7528 6354 7752
7684 6557 5102 5766 7218 6115 4980 6493 7718 6538 7178 6943 7547 6110 6933 7579 6210 4873 7214 6099 6597 7541 5833 6060 6555 7095 7388 5277 6383
6959 8036 7481 6703 6373 6161 6136 6909 6128 6246 5887 6311 8087 5906 5692 5233 5125 5418 6022 7797 6187 5806 5770 7435 5824 6244 7106 6336 5784
3235 6183 5625 5036 4256 3460 5854 4650 4985 6307 4726 6101 5450 5559 4829 5641 6315 6401 4053 5090 4423 3490 4648 4132 5294 4643 5555 4263 3265
4458 5469 5080 4066 4653 4448 6050 7133 3978 5540 5131 6663 7166 6144 5214 4010 6001 7140 5683 6693 4668 4361 4272 4080 4264 6022 4243 4552 5100
2283 3676 3252 2846 3629 3912 1316 3691 2295 3716 2190 2902 2937 1706 3271 1661 3813 3392 1977 3488 2623 1912 4284 3367 2784 1634 4141 3659 1717
5930 5087 4122 6364 6128 3930 6747 4732 6964 5133 6020 5588 6292 6298 5180 4760 5318 3913 5276 4733 4140 6582 5375 5757 6363 4452 5586 5928 5641
4219 4423 3672 4675 2607 5074 4348 2367 2706 2971 4733 3493 2520 2521 2685 3105 4306 3966 2576 3057 4403 4113 2429 2397 3172 3251 3691 2672 2784
6818 8303 6832 6392 8494 7246 6668 7294 8502 6492 7129 6217 7174 8202 5423 7703 7239 8543 7227 7733 6926 6419 7229 8300 7910 6126 7785 5441 7042
6285 6828 7565 8189 6570 7531 7271 6303 7214 7688 7406 6368 5474 6185 5320 5313 5224 7264 6776 8177 5791 6596 5265 5334 8249 7639 5406 6038 6820
2741 4520 2624 4551 2093 1957 3645 4639 2925 2274 1986 3958 3026 4901 2948 4857 2910 2378 4612 4003 4726 5067 4170 3829 2258 3643 4323 3720 4576
3204 4059 4773 3296 4415 5383 4323 4153 6247 5960 5554 6146 4862 5360 5772 5474 6223 4993 5721 3361 4150 5178 4460 4530 3357 5584 3917 4267 6121
2773 5040 3131 4053 2362 5334 5119 2279 4168 3051 3470 3658 4907 3529 2445 4843 4182 4527 3312 5129 3284 4090 3007 4869 5446 2577 2790 4229 5286
6622 6719 4840 6777 4864 4682 4848 3856 5623 5050 3754 4302 4989 5642 5467 4156 5543 4658 3901 4735 4049 6029 4881 5383 3862 5536 5077 6228 5554
6306 6132 7656 7687 7902 7648 7135 7672 7221 5901 4987 7139 4958 7058 7850 6811 5907 5109 7593 6053 7405 5104 6197 7045 7816 4842 7266 6698 7859
1751 2179 2369 2802 2926 1964 3819 1924 2901 3200 3021 2213 3243 3256 2619 2825 3115 2065 3827 4139 2051 3227 2294 3186 2910 4670 2892 2906 1917
4504 3774 4802 5464 3711 3114 5947 4222 3140 4230 4655 4405 4186 5156 3294 4816 3652 4057 3607 5193 4832 4984 3837 5012 3743 4843 3378 5400 5430
7334 8027 6736 7074 5946 7250 8612 7438 7412 6261 5884 7446 6516 8730 6855 7004 6398 8504 6559 8600 7574 8643 6816 5749 8615 6265 7399 8367 8199
7202 8311 7427 6359 6926 7773 6992 5613 5788 5622 7457 8340 7920 7717 8387 6328 5579 6961 7134 6339 8438 7102 6213 5359 7262 6064 5610 7543 7122
4929 6175 7483 5608 7525 4451 7268 4943 6993 4837 5573 4903 6621 5196 7040 5210 6667 4357 7220 7050 7471 4428 6862 4619 6163 4439 6444 7460 4560
4987 6650 5136 5835 6368 4685 5844 5787 4238 7014 4566 5724 5274 4741 6501 6822 6444 5628 4104 5428 6250 6996 6325 5050 6264 5699 6624 4441 5235
3950 3929 6666 4733 4437 5134 1644 5065 5577 4361 7547 5958 5971 5543 2912 5896 4749 5275 4378 6589 1882 4784 4480 5763 2584 2038 4525 3482 5622 6641
5028 4621 7001 3955 3093 6451 3232 3477 6369 3413 5766 4503 7155 4489 1457 4739 6563 4257 4350 6323 2421 3921 7165 6924 2538 2166 4139 5119 7748 7582
5080 2925 4072 5523 3398 4565 1601 3394 6239 4123 7874 7019 5656 4653 3997 6307 6132 4204 1627 5501 2640 3280 5159 7331 3047 4055 6146 4964 4703 7302
5654 3206 3976 3762 3155 6806 4020 2808 6044 3331 7952 4924 6215 5495 3698 6394 4529 4551 3899 4352 4087 2916 5842 4763 1814 4875 5253 4942 5376 5740
6357 2894 5955 4041 5140 4811 3440 4211 5319 4867 8534 4827 7245 5693 3144 4356 6648 6688 3444 5553 2543 4255 6445 6810 1326 3109 3297 5200 4791 5789
4432 5023 4436 5424 2982 6433 1414 3042 6511 5160 8327 6908 5656 4287 1706 4307 6409 4919 3759 7076 2959 3253 6620 4886 3491 4509 4400 3883 7207 5165
3822 4742 3982 6100 4176 4905 3026 5045 5022 5083 6823 4540 7954 5726 2642 4207 4037 6018 4168 6764 2739 4805 4405 5549 2336 4127 4799 2783 7740 5412
6147 4611 5614 5366 2793 4686 2248 3118 4453 5072 7657 7011 6819 5532 3912 4500 5650 6613 2335 6519 2045 4887 5868 4441 3843 3167 3563 5619 6375 5982
3872 5233 6302 4810 5220 6929 4117 4593 6666 4301 6677 6773 5458 4791 2845 4897 7040 5314 4560 5614 4253 5656 5064 5940 3823 3363 4447 3087 6516 6660
6733 2590 6602 5079 4429 6466 1126 2491 6247 4649 6638 4130 5207 6095 3283 4080 5686 6280 2107 5717 3751 4366 5767 4363 3179 1980 4813 5663 6562 5130
5947 5264 5197 6546 5110 5119 2562 2539 5709 3962 5957 6991 7342 4993 3337 5559 4262 5557 2018 5438 2717 4055 5916 6091 1139 3549 5780 4238 4827 6837
4494 5424 6452 5820 3575 6986 1887 3119 5264 4040 7230 4932 8086 3907 1219 4339 6914 6514 2387 4446 4190 3115 5602 4758 2691 3010 3998 3319 7132 4447
4590 3788 7002 5934 4257 4334 2549 3812 4258 3402 8726 6046 8105 4047 1507 5750 7135 4184 2326 5541 2541 3443 4981 6670 3035 2102 4062 5291 7741 5902
5142 3978 5054 4726 2352 6737 3360 3373 6707 5166 7842 6058 7453 4354 3351 3982 5688 4759 3850 4257 4444 6027 6783 4635 2048 2871 4627 2820 7713 5349
4292 5248 6557 5742 3560 4938 3603 4839 6510 5273 7077 5820 7199 4312 3028 6165 5003 5882 3780 7138 3736 5982 6754 6317 1845 4113 5488 4569 4981 6923
4563 2727 4880 6526 2604 4091 1257 4468 7178 3479 8568 4796 6170 6247 3648 4903 7184 4982 1733 4290 2665 5942 6390 4862 2476 4742 3554 4383 6813 6648
4634 3070 5760 6274 3050 6478 2912 4119 7227 2596 6625 5913 6744 6231 4252 5428 6839 6332 3019 4492 3849 4822 5477 7085 2112 3623 5466 2545 5560 5906
4503 2760 6375 5678 3290 6651 1369 4765 6072 4342 6379 4515 5851 4132 3982 5393 4184 6105 1514 5080 1921 4553 6597 5442 3404 2735 4859 2906 7233 4926
4730 3938 4184 3545 3761 6101 1357 4618 5731 4997 8025 4568 6734 3443 3456 6718 4043 6669 4447 4276 2411 5667 5105 5082 1821 2754 6184 3496 6148 5363
3858 2895 4000 4392 3709 4432 4222 3508 4290 3426 8535 4190 7947 5634 2520 6499 5871 4338 1578 7291 1701 4900 6177 5820 3229 4713 4684 5216 7421 5749
5846 4001 6302 6444 3044 6739 3767 4523 7402 4451 6847 6131 5773 6050 3737 4870 5231 5355 3212 5463 2042 4288 7251 5377 1417 3002 5042 3199 7344 7355
5514 4407 5107 4169 5300 6856 1826 4897 7061 3844 7614 6732 5412 5613 3374 6718 5873 4505 1970 7299 3901 3541 7211 6608 1962 1962 3548 4849 5267 4425
4083 4847 6765 4985 3164 6505 2693 4119 5047 4130 5715 4173 5531 3540 3549 5555 5613 6414 4529 6348 3795 4276 5135 5322 3985 2458 3410 2656 7763 7236
6939 5624 4362 5161 3284 3938 2420 2701 6744 3134 6138 4133 5273 4367 3623 4006 4847 5874 3059 4504 3200 4111 6614 7208 3077 2184 5040 4308 7441 6969
5947 3529 4189 4214 4809 3985 1308 4501 6406 2888 8497 5805 6237 5311 2764 5531 5929 6188 1592 5102 3952 3082 4781 5684 1699 4251 3877 5437 5924 5471
6225 3008 5840 4768 2260 6375 2794 3969 5610 4789 5971 3994 7108 4300 3282 5167 5481 5241 2244 5243 2888 5980 5330 6538 4080 4862 3847 4185 4659 7569
5907 4021 4037 5233 3885 6070 2733 5024 5203 5428 7131 4439 7727 4164 1747 5136 6894 7081 4685 7025 2249 4638 7339 5483 3964 4789 4765 5220 6117 5036
3880 5369 7096 5812 5385 5051 1559 3566 5185 2580 7205 5086 5830 4914 1223 5624 6484 4227 2499 4380 1581 3346 5377 5169 2977 4518 3893 2868 6596 7533
6783 3381 6387 6655 3846 5973 2506 5364 5197 2876 8064 4478 5360 3332 2555 4786 6917 6162 4675 5580 2887 3855 6772 5644 3229 3268 5568 5570 7792 6475
29 14 18 17 45446 1
9 1 22 0 53970 1
12 9 3 3 50702 1
29 11 7 7 85717 1
19 17 23 29 57714 1
26 8 29 28 91866 1
29 17 13 3 94300 1
23 29 13 19 66055 1
2 1 28 11 106005 1
7 28 29 3 141364 1
23 18 11 9 63978 1
7 25 15 29 38116 1
12 21 5 9 71546 1
29 29 7 13 120077 1
4 11 21 21 73641 1
29 17 8 11 96100 1
15 24 4 17 50222 1
29 2 8 6 73951 1
28 27 20 29 43110 1
2 28 9 21 46920 1
4 27 25 10 112319 1
11 16 25 5 67603 1
22 8 28 23 74315 1
18 9 2 7 54952 1
8 11 26 9 84472 1
25 10 23 23 52542 1
23 22 8 25 53324 1
3 18 20 17 55917 1
27 13 18 20 50287 1
1 13 26 19 92707 1
14 7 22 29 89778 1
4 2 13 17 76699 1
0 21 24 20 77793 1
18 0 27 6 44979 1
19 7 1 14 67010 1
5 28 17 1 119701 1
2 17 18 23 69877 1
10 23 29 21 69909 1
14 6 10 19 50685 1
0 14 8 24 49928 1
14 15 15 25 33414 1
29 16 12 13 70170 1
23 8 27 18 43723 1
6 27 5 12 60185 1
13 29 14 15 45801 1
29 14 3 20 90703 1
16 23 3 29 58508 1
10 16 15 1 64580 1
11 2 3 13 72704 1
15 3 28 16 82058 1
8 3 4 27 96190 1
23 26 0 8 117607 1
3 19 18 17 54876 1
10 26 2 29 45651 1
16 11 17 27 54230 1
11 4 26 2 60150 1
13 19 16 1 64414 1
27 17 18 11 59362 1
4 19 22 10 88961 1
12 28 28 4 116563 1
2 27 17 20 61388 1
5 23 17 18 52490 1
19 27 12 22 35745 1
22 10 19 2 38242 1
17 18 3 7 74096 1
26 5 16 21 78362 1
17 4 7 15 60648 1
19 1 25 11 51090 1
3 21 14 16 50044 1
13 28 20 24 30818 1
10 21 27 2 106486 1
10 28 18 21 52139 1
20 6 28 26 86421 1
2 10 4 29 63066 1
26 19 7 20 67550 1
4 3 24 13 83107 1
6 9 15 7 37871 1
24 9 27 17 41039 1
1 21 11 19 42505 1
0 27 17 16 86752 1
27 3 13 3 58201 1
28 27 20 5 94950 1
27 21 19 0 91332 1
5 26 18 28 56796 1
18 13 29 16 50041 1
17 27 27 23 44800 1
21 27 1 20 74059 1
23 17 16 8 58384 1
19 13 2 7 66684 1
7 10 23 15 81424 1
10 10 21 17 72372 1
3 13 12 12 40726 1
27 9 17 15 57702 1
3 10 27 25 116217 1
10 29 14 3 96410 1
1 29 10 0 125227 1
27 24 14 12 69502 1
29 10 15 4 64634 1
29 7 0 4 87658 1
11 23 25 1 103854 1
25 19 22 5 49195 1
7 10 19 25 86109 1
25 28 2 13 106840 1
1 27 14 14 74783 1
16 29 7 6 88281 1
8 21 0 25 35032 1
19 1 1 18 93070 1
21 25 28 16 50282 1
15 22 8 16 44164 1
4 24 5 13 41372 1
17 22 1 15 75563 1
6 7 13 1 45307 1
21 24 3 12 83995 1
12 19 18 27 44147 1
20 13 24 4 44209 1
4 26 16 7 92518 1
16 6 7 7 26802 1
27 4 14 8 44711 1
8 11 25 9 79683 1
11 6 6 29 99986 1
1 20 19 8 89062 1
9 24 10 13 57404 1
25 24 14 2 91207 1
11 16 3 13 39423 1
15 12 26 29 92122 1
21 3 27 25 86706 1
28 17 29 29 71448 1
9 16 29 8 95050 1
1 20 16 26 58190 1
18 6 28 13 54074 1
25 12 13 23 70490 1
8 24 15 17 41259 1
25 5 6 29 122262 1
23 16 27 0 63868 1
3 1 17 10 71483 1
15 22 18 10 59353 1
14 20 25 27 50881 1
25 2 20 15 55688 1
15 24 7 11 67172 1
4 25 14 13 62444 1
7 6 17 7 31176 1
19 7 20 18 38380 1
9 8 1 5 40310 1
23 27 27 16 54565 1
15 17 23 7 62057 1
2 13 17 14 47773 1
1 10 21 28 107446 1
19 9 23 3 35219 1
16 8 12 18 43222 1
19 20 21 2 67049 1
6 2 21 1 63765 1
15 22 3 4 88250 1
28 29 1 21 108881 1
16 10 9 18 44768 1
7 5 26 19 93826 1
4 21 7 8 55785 1
1 5 23 5 70409 1
4 19 16 4 78065 1
6 1 9 22 96244 1
3 7 20 17 85579 1
0 28 20 24 68675 1
1 1 19 1 72042 1
20 24 24 11 48501 1
1 7 10 25 76419 1
8 9 19 3 51921 1
6 2 7 11 36968 1
22 15 8 8 77908 1
3 11 15 27 82990 1
6 28 12 17 57860 1
15 8 27 2 57429 1
29 20 20 16 43495 1
14 12 3 20 56040 1
16 0 14 28 91212 1
6 5 27 6 57165 1
1 10 3 28 62406 1
5 19 1 3 58003 1
11 12 18 5 53227 1
26 19 11 21 58132 1
8 27 12 8 85721 1
24 8 6 22 95015 1
4 24 25 13 89507 1
15 4 29 7 47595 1
29 27 18 12 91475 1
29 24 3 0 144913 1
0 12 23 25 102247 1
25 9 14 1 54273 1
5 15 25 16 74863 1
10 7 15 19 53473 1
13 2 23 12 66470 1
29 26 25 15 60110 1
16 18 23 22 33762 1
22 19 17 14 31192 1
13 21 5 11 63620 1
22 11 9 1 79628 1
24 27 5 25 64369 1
4 2 9 27 101423 1
23 1 23 27 85569 1
1 5 28 15 104814 1
20 2 29 17 80663 1
6 12 27 10 94775 1
28 1 11 2 75845 1
26 13 20 3 50907 1
10 6 25 1 51553 1
17 9 3 15 61786 1
6 0 8 24 96672 1
29 1 23 11 50546 1
16 18 3 12 55553 1
10 13 26 21 72740 1
13 7 5 19 66695 1
27 15 1 16 95996 1
29 2 16 8 60205 1
27 19 1 5 115037 1
19 27 3 28 69634 1
11 7 11 22 67672 1
2 21 13 22 46547 1
12 12 23 0 76922 1
9 1 3 11 60996 1
14 28 8 16 57279 1
5 19 9 3 75833 1
15 26 25 24 32683 1
28 10 20 22 71302 1
4 4 12 11 56064 1
25 19 13 20 42810 1
29 14 9 21 79445 1
9 14 27 13 63376 1
12 14 0 0 75843 1
20 28 29 14 63266 1
27 16 10 0 110268 1
10 6 27 18 78506 1
6 24 2 3 69153 1
21 20 3 7 88634 1
16 21 24 14 43988 1
21 15 27 3 57205 1
9 20 2 23 30389 1
6 6 19 20 73092 1
7 12 1 0 61481 1
8 26 18 18 52619 1
22 1 2 22 110169 1
22 20 28 14 34601 1
21 5 13 17 57883 1
21 16 20 3 51505 1
17 28 15 19 38789 1
4 4 28 15 100510 1
17 26 11 5 80708 1
9 8 14 22 62680 1
27 14 3 15 79949 1
12 2 2 13 61674 1
6 1 16 13 68542 1
22 0 12 0 43927 1
19 17 11 26 50920 1
19 20 13 1 73510 1
5 8 3 21 50237 1
16 18 11 5 52360 1
9 14 11 5 47407 1
2 2 6 21 61979 1
2 14 20 18 62849 1
6 27 9 9 81715 1
1 28 15 12 93190 1
14 29 28 27 61213 1
18 18 25 29 58285 1
7 29 21 22 68094 1
21 10 14 20 54872 1
1 13 15 23 74072 1
20 0 27 17 82694 1
23 0 11 13 76864 1
18 19 23 10 51692 1
6 17 10 9 52299 1
15 19 29 10 72694 1
10 24 23 8 88167 1
3 24 11 4 89236 1
16 7 15 25 62262 1
6 8 11 15 42917 1
4 26 15 19 56109 1
13 3 7 18 66432 1
25 6 7 2 65987 1
23 3 22 17 57277 1
20 6 1 22 94508 1
18 6 15 22 58785 1
10 10 14 2 44049 1
1 14 5 22 31463 1
17 28 21 20 41963 1
18 15 28 18 40012 1
14 28 24 6 88185 1
6 21 24 1 104185 1
23 6 28 18 47641 1
24 2 1 8 78145 1
13 25 27 6 88457 1
13 23 26 20 49054 1
3 9 11 12 54869 1
17 9 11 27 74576 1
16 25 1 8 90457 1
4 14 22 18 60336 1
15 4 2 15 64373 1
4 25 24 15 83007 1
13 22 14 2 63312 1
3 19 0 28 45086 1
27 11 24 21 43591 1
16 15 13 4 40007 1
1 2 18 23 115180 1
8 7 22 24 87418 1
16 9 25 0 49925 1
29 10 21 22 67873 1
24 13 1 9 88424 1
12 20 11 7 54328 1
13 0 15 21 70971 1
23 13 18 1 59299 1
8 13 21 20 57443 1
14 21 2 28 53867 1
14 9 11 27 63228 1
14 27 2 11 77347 1
24 13 22 21 32284 1
14 12 6 2 51381 1
27 15 15 16 57021 1
13 1 3 26 112541 1
17 21 22 26 36811 1
24 20 15 4 73018 1
19 23 25 18 37297 1
17 17 25 28 66639 1
24 7 4 15 80591 1
27 4 3 4 78310 1
8 16 28 18 67271 1
5 17 20 12 68854 1
17 2 24 29 104932 1
11 10 21 18 61888 1
21 17 6 17 51414 1
24 6 10 28 105471 1
21 11 20 26 62140 1
23 5 18 14 49738 1
15 4 2 3 52164 1
27 0 6 15 103043 1
9 28 1 18 61478 1
19 1 28 13 68462 1
21 5 15 22 73270 1
10 23 15 17 40317 1
8 29 22 9 114712 1
27 27 17 24 41667 1
20 27 7 4 105708 1
6 18 15 7 60164 1
6 2 23 17 98707 1
0 29 12 24 54743 1
22 0 9 23 111303 1
9 14 16 6 38310 1
26 24 28 10 66436 1
1 0 19 11 79367 1
27 4 11 11 69948 1
11 26 20 8 84995 1
27 11 21 28 71408 1
28 16 9 11 87830 1
8 6 4 16 45623 1
12 26 22 17 55962 1
29 6 19 13 48245 1
17 23 9 18 41864 1
18 6 5 28 100482 1
0 24 28 14 100586 1
22 3 3 6 59272 1
17 3 27 11 61271 1
28 6 24 16 37415 1
8 3 24 27 117938 1
29 22 14 12 77549 1
11 21 14 4 60419 1
16 0 11 17 71333 1
15 16 26 29 77813 1
29 11 21 1 65208 1
20 17 29 18 33458 1
15 8 17 20 49388 1
14 20 12 10 41977 1
24 6 1 27 120100 1
3 16 27 28 110399 1
1 22 9 7 72266 1
18 29 13 1 102557 1
14 9 6 4 35359 1
25 22 14 27 44148 1
22 21 7 25 54637 1
1 17 13 5 63523 1
16 13 25 18 41503 1
13 5 20 16 59336 1
28 26 1 10 124426 1
21 2 25 23 77242 1
10 4 17 29 98648 1
19 12 9 12 49535 1
11 29 24 18 72697 1
19 15 25 7 44010 1
11 3 27 19 99185 1
6 29 11 5 106147 1
9 25 11 4 84037 1
14 8 1 19 69182 1
22 25 22 8 64720 1
26 9 12 5 51116 1
5 9 10 23 77986 1
1 20 11 2 89125 1
2 14 11 21 48586 1
4 21 26 22 76695 1
18 1 26 16 74543 1
17 6 0 0 65122 1
25 25 4 26 66224 1
6 12 21 17 65190 1
17 27 15 7 71044 1
12 29 20 10 91064 1
27 22 9 5 106756 1
26 5 16 5 36437 1
10 13 22 24 63578 1
11 27 2 23 46509 1
14 29 12 20 33106 1
7 23 24 27 59536 1
24 25 22 11 49276 1
18 23 2 0 113727 1
3 7 6 25 63885 1
11 13 16 4 43896 1
4 1 19 29 125627 1
9 19 17 2 77725 1
3 21 16 7 81845 1
26 6 12 22 82781 1
24 12 16 9 39354 1
22 17 7 6 76650 1
7 22 13 12 65425 1
25 22 11 11 80743 1
15 6 4 8 36831 1
24 11 10 6 50649 1
15 10 7 4 46715 1
19 0 4 18 92248 1
17 17 11 11 47685 1
16 16 2 25 65304 1
4 21 22 19 63486 1
2 22 3 2 56819 1
12 18 19 15 30814 1
20 18 10 0 87718 1
15 22 21 5 73270 1
5 2 26 4 73621 1
17 0 14 26 88046 1
2 0 26 5 84595 1
8 15 28 10 86282 1
8 24 3 8 66919 1
27 1 2 16 103077 1
23 13 20 3 45663 1
5 28 0 17 54461 1
14 19 25 10 60614 1
26 12 17 0 73070 1
16 24 10 18 32553 1
26 25 2 13 99310 1
1 7 11 1 56667 1
6 29 21 21 70143 1
16 10 24 5 34922 1
21 24 11 24 24078 1
18 6 15 21 55372 1
12 4 25 23 93737 1
5 20 4 3 62231 1
11 24 10 3 86391 1
20 9 24 20 49082 1
16 17 6 14 38868 1
22 3 7 7 51465 1
29 15 4 26 108202 1
19 15 1 27 87284 1
23 27 15 14 66482 1
19 10 9 25 75404 1
9 1 27 24 123971 1
26 5 22 28 87386 1
27 3 21 21 76121 1
17 22 18 8 64078 1
13 20 23 4 72564 1
3 19 14 3 79770 1
23 6 12 21 72769 1
24 6 11 27 95956 1
12 6 8 0 42726 1
3 5 12 20 74575 1
12 6 5 25 86435 1
17 3 24 8 38164 1
5 17 29 2 116849 1
14 1 16 23 72296 1
5 25 21 11 93625 1
26 0 3 16 112316 1
11 21 12 4 66503 1
17 27 14 20 29166 1
8 13 20 13 48482 1
22 16 13 19 37688 1
0 7 18 2 67955 1
20 24 6 0 109668 1
24 23 17 28 38325 1
8 23 12 6 78401 1
24 13 11 14 44502 1
20 21 2 11 79270 1
15 26 17 4 76038 1
5 17 16 18 36376 1
22 7 27 12 40191 1
21 20 21 7 49500 1
24 2 25 17 48164 1
19 28 14 16 50458 1
25 11 7 7 67785 1
29 20 7 22 78505 1
17 4 8 27 95354 1
9 1 19 26 106459 1
26 9 1 21 110911 1
17 6 20 26 79530 1
0 16 6 10 41182 1
9 2 18 18 78855 1
4 8 17 26 92389 1
21 4 8 8 47624 1
25 26 4 10 103793 1
13 6 1 18 63467 1
28 8 20 29 94775 1
15 7 1 11 54754 1
6 26 7 8 72273 1
19 14 14 24 45237 1
2 18 17 26 66617 1
10 6 0 13 48880 1
7 26 5 16 41750 1
1 3 18 26 116271 1
9 8 26 6 52842 1
29 0 18 17 93987 1
9 5 11 14 44002 1
9 2 19 29 116638 1
16 5 1 24 93923 1
4 2 22 22 111256 1
5 23 1 9 50214 1
1 2 3 10 37045 1
24 17 11 21 50894 1
27 11 3 1 102390 1
24 5 29 29 96071 1
2 3 0 20 50525 1
29 10 12 2 83495 1
5 8 27 2 77462 1
0 9 24 20 100463 1
8 17 17 28 61845 1
23 7 0 1 84473 1
0 20 4 26 30960 1
7 25 25 15 80414 1
24 1 3 6 67415 1
26 15 1 1 111492 1
6 10 18 11 61616 1
0 21 19 27 72559 1
14 26 20 5 71846 1
0 14 21 28 96685 1
9 16 3 9 47931 1
16 24 25 22 31268 1
28 26 11 9 103669 1
9 12 14 22 45643 1
2 16 11 29 79949 1
29 16 0 29 131073 1
21 20 14 7 54644 1
28 3 10 14 80864 1
10 25 22 26 41687 1
8 6 2 10 26445 1
15 20 6 4 70148 1
26 27 2 1 139707 1
9 9 29 11 90661 1
20 11 3 4 68763 1
5 27 8 1 104612 1
9 2 20 20 89837 1
3 13 23 27 98481 1
17 7 10 19 61327 1
20 12 25 23 56351 1
20 24 3 6 95177 1
9 12 3 3 61480 1
28 21 7 18 71690 1
6 18 9 9 51503 1
12 11 22 23 71845 1
25 4 17 27 90756 1
22 7 15 4 30586 1
24 1 24 21 56458 1
5 20 20 3 87480 1
4 26 17 13 80670 1
27 5 19 17 65535 1
21 0 20 10 44157 1
25 8 29 29 91491 1
3 17 2 8 26093 1
5 21 26 15 83934 1
27 24 1 7 117699 1
13 9 15 21 44095 1
24 29 14 5 93608 1
26 1 2 12 91878 1
10 28 2 9 84726 1
13 20 20 7 60450 1
26 25 11 18 61846 1
20 24 9 24 26979 1
19 14 17 4 38455 1
21 8 9 0 67823 1
28 28 9 19 94266 1
21 1 0 10 87005 1
25 29 5 8 123076 1
11 23 16 6 67519 1
16 21 0 17 65860 1
17 21 12 10 56883 1
16 3 1 27 111890 1
16 16 7 12 41621 1
0 27 14 17 69520 1
6 10 19 22 77235 1
3 29 9 5 98017 1
8 21 13 9 64386 1
22 18 9 27 68169 1
3 7 28 3 83371 1
22 15 12 25 61018 1
25 3 0 11 91889 1
27 26 3 28 92936 1
12 3 16 26 79946 1
25 26 16 9 79796 1
22 16 14 11 45165 1
14 1 2 20 85174 1
6 21 25 26 66773 1
17 7 25 12 47637 1
10 17 1 1 81813 1
12 9 27 23 92237 1
6 10 28 23 108433 1
10 27 22 7 99929 1
28 12 23 29 72445 1
13 22 29 28 71379 1
26 29 11 13 93966 1
18 3 6 19 81903 1
28 29 9 21 91877 1
14 3 28 27 111896 1
3 22 21 23 60270 1
1 13 13 5 54783 1
20 22 20 6 64277 1
12 25 18 8 73900 1
8 2 29 15 104613 1
14 10 1 20 63246 1
10 13 0 1 75240 1
8 2 19 29 118257 1
24 25 8 14 72100 1
12 4 9 18 59203 1
15 9 3 12 56627 1
26 16 19 0 73346 1
28 12 2 25 109377 1
5 8 2 29 73009 1
20 6 28 3 35977 1
12 2 26 10 71445 1
11 9 13 29 75131 1
24 12 26 23 44883 1
24 23 16 16 44297 1
4 22 14 17 45836 1
29 29 23 12 82302 1
24 2 13 12 59050 1
5 27 20 4 104733 1
9 1 22 1 50090 1
0 3 29 14 110325 1
3 8 28 9 88668 1
23 10 17 29 89061 1
26 22 25 1 73325 1
4 6 9 15 48316 1
15 26 24 23 34170 1
0 20 13 27 60707 1
8 16 4 25 44761 1
26 26 0 6 125574 1
25 3 16 6 32472 1
15 17 3 19 45259 1
21 26 28 15 57495 1
2 29 22 12 112627 1
0 13 15 0 83128 1
25 13 16 15 39098 1
2 22 7 8 59458 1
13 8 25 13 62772 1
6 0 23 9 80835 1
5 5 20 21 85684 1
17 0 28 24 108292 1
3 10 18 15 66190 1
29 25 16 25 45119 1
1 8 15 25 89861 1
5 3 22 4 59920 1
12 21 25 6 76497 1
15 23 27 7 88644 1
18 18 8 28 63055 1
21 26 19 3 84679 1
15 19 2 17 49835 1
16 19 2 22 53131 1
7 14 14 27 57801 1
7 2 22 10 76768 1
25 19 4 29 91281 1
12 6 8 17 59326 1
19 4 10 10 44958 1
2 4 25 12 86699 1
17 5 2 23 92000 1
9 7 27 13 76172 1
13 19 2 1 84733 1
14 5 24 28 91691 1
27 10 29 21 67278 1
21 22 13 1 84627 1
17 26 27 9 84929 1
10 14 16 5 40101 1
12 3 12 16 54742 1
29 6 16 24 84832 1
22 0 5 23 118274 1
7 0 23 7 77342 1
11 27 5 3 103849 1
18 6 4 1 54049 1
23 25 14 11 61919 1
10 29 13 22 43728 1
9 24 10 9 71901 1
26 20 11 13 64926 1
4 7 9 19 63773 1
3 1 25 13 99172 1
12 5 17 0 36411 1
7 19 19 19 44506 1
0 22 24 21 84485 1
1 24 3 0 74741 1
5 15 8 3 54506 1
18 4 8 23 90801 1
10 2 27 17 108287 1
11 8 5 16 58503 1
29 29 1 7 148842 1
10 20 13 7 54304 1
1 8 12 21 72502 1
22 26 12 12 72716 1
29 22 8 19 83597 1
0 24 22 19 75117 1
12 8 5 26 88798 1
12 1 17 7 38408 1
1 23 4 8 54632 1
29 26 12 12 98523 1
11 25 28 20 57523 1
3 15 6 24 41136 1
3 7 9 21 63784 1
4 0 19 2 70248 1
8 8 12 27 90902 1
29 18 19 3 73425 1
25 17 22 0 63116 1
5 21 19 14 63976 1
11 10 29 16 90531 1
6 7 9 14 33573 1
14 9 22 22 61512 1
16 10 6 19 58449 1
13 25 0 21 52893 1
13 2 15 15 47654 1
5 26 23 27 66417 1
25 16 29 29 69207 1
28 10 3 17 109738 1
21 10 7 20 78813 1
27 15 1 29 122758 1
8 7 23 21 85672 1
21 12 28 23 65477 1
3 1 16 12 73592 1
8 21 14 16 40837 1
5 23 15 9 74819 1
1 18 27 11 103245 1
9 2 11 27 106449 1
15 20 26 1 84604 1
1 29 6 7 84268 1
28 0 24 16 62117 1
7 19 24 11 73578 1
13 27 22 18 50283 1
5 11 2 19 33198 1
20 21 28 0 91488 1
24 29 5 18 84248 1
12 4 2 5 36518 1
3 14 25 1 92592 1
5 18 22 10 83257 1
10 23 18 26 36042 1
15 16 1 22 65999 1
10 25 20 22 38193 1
2 5 9 9 39133 1
25 7 6 2 67952 1
26 27 14 6 93421 1
5 28 23 23 69771 1
19 4 13 22 64221 1
10 19 14 1 68000 1
9 12 14 27 61853 1
20 4 1 3 63275 1
13 29 26 17 74226 1
6 20 24 25 61777 1
25 27 23 14 46634 1
22 11 25 2 37421 1
10 9 5 23 73660 1
19 2 4 17 81528 1
21 0 20 13 53501 1
25 20 28 3 69864 1
3 1 14 22 91004 1
15 3 2 23 93111 1
27 25 6 22 67790 1
6 5 15 16 55592 1
11 24 7 17 43431 1
14 29 14 1 81791 1
28 27 2 26 87726 1
29 19 11 29 83716 1
3 7 26 13 88032 1
23 20 28 28 47354 1
25 16 2 11 87998 1
3 4 3 18 42760 1
15 28 14 4 75281 1
15 3 8 28 102028 1
8 7 28 13 84458 1
26 13 29 4 51885 1
21 10 4 14 67133 1
4 20 6 8 46420 1
28 2 8 9 89471 1
20 26 15 0 96674 1
3 6 19 13 62700 1
25 15 19 22 45071 1
8 13 13 19 40607 1
22 4 17 16 59489 1
23 12 6 10 78115 1
0 18 6 10 46222 1
2 23 23 22 69906 1
16 13 13 5 35806 1
21 21 6 17 53958 1
14 2 8 13 56628 1
20 6 7 11 58167 1
24 10 15 16 52574 1
10 19 2 14 44180 1
12 20 4 18 29996 1
14 17 21 5 53124 1
3 15 27 3 103803 1
1 3 27 25 135623 1
9 13 2 17 34438 1
17 16 10 23 53248 1
14 25 24 14 57460 1
17 7 22 12 39452 1
5 6 5 20 53056 1
20 10 6 7 56044 1
8 26 21 23 46095 1
20 2 2 24 107174 1
11 12 28 29 112846 1
18 17 24 23 38933 1
26 26 28 6 75451 1
5 8 7 20 53369 1
0 18 27 27 107235 1
29 11 11 20 83415 1
15 29 11 5 85356 1
21 12 9 14 45756 1
7 20 0 7 55852 1
21 18 22 6 48004 1
8 3 5 20 74002 1
14 19 28 27 66642 1
29 4 1 12 102209 1
8 23 3 17 38566 1
9 29 27 7 128540 1
4 1 14 23 92082 1
17 21 12 16 39021 1
18 2 20 16 56439 1
7 23 25 6 102479 1
21 8 9 22 90935 1
3 5 17 22 94103 1
27 7 7 8 66071 1
11 18 13 1 62746 1
12 16 8 28 69979 1
7 7 13 20 64528 1
6 27 27 19 84580 1
9 12 15 7 47782 1
12 20 23 27 53289 1
26 12 10 8 76501 1
21 22 1 2 113159 1
6 29 19 10 100981 1
27 27 2 16 106131 1
6 18 22 20 50722 1
17 2 26 23 98673 1
13 28 27 8 102381 1
7 3 1 22 75335 1
14 10 8 17 42399 1
25 19 7 0 112888 1
13 8 1 17 68119 1
3 17 12 11 55855 1
9 1 25 5 68207 1
9 19 4 9 56038 1
14 29 3 27 52221 1
20 27 9 2 112620 1
20 4 0 6 54483 1
6 29 6 14 58657 1
5 21 24 17 67296 1
29 21 4 16 91741 1
20 10 7 22 90407 1
19 1 25 19 70073 1
19 20 6 6 73092 1
21 11 2 22 92563 1
19 10 4 3 61341 1
18 9 29 3 58886 1
12 7 4 21 74636 1
12 24 1 16 59511 1
8 26 22 26 52293 1
19 28 3 29 76136 1
1 26 17 11 91808 1
7 7 6 25 71531 1
15 4 23 17 68861 1
12 19 28 0 101641 1
0 22 22 1 120429 1
20 1 27 21 87725 1
9 2 4 20 81066 1
10 1 17 9 52646 1
2 0 17 11 76270 1
14 16 28 29 87844 1
29 15 16 8 65509 1
12 27 13 4 77104 1
0 27 20 10 115343 1
12 17 18 21 35042 1
28 0 16 29 122598 1
15 29 20 10 84895 1
11 21 0 8 75291 1
13 27 4 19 54037 1
8 12 23 15 65934 1
28 25 29 5 87393 1
10 13 24 6 61703 1
10 23 28 10 100958 1
0 13 4 27 56768 1
21 3 25 29 92379 1
15 3 29 18 87111 1
28 1 8 27 133356 1
14 9 19 18 40081 1
7 9 13 19 62414 1
6 8 18 7 44331 1
22 28 1 29 90976 1
26 14 8 14 56757 1
19 28 25 4 88074 1
12 8 16 2 34039 1
15 13 28 19 64398 1
2 23 13 20 43588 1
20 10 22 0 49671 1
22 9 9 14 58556 1
26 0 29 16 74582 1
24 21 4 14 75100 1
15 16 20 25 43862 1
14 12 29 18 61316 1
5 8 27 13 87431 1
28 19 11 11 83799 1
6 13 23 17 69024 1
16 24 1 21 50214 1
2 14 15 21 60119 1
16 28 3 19 64117 1
13 1 23 26 101262 1
18 4 3 6 48058 1
17 1 28 17 86949 1
1 15 14 7 59327 1
4 4 16 29 105883 1
18 17 3 3 90588 1
27 6 5 23 109109 1
18 29 24 25 34045 1
11 5 24 3 47075 1
15 0 6 15 71507 1
14 22 21 17 33810 1
17 29 1 7 108425 1
26 4 11 21 88697 1
7 27 28 26 79710 1
24 3 29 23 81461 1
1 27 26 28 92816 1
20 5 10 2 48952 1
5 7 7 28 84883 1
17 0 26 15 77449 1
28 11 2 15 97408 1
28 17 21 7 57476 1
2 11 15 7 50251 1
3 2 8 14 54705 1
4 20 7 28 37501 1
0 13 10 17 52484 1
12 27 4 17 58786 1
14 10 15 26 49429 1
0 20 20 6 86882 1
5 29 25 4 127612 1
29 7 14 22 85060 1
20 14 10 11 50900 1
29 2 24 14 56501 1
14 15 21 25 47763 1
12 21 22 28 53462 1
1 11 25 27 111986 1
10 22 25 8 92010 1
3 4 23 24 111398 1
22 27 17 11 74625 1
14 0 21 9 48219 1
17 5 7 20 77314 1
8 12 11 20 55524 1
9 5 29 4 64551 1
11 7 11 28 85854 1
24 22 4 9 95035 1
8 18 0 10 52976 1
18 13 4 6 62123 1
11 9 24 17 69102 1
15 3 6 22 86735 1
4 14 2 22 28908 1
4 5 6 24 69878 1
21 23 5 21 55882 1
6 18 1 6 47088 1
10 18 12 9 44737 1
21 23 4 0 115687 1
24 27 4 3 122233 1
27 1 0 10 102090 1
23 12 15 0 71449 1
14 14 3 24 58513 1
17 19 3 15 61705 1
10 17 25 27 71800 1
0 10 25 10 95054 1
17 14 24 20 42831 1
8 17 14 22 31773 1
2 12 27 4 87379 1
28 15 12 2 89345 1
6 0 19 3 63339 1
22 23 2 25 57517 1
15 4 24 8 36594 1
15 22 21 1 82783 1
25 2 18 19 71687 1
25 14 15 3 63556 1
18 21 9 16 50035 1
25 4 7 24 103858 1
3 1 25 14 99881 1
22 27 1 0 135046 1
2 20 22 14 79079 1
19 0 24 24 86339 1
13 9 2 3 53531 1
26 6 12 16 65609 1
14 26 7 7 76688 1
8 29 20 29 68749 1
0 3 21 22 113085 1
14 9 27 8 52168 1
23 10 26 1 36456 1
7 25 24 15 74883 1
18 27 8 10 90167 1
23 18 25 1 53029 1
12 3 25 18 79880 1
