8250 8323 8467 7133 8170 7989 7682 7543 8415 7336 7148 8128 8147 7457 7890 8089 8239 6121 7166 6039 6638 6150 6530 5970 7546 7146 7181 7123 7300
8228 7581 7194 7637 6843 8174 7317 7652 6537 7615 4976 4489 5207 5595 5238 4412 4453 5754 5988 5762 5485 5470 5888 5585 5801 4433 5938 5154 5023
5873 5036 4986 3641 4942 4475 4182 4401 4709 5002 4309 3823 4653 4916 4094 5047 4090 4607 4841 4855 5089 4301 3624 4077 4830 4711 4979 4326 3928
7436 7871 7749 6840 7096 6880 6624 7905 7804 6674 6726 6796 6592 6441 6754 6735 7741 7114 7100 6656 7759 7443 6469 7657 6905 6585 7016 3852 2266
7943 7796 8262 8258 4191 4531 3602 3938 3803 3332 3301 3956 2988 4471 3035 3340 4568 3559 3681 3436 3308 4363 3130 4566 3993 3137 4612 2974 3456
3266 3534 3979 3794 4138 3197 4607 3215 4387 3154 4460 4827 4442 5077 4869 5853 5059 4771 4425 5265 4854 5121 5828 5726 5303 4613 5832 4683 5485
4529 5529 4703 5401 5548 4156 4877 4534 5815 4160 4664 5064 4142 4155 4723 4536 4395 6300 6942 7259 5853 6517 7031 7217 5954 6731 6255 6395 5805
2165 2701 3466 3110 3335 4732 5860 5520 5113 5481 5819 5724 4754 5756 4716 4708 4410 4432 5612 4511 5000 4649 4558 5240 4894 5072 5163 4378 5441
7450 7491 6349 7608 7753 7828 7357 6618 7222 7083 7414 8135 7762 6610 8218 6695 7826 6694 7799 7298 8011 8276 8306 6577 8267 7216 7594 6838 7834
1968 2611 1871 1193 1309 1132 2054 2274 2123 2623 1252 1179 1810 2115 2488 1653 1392 1249 2692 1085 3159 3977 2892 3180 3029 4236 4126 4237 4419
7018 7297 7844 7865 7550 7534 6967 7905 7154 7891 6843 6358 7463 3491 3865 2941 4359 4132 4473 4347 3338 3315 3445 4135 2942 2998 2818 3120 4370
2484 2577 2643 1214 1274 1961 1358 1148 2589 2438 2715 1683 1430 1208 2053 2501 1191 2489 2812 2285 2105 1288 1568 1255 1501 1376 1604 1594 6838
5755 6340 5170 5663 6458 5739 5448 5534 6675 6118 6430 6061 5120 6608 5634 6010 6336 5266 6354 6349 6568 5442 6216 5674 5768 5678 6650 7251 7127
7373 7067 7009 7722 7573 7142 7730 7515 7003 7492 7758 7770 6368 8075 7931 7728 7573 6684 6586 7604 8020 6328 6688 6961 7602 7612 6699 8071 7536
7789 7957 6755 7455 6758 7768 7149 6642 7709 8033 8025 7697 7584 6792 7260 7083 7309 8282 7058 7586 6837 6871 6015 7484 7406 7235 6582 7485 7275
4289 5724 5103 3760 4455 3685 4510 3538 4577 3654 4243 3994 4688 4686 4735 4312 4210 4176 4639 3941 4730 4680 5035 4182 4085 5127 4688 3734 4014
6379 7458 5919 6385 6412 7248 6117 7108 6781 6431 6495 6883 7347 6038 7634 6677 6072 7484 6860 7467 6335 7125 7562 6719 6564 6532 6770 7694 7722
4340 4521 4425 4952 3971 5246 5383 4299 5306 5325 5167 5586 5068 4806 5172 4474 4464 5300 5253 5443 5535 5211 4015 4110 4275 5317 4467 6725 6672
3820 2512 4243 3736 2624 3266 4150 3352 4143 2883 3926 3422 3386 2684 3961 4063 4118 2630 3515 3446 3058 3789 3985 1862 3176 2767 1630 2408 3347
3050 2561 1963 3247 5571 5954 6155 5690 5581 6172 5818 6236 6758 6775 6008 6006 6752 5931 5633 6127 6856 6642 6292 6464 6295 7264 6056 5656 6269
2084 2478 1471 2066 1747 1673 2829 2917 2080 3092 2660 2084 1920 1574 2452 2458 2517 1824 3074 2991 2329 2164 2523 2807 3061 1868 1829 2548 8147
4984 4775 4429 4792 4682 5024 5055 4596 4259 4808 4192 5581 5485 5369 4287 1772 1533 3036 1551 1452 2440 1611 2407 1496 1622 1442 1710 2292 1775
5318 5040 5601 5714 4521 5021 4866 4852 3675 5040 4065 3980 4640 3811 4820 4597 4357 4197 3705 5124 3699 4339 4111 5038 3989 4958 4149 4231 4965
7783 7486 6343 7055 6449 7929 7359 7554 7307 6442 7547 6758 6932 6350 7680 7100 7729 7453 8034 6647 7036 8003 8080 6927 7264 6824 7731 6465 6955
5053 5553 4895 6138 4958 6163 5015 4910 6035 5891 6161 5398 5169 6080 6279 6339 5214 6005 5224 5872 6176 4853 4914 4950 6089 5783 6331 6194 5877
3071 3102 1784 2428 2443 3236 2697 2358 2394 3388 2003 5808 5551 5677 5116 5807 4972 5323 5370 5677 4542 5758 5402 4442 4925 4400 5361 5714 5153
6895 7330 6498 6451 6999 8114 7743 7470 7217 7728 6830 7683 6545 6635 7617 8007 6449 7249 7240 7061 7328 6863 7795 6539 7027 5906 5933 6651 7001
7269 7434 6659 6165 6139 6880 7449 6263 6656 6636 6038 6258 7053 6546 6308 6334 7676 7503 2462 2483 2186 1263 1266 2257 2884 1781 1724 1763 2127
2435 2462 2116 1154 1317 1064 2049 2596 2049 2204 2137 1260 1580 2400 2704 1592 1977 2252 2116 2367 1060 2244 1850 1970 1378 1963 3194 2942 3026
4955 4722 7204 6593 6996 6568 6070 7073 6510 6959 6107 6514 6643 6859 5883 6603 6033 6110 6556 5898 6161 5769 6458 5688 7045 6921 6008 7004 6050
6447 5543 4879 7285 5051 4609 6719 3271 3934 3436 7178 7912 6566 2585 6757 5180 4664 4380 3245 4723 4568 1350 3849 6494 7680 6013 2164 5900 6827 5781
7719 6256 4768 8006 6089 4416 5815 2649 4626 3960 7856 7634 6060 2937 6400 4708 2579 4060 3071 5609 5039 1141 2853 6052 6239 6186 2316 7395 6524 6370
7429 5951 4246 6916 5552 3999 7081 3100 4983 4381 7362 3546 6556 3300 6927 4201 1748 5449 1891 4808 4977 2562 2785 5643 7700 4992 2012 7097 6925 6661
7343 5670 4097 6608 4943 3763 6530 2722 5076 3744 8252 2590 6363 5319 6750 5592 1669 3850 3258 6005 4780 2799 3378 5844 7637 5205 1754 6613 6522 6247
6057 5469 3611 6938 6134 5729 5979 7137 4988 3979 7152 3191 6224 4692 6281 4100 2900 5262 3095 5685 4203 2202 3364 6307 7259 4992 2151 7537 6880 6867
7599 5284 4381 7116 5828 6373 5944 7063 4311 4595 7553 3848 7135 4238 6711 5417 3070 4531 2721 5485 5216 1583 2831 6087 6464 4353 2733 7888 7580 6785
7168 5711 3914 6805 6625 5726 6494 7654 5374 3831 8557 2436 6229 4524 5699 4895 2902 5476 3382 6424 5277 2046 3779 5832 6637 3809 1574 8234 7497 7035
7595 5074 4552 6759 7139 6053 7099 7306 4074 3510 8662 3984 5897 4695 6210 4567 3234 4655 2508 4693 4776 1962 2697 5484 6521 5224 2875 7818 7002 7401
6223 5890 4116 6654 6412 6253 5699 8272 4991 3380 5597 3516 5706 4571 5811 4749 2453 5255 2706 5208 5525 1317 3903 5941 6347 4071 2376 7623 7854 6328
7603 5094 3773 7593 6210 5635 7112 8456 5433 3468 6579 2448 6626 4305 5935 7701 3190 5491 2037 4770 4244 2430 3469 6062 6659 4795 1812 7685 6580 7015
7390 5427 5061 6911 5725 6473 5902 8505 4663 3734 5601 3688 7122 5356 2915 7512 2437 5162 2897 5002 5369 1374 2800 5500 7807 4320 2123 7398 6611 5880
6752 5611 4189 7843 6236 5549 5674 6792 3757 4379 6437 2745 6555 4154 3909 7143 3163 5080 2134 4833 5440 2599 3316 8276 6269 5270 3507 6555 7588 6438
6806 5841 4117 7904 7066 6378 4505 7490 4786 3062 5397 3703 6413 5247 3603 7575 2933 4004 2030 5666 4682 2493 2414 7466 6578 4448 2624 6821 7172 6524
7375 6766 4397 7096 5681 5657 4054 7662 5432 3696 6349 3403 6939 5450 3395 8033 2043 5264 2075 4780 4358 2283 3340 8055 6326 5029 2271 7798 6274 7402
6393 7257 4745 7653 6701 5660 4395 7907 5114 3680 5865 3922 6534 4070 3503 7662 3155 4153 2189 6105 4912 2127 3444 7341 3822 5042 3539 7325 6752 6265
6948 6208 5016 7065 6139 5243 4499 7049 3933 3966 5708 3784 7233 4511 3451 7399 2706 4473 3039 4742 5661 3017 2904 8432 4006 5218 3476 7519 7650 7661
6089 7723 4018 6571 5671 5484 5558 6781 4713 4043 5644 4107 5293 5372 3813 7455 2419 4542 3006 4963 4925 2714 3444 7218 3750 4477 3102 7012 6871 7114
7737 6492 4905 7148 7128 5605 5464 7944 5290 3861 6721 3882 5162 5084 3339 7482 2820 4106 3159 5881 5211 2608 2763 8619 3936 3662 2776 8139 7416 6621
6805 7646 4334 5675 6126 4993 5269 8159 3949 3109 5952 3515 5097 4918 4033 8202 2538 4592 1946 4982 4689 2919 2507 7922 4304 4481 2535 7584 7263 5958
6541 7387 3587 6652 6036 6707 4318 7924 4921 3646 5726 2420 5198 5283 3066 7551 2725 5602 2702 5812 6012 2394 3854 7221 3004 3720 2461 6774 7623 7625
6484 7329 3689 7001 7125 5700 5324 7102 3176 4257 5947 3375 6099 4381 2934 7363 2477 5268 3253 5854 4941 2921 3425 7348 4313 4325 3454 7156 6286 6298
6457 6228 3571 6852 6565 5374 5063 7965 2676 3523 6137 3628 6030 4768 4036 8060 2978 5674 3336 4902 6281 2867 3219 7889 3456 4000 2997 8212 7844 6617
4235 6655 3815 6989 5686 5502 5271 7869 2760 4590 6155 3395 4859 4448 3475 8273 3286 5667 2132 5840 5239 1434 8151 8278 4632 4768 2671 6972 6686 6663
5576 6856 3658 6537 6837 5531 5522 8108 2437 3492 6302 2793 4606 4842 3286 7823 2182 4705 2808 4873 6029 2891 7341 7725 3688 4441 2374 6729 5186 6799
5171 7450 3898 5765 6757 5935 4484 8248 3229 3944 7001 2616 5416 4852 3171 7261 2457 4428 1993 5528 6338 2854 7354 7332 3383 5357 3176 6813 5406 7013
4144 6778 3833 6459 7274 5096 4301 8404 2201 2992 6073 3333 5005 4766 2897 8140 2453 4248 8060 6166 6281 1668 6857 8343 3461 5094 2179 8046 6077 7605
5300 7820 4818 5995 6628 6718 4086 6941 2080 3460 5662 2434 4879 4728 2906 8318 2695 5513 7267 5531 5821 1729 7795 8735 3817 4107 2231 7466 6016 6105
4718 6361 4101 5675 6502 5592 4358 7871 2187 4466 6491 2496 4914 4569 3052 7284 2874 5089 8407 4619 5147 1969 7414 8616 3670 4864 2845 7770 5708 6062
4040 7426 3862 7178 6020 5672 5707 8080 2617 3075 5821 3339 5852 5226 2946 6917 2181 4453 8209 6346 4659 2713 7860 8816 3889 3748 2458 7065 4799 7335
25 29 29 4 69488 1
7 10 2 18 44766 1
20 19 16 1 62740 1
29 10 21 2 46430 1
17 24 23 9 59653 1
16 19 8 10 41478 1
11 28 5 23 31847 1
17 5 24 29 89447 1
10 25 7 17 30318 1
17 16 15 7 43552 1
9 0 19 21 63796 1
17 21 2 29 54864 1
5 6 25 21 89242 1
16 12 0 18 67460 1
16 25 28 1 81669 1
2 5 15 25 92072 1
22 26 3 15 73089 1
4 18 11 11 31555 1
6 0 16 12 67109 1
19 17 2 14 59546 1
8 20 24 11 64536 1
1 1 23 16 104155 1
24 13 12 20 61879 1
18 24 25 20 31723 1
3 26 17 28 47109 1
3 29 29 17 91255 1
23 7 24 27 69926 1
12 8 27 3 72419 1
6 15 0 4 68902 1
21 6 2 23 89413 1
19 29 10 6 77533 1
9 7 18 13 46426 1
3 13 17 20 63468 1
26 5 20 9 29745 1
3 1 28 25 118117 1
14 16 27 23 44824 1
22 10 14 28 75601 1
18 19 15 10 43795 1
12 3 21 19 62179 1
19 15 29 23 49542 1
4 9 22 2 81982 1
6 1 17 27 85511 1
9 22 26 14 66089 1
22 22 0 16 68600 1
19 27 3 22 57529 1
7 27 14 24 36399 1
5 21 27 9 80314 1
12 8 20 27 66364 1
11 21 27 1 86304 1
13 27 4 29 39516 1
8 11 25 0 84362 1
9 15 2 26 41432 1
8 20 21 2 75569 1
24 23 23 11 50334 1
28 7 19 28 67738 1
1 6 22 17 95757 1
1 10 29 27 116355 1
10 2 6 26 59906 1
29 14 22 4 48730 1
5 7 12 22 54023 1
0 3 10 17 78990 1
20 28 27 22 31115 1
23 25 10 1 84779 1
16 5 23 16 56749 1
13 15 0 3 88762 1
4 6 15 21 66641 1
29 29 5 17 93312 1
22 9 24 21 43701 1
13 12 12 3 36758 1
28 22 8 14 66159 1
25 24 19 3 69366 1
20 5 1 27 94214 1
25 24 15 6 80652 1
1 16 17 9 63036 1
8 18 22 15 44313 1
6 1 14 5 48629 1
23 16 13 10 52020 1
20 15 19 5 29988 1
13 29 22 18 61264 1
4 27 21 7 87159 1
11 19 27 12 64025 1
6 24 28 1 108110 1
10 27 3 22 32584 1
23 22 28 8 44812 1
2 27 21 8 86696 1
16 8 13 0 51239 1
3 8 13 19 59619 1
16 16 21 10 28557 1
16 6 15 24 76151 1
0 17 25 11 85812 1
16 1 4 20 82699 1
2 16 8 5 44932 1
5 16 19 10 60514 1
1 0 7 4 45453 1
1 26 22 5 99350 1
29 19 12 4 87189 1
0 19 21 18 63510 1
9 14 26 15 58110 1
29 17 15 14 50087 1
9 22 14 6 51795 1
1 0 20 4 99224 1
19 13 3 16 56720 1
2 5 23 1 108972 1
25 21 27 7 39514 1
15 28 20 0 82878 1
2 28 14 22 43485 1
6 5 23 9 78629 1
5 7 13 25 64749 1
25 4 6 29 113358 1
10 2 18 27 72071 1
18 0 13 6 44171 1
1 22 23 11 79595 1
5 7 21 1 86809 1
13 18 15 8 41266 1
15 12 26 22 62695 1
10 3 19 5 53768 1
2 20 11 24 27475 1
28 11 5 26 81276 1
23 4 23 21 63652 1
28 6 8 0 90873 1
26 18 1 25 82994 1
4 29 22 29 68825 1
10 4 22 7 60281 1
2 0 6 19 83081 1
24 3 25 19 63982 1
12 1 17 8 45521 1
9 3 22 5 66371 1
19 15 22 0 52690 1
28 21 20 5 53640 1
16 16 0 21 45648 1
18 12 13 22 49938 1
8 6 28 1 88378 1
15 6 25 23 81185 1
24 8 14 11 40511 1
13 17 28 26 58313 1
7 27 19 14 63136 1
8 26 0 20 40703 1
20 19 1 1 98214 1
3 12 15 13 54531 1
10 7 2 29 76783 1
28 14 8 5 82783 1
26 3 11 26 93030 1
8 3 4 23 56039 1
25 1 19 6 33008 1
15 20 4 25 40001 1
1 24 23 19 77068 1
17 19 2 1 86330 1
14 27 29 10 79181 1
3 26 19 21 45146 1
2 22 23 1 105983 1
28 22 14 15 53591 1
27 4 1 28 120519 1
0 13 22 28 96061 1
9 20 23 29 60673 1
19 7 3 19 84584 1
9 17 20 0 67106 1
3 27 8 0 80661 1
1 12 23 24 92330 1
26 7 22 29 73819 1
28 16 19 9 41288 1
20 26 2 5 101295 1
24 3 9 20 85983 1
21 1 17 14 45015 1
24 23 9 29 66252 1
18 16 22 24 26722 1
25 11 10 11 50976 1
25 27 16 29 46149 1
18 22 4 21 34544 1
26 20 2 29 84748 1
2 12 21 23 78748 1
8 15 23 23 62172 1
7 21 8 6 38126 1
7 23 14 8 57764 1
10 19 25 22 50938 1
12 25 17 0 83322 1
15 8 28 1 56310 1
10 13 17 8 41662 1
1 18 19 27 68433 1
8 9 2 17 38566 1
5 23 6 10 51279 1
22 13 13 21 44901 1
3 11 14 21 49566 1
11 13 14 21 24019 1
2 18 12 27 43635 1
18 20 27 22 25998 1
26 26 12 18 50817 1
6 20 18 5 81490 1
2 22 11 24 26687 1
27 16 2 8 93906 1
4 14 24 27 82436 1
15 4 7 18 59373 1
0 8 17 9 70717 1
11 27 16 16 33474 1
11 28 1 1 88852 1
4 26 19 5 88901 1
24 23 9 9 68630 1
23 0 23 26 79496 1
2 6 26 16 96122 1
29 21 6 4 98864 1
18 4 0 20 96536 1
1 21 29 10 88169 1
27 25 12 18 49955 1
10 3 14 18 40402 1
17 8 4 25 78719 1
13 4 20 29 90969 1
0 1 7 27 105546 1
2 0 12 22 82887 1
28 26 10 3 89956 1
0 6 1 21 76642 1
25 15 16 16 29689 1
28 19 19 22 27729 1
1 22 13 18 36252 1
0 22 16 23 51184 1
23 29 4 8 102404 1
23 27 14 22 42707 1
14 5 10 24 61218 1
7 10 19 3 69444 1
12 8 0 28 76438 1
23 7 18 13 36741 1
18 18 27 5 57618 1
18 13 14 2 57815 1
11 1 9 10 24589 1
16 2 7 9 48743 1
0 29 5 13 81257 1
20 3 17 27 66312 1
1 21 17 16 46717 1
10 29 19 22 42263 1
2 3 27 21 110973 1
8 14 17 19 37253 1
12 17 29 3 80361 1
25 25 1 3 128702 1
18 4 5 0 71963 1
12 15 0 21 40821 1
26 18 14 26 53693 1
14 28 26 1 109211 1
29 24 2 16 81892 1
15 7 26 9 46008 1
6 10 11 20 36517 1
16 23 14 5 73818 1
21 3 11 3 50069 1
8 19 23 14 54810 1
11 6 22 17 53309 1
23 22 20 1 58294 1
8 10 5 21 32579 1
0 16 8 7 51008 1
8 25 13 7 61727 1
3 1 27 17 113045 1
13 16 3 14 39407 1
28 18 7 0 94370 1
0 22 20 6 84805 1
28 14 5 5 99669 1
18 5 22 26 60983 1
23 0 4 3 97760 1
13 23 14 1 71463 1
3 24 27 6 108798 1
22 5 5 19 84110 1
14 9 29 29 92348 1
6 17 24 20 64174 1
24 4 4 0 103728 1
1 9 25 5 96673 1
11 23 5 14 38618 1
14 12 19 18 41594 1
0 20 11 5 59370 1
10 25 0 0 102381 1
27 29 12 11 74784 1
14 21 9 27 22424 1
16 22 8 24 34106 1
25 15 20 10 30256 1
27 24 15 15 48238 1
8 13 3 6 47817 1
17 28 8 18 50145 1
0 27 16 26 46488 1
23 29 27 13 63568 1
8 6 22 0 76849 1
21 17 1 1 99424 1
4 9 14 15 51794 1
16 25 13 6 69121 1
16 8 3 2 66125 1
16 5 16 17 60548 1
27 7 4 5 102715 1
7 5 7 17 43106 1
25 15 12 28 70571 1
20 27 27 20 29490 1
9 7 6 17 30501 1
23 9 9 11 55739 1
25 8 12 2 62100 1
9 22 22 21 36499 1
14 23 8 18 29819 1
5 28 28 18 78026 1
6 12 1 0 73153 1
21 11 2 3 90726 1
4 19 18 10 64708 1
10 19 26 27 63042 1
17 15 8 14 36472 1
0 16 6 9 43657 1
21 11 3 1 88459 1
1 27 14 27 42648 1
15 12 4 23 57931 1
1 11 7 22 57495 1
8 29 17 12 76854 1
17 4 12 12 55497 1
14 10 3 26 62019 1
13 20 0 17 52151 1
26 6 2 27 107154 1
1 27 5 1 93606 1
22 20 10 8 59777 1
21 15 9 6 53949 1
18 9 8 4 49193 1
1 14 26 26 90731 1
20 27 13 21 32314 1
18 5 6 20 81490 1
5 16 0 28 63191 1
0 20 18 7 86496 1
21 3 22 28 68997 1
14 9 11 17 26356 1
7 12 29 16 73381 1
2 0 19 25 113417 1
25 21 14 24 42695 1
3 26 11 0 66544 1
26 0 17 7 56339 1
2 4 26 6 112815 1
26 11 22 26 48289 1
13 27 3 0 95438 1
12 22 2 18 33092 1
11 15 4 10 32786 1
9 3 15 26 55515 1
11 12 20 1 56177 1
18 4 29 6 52321 1
6 1 22 11 77531 1
8 26 8 9 43180 1
14 5 21 10 49634 1
1 26 8 8 62329 1
16 27 6 1 84712 1
17 3 6 16 71338 1
16 0 19 28 94898 1
14 8 8 27 62367 1
8 28 19 29 54790 1
3 1 0 24 101901 1
0 1 22 9 106132 1
1 2 10 12 57321 1
20 3 13 8 44584 1
16 6 14 24 76416 1
20 6 8 21 63010 1
18 2 19 20 55362 1
21 14 12 18 32331 1
9 8 1 17 40251 1
15 20 22 12 47046 1
5 22 15 10 53606 1
3 8 16 24 81700 1
13 29 21 27 45617 1
19 2 15 10 40649 1
4 26 17 10 69220 1
18 9 4 24 76570 1
15 29 22 21 41685 1
13 4 2 8 60963 1
29 27 4 19 79016 1
27 10 5 24 96716 1
20 18 27 21 22139 1
12 14 2 21 37620 1
22 22 1 2 102142 1
20 18 6 4 72043 1
19 14 11 19 37409 1
23 18 17 25 34235 1
24 2 2 15 98908 1
28 11 8 5 79398 1
18 1 27 2 37715 1
1 2 27 0 116075 1
5 17 24 0 103209 1
3 20 22 0 103351 1
8 5 23 22 77811 1
10 19 1 24 41569 1
18 2 18 13 39131 1
22 14 15 6 49550 1
7 3 26 29 109782 1
23 24 17 18 30105 1
21 16 0 27 74146 1
21 5 9 1 61737 1
26 1 20 25 79116 1
8 18 11 0 42250 1
17 3 5 17 79467 1
13 25 0 18 50134 1
6 20 14 24 38266 1
22 5 12 6 50809 1
29 26 15 3 97750 1
11 17 20 15 28151 1
6 13 9 28 52713 1
14 26 13 5 59283 1
4 4 8 28 93001 1
1 7 4 20 55879 1
24 14 0 20 79868 1
24 12 13 4 76113 1
27 1 4 19 105962 1
19 20 29 9 53398 1
10 22 10 11 27015 1
10 19 20 16 33991 1
20 7 2 14 78483 1
18 2 0 12 94211 1
12 21 10 11 26044 1
2 22 20 27 57684 1
0 16 17 14 56911 1
21 10 21 25 37680 1
26 9 17 19 52079 1
4 0 13 11 58235 1
26 13 7 0 98368 1
22 14 18 0 47336 1
27 23 25 11 32069 1
18 27 2 11 75650 1
23 0 17 11 52090 1
17 18 6 27 45678 1
4 15 20 5 73767 1
23 17 1 18 66020 1
13 29 2 1 102396 1
13 27 26 22 57468 1
27 22 18 14 39204 1
5 7 12 19 51258 1
7 13 3 6 43673 1
29 23 0 12 112575 1
10 25 16 20 28786 1
11 6 18 26 58288 1
27 2 16 2 44126 1
10 23 29 29 74016 1
5 26 10 15 36741 1
11 2 20 22 62415 1
12 20 5 2 60151 1
16 3 25 27 91432 1
5 4 25 19 96727 1
16 16 27 16 29030 1
14 4 21 8 48871 1
18 17 0 15 57984 1
7 5 25 7 79249 1
28 5 21 14 40162 1
2 11 1 22 52626 1
21 10 4 9 68354 1
16 19 4 14 46318 1
26 27 19 4 73919 1
25 5 28 25 47899 1
18 13 18 23 35249 1
0 1 9 28 103495 1
19 6 18 15 34534 1
23 2 29 27 72539 1
27 27 3 7 106047 1
13 6 4 4 56975 1
24 6 9 19 73541 1
3 23 23 4 106936 1
18 17 5 12 55693 1
6 26 26 0 109432 1
26 25 16 12 66243 1
13 5 23 13 69605 1
0 13 23 17 83035 1
23 8 9 2 63292 1
2 1 8 13 57344 1
16 28 25 21 45399 1
23 13 7 26 70078 1
9 24 28 15 66480 1
20 9 22 20 32570 1
18 29 8 24 46227 1
27 7 25 29 64892 1
11 15 17 1 54717 1
5 10 23 4 89736 1
17 24 11 9 53185 1
27 18 28 1 41320 1
14 23 20 0 75415 1
27 28 3 23 78707 1
5 5 22 29 103365 1
23 1 27 8 34269 1
7 20 18 4 80596 1
23 19 21 27 24922 1
28 20 27 9 27055 1
14 7 21 22 64987 1
17 18 7 29 52831 1
24 15 12 12 55511 1
13 4 24 0 68444 1
5 15 13 5 56150 1
0 23 15 9 73173 1
15 16 29 17 41040 1
15 14 11 21 29846 1
29 10 21 26 51256 1
26 3 25 27 66739 1
12 26 12 15 30550 1
5 19 11 23 23687 1
20 8 7 7 59432 1
13 11 15 0 51249 1
5 6 21 20 76756 1
2 0 11 27 86875 1
28 18 1 11 95750 1
22 1 27 25 73162 1
0 1 21 10 106767 1
15 0 29 2 67118 1
0 6 17 24 101236 1
14 18 4 17 29144 1
14 8 24 5 55057 1
15 6 3 24 81243 1
10 12 0 4 69277 1
18 1 16 22 68923 1
2 15 23 10 80863 1
17 25 6 12 68393 1
4 23 24 1 105539 1
4 21 20 22 38232 1
29 12 2 5 114189 1
11 27 2 7 67951 1
9 7 19 29 72524 1
18 6 12 22 67846 1
13 28 25 17 67997 1
0 3 15 28 112839 1
18 16 28 26 42569 1
18 8 4 24 80713 1
9 5 7 14 28583 1
2 0 9 18 67543 1
17 10 20 3 29253 1
27 21 14 8 70488 1
6 16 2 2 62582 1
15 21 26 11 56015 1
18 16 10 5 46796 1
1 7 1 27 90396 1
8 14 24 21 55695 1
26 15 29 6 35557 1
27 20 15 0 91014 1
3 18 6 25 39080 1
20 19 8 14 42881 1
11 1 16 22 56380 1
18 15 7 23 50474 1
10 0 1 6 64741 1
29 16 10 7 74355 1
10 29 2 25 32306 1
29 14 15 29 71244 1
6 15 20 9 59494 1
25 9 10 4 66249 1
25 3 16 23 80789 1
14 21 16 8 55612 1
22 2 28 25 65925 1
27 19 21 27 28400 1
9 23 16 28 42393 1
14 20 20 10 44833 1
25 4 11 24 81266 1
26 0 17 25 89645 1
29 6 9 14 81651 1
16 7 12 20 58226 1
15 19 4 5 68931 1
19 24 9 26 35477 1
14 22 13 11 36563 1
17 7 2 1 83947 1
0 12 20 7 87926 1
18 8 0 1 95740 1
27 8 2 20 92736 1
18 20 3 12 66924 1
6 6 13 27 72062 1
7 15 4 23 36575 1
19 13 22 21 27123 1
10 4 3 9 38141 1
27 21 13 2 82620 1
27 10 10 5 77775 1
28 13 2 13 90260 1
29 18 28 0 43557 1
19 25 12 14 54479 1
8 13 27 10 72789 1
1 15 15 26 57277 1
29 22 5 6 103090 1
21 18 13 20 34446 1
2 21 25 26 64146 1
6 25 16 3 89959 1
24 18 6 27 63797 1
6 0 18 18 70985 1
1 3 0 12 60116 1
15 6 6 24 76800 1
11 8 7 23 43789 1
15 8 11 14 28868 1
24 15 14 21 43497 1
12 18 29 13 57811 1
24 10 14 16 46203 1
22 21 16 26 25773 1
5 21 13 27 30530 1
23 20 24 3 69240 1
23 26 5 9 81233 1
9 1 15 14 43309 1
0 14 19 7 96022 1
11 9 9 1 21769 1
10 12 9 3 21765 1
28 18 7 29 78186 1
5 3 28 11 98460 1
9 3 28 5 79264 1
25 26 15 5 83460 1
23 27 19 21 27292 1
12 1 16 27 74460 1
27 10 25 29 58586 1
29 9 29 26 38587 1
29 22 26 14 28508 1
28 10 8 15 69606 1
0 5 12 13 67818 1
20 12 0 13 76088 1
16 29 29 5 90639 1
16 29 15 17 58832 1
16 14 0 12 67878 1
9 19 20 1 67748 1
29 20 18 23 36513 1
23 17 9 5 66183 1
23 8 14 4 54307 1
4 26 9 6 55584 1
23 7 2 8 91019 1
1 19 24 24 74028 1
25 13 4 16 72177 1
26 27 11 1 91356 1
27 18 21 28 33154 1
19 21 28 12 38775 1
29 22 17 23 42069 1
23 10 14 2 59867 1
11 21 17 17 26975 1
0 19 26 3 116817 1
15 15 27 20 45638 1
28 15 23 26 32744 1
28 14 17 17 38245 1
7 20 23 10 73344 1
6 1 0 18 70674 1
1 3 10 23 84722 1
15 14 25 28 65615 1
20 13 21 25 26109 1
6 16 11 29 38994 1
12 14 10 0 38021 1
11 2 2 23 63297 1
23 16 3 3 96366 1
17 3 9 23 78453 1
28 22 24 0 60700 1
2 15 18 14 55913 1
9 6 27 17 75904 1
7 25 28 11 82041 1
25 10 15 23 63704 1
10 9 6 15 29146 1
3 10 28 19 92926 1
1 16 24 14 69325 1
24 23 21 6 58838 1
8 0 17 27 79233 1
28 23 0 20 72985 1
22 22 7 18 45954 1
24 2 5 3 83817 1
15 17 27 27 51342 1
3 19 18 21 43504 1
15 24 16 8 71256 1
16 19 4 1 76426 1
14 10 21 20 48353 1
21 15 27 28 38165 1
25 7 17 10 34657 1
22 23 7 19 51610 1
14 3 4 0 58112 1
28 5 19 28 70851 1
28 27 8 21 59207 1
8 12 9 0 27295 1
16 7 3 8 65357 1
19 1 21 22 51271 1
7 15 13 29 53762 1
8 21 18 2 73605 1
28 15 5 12 80979 1
0 5 26 28 134608 1
23 29 3 27 73216 1
1 26 15 23 44975 1
28 19 6 28 75312 1
26 5 14 2 56987 1
23 21 10 13 49917 1
0 8 18 11 76246 1
0 8 1 22 75206 1
27 16 19 0 58749 1
17 9 15 28 74149 1
28 20 17 0 79352 1
27 25 17 11 53907 1
22 19 13 8 60826 1
23 28 23 4 85992 1
3 12 15 12 50264 1
26 25 29 11 36393 1
19 22 4 8 73736 1
1 7 10 15 54032 1
26 0 8 19 97316 1
29 9 22 26 50775 1
10 23 19 27 39518 1
11 29 12 19 26247 1
20 28 27 9 59936 1
17 10 7 16 47020 1
15 16 4 27 49420 1
3 25 14 23 44768 1
9 17 17 8 49087 1
2 12 16 5 70662 1
3 24 5 14 50557 1
22 10 15 17 38974 1
7 14 22 13 60873 1
5 2 7 25 73989 1
2 1 1 14 62691 1
20 23 2 12 77401 1
4 17 11 29 43922 1
13 19 14 0 66639 1
28 7 22 15 37833 1
2 8 16 12 66580 1
28 8 20 17 39845 1
24 24 19 2 64389 1
27 5 4 2 105816 1
26 7 12 20 79427 1
2 0 13 26 91402 1
25 7 3 0 108479 1
1 5 14 0 81513 1
9 12 27 29 75125 1
4 27 16 12 71441 1
26 27 9 17 65067 1
5 13 28 22 80491 1
25 19 11 16 44852 1
22 7 12 18 53511 1
18 8 29 14 44192 1
10 3 1 4 53097 1
17 18 1 22 46561 1
24 12 11 22 64188 1
8 10 29 1 90570 1
4 3 5 28 97333 1
7 18 29 17 64601 1
26 11 28 27 36837 1
6 0 16 17 70430 1
3 9 23 8 74375 1
18 11 9 25 60030 1
0 25 22 9 95867 1
14 12 14 28 66762 1
29 18 23 12 42404 1
7 10 6 23 50459 1
14 29 3 20 57734 1
3 9 29 10 96559 1
3 6 0 18 59940 1
11 0 24 24 83222 1
12 7 5 29 71920 1
19 16 13 24 49617 1
29 0 27 10 29977 1
18 29 8 15 55451 1
18 21 24 28 37379 1
14 19 15 7 53937 1
8 12 13 28 52099 1
11 18 8 2 36767 1
15 18 18 4 57736 1
28 19 22 25 29975 1
19 7 8 1 68128 1
12 25 14 2 60682 1
6 0 21 16 78384 1
29 0 19 7 50590 1
22 19 1 28 74675 1
29 14 25 7 23402 1
10 29 7 2 66544 1
20 2 18 19 43527 1
10 5 16 0 46013 1
15 23 26 6 77360 1
21 19 14 9 47142 1
21 6 12 1 53740 1
12 0 1 25 82057 1
9 22 25 20 48220 1
29 9 18 16 43617 1
27 5 11 13 74473 1
2 4 12 21 75557 1
18 6 17 24 64696 1
20 11 4 13 61536 1
1 7 10 0 58162 1
14 27 20 11 59480 1
14 20 1 21 33628 1
15 8 6 14 51405 1
26 27 2 6 116619 1
17 4 25 20 73572 1
12 20 5 1 63685 1
18 26 23 16 33304 1
26 15 25 25 42188 1
21 13 12 24 55068 1
1 13 11 16 40597 1
28 15 17 19 40395 1
16 2 13 29 89547 1
9 10 15 24 46897 1
0 9 7 6 44103 1
8 26 22 10 68678 1
13 26 22 24 30134 1
4 16 0 23 39084 1
19 17 7 26 48230 1
16 25 15 16 44896 1
9 4 18 28 67714 1
26 13 19 4 53390 1
6 24 22 4 103166 1
10 29 26 22 64071 1
25 20 16 3 80863 1
22 27 14 23 42469 1
16 20 27 15 50948 1
19 4 0 17 93039 1
12 18 21 6 53877 1
21 10 27 0 46548 1
13 11 22 27 63734 1
27 28 3 29 79392 1
28 20 14 29 61555 1
9 26 14 16 29944 1
14 20 23 19 40171 1
29 7 14 26 80721 1
6 6 24 1 93225 1
22 20 10 2 69773 1
22 21 13 0 82357 1
9 10 26 17 62908 1
28 2 28 29 54561 1
25 29 17 24 45775 1
27 14 19 10 36521 1
27 24 26 1 58998 1
18 16 17 2 49112 1
15 21 23 2 68485 1
28 9 9 21 68940 1
29 24 6 27 72463 1
26 17 12 3 78199 1
10 1 27 27 93493 1
27 9 14 2 62432 1
15 1 26 1 56095 1
9 0 11 17 36473 1
6 25 25 1 108948 1
22 1 24 27 78763 1
12 23 22 10 66199 1
16 2 14 15 62292 1
6 0 5 14 62624 1
0 25 17 22 55598 1
3 19 18 5 87992 1
29 3 2 29 122174 1
23 19 14 13 50350 1
4 2 3 13 53803 1
9 12 23 22 58921 1
12 10 29 9 63131 1
0 12 5 29 86793 1
14 2 3 13 65205 1
5 5 18 28 89544 1
23 20 4 27 64656 1
21 25 26 11 46786 1
5 4 28 9 100379 1
28 15 1 13 88093 1
19 25 26 10 61381 1
13 26 9 17 25108 1
19 25 12 20 39103 1
12 7 18 0 52961 1
23 14 21 22 25193 1
11 26 10 10 35061 1
19 19 20 3 42228 1
11 14 6 22 30947 1
29 10 2 23 94953 1
28 29 4 24 79823 1
17 17 29 5 61256 1
22 11 10 25 61246 1
5 28 29 22 80965 1
9 29 10 8 55867 1
28 2 16 24 76227 1
20 12 6 7 64646 1
23 15 0 17 75358 1
19 27 17 14 48386 1
11 26 1 9 64869 1
25 4 10 15 73212 1
7 13 8 22 32979 1
6 2 6 26 68787 1
28 1 8 14 89868 1
18 21 15 29 37369 1
4 25 24 3 110243 1
7 19 19 14 50357 1
19 9 12 1 50171 1
6 10 29 8 80968 1
2 24 0 5 91583 1
9 5 23 5 74302 1
13 12 15 4 43757 1
6 24 27 6 104355 1
7 26 2 12 65734 1
4 2 23 1 87277 1
17 9 2 28 83439 1
23 15 14 11 45333 1
6 3 7 15 50024 1
10 0 19 15 66449 1
2 13 15 6 66387 1
17 15 28 15 35551 1
0 4 29 0 137146 1
21 7 26 29 71003 1
3 6 14 4 70897 1
26 24 3 5 112649 1
0 9 16 14 67009 1
29 17 3 16 74189 1
7 0 26 4 91793 1
28 17 3 11 82318 1
23 23 16 12 58242 1
27 1 11 18 83068 1
24 26 27 5 56005 1
17 16 14 5 55087 1
18 2 24 19 59490 1
29 2 6 27 105346 1
27 14 7 23 74897 1
7 27 3 4 92141 1
0 21 27 9 90368 1
18 4 6 19 82056 1
2 4 26 26 120103 1
20 10 9 7 48133 1
11 15 0 13 45683 1
2 10 9 13 30409 1
27 25 19 7 62533 1
28 1 16 3 56608 1
6 17 29 15 73024 1
27 28 26 7 52342 1
9 14 0 29 68132 1
4 16 21 1 84175 1
20 29 27 12 59027 1
0 16 8 5 52175 1
25 6 6 11 74718 1
15 20 21 11 40636 1
20 25 5 8 79913 1
22 23 14 17 39818 1
23 4 6 10 86147 1
0 8 29 25 118962 1
17 9 4 26 70368 1
7 26 1 9 74055 1
6 5 7 19 52202 1
19 6 22 19 41883 1
12 7 4 17 49311 1
1 4 26 24 126263 1
8 14 25 25 72699 1
2 2 16 29 106400 1
21 6 3 1 92059 1
14 10 23 4 58766 1
28 12 20 3 39628 1
11 14 13 1 35690 1
9 11 0 27 60685 1
26 18 16 25 51573 1
4 17 26 7 91525 1
29 28 27 18 29440 1
15 8 0 23 77750 1
17 8 7 3 58301 1
8 25 27 26 57615 1
10 8 23 14 59283 1
22 11 16 2 44382 1
13 1 18 14 60703 1
15 27 7 19 40211 1
14 18 28 21 40149 1
3 20 11 7 49649 1
2 16 21 6 77495 1
4 15 6 2 55557 1
1 0 15 27 109619 1
14 25 22 8 72098 1
25 16 28 6 28593 1
7 17 21 20 43116 1
2 15 0 0 83208 1
0 2 22 6 104050 1
25 15 13 3 83008 1
29 15 9 4 82052 1
10 20 17 16 30565 1
4 1 18 5 76790 1
21 23 14 12 54670 1
13 14 8 27 43841 1
19 2 25 27 72256 1
19 0 10 26 83155 1
3 4 11 7 53097 1
8 9 20 17 48179 1
19 1 9 1 49727 1
8 8 29 17 78195 1
2 17 24 18 62911 1
26 11 15 19 52460 1
8 20 19 12 54459 1
3 28 13 9 67605 1
1 21 10 14 35185 1
12 25 6 0 70041 1
21 24 12 17 39622 1
17 19 28 16 38803 1
28 19 9 25 59641 1
21 23 25 29 32006 1
27 14 10 1 84482 1
1 9 15 22 71683 1
8 1 20 6 63600 1
2 28 9 15 50737 1
7 24 18 4 90662 1
27 0 26 15 45116 1
22 27 6 19 64040 1
8 6 23 28 90462 1
26 7 11 22 77380 1
12 6 17 19 48203 1
3 22 7 1 62873 1
25 26 11 18 50772 1
12 29 20 27 44594 1
4 19 18 12 59694 1
25 2 5 26 101848 1
13 13 2 29 65676 1
7 14 14 24 51776 1
22 7 24 19 49570 1
1 5 12 5 59969 1
5 23 29 3 104204 1
15 11 11 23 36386 1
19 11 23 22 37701 1
22 13 12 8 54643 1
27 0 25 15 45512 1
3 19 9 5 47442 1
2 24 7 18 36986 1
8 24 9 15 27626 1
14 0 2 0 74654 1
27 29 29 14 34048 1
25 26 15 25 34149 1
14 25 22 29 40367 1
16 18 9 24 32298 1
2 21 14 10 55908 1
13 3 27 10 80474 1
16 22 12 7 52145 1
28 3 18 19 58012 1
10 3 4 15 48697 1
2 4 17 12 83718 1
11 18 17 25 38026 1
26 17 9 0 82066 1
15 24 7 13 51922 1
6 29 3 6 99086 1
24 29 18 24 40249 1
2 2 0 22 86682 1
10 10 17 25 58897 1
16 29 1 25 58197 1
29 29 16 0 112180 1
26 24 2 13 92630 1
