6890 6828 6822 6391 5787 6964 6677 6089 6260 3192 4187 4448 3928 3979 4460 4084 3539 3225 4146 4387 3655 3185 4018 3307 3291 3480 3978 3943 3517
3290 2946 3270 2982 3638 2648 3312 3009 3108 3461 2891 3206 2611 3537 3525 3409 2693 3424 3593 2729 3265 3248 3668 3804 3496 3614 2602 2834 4038
7052 6495 7257 7660 6904 6822 6607 7233 7402 6519 6690 7542 6842 6892 7036 7517 7690 6404 6745 6528 7073 6638 7664 7629 6536 6685 6659 6837 4787
2826 2059 2645 2564 2038 2819 2842 1725 2231 2637 1762 2602 2626 2313 1750 1963 2255 2394 2707 1710 2748 2761 2111 5872 6293 6399 5768 6640 6300
6225 6657 5880 6370 6058 5910 6201 6501 5678 6280 6106 5885 5863 6103 6134 5651 5567 6392 6490 6148 5720 6131 6153 6082 5459 5615 5629 5818 5919
2375 2702 2564 2048 1859 2282 2709 2499 7641 7512 7791 7655 7268 7557 7523 7313 8017 7697 8180 7650 7301 7751 8342 7692 7668 8008 8073 8261 7583
2848 2600 2814 3503 3508 3235 2423 2469 2917 3262 2518 2417 3071 2950 2544 3360 2608 2867 2466 2357 3019 2860 3386 3504 2443 3437 3076 3552 2607
5550 4979 5262 5516 4856 5729 4918 5051 5801 5780 4931 5047 4825 4608 5501 5911 5868 5134 5381 5743 5641 5434 5877 6775 6770 7609 7010 7585 6772
3514 3222 3913 3702 3979 3868 3083 3924 3726 4253 3938 3662 4221 3696 3709 4287 3148 3547 4138 4154 3322 3178 6222 7184 7362 7113 6300 6968 6624
6614 6479 5751 2384 2297 2810 2400 2600 3023 2367 2199 2298 2689 2750 3397 2740 2640 2379 3430 3097 2994 2867 2147 2269 2154 2401 3414 2742 3086
3732 3421 4286 4195 4150 3741 4361 3422 3589 4594 3419 6702 6088 6277 6112 6659 6533 6205 6389 6444 6838 6674 6269 6640 6100 6284 6169 6301 6223
7076 7785 6704 7661 7137 7733 7698 6608 7314 7013 7100 7585 6747 7823 8076 8234 7633 8041 8252 8096 7870 7772 7463 7514 7488 8106 8397 8673 8468
3229 4047 3454 3260 3436 3873 3974 4175 3715 4280 3446 3466 4013 3469 3133 3244 4002 3814 3285 4170 4298 3504 4446 3351 4336 3535 5314 6175 5663
3882 3483 3168 3944 3702 3338 4195 3963 8723 7897 8641 8674 8136 8894 8401 7884 8200 8214 8838 8003 7863 8506 7757 8362 7755 8168 7721 8720 8641
7392 6985 7736 1612 2071 1698 2066 1273 2021 1747 2079 1421 2345 1714 2511 1837 1362 2355 1597 1977 1488 1435 2508 1413 2145 1644 2270 2536 1474
2561 2193 2290 3068 1862 2634 2509 2862 2614 3026 2420 2325 2977 2923 2629 2878 2794 2266 2388 2774 2359 1801 2076 2475 2389 1727 2085 3021 2838
3005 3493 3993 3781 3233 3565 3989 2033 2803 1730 2286 2877 2225 2506 1811 2799 2359 1906 2800 1988 2234 2886 2056 2776 2406 1935 2613 1887 1683
6786 6659 7550 7254 6855 6698 6815 6774 3212 2600 2169 2824 2644 2949 2522 3149 2183 2858 2426 2813 3037 2871 3118 2530 2005 3122 2395 3134 3008
4050 4021 4230 4462 4610 4722 4767 4750 5133 4065 5265 4448 4299 4881 5265 4922 4359 5102 4637 4935 4006 5075 4344 4615 4015 4658 5292 6890 6330
6598 7732 7215 6562 7341 6809 7440 7543 7269 7472 7573 7105 7563 7339 7235 7130 6742 2938 3714 3222 3421 2906 3141 2878 3588 2765 3937 3731 3019
2896 1958 2129 2583 2331 2764 6598 7611 7805 6979 6637 7769 7808 6925 7360 7138 6852 7607 7560 7372 6882 6690 6577 7344 7405 6824 7570 7780 6921
8191 8046 7751 7911 8517 8232 8376 8088 7594 7777 8684 8209 8150 8154 8208 8074 5226 5198 4985 4540 4690 5164 4203 4653 5257 5004 5306 5294 4962
6185 5988 6095 6272 5627 6384 6471 6043 5686 6504 6618 6371 6347 5529 6050 6020 5967 6106 6432 6171 6161 5531 6620 5437 7510 8641 7822 8245 8326
2269 2832 2661 1800 1891 2197 2060 2269 2739 2013 2186 2325 2085 2449 2690 1735 2440 2036 2788 2299 2643 5032 5243 5393 5465 5713 5247 6038 5624
6849 7005 7343 7783 7796 7627 7757 7056 6934 7893 7228 7941 5626 5671 6229 6571 6528 6775 5757 5739 5972 6500 6633 5786 6053 5658 6574 6181 6045
7940 8056 7946 7774 8707 7946 8767 7621 7659 7296 7844 8091 7244 7530 7856 7856 7230 8147 7306 7528 7629 8019 7428 7957 7076 7609 7311 7413 7095
2386 1421 1562 1496 1679 2275 1238 1837 1937 2175 2158 1226 2248 2029 2356 1441 1192 1996 2393 1679 2354 1722 2270 1253 2107 2182 2348 2378 2421
7187 8154 7135 7322 7922 7987 8174 7065 7483 8640 7732 8870 8382 8829 8712 7656 7778 8585 8627 8327 8063 8588 7768 8042 8211 8820 8804 8360 7833
2737 3059 3109 2908 2970 2501 3483 2925 3079 2458 3052 3447 2963 3024 2473 3626 2530 2434 2514 2364 3613 2786 2491 2592 2467 3651 3544 3870 3515
3098 3658 2681 2816 3064 2937 2984 3370 3062 3648 3641 2599 2736 3037 3522 3355 2805 3723 2628 2547 2931 3505 2884 3441 2495 2523 3493 4236 4127
6696 5697 3375 4793 2525 6845 6953 7316 5750 6882 8162 2354 2733 4094 7423 2032 5641 5138 6454 7323 7049 7711 8264 2584 3141 2925 5429 8415 2545 7192
5952 6111 3306 5084 2397 6870 6686 7505 4828 6332 7082 2509 2858 4405 7358 2049 5305 5170 6441 6996 6332 8095 7304 1926 3649 2740 5829 8105 2201 7182
6814 6166 3485 5270 1952 7459 6778 6908 4555 6784 3501 2004 2417 4525 8133 1570 5972 5050 6073 6735 6492 7443 8119 2663 3010 3403 6039 7949 2289 7245
6439 5192 3597 4772 1969 7193 6616 6793 4660 6119 3092 2601 3170 3368 7471 2538 6374 4939 6616 6631 6360 7408 7991 2141 3351 3369 5913 8616 3265 7053
6812 5815 3833 5406 2583 7329 6486 6856 5167 6182 3182 1532 3038 3579 7921 1842 6034 5566 6074 7881 6233 7951 7719 2146 3054 2655 5579 8621 2900 6831
5636 5320 3564 5044 2190 7205 6104 7275 5243 6681 3672 1935 2508 3174 8061 1747 6321 4941 5894 6659 6111 8054 8115 2050 3483 2529 5609 7737 2499 7316
6124 6281 3156 4545 2614 7003 6179 6808 5478 6456 3714 2373 2555 3734 8249 1395 5529 4590 6299 7908 6132 7892 7822 2512 3582 3745 5263 8760 2749 7681
5989 5623 4067 4223 2308 7608 6856 6411 5721 5999 3975 1976 3273 3639 7549 1537 5631 5251 6001 6700 6557 7515 8079 2300 3461 2751 6135 8050 5641 7834
5764 5342 4159 4863 2615 8047 6500 6810 4930 6329 3493 2432 3327 3385 5249 2238 5446 4427 6444 7300 6541 8439 6727 2084 3188 2949 5878 8350 5463 7107
6303 5756 4228 4534 2032 7792 6369 7389 5076 6722 3716 1790 2797 4141 5934 1931 6123 4534 6568 7572 6138 7372 5835 2862 3662 3542 5308 7756 5716 8029
6547 6258 4060 4484 2787 6893 6231 7108 5049 4488 4055 1796 3351 3301 5766 1378 6050 5285 6451 7409 6401 8297 6611 2013 3633 2534 5421 7644 4794 7566
6811 4670 4405 4734 1765 7197 7010 7594 5718 4188 3454 1916 2709 3239 5945 1555 5450 4513 6351 7812 6217 7834 6303 1804 3177 3147 5563 8370 5677 7821
6520 5315 3704 5359 2521 7184 7091 7165 4818 4380 3462 1949 3256 3501 6190 2027 6152 7149 7847 7578 5718 7830 5737 1875 2858 2629 5686 7977 4807 7562
6314 5549 4021 5055 2662 6818 6806 6575 4477 4660 3935 1733 3456 3118 5538 2362 6140 7593 7998 7767 5705 8720 5603 2986 2824 3302 5710 7909 5384 7749
6561 5499 4199 3318 2367 7277 6397 7593 5712 3744 3146 2208 2850 4026 6053 1447 5348 7840 7151 6730 5797 7575 5591 2804 2718 2932 6494 8454 4939 7453
6538 5216 4485 2715 2111 6796 6719 6644 4700 4194 4217 2504 2687 4128 5177 1483 6368 6881 8199 6721 6281 8297 5893 2483 2566 3096 5844 7997 5367 7018
6663 4639 4432 2931 2781 8074 6487 6448 5656 3591 3461 2200 2443 3547 5088 2008 5750 6735 7619 6842 5934 8719 6486 2519 3416 3270 5990 7715 5203 7055
5936 4466 4255 3261 2448 7955 7091 6373 4638 4708 3214 1821 1849 4068 5889 2320 5705 7529 7749 7335 5540 7944 6713 1836 3358 3031 5868 7818 4740 8209
6647 5524 3942 2892 2561 7390 6793 7149 5621 3554 4141 1767 2133 3417 5450 1945 5919 6939 8357 6618 5610 8255 6572 2404 5213 3430 6208 8200 5470 7638
5712 5040 4763 3141 2281 7257 6290 7290 4840 3653 3386 2572 2071 3549 5937 1922 5288 7248 8213 7532 6577 7936 5993 3963 4977 5289 5300 7909 5843 7665
6574 5627 4721 2790 2810 8082 6652 7374 5194 3559 4258 2167 1922 3809 5131 1434 5541 7548 7605 6623 5739 8145 6101 4671 4343 5418 6122 8356 5558 8548
5819 5161 4662 3177 2275 7198 6693 6805 4713 3965 3513 2069 2252 3808 5438 2407 3299 7144 8410 6704 5552 8703 5760 3881 4589 5298 5891 8217 5072 8184
6805 5269 3964 2761 1584 7578 6579 7274 5030 4578 4181 2533 1920 3018 6195 4862 3081 6962 7816 6917 5994 7715 6680 4377 4250 5657 6016 8278 5217 8701
6070 4778 4223 3191 1925 7953 7041 7987 7104 4263 3770 3890 1566 2903 6026 4156 3369 6705 7139 6994 6442 8260 6690 4466 5304 4756 5805 2534 5860 8064
5989 4758 3710 3735 2051 7635 6925 7620 6666 3674 3075 3370 1896 3778 5876 3920 3383 6804 7774 7535 6752 8720 6333 4078 4326 5579 5417 2545 5128 7727
3712 4645 4642 2981 2202 2205 7112 7643 5944 4764 4202 2937 1712 3277 4932 4179 3389 7453 8130 7432 6199 8635 6839 4882 5374 4927 5504 1756 5082 8033
3749 4511 3899 3485 2071 3055 6429 7599 6263 4511 3100 2835 2396 3843 5264 4469 2738 7796 7285 7009 6547 7846 6349 4305 5344 5808 6222 2235 5436 8058
4294 4802 4025 3021 2429 2358 6209 7427 6033 4797 3579 3449 1799 3885 5662 4191 2693 7188 8172 6947 6310 8550 6433 4570 4485 4939 4673 2013 5424 7850
4133 4605 4760 3539 4105 2609 6355 7790 7074 3819 3950 3063 1572 3692 6090 4729 2941 6782 7392 7278 5589 8106 6445 4397 4166 4603 4012 2312 5920 7690
7 0 26 19 88054 1
0 11 10 20 47879 1
0 6 5 12 36057 1
20 4 5 26 83483 1
5 8 15 7 40215 1
8 17 24 4 62593 1
25 17 11 27 76812 1
5 14 6 4 36551 1
6 28 25 9 87530 1
27 13 11 14 48794 1
15 12 24 6 37910 1
26 2 0 19 88014 1
24 10 3 19 62212 1
24 12 2 15 47748 1
1 9 11 17 46652 1
6 2 12 23 65987 1
2 29 17 12 76662 1
7 23 25 0 84821 1
14 21 25 7 56828 1
17 22 5 21 43660 1
9 21 8 5 51371 1
15 19 29 15 52310 1
14 14 5 23 37556 1
26 7 23 26 50985 1
9 3 20 9 46724 1
24 23 13 28 48796 1
11 13 11 29 62325 1
18 4 6 6 35754 1
23 21 15 28 48106 1
18 11 14 17 19569 1
26 21 17 12 35009 1
6 29 26 24 80672 1
24 5 10 6 48565 1
13 1 28 9 58927 1
17 24 10 17 43101 1
23 9 23 21 27689 1
25 25 13 23 51869 1
5 0 24 9 67820 1
20 7 6 21 76340 1
3 26 16 24 46032 1
7 6 29 29 106344 1
0 28 16 16 68412 1
9 9 14 15 21741 1
29 13 17 11 28648 1
26 21 2 12 70974 1
20 9 17 2 43335 1
7 25 19 17 53051 1
16 10 26 0 45813 1
1 23 19 19 54098 1
21 5 9 14 54838 1
10 26 15 8 54188 1
28 25 1 2 110639 1
16 4 5 27 78616 1
10 15 18 6 44007 1
23 3 28 25 57732 1
3 20 29 3 86287 1
11 15 5 2 46478 1
15 6 7 12 33637 1
8 1 29 19 90498 1
22 23 8 20 50650 1
18 5 10 22 64769 1
26 27 19 0 72220 1
13 5 28 22 74170 1
1 7 1 20 41196 1
26 14 10 29 83707 1
17 11 13 5 24614 1
17 20 11 11 31956 1
8 1 14 29 72206 1
27 18 4 25 86303 1
7 1 9 25 74622 1
15 28 1 5 80665 1
27 14 11 5 63303 1
9 8 3 20 40758 1
17 27 5 25 41943 1
13 1 13 18 47755 1
17 15 6 17 25329 1
15 3 21 26 73134 1
6 23 20 29 58065 1
27 26 28 3 55377 1
27 8 15 23 60358 1
8 16 23 10 44351 1
15 2 7 11 33767 1
23 4 26 23 42383 1
12 25 13 11 33772 1
17 19 18 29 36095 1
7 4 15 18 47021 1
22 2 17 9 41478 1
29 23 4 19 95082 1
5 0 18 4 40890 1
28 13 24 7 31754 1
8 10 20 15 33992 1
9 18 22 9 52176 1
6 12 14 19 30139 1
17 15 12 5 34503 1
25 22 4 22 73695 1
9 24 2 16 38160 1
12 14 19 2 48818 1
22 12 21 22 40557 1
16 23 5 25 32199 1
27 29 29 17 45530 1
5 2 20 15 58177 1
2 13 24 13 57008 1
28 10 13 11 38518 1
0 21 4 4 56001 1
10 14 1 21 42072 1
23 24 9 5 80216 1
0 24 0 13 41985 1
2 17 27 28 90832 1
28 28 2 6 104418 1
28 14 15 21 53430 1
2 25 18 2 89911 1
0 19 27 2 91913 1
22 21 11 4 69378 1
8 5 0 18 57487 1
13 27 4 26 46293 1
13 26 9 5 58045 1
19 29 4 16 70186 1
4 9 8 2 34921 1
29 24 17 2 81401 1
23 10 9 5 46610 1
17 0 13 25 66662 1
25 6 7 3 60668 1
1 14 27 1 80445 1
28 11 26 1 24062 1
24 16 15 2 53098 1
15 4 9 15 32566 1
19 28 25 20 54998 1
5 8 21 19 73938 1
27 10 3 13 60333 1
6 13 22 12 41081 1
9 26 23 27 64655 1
21 13 0 7 71857 1
16 20 11 11 28371 1
20 29 20 4 89683 1
18 14 9 9 34180 1
29 26 12 23 65168 1
8 25 2 0 79682 1
29 28 29 11 48732 1
25 15 6 5 68684 1
20 9 4 8 56890 1
11 0 15 8 38218 1
8 27 13 21 41047 1
18 28 2 4 87887 1
16 16 7 12 30418 1
12 5 17 21 50969 1
4 12 9 27 51813 1
11 8 14 18 34386 1
13 16 4 4 52871 1
8 29 10 1 88231 1
21 3 23 15 32642 1
11 9 17 17 33857 1
21 18 1 4 81301 1
16 13 17 23 25864 1
13 27 18 6 66625 1
20 22 25 6 67595 1
11 8 20 1 43340 1
10 15 2 20 30749 1
0 26 14 14 58961 1
22 25 13 4 72684 1
2 27 14 5 83117 1
7 9 15 17 39413 1
19 27 14 10 49843 1
5 27 15 25 41781 1
0 11 26 17 64888 1
26 0 6 8 65200 1
0 6 18 19 79977 1
7 23 19 0 81256 1
21 25 26 19 37602 1
7 24 5 11 42926 1
17 20 5 23 37318 1
18 4 2 24 78734 1
17 24 1 25 46775 1
2 23 23 5 81713 1
14 2 20 25 68654 1
18 28 7 26 50869 1
24 4 7 8 55668 1
9 16 3 11 23328 1
4 23 17 20 39464 1
28 29 27 13 42798 1
29 4 19 4 23733 1
10 14 8 6 32760 1
11 22 18 2 67700 1
24 13 29 26 44430 1
24 5 4 14 71950 1
14 8 5 24 53820 1
25 18 4 15 58964 1
15 22 11 14 31109 1
17 22 21 12 35427 1
11 14 25 29 79499 1
29 4 23 9 25939 1
17 25 29 0 85954 1
6 28 25 25 82420 1
16 25 5 4 66102 1
0 5 26 15 84103 1
6 25 16 13 46189 1
7 7 4 19 49283 1
5 24 26 11 70444 1
8 13 19 5 50120 1
17 2 29 15 59535 1
6 3 3 16 37553 1
13 12 1 25 60570 1
28 24 20 21 49760 1
2 19 27 9 75910 1
3 22 27 14 75865 1
21 10 19 29 74335 1
2 14 29 3 83864 1
13 5 24 13 44238 1
9 13 26 5 53739 1
0 27 22 10 91991 1
29 22 14 24 59933 1
19 20 23 2 63736 1
8 9 5 20 43291 1
19 15 25 20 35117 1
0 18 5 24 37841 1
23 27 29 21 31736 1
28 26 15 23 55242 1
21 16 2 17 50451 1
19 21 1 9 73358 1
1 27 6 14 45425 1
24 27 4 4 97625 1
24 21 6 22 68359 1
10 28 26 10 77415 1
21 26 9 22 46386 1
5 13 21 6 63878 1
25 27 22 3 56590 1
3 28 9 0 101202 1
24 19 12 4 61950 1
14 27 20 16 40294 1
0 2 21 23 95110 1
9 23 12 11 37772 1
15 13 18 22 34762 1
20 16 16 8 31571 1
4 2 12 5 28192 1
3 14 27 20 67811 1
4 5 14 13 46856 1
25 15 2 14 57060 1
27 2 12 19 69452 1
11 10 9 1 37882 1
7 25 26 22 66297 1
19 27 25 8 78606 1
2 26 29 2 114972 1
2 1 8 12 43567 1
9 22 26 2 75065 1
5 9 21 19 72459 1
20 0 28 7 35489 1
17 5 5 15 51230 1
2 8 28 16 73445 1
23 26 27 4 58248 1
28 12 10 4 53607 1
17 7 1 21 70931 1
10 6 5 15 37009 1
3 9 15 18 43625 1
29 24 2 5 107158 1
13 19 26 25 60899 1
0 15 28 13 62595 1
10 18 19 4 56794 1
16 19 23 22 38058 1
14 3 2 2 36352 1
19 6 7 8 58357 1
6 11 17 24 48628 1
21 2 6 12 55319 1
29 8 9 21 74486 1
14 5 29 29 82099 1
22 20 13 28 54774 1
9 17 21 20 55215 1
9 23 21 20 45370 1
11 1 0 22 89656 1
0 14 13 25 52080 1
13 27 26 18 64832 1
7 16 8 6 39909 1
8 3 11 25 66225 1
11 21 18 26 40452 1
25 24 3 21 72358 1
17 19 25 28 61747 1
4 15 10 11 21683 1
24 12 7 2 62133 1
15 24 7 18 42651 1
2 28 22 22 76044 1
27 18 3 15 62727 1
14 4 5 8 30843 1
19 22 8 1 75911 1
0 9 10 14 40766 1
17 13 14 21 21025 1
28 24 0 0 121104 1
15 9 27 25 61070 1
15 22 11 29 38563 1
10 7 19 8 47570 1
9 17 24 9 49482 1
25 21 10 9 68452 1
1 24 10 20 35772 1
23 23 8 9 70617 1
27 23 2 8 85925 1
23 0 10 4 40515 1
9 23 29 9 70990 1
8 6 7 21 58824 1
20 27 14 6 64859 1
28 11 3 28 94417 1
1 23 18 29 61173 1
9 29 9 13 44507 1
10 29 1 25 43813 1
24 27 28 18 34571 1
21 13 18 22 46364 1
10 29 28 28 94007 1
15 4 4 13 43528 1
26 27 26 0 50960 1
27 18 26 1 37551 1
29 14 7 0 85939 1
0 2 23 12 73611 1
0 27 21 16 81061 1
19 9 1 9 52812 1
9 3 24 12 50220 1
22 26 20 1 81710 1
15 20 25 6 58572 1
27 10 5 25 77191 1
12 14 23 24 55164 1
27 16 7 13 56866 1
3 1 13 16 58170 1
7 4 25 23 82929 1
4 16 19 24 53146 1
18 22 29 20 59658 1
11 17 3 12 33185 1
21 7 28 16 44290 1
23 27 8 0 104815 1
5 24 19 23 37469 1
16 25 25 19 57716 1
15 12 15 23 26783 1
18 0 2 18 80319 1
27 28 26 8 44880 1
26 3 0 3 67062 1
13 6 25 17 59433 1
1 18 24 19 69516 1
25 13 12 12 35605 1
3 28 22 5 103878 1
15 17 28 20 51202 1
28 26 6 1 105260 1
11 12 26 1 53726 1
9 20 2 14 34189 1
3 14 14 23 36859 1
19 1 2 22 92412 1
22 17 10 22 56459 1
15 8 23 22 53859 1
8 4 27 22 79818 1
26 26 8 22 67752 1
1 19 29 4 89654 1
9 14 11 22 35990 1
20 3 23 10 22421 1
23 22 10 29 69816 1
15 17 20 0 52180 1
18 28 10 5 74871 1
6 8 27 6 68384 1
17 18 14 0 52609 1
29 14 12 18 56225 1
13 28 18 4 60604 1
9 27 14 19 29186 1
28 14 22 22 45589 1
27 28 14 28 68076 1
21 10 12 6 46827 1
1 14 21 28 82599 1
27 21 22 3 50798 1
28 12 7 4 60562 1
17 2 28 11 49531 1
5 5 8 28 78319 1
16 8 24 5 39281 1
12 2 14 10 22773 1
1 0 0 28 84315 1
6 19 14 17 28923 1
19 8 12 15 37178 1
25 2 25 21 48548 1
26 9 7 11 45873 1
1 29 9 23 38210 1
4 6 23 25 100761 1
3 19 17 26 49343 1
20 29 23 2 90375 1
18 18 2 16 49362 1
8 11 1 14 24284 1
25 12 20 29 66923 1
16 3 14 13 24366 1
1 3 25 7 73608 1
5 7 22 29 108446 1
25 1 18 26 83726 1
19 13 9 2 51823 1
18 25 5 17 55040 1
24 7 15 23 60944 1
0 17 18 20 57731 1
20 16 2 8 59289 1
26 15 5 13 55174 1
20 2 8 24 71763 1
20 5 3 19 67695 1
1 18 23 2 79898 1
27 25 18 2 71066 1
2 28 23 17 83963 1
10 19 17 27 47852 1
11 10 20 24 53033 1
10 4 8 15 33100 1
20 16 5 18 47415 1
25 21 19 4 55976 1
4 27 29 9 100261 1
4 1 0 26 73705 1
10 0 29 29 109539 1
24 1 26 21 46095 1
19 0 1 7 69820 1
9 21 19 8 59322 1
7 28 8 17 45425 1
18 3 5 17 60115 1
10 23 25 10 58655 1
14 6 20 13 31701 1
18 15 20 27 50092 1
8 28 25 15 72446 1
19 0 27 2 35082 1
7 28 6 0 84763 1
6 0 6 22 62616 1
17 20 11 1 59927 1
14 6 20 19 54216 1
7 17 17 9 43495 1
5 23 25 22 65396 1
19 3 23 29 81163 1
2 0 22 0 79462 1
18 16 7 0 67848 1
17 17 4 25 54396 1
3 1 17 21 74567 1
25 10 16 16 35287 1
4 7 15 4 37567 1
0 10 18 24 68925 1
29 3 6 5 61155 1
24 10 13 29 66133 1
22 7 25 26 56706 1
12 9 19 18 45412 1
14 9 7 0 43851 1
3 12 11 3 43646 1
2 2 16 28 84686 1
22 15 7 23 45449 1
25 16 20 8 39911 1
0 5 13 7 47280 1
9 3 2 14 48391 1
27 24 8 2 89951 1
25 0 27 17 42164 1
22 20 3 8 73591 1
18 5 10 17 54430 1
5 28 14 8 65344 1
16 15 11 4 30824 1
12 8 18 27 62772 1
21 16 27 1 44028 1
24 3 27 28 60121 1
10 21 4 0 77827 1
11 13 3 21 38663 1
8 6 29 4 58230 1
12 3 1 3 31454 1
16 11 17 28 44152 1
23 27 27 0 61544 1
19 15 5 6 52307 1
0 8 19 1 75011 1
8 1 5 27 90193 1
20 24 28 12 55314 1
12 3 27 24 76397 1
9 23 10 4 53156 1
2 11 17 18 44973 1
29 8 4 20 85892 1
2 27 8 1 92705 1
0 29 28 15 106943 1
2 12 21 14 50423 1
26 18 16 25 52677 1
1 29 21 27 87108 1
17 2 24 19 64667 1
6 26 24 0 99753 1
2 12 25 29 95688 1
16 24 8 16 37034 1
23 15 8 18 42301 1
16 10 23 2 37231 1
0 21 8 10 52333 1
1 21 26 2 90101 1
27 19 27 3 40170 1
27 23 9 1 92043 1
5 12 18 2 51912 1
24 2 13 25 71845 1
25 0 2 23 96200 1
29 14 2 9 71478 1
2 8 27 18 78487 1
15 0 11 6 31476 1
12 15 19 12 20286 1
19 4 14 27 55245 1
19 18 13 9 42490 1
29 19 1 29 113408 1
12 12 28 26 69375 1
8 10 19 28 66371 1
28 18 8 0 86879 1
20 7 27 20 58866 1
23 28 14 11 69165 1
3 5 20 23 74425 1
1 1 13 26 84913 1
1 21 20 18 72941 1
22 24 4 12 71926 1
1 13 11 5 52619 1
11 15 6 29 50021 1
12 7 7 29 84244 1
9 15 22 17 36206 1
19 12 10 5 40223 1
15 29 4 2 81605 1
3 0 5 17 50162 1
25 26 21 12 42072 1
0 20 25 28 100518 1
12 22 22 15 38357 1
18 25 13 18 32152 1
17 5 2 6 51795 1
29 23 19 8 69166 1
25 6 7 4 55152 1
22 6 0 5 70352 1
10 20 11 0 73467 1
0 21 18 18 68969 1
25 12 25 25 31679 1
24 21 13 27 61918 1
28 21 7 9 77985 1
9 18 22 12 39154 1
22 4 18 17 48339 1
13 7 16 18 31680 1
22 23 16 3 67711 1
2 22 18 24 48474 1
20 10 14 4 32441 1
15 7 8 1 34591 1
3 6 9 15 31785 1
29 22 3 19 88084 1
24 0 8 11 61421 1
7 9 26 22 70435 1
26 0 13 5 40625 1
20 7 25 16 47522 1
3 29 21 18 92767 1
0 25 24 27 90586 1
11 6 3 25 78143 1
24 22 23 5 48676 1
7 2 27 4 55531 1
22 8 21 20 44361 1
17 8 9 12 26375 1
9 8 18 16 36944 1
21 15 11 24 37390 1
3 1 25 5 64594 1
7 21 21 24 51479 1
25 27 8 11 69664 1
12 0 2 2 43547 1
29 26 7 25 81970 1
15 17 3 26 55803 1
4 1 25 16 83884 1
28 0 21 24 76209 1
27 25 23 10 40533 1
26 22 11 18 64840 1
20 6 10 25 70319 1
23 29 3 25 86658 1
0 28 20 7 107923 1
25 28 19 1 76112 1
9 8 1 13 30768 1
8 12 28 20 64878 1
21 17 16 1 61434 1
22 19 4 22 73859 1
1 5 29 0 80470 1
3 25 14 3 70053 1
7 15 0 8 36536 1
26 20 20 27 45922 1
13 16 23 11 34364 1
0 23 17 26 47186 1
0 4 8 26 76761 1
3 7 13 28 68147 1
1 0 9 7 38623 1
24 16 6 7 60054 1
7 26 1 21 32489 1
24 4 0 6 66777 1
5 16 24 22 68974 1
22 21 24 5 52622 1
25 13 8 19 58259 1
3 15 13 25 41969 1
8 8 16 24 50950 1
22 12 14 26 41903 1
26 0 22 17 44571 1
26 28 27 6 48948 1
16 1 21 23 70814 1
1 21 19 23 48324 1
19 19 24 25 43948 1
28 9 13 9 47729 1
21 9 14 2 45297 1
29 14 0 14 71437 1
18 18 27 19 51419 1
29 18 23 10 32659 1
1 22 29 27 89844 1
13 0 1 10 59531 1
13 18 8 12 34968 1
19 16 29 0 63719 1
25 10 20 0 36249 1
24 29 4 14 93873 1
16 28 3 0 86086 1
12 23 22 29 58353 1
13 27 20 21 41410 1
28 3 26 22 41343 1
13 13 1 14 33408 1
3 26 15 26 44210 1
26 10 15 27 57481 1
28 21 22 3 52224 1
0 10 28 14 69991 1
15 20 0 2 74418 1
13 5 16 15 28623 1
12 20 25 20 64871 1
21 21 3 29 79459 1
22 28 24 15 49126 1
3 13 3 3 23846 1
0 19 2 7 45199 1
29 15 20 10 35967 1
15 6 10 26 59559 1
0 16 24 18 63463 1
11 17 10 27 44727 1
14 14 28 7 47885 1
2 6 8 11 28392 1
2 20 15 28 52208 1
17 1 6 24 76713 1
8 23 25 3 76421 1
2 16 13 18 42037 1
23 26 12 7 86109 1
5 29 20 25 65635 1
15 18 1 16 36963 1
27 21 11 10 62838 1
14 18 1 22 42035 1
28 22 4 8 89791 1
7 6 23 14 61211 1
13 29 1 28 56419 1
29 5 7 8 69622 1
20 11 1 28 80847 1
13 25 2 8 62445 1
16 26 23 1 72250 1
5 16 21 4 61788 1
13 28 14 6 47128 1
9 17 22 12 36775 1
14 17 7 6 46319 1
14 21 28 3 61785 1
11 24 0 3 78915 1
29 4 3 26 106260 1
27 28 17 21 56251 1
20 1 5 28 93671 1
21 7 19 17 57332 1
24 29 0 7 119150 1
29 27 18 17 61783 1
10 15 17 21 28726 1
3 11 13 23 47386 1
7 28 20 28 66850 1
28 8 13 6 53099 1
0 19 15 10 53814 1
19 15 14 4 30149 1
21 13 10 0 63850 1
12 19 11 7 51636 1
20 19 11 3 71162 1
18 4 5 16 54136 1
10 1 0 17 66832 1
10 12 22 0 62671 1
18 16 2 26 69763 1
10 16 14 26 33742 1
18 17 9 25 47061 1
18 17 9 15 25792 1
6 11 22 5 54181 1
11 0 23 0 56764 1
0 3 23 23 101516 1
8 13 29 4 66512 1
10 2 21 20 79744 1
27 20 9 2 81460 1
8 17 25 29 84958 1
0 11 3 21 29935 1
22 10 6 5 56715 1
9 29 23 29 80303 1
20 22 16 3 64330 1
18 3 0 14 65444 1
18 24 12 2 60873 1
13 0 16 7 32404 1
16 20 2 10 49886 1
7 2 22 14 68026 1
7 24 13 5 60710 1
24 0 22 28 78751 1
19 22 25 26 44505 1
28 23 29 5 51423 1
21 17 13 27 55799 1
3 21 5 13 24787 1
21 7 27 28 68169 1
5 2 7 12 32106 1
20 18 19 2 67192 1
26 20 10 25 63880 1
12 0 22 29 108170 1
3 20 27 13 66906 1
1 17 22 6 74504 1
13 10 8 22 48410 1
25 1 0 3 74690 1
15 16 19 28 42599 1
25 26 25 15 30272 1
22 20 12 28 59581 1
3 11 27 1 71374 1
2 13 29 10 70381 1
17 23 14 5 41240 1
20 1 1 14 69859 1
28 8 2 16 73321 1
24 8 15 16 41860 1
2 15 23 2 68323 1
5 21 27 21 86938 1
15 29 1 6 80855 1
22 2 20 18 59473 1
16 12 0 19 50667 1
7 12 0 19 37892 1
29 12 2 20 73074 1
17 9 28 16 38419 1
14 0 5 28 90987 1
29 20 13 2 77600 1
29 8 27 25 49565 1
6 6 25 0 64020 1
28 2 19 24 79918 1
20 27 27 16 55920 1
19 2 28 17 52882 1
25 11 5 16 56882 1
26 9 19 6 33198 1
0 20 15 11 55781 1
28 6 20 22 70672 1
0 6 24 12 72394 1
4 12 16 1 51512 1
10 18 5 29 53934 1
22 26 0 9 97236 1
11 4 6 26 70273 1
13 0 28 19 77799 1
16 0 24 8 46533 1
18 21 27 15 54589 1
19 13 14 27 39925 1
26 5 14 13 40492 1
0 20 22 23 67365 1
29 7 22 25 68046 1
17 29 29 0 97613 1
23 19 20 12 22317 1
27 28 16 20 59957 1
20 13 10 15 28765 1
1 20 24 6 84712 1
5 23 18 12 48809 1
10 17 29 24 79725 1
18 0 14 11 39093 1
7 29 9 16 50410 1
4 11 16 11 24144 1
21 25 19 7 79097 1
24 10 20 22 53019 1
5 1 10 12 39832 1
1 28 1 18 32853 1
26 12 29 5 20868 1
21 25 2 22 64222 1
19 10 22 29 80277 1
11 18 4 26 51196 1
9 22 1 8 54708 1
3 6 23 4 52121 1
5 16 26 28 79061 1
24 12 14 9 26940 1
11 0 6 11 48690 1
4 14 26 25 72816 1
25 10 11 26 68564 1
3 28 8 13 57936 1
21 3 17 22 65017 1
3 12 26 3 66482 1
0 8 24 29 114575 1
11 19 21 25 58055 1
14 10 2 0 53830 1
20 13 13 9 31001 1
10 1 23 7 49003 1
10 4 1 12 40084 1
6 25 17 5 74002 1
16 23 26 27 44967 1
15 3 0 23 72248 1
3 26 8 10 60859 1
21 14 11 24 45598 1
7 21 27 21 81437 1
14 12 29 17 44552 1
28 4 0 27 108689 1
21 25 13 19 44394 1
15 18 25 29 71680 1
18 14 16 22 26565 1
1 26 26 10 87322 1
22 3 20 11 26685 1
14 2 24 22 75785 1
18 14 26 0 46042 1
7 20 23 18 60252 1
8 22 23 20 61702 1
2 21 20 1 83935 1
2 22 26 1 93447 1
15 5 26 2 29949 1
27 6 15 25 67285 1
9 8 26 27 73065 1
17 7 25 15 45026 1
8 5 27 11 61891 1
0 27 8 23 32378 1
20 10 4 22 70690 1
21 2 16 27 73138 1
28 22 16 11 52091 1
20 4 13 21 54831 1
21 6 12 9 44465 1
20 28 14 5 68222 1
6 6 28 1 67019 1
19 29 20 17 46508 1
28 6 10 12 58833 1
17 29 2 20 62634 1
26 26 20 14 47087 1
28 3 24 11 27014 1
29 21 18 26 64533 1
2 14 21 24 67959 1
7 2 8 22 69493 1
29 19 19 4 55255 1
25 21 12 21 65740 1
18 15 9 28 46337 1
19 25 28 6 79224 1
22 8 6 23 71350 1
14 25 28 10 57416 1
22 14 23 23 33101 1
23 23 22 2 57545 1
29 6 13 29 86831 1
8 19 27 19 70905 1
12 18 22 29 77801 1
26 9 27 21 31093 1
23 0 20 27 91521 1
1 29 12 16 63031 1
11 21 4 2 78397 1
15 17 13 2 37839 1
2 13 20 21 69726 1
27 4 22 13 26873 1
18 20 28 16 51166 1
15 3 22 10 39269 1
27 15 17 20 45043 1
16 26 29 19 69333 1
20 15 2 20 49196 1
24 17 2 16 59193 1
14 26 13 15 22123 1
21 23 18 13 44868 1
16 2 13 25 54003 1
9 29 6 4 74727 1
23 10 19 24 54308 1
5 5 26 3 52245 1
9 25 29 11 68124 1
0 20 19 14 62020 1
0 2 13 4 37360 1
6 15 19 22 44169 1
25 3 9 5 44008 1
28 29 26 3 57224 1
7 14 9 1 48929 1
0 24 0 4 61348 1
5 7 16 20 55177 1
8 10 9 0 40218 1
4 26 17 23 42988 1
16 23 0 22 41251 1
8 9 24 5 60387 1
12 9 24 0 55019 1
13 29 22 22 49874 1
25 0 29 19 50704 1
0 9 13 2 57442 1
0 18 8 1 64345 1
15 14 29 16 41258 1
9 4 2 28 81413 1
6 10 28 14 55387 1
11 15 24 11 36221 1
18 17 4 13 43209 1
14 25 29 3 72825 1
21 20 27 4 51838 1
19 5 17 16 48336 1
17 23 5 27 46439 1
29 9 7 4 66140 1
18 9 20 1 35494 1
20 23 29 2 76188 1
20 13 29 20 46043 1
19 9 12 6 39048 1
2 9 24 21 83053 1
7 4 27 17 73429 1
24 0 20 15 49239 1
23 8 23 19 25486 1
18 20 4 28 62219 1
28 29 26 10 44587 1
20 6 11 1 40258 1
9 25 2 9 56779 1
24 3 24 27 56608 1
26 0 19 17 58285 1
10 22 25 11 62905 1
16 0 26 1 41669 1
22 23 17 10 52090 1
17 27 19 12 44566 1
6 26 22 26 63873 1
26 23 0 27 88366 1
24 2 13 3 36508 1
13 22 29 21 70136 1
27 23 19 10 50276 1
25 2 26 27 51795 1
25 28 14 12 62331 1
7 25 13 8 54537 1
8 20 11 5 61553 1
15 9 27 0 48124 1
20 25 26 1 75679 1
8 9 14 27 49151 1
6 5 20 23 71348 1
10 0 20 11 51396 1
19 19 6 16 47290 1
18 13 9 3 42655 1
11 17 19 8 48937 1
12 14 2 0 61547 1
24 10 14 2 45347 1
5 9 4 24 51711 1
2 20 1 6 47106 1
11 10 5 14 32264 1
12 19 24 15 42718 1
13 7 16 20 36468 1
13 29 1 8 77604 1
1 24 27 27 85655 1
1 28 11 20 54719 1
17 10 2 21 58488 1
4 2 18 15 58143 1
28 19 22 3 46247 1
14 18 21 7 55227 1
27 8 5 0 71871 1
19 16 6 0 68348 1
29 8 20 19 60358 1
26 20 4 2 84950 1
25 21 16 13 48312 1
11 0 11 20 73698 1
0 23 1 9 45978 1
10 13 3 16 23548 1
22 8 2 29 103102 1
12 29 17 24 33149 1
29 26 25 19 33400 1
26 3 26 25 41061 1
8 5 25 20 79571 1
26 5 4 25 86208 1
13 2 5 18 59872 1
14 10 15 26 32846 1
28 21 19 8 61174 1
23 5 15 16 41282 1
9 3 20 7 40393 1
5 25 29 0 104273 1
18 19 9 24 40789 1
16 7 29 22 65782 1
3 22 28 9 78845 1
0 7 2 15 34713 1
0 16 3 24 34256 1
15 24 29 0 81492 1
26 29 21 6 66407 1
18 2 1 10 60459 1
25 11 22 20 33853 1
19 10 26 6 33572 1
8 24 26 26 64903 1
27 16 25 26 27390 1
25 6 20 23 65718 1
11 5 0 7 47498 1
14 2 27 24 77302 1
19 16 6 8 48986 1
21 6 14 24 63214 1
15 2 28 3 37795 1
22 29 19 7 97743 1
5 13 26 10 54733 1
8 22 4 15 32295 1
3 20 7 2 52258 1
14 10 18 4 20583 1
10 3 10 16 43647 1
12 21 25 8 67525 1
11 25 12 1 64085 1
17 6 13 18 45229 1
19 18 0 18 63062 1
2 10 20 10 47005 1
15 14 14 2 32474 1
4 11 28 8 61754 1
20 28 16 1 84922 1
29 27 28 11 43640 1
10 24 26 4 72225 1
5 17 20 29 79520 1
20 6 2 23 82452 1
2 4 16 25 71509 1
25 19 5 16 66839 1
20 28 25 3 77292 1
8 8 22 15 44660 1
10 16 22 19 49725 1
10 28 0 5 88584 1
19 25 5 10 63217 1
24 6 4 2 62286 1
22 28 19 13 68562 1
23 16 23 0 36201 1
13 3 17 13 31606 1
21 26 17 11 58059 1
0 6 25 23 102564 1
20 13 6 1 63691 1
8 2 0 9 46225 1
13 15 8 10 23717 1
6 16 27 12 49415 1
18 20 1 3 77133 1
27 25 22 8 50315 1
4 25 8 16 41075 1
4 1 8 9 38821 1
24 11 2 25 81175 1
9 28 5 8 65366 1
28 26 0 8 105840 1
17 18 25 9 42913 1
0 26 28 15 97193 1
13 8 3 16 40828 1
20 10 20 26 64734 1
27 18 6 15 56600 1
14 14 9 3 32586 1
27 8 27 22 39518 1
24 19 17 11 38188 1
15 10 21 1 39986 1
11 11 3 17 29944 1
23 29 22 6 73412 1
6 5 17 16 48867 1
10 4 29 16 65858 1
26 5 23 14 22554 1
24 2 13 19 65344 1
21 24 26 8 54272 1
6 28 15 8 67182 1
