7721 6064 7984 6674 7535 7776 7628 6396 6325 6258 7884 7006 6398 6791 8551 6820 6232 6179 7117 8276 6565 7733 7932 6683 6487 7745 6350 8374 8118
6198 6825 8155 6695 6753 6738 5655 6457 5841 5718 7928 7145 7071 7104 5682 6040 6960 5717 8247 5875 8196 7783 6344 6510 7292 7956 6093 7126 6609
3191 5646 3398 3499 3355 3566 5514 5368 4069 3239 3510 4920 4911 3306 4768 5021 5667 4733 4732 5251 4818 5451 3886 4052 3943 3916 5600 4453 3818
4689 4833 4264 5081 3981 2879 3490 3252 3445 4209 3316 5160 3347 3778 5326 4313 3161 4957 4602 4587 2932 4688 3023 4699 4530 5265 4180 3619 4285
5882 5475 4973 4752 7252 5258 5994 5658 6283 4952 6624 6223 6574 4777 7149 6104 5865 6723 4788 6970 6417 6921 5150 5162 6482 5936 5178 6346 6394
3887 3751 2527 2251 3323 3599 3437 2741 2034 3244 2031 1975 2203 3029 1524 3889 2356 3700 3922 3738 3309 2942 3215 1471 3111 2246 2385 2009 1605
7767 7427 8329 8344 8048 6880 7975 8084 6686 8171 7197 8134 7310 8883 8580 7281 8380 8880 7698 7352 8392 6489 8554 8929 7846 8831 6791 8336 7503
3679 3823 4713 4397 5591 4539 4532 4635 3737 5955 5133 3795 3737 5614 5671 6002 4703 4458 3496 5509 4168 5474 3508 4290 5228 3866 4076 4803 5483
3292 2385 1863 2353 3840 2532 3470 4070 3328 4099 2009 3278 3217 2278 4169 3702 2031 2761 2450 2896 2435 2455 2913 4271 3613 3398 3904 2967 3027
2993 2164 3389 3605 3273 3419 2459 3320 3322 3498 2716 3616 3516 3308 3825 1593 3253 3083 3340 2399 3859 1545 3292 3976 2576 2361 4059 1870 3651
7361 8692 6848 6558 7783 7787 8217 7556 7864 7557 6751 7745 7765 6672 6803 7670 7942 7323 8704 8503 6348 7322 6567 6516 8475 7398 6821 8383 6534
6077 6783 6678 7110 5033 6790 6084 6446 7566 4971 5749 5687 7224 6536 6322 5527 7141 5440 7183 5782 6750 5222 6026 5633 4975 5238 6111 5412 5220
3495 3281 5701 3585 3561 3855 4279 3767 3960 3816 4796 3278 5712 3143 5341 5566 3210 3877 4215 4827 3574 3645 5415 4412 5091 4713 4417 5096 3421
6959 8406 6538 6147 6918 6383 8121 7721 6987 6149 7591 5966 6684 8236 8091 8473 7473 7566 8403 6612 5869 6900 7550 6462 7544 6119 8329 8190 6789
6556 6180 5863 6148 7464 7048 6864 6058 7759 6416 7343 7853 8190 7060 7574 7444 7401 6569 7187 6525 6806 6326 6166 6358 7232 7330 6522 6356 5640
6949 6910 6037 7128 7069 6985 4812 6260 6247 5584 6869 5408 4932 5064 6332 6218 5974 6223 6479 5788 6798 6535 5273 7108 5140 4779 5459 7363 5312
3465 3131 4171 5326 4396 5213 3406 4236 3812 4932 4425 3515 3706 4184 5049 4514 4898 4002 3265 3990 3569 3499 3143 5298 5574 3577 4305 4536 3450
3310 3645 2283 4075 3528 2081 4115 2447 3711 3346 3344 3503 2801 2122 3015 4500 2594 4461 3828 3459 3981 4239 2998 2438 2412 2323 4164 3568 3932
4996 3661 3130 3169 4418 4523 4192 4585 4539 3944 4521 4603 3525 4355 4454 4494 5256 4388 5343 4395 5201 5555 3719 3572 4067 4206 3065 3662 3550
2623 4084 4773 4272 4294 3143 4872 2895 4435 3159 4133 4845 3309 4844 3663 3619 3021 2902 3611 3021 4049 2504 4691 2900 2842 2945 4902 3734 2969
4920 4402 3592 3228 3467 4734 4627 3738 4893 3701 3194 3136 4268 5140 3783 5240 4668 3852 4877 3436 3151 4169 3599 4853 5000 3798 3686 5015 4986
2080 3290 2811 3884 2636 2098 1947 3117 2891 2741 3197 4555 3210 3507 4048 3908 3157 3984 3061 4280 3300 2836 2692 2597 3268 3576 3781 3374 2454
5306 4237 5426 4209 5034 4940 6539 4082 4766 4784 4227 5251 5604 4507 4482 4983 4660 4196 5011 6414 6437 4106 4226 6236 6322 6279 4900 4234 5433
5853 6158 6114 4704 7238 4742 5567 5354 5003 5880 5590 5637 4725 6673 6785 6027 4845 6790 6626 5646 5135 7250 5888 5264 5331 5499 4775 6036 5739
2378 3777 3587 2978 4026 2999 2676 3087 3928 2578 3077 1599 3877 3243 2853 2502 4168 3647 2781 2127 1666 3589 1597 3398 3942 3252 1617 4122 3198
4848 6784 6714 5716 6102 6271 4738 6836 5162 6672 4968 5304 5733 5150 6180 5110 5724 6015 6197 5322 5937 6826 5795 6489 5580 6670 6268 6238 5484
2537 2880 1947 2772 3870 3703 3804 3248 1884 3048 3546 3886 4200 3303 3654 3761 2342 2075 2465 4024 2057 3992 1738 4223 1751 4303 3464 1792 4129
3881 4034 3901 3022 2858 2604 4602 2539 4054 3614 4002 2532 2475 3331 3208 4558 2440 4763 3578 2446 4738 2293 3433 3552 3680 4725 2461 4007 3568
3780 3383 3815 4128 2806 1938 3905 2184 3066 2303 2601 2852 3046 3819 2534 2894 3054 2701 2152 3992 4029 4097 2751 2399 1975 2129 3982 2856 3001
3866 3643 2172 3047 2375 2991 2487 3204 3156 2942 2515 2482 3156 1985 3313 1869 1749 4084 3065 2907 3884 3153 3507 4283 3290 3270 2220 2390 2814
8630 4470 4927 6569 7013 4488 4785 3098 4201 4239 6707 7923 2760 2280 5316 7793 7445 4527 7967 7417 2239 5438 3311 3487 3656 4512 4282 4148 5397 4178
8683 4766 5439 4869 7291 5949 4501 4519 3271 4883 6489 6038 4914 3162 4127 7693 5821 5128 7164 7031 3321 6337 3532 3378 5638 3082 3334 2639 5403 3567
7315 5313 5743 6739 6264 5230 4542 4541 5208 5351 6912 6354 4753 3691 5896 7121 6517 4967 8151 7192 3142 5162 4950 3228 5089 4361 3449 3713 6973 3811
7687 6427 4032 5064 6443 6357 4050 4358 4764 3382 7432 5747 3032 3289 6488 6462 4860 6359 7142 7070 1515 6399 4726 3673 5108 3577 5325 3676 6290 1788
8650 4521 5486 5395 5063 4217 4682 4057 5480 3940 7148 6345 3104 3292 4450 6706 7213 6612 5858 8290 2660 5563 3622 2335 4994 3029 4313 1654 6190 4009
7970 4714 3468 6388 6694 5142 5930 4956 4166 4896 5231 7237 3519 1971 5321 5954 7077 6063 7119 8156 2667 5947 3402 3729 3317 3001 4909 1995 5250 1851
6530 4010 4212 5551 6620 5819 5377 4940 5378 5304 4793 7317 2895 3820 4631 7334 5732 6197 6258 6502 1568 7048 4803 4410 4428 5162 5523 2186 4770 2443
7192 4263 3699 6300 4781 4820 3956 2881 4027 3986 6982 7719 4417 4263 5982 6182 6473 6275 5731 6346 1433 4683 4793 3836 4266 5283 5712 3814 5187 4179
8155 4253 4447 6843 6308 4588 4108 2766 3499 4584 4959 6464 2536 2995 5927 6277 5920 5678 5729 7740 4029 6939 4777 2962 3896 5312 3862 3315 5116 2104
6258 4700 5211 5496 5625 5251 5748 3745 5874 5333 6886 6764 4802 2508 6120 6825 5601 4345 6880 8234 2585 6992 3354 4205 5220 3487 3561 1905 5062 2130
8250 6343 3864 6199 4988 4166 3856 3654 4567 4616 5454 8016 4836 3724 6528 7612 6162 6850 6055 8732 1994 5653 3587 3263 3799 5080 3131 2831 5596 3663
6178 4074 5090 5640 7067 5951 3980 4852 3370 4333 7289 6013 3242 2395 5573 5927 6617 6258 6692 8674 3330 6867 3321 4000 5814 3322 5035 3715 5036 4197
8103 5060 3675 5988 6349 4286 5471 4498 5256 4041 6599 7878 3040 2376 4446 5643 4961 5184 7799 6923 2224 5109 4390 2910 3780 4793 4060 1548 5617 3978
6667 4338 4171 6274 7107 5713 5620 3043 3454 5152 6205 7268 2642 3024 4487 6851 5092 6593 6079 7900 2306 5281 3942 2799 3947 4550 5499 2839 5165 4150
8362 4564 5336 5954 6796 5843 4837 4110 3991 5144 4905 6790 4786 2716 5903 5611 6262 4788 6899 8788 3011 6863 4750 3314 5748 3863 4487 1694 6893 1891
8138 5311 4099 5279 5419 4955 5928 4847 4547 4220 5594 8175 4842 3648 5433 6719 6835 5835 7382 6220 3127 6091 3690 2965 4683 4852 3783 2089 6260 2853
6108 4412 3775 6272 5119 4671 3965 3221 5471 4463 6247 7689 3415 2637 5097 6151 7114 6143 7670 8328 2898 4553 2883 2778 4263 3873 3945 3922 4737 3312
8517 5276 5437 5307 6974 5940 4075 4250 5853 3583 7362 5938 2943 4522 6111 6547 6536 4453 8069 6779 2661 5457 4039 4262 5669 3730 4939 4181 4956 1821
7638 6206 4768 5664 4705 4304 5687 4942 5889 5353 7081 8188 4553 1921 5221 7314 5156 4967 6699 7417 2002 6947 4142 3569 3623 4003 4378 4047 6396 1780
7928 6438 4681 5585 5084 6165 5743 4849 5716 2843 6902 6036 2673 3873 6496 6961 6739 4736 6533 7319 3989 4504 4271 3105 3900 3362 5637 3001 5473 2045
7565 6228 5888 5357 5678 4467 3575 2879 4229 2801 5601 7247 2965 1933 4474 6962 5808 6506 6574 6859 3182 5548 4337 3668 4016 4292 5668 3271 6384 2050
6978 4559 3655 6159 6238 5162 4401 5117 4067 2860 5352 6666 4379 2602 5982 6428 5890 6620 7956 8415 2110 4918 4959 3202 5314 3431 5588 3986 6863 3300
7935 5737 3949 7480 5608 5203 4972 2722 5705 4558 6526 6769 2680 2465 6273 6375 5718 4440 6796 8366 2347 6773 5024 3754 3498 5492 3952 2357 7041 2163
6981 5534 4883 6262 5589 4320 3406 4740 3344 2947 6341 7541 3991 3994 5172 5667 5078 5060 7530 6248 2657 5882 2594 4148 3491 4853 4345 2313 6032 1828
8244 4541 4411 4935 5668 4662 5859 2886 4780 4442 6968 8040 3205 3565 5882 6644 5492 5094 5650 8565 2108 6677 3172 4691 5487 3515 5665 3367 6168 3385
7974 4726 4240 6359 5107 5799 4528 4841 3297 3179 7084 6136 4563 4528 4208 7487 7043 6068 6871 7186 2285 5644 3482 3385 3342 4858 5709 3115 5153 2071
6262 6278 3329 6768 6545 6100 5623 2835 4650 4838 6356 7156 2565 3576 6287 6467 5101 4901 8081 7891 3083 5913 2826 4520 4600 4561 3602 2662 4690 2473
7973 6528 3720 5770 6988 6037 4517 4217 3343 5303 6956 7627 2850 2338 5253 6543 6182 5622 7880 7182 3023 4824 5026 3554 4033 4977 4866 2417 6521 3496
6439 5645 4043 6655 6557 4606 4690 5057 5351 4463 6204 7415 3899 2539 5120 5917 6965 5266 6379 7109 2965 5535 5018 3665 5413 3383 3934 3252 4619 1907
6 18 2 28 46954 1
16 9 3 23 80737 1
13 15 22 16 57175 1
7 7 4 0 39187 1
27 13 2 21 91848 1
20 11 11 17 53480 1
5 3 8 12 35466 1
29 13 10 28 100754 1
24 20 4 21 58992 1
0 18 20 17 78375 1
25 9 5 21 90323 1
4 22 24 17 68548 1
11 18 20 8 69579 1
24 1 18 19 80192 1
2 0 17 10 92532 1
15 6 19 20 60349 1
23 17 0 16 101655 1
20 12 0 7 83303 1
15 23 24 18 39930 1
20 5 27 12 42472 1
12 1 4 3 41029 1
13 26 12 14 57946 1
19 6 18 29 85645 1
15 8 9 29 90880 1
12 29 25 14 81385 1
1 7 15 24 97893 1
26 18 5 15 78607 1
22 9 18 16 36898 1
9 2 21 7 65035 1
17 28 18 4 85808 1
5 16 16 5 74538 1
8 18 21 9 66221 1
6 28 0 4 99996 1
23 8 8 7 64545 1
20 16 14 6 60168 1
2 26 8 15 48439 1
14 29 22 24 37519 1
10 24 24 26 58091 1
21 7 16 2 36302 1
20 18 12 29 60129 1
10 2 10 27 85718 1
13 9 28 0 86985 1
12 11 1 5 67512 1
18 16 10 8 60073 1
26 21 9 15 60541 1
13 29 13 10 90970 1
26 14 14 6 68395 1
14 0 23 23 110168 1
1 15 11 18 64433 1
4 0 24 28 138980 1
14 12 17 20 39823 1
17 3 15 12 38407 1
13 26 27 21 63965 1
16 16 22 1 68292 1
19 12 12 17 41413 1
5 3 11 25 80548 1
28 2 17 24 96893 1
2 24 12 21 43278 1
3 21 13 17 42816 1
16 4 28 21 90299 1
5 23 17 1 100323 1
5 13 25 13 60952 1
5 2 1 23 72947 1
22 16 0 4 116800 1
8 17 11 8 41526 1
23 24 8 8 93113 1
21 25 4 15 82010 1
14 9 24 22 73852 1
25 23 14 9 80140 1
29 24 25 14 46202 1
19 1 21 22 79356 1
3 14 28 6 101651 1
4 14 13 19 50021 1
14 29 13 2 114705 1
15 7 1 10 66621 1
25 18 18 5 68279 1
18 25 24 0 94348 1
24 21 3 26 77705 1
1 24 0 1 108159 1
13 25 1 5 102015 1
15 9 18 20 48317 1
3 14 27 12 81890 1
9 5 24 16 78802 1
5 6 1 13 31099 1
17 26 2 24 55558 1
3 17 18 27 72450 1
0 5 13 23 97647 1
21 19 1 6 104620 1
15 22 21 27 35067 1
29 24 12 20 60580 1
9 21 27 16 64580 1
24 7 0 19 110740 1
22 6 15 15 55294 1
17 18 15 27 35853 1
22 2 8 12 77376 1
13 5 18 16 62703 1
6 15 28 14 85122 1
12 24 17 11 59792 1
10 1 5 7 37827 1
8 6 20 0 74464 1
11 22 24 23 49210 1
20 16 15 4 63038 1
4 26 14 21 49549 1
28 2 9 29 131704 1
8 1 27 17 108741 1
19 29 0 22 72008 1
0 21 10 20 31724 1
13 6 6 2 41662 1
2 27 2 2 94373 1
6 17 1 3 62825 1
3 23 18 16 66868 1
9 21 26 19 52699 1
6 23 2 1 84382 1
17 19 9 25 40182 1
28 21 8 8 94518 1
10 13 1 20 42096 1
23 17 27 5 51751 1
14 24 19 12 58399 1
10 28 21 26 45096 1
22 10 15 14 39843 1
1 18 12 20 42070 1
23 19 3 8 95487 1
17 1 26 7 56478 1
5 1 9 21 68830 1
0 15 28 4 127092 1
21 20 2 27 70728 1
8 27 29 6 117739 1
28 16 23 21 29946 1
23 26 6 19 75500 1
2 18 6 11 44274 1
10 27 15 18 51290 1
23 17 23 7 40712 1
17 17 8 29 62471 1
26 2 26 28 80852 1
11 20 9 0 66670 1
3 15 26 24 92318 1
22 19 13 23 42545 1
17 0 15 28 102097 1
20 9 22 21 50369 1
3 0 14 5 68430 1
22 20 7 26 62602 1
13 2 17 10 42967 1
0 7 14 14 68553 1
24 5 11 22 88196 1
19 19 25 8 56366 1
12 22 22 21 40837 1
16 12 11 3 55847 1
2 21 21 0 114124 1
7 0 26 25 126517 1
3 19 18 9 77317 1
25 5 22 19 59956 1
5 4 20 27 107922 1
11 4 1 17 82789 1
24 18 20 9 40710 1
28 11 15 7 61837 1
4 22 18 2 102522 1
20 25 10 17 59653 1
6 5 22 24 108309 1
26 13 10 29 91302 1
4 7 29 19 106934 1
21 29 9 11 85216 1
0 18 16 19 60534 1
10 7 0 16 70149 1
25 0 0 0 134095 1
12 4 10 24 82140 1
23 19 18 11 50358 1
3 24 17 1 110374 1
13 26 24 29 41236 1
11 17 3 25 50368 1
26 14 3 8 89003 1
16 12 6 8 52268 1
10 2 9 20 62145 1
6 21 22 16 69103 1
19 17 9 23 44368 1
14 4 2 22 101840 1
28 5 23 0 39304 1
6 6 28 27 126495 1
21 26 18 19 31837 1
11 13 2 5 53522 1
6 8 14 6 42316 1
8 12 24 11 55866 1
25 13 8 6 74127 1
15 10 23 24 75267 1
22 28 7 18 77438 1
26 29 2 9 122051 1
5 16 8 24 31458 1
21 6 13 9 41514 1
4 10 11 13 32638 1
28 2 4 12 109286 1
27 26 15 13 74975 1
18 10 21 3 31514 1
10 6 27 1 90631 1
23 22 29 14 38300 1
14 10 1 13 61700 1
1 6 13 28 104928 1
13 22 19 11 59846 1
2 14 6 7 32762 1
5 28 12 19 43121 1
10 19 0 24 51722 1
11 3 18 26 107100 1
8 1 24 11 87937 1
17 4 18 23 68335 1
20 5 9 7 54575 1
16 7 28 8 49164 1
0 18 3 25 43967 1
11 0 8 12 54437 1
13 4 28 27 125715 1
18 16 28 17 51340 1
5 16 8 28 43357 1
28 5 9 24 106635 1
12 23 25 24 49359 1
14 7 21 24 78568 1
8 4 23 29 114945 1
10 2 1 26 101801 1
27 5 7 6 89416 1
9 21 28 3 104756 1
1 28 12 20 55093 1
3 0 24 24 130933 1
19 9 2 22 90612 1
3 15 28 28 109393 1
9 27 18 16 63976 1
13 5 7 24 82625 1
15 18 12 29 59532 1
18 26 24 4 84948 1
28 16 5 13 80641 1
5 3 11 16 60376 1
24 26 24 12 42642 1
21 12 8 4 71014 1
26 8 22 18 47098 1
11 13 19 29 74431 1
23 3 3 17 113732 1
4 8 16 7 52513 1
8 5 2 16 56374 1
28 4 20 12 48853 1
6 27 0 13 58546 1
8 28 19 4 111665 1
21 19 29 14 41845 1
14 16 7 26 61274 1
18 22 18 6 63580 1
26 21 2 11 96740 1
2 6 15 12 65187 1
10 14 21 19 61106 1
19 27 22 15 53140 1
7 20 1 26 36500 1
26 26 5 21 75886 1
5 3 16 15 69511 1
16 9 2 24 88017 1
12 6 11 22 69177 1
23 27 28 21 31207 1
20 19 10 29 62837 1
13 16 19 0 85558 1
8 5 9 22 54961 1
9 3 16 0 41431 1
22 12 27 0 54018 1
7 0 3 19 75467 1
10 28 2 0 110715 1
2 25 24 5 120277 1
2 29 22 25 70363 1
8 6 13 18 63787 1
29 23 8 6 111367 1
4 10 18 19 73743 1
21 29 5 8 98665 1
26 5 6 25 119881 1
3 23 19 4 106682 1
1 14 25 8 94931 1
14 27 2 28 37644 1
26 18 11 10 79329 1
27 14 25 0 52533 1
9 9 13 22 53665 1
26 10 3 4 108050 1
29 0 21 6 51168 1
13 27 8 7 74024 1
14 5 3 28 105705 1
8 3 12 16 57626 1
23 13 24 28 48498 1
13 13 25 0 80913 1
15 8 19 1 42375 1
11 23 22 11 77018 1
28 19 18 2 83994 1
1 15 14 11 64310 1
6 10 1 15 34827 1
19 7 15 19 60205 1
25 15 4 12 75434 1
25 26 10 1 127330 1
9 20 0 16 47617 1
25 21 8 28 73785 1
5 16 23 4 94311 1
18 10 13 26 74952 1
14 4 5 14 69715 1
27 14 28 2 38254 1
28 12 18 18 56363 1
11 8 24 12 61092 1
0 9 25 14 97350 1
16 23 24 8 68437 1
25 26 4 3 127620 1
29 21 25 9 46432 1
18 9 27 23 70514 1
5 29 12 23 39232 1
15 5 4 6 57334 1
17 22 3 20 42400 1
5 8 12 26 70718 1
7 17 20 24 62593 1
17 16 12 25 48942 1
16 24 0 21 63225 1
22 14 6 14 58272 1
4 22 20 5 101628 1
14 6 8 0 45048 1
3 2 5 27 79720 1
1 19 1 3 82078 1
8 4 10 15 46554 1
15 3 12 17 76085 1
4 17 22 28 90640 1
0 27 20 24 68645 1
18 8 1 27 103455 1
28 26 22 7 73686 1
17 13 13 0 63312 1
6 23 22 13 77210 1
0 2 11 24 106445 1
17 4 3 8 68904 1
28 7 2 18 115117 1
26 24 17 13 59034 1
17 20 27 13 48541 1
28 8 1 12 103209 1
16 25 24 17 47444 1
14 26 21 12 68897 1
18 17 10 0 87260 1
4 1 9 13 50686 1
22 13 7 19 64611 1
4 23 17 3 96730 1
3 6 24 12 87397 1
3 24 10 4 82473 1
5 6 3 15 33350 1
12 3 19 12 58846 1
19 18 7 1 90980 1
16 19 5 4 79009 1
16 3 21 26 93305 1
5 25 7 14 43129 1
23 16 11 26 79909 1
12 27 17 8 75331 1
1 0 22 19 133681 1
13 8 22 10 42491 1
28 29 12 0 141321 1
0 10 14 29 107864 1
8 27 0 1 107097 1
8 1 6 12 40539 1
0 13 18 8 72907 1
8 1 25 12 90617 1
12 20 28 2 96803 1
25 3 2 17 121273 1
23 19 12 7 84768 1
20 3 18 27 92084 1
6 10 11 25 65150 1
7 5 3 21 61490 1
20 22 7 8 80556 1
15 15 26 24 65637 1
4 19 17 28 63146 1
27 23 4 2 123829 1
16 6 4 11 64093 1
0 26 24 8 123047 1
9 7 11 19 51150 1
0 16 25 5 122503 1
7 29 12 24 34476 1
29 6 25 15 42086 1
7 21 2 14 44139 1
19 6 28 19 67192 1
23 0 9 12 90624 1
12 23 2 6 80734 1
20 28 26 22 37402 1
26 11 8 23 86184 1
19 20 10 14 49751 1
3 18 12 27 51220 1
4 3 17 17 80541 1
8 27 7 4 77900 1
8 13 24 17 60099 1
7 9 21 22 79670 1
17 26 2 17 70429 1
2 15 20 4 97667 1
18 9 0 25 101164 1
3 0 26 26 143140 1
5 19 26 2 115159 1
26 19 13 28 68519 1
9 3 10 27 77118 1
13 14 6 0 69885 1
0 17 11 28 71241 1
27 5 28 26 65482 1
25 25 27 17 32084 1
6 21 23 15 76737 1
12 6 23 29 110343 1
27 13 15 2 75121 1
15 27 7 1 99263 1
25 17 5 16 77485 1
3 12 11 14 34156 1
22 16 2 13 75172 1
23 7 24 27 63268 1
17 25 8 20 40405 1
11 8 5 21 58610 1
19 11 14 0 61805 1
11 20 23 24 48967 1
22 3 0 4 117253 1
8 0 26 15 101877 1
10 0 25 10 98846 1
7 10 3 1 47531 1
9 22 6 10 48699 1
0 13 23 8 89469 1
17 6 3 19 84007 1
6 22 24 21 60604 1
21 16 16 27 52793 1
15 26 22 22 36933 1
15 28 23 3 111126 1
14 8 11 26 84001 1
26 13 4 22 86010 1
27 19 21 28 41013 1
0 28 26 14 115717 1
5 0 12 22 83986 1
1 26 13 9 91485 1
0 13 28 23 108246 1
2 29 26 4 138603 1
3 4 5 22 61402 1
8 3 4 17 56610 1
3 28 18 8 100722 1
1 14 15 23 76787 1
11 3 28 1 84741 1
26 6 17 23 79175 1
11 11 15 27 75842 1
24 14 23 23 29078 1
18 7 9 21 71090 1
12 16 23 21 51121 1
23 18 6 20 57068 1
28 1 11 0 86354 1
9 27 16 3 104720 1
21 19 22 28 34550 1
18 27 11 12 73729 1
27 24 23 4 75009 1
26 9 2 1 118561 1
10 9 23 17 78875 1
13 14 19 21 51489 1
14 24 1 15 79529 1
14 22 29 4 95098 1
27 13 12 25 83141 1
12 12 1 18 66359 1
17 21 24 27 41389 1
26 15 2 8 97865 1
28 27 16 12 78614 1
5 10 20 14 57742 1
15 4 4 22 100821 1
20 1 26 5 39245 1
7 22 13 11 56310 1
3 13 26 11 79499 1
7 8 15 23 71501 1
6 15 16 3 85209 1
0 15 9 29 77610 1
26 9 19 15 42126 1
16 29 1 25 54597 1
23 1 1 12 112310 1
4 7 29 24 118629 1
1 10 11 16 61549 1
13 29 16 1 108380 1
25 17 10 23 64957 1
23 25 20 18 35111 1
13 29 11 6 94009 1
10 2 11 15 60434 1
0 14 22 18 96261 1
26 16 5 0 113201 1
19 29 20 5 86141 1
8 2 17 11 61642 1
17 16 3 12 54053 1
8 19 1 0 87438 1
26 24 20 13 48718 1
5 12 27 1 106933 1
13 9 6 29 83364 1
7 25 24 0 127136 1
4 24 10 7 67856 1
21 7 8 7 51656 1
11 17 10 7 46907 1
11 5 5 28 84163 1
4 1 24 5 102313 1
22 26 27 18 39241 1
15 18 7 9 65978 1
2 28 17 29 50177 1
12 3 20 18 83474 1
29 13 19 25 60893 1
19 16 4 10 68003 1
19 6 6 26 106210 1
29 18 5 7 101161 1
18 27 22 17 49462 1
26 18 10 22 57523 1
2 28 17 1 123032 1
29 17 15 21 55026 1
16 4 19 16 51709 1
22 0 13 26 115995 1
14 1 26 29 125255 1
24 18 19 8 47988 1
16 1 28 9 71522 1
2 7 15 3 73759 1
1 16 20 16 88294 1
21 29 9 11 85216 1
1 5 1 20 72986 1
11 7 2 13 47442 1
3 9 23 13 70168 1
3 17 18 13 63758 1
17 13 28 5 57153 1
14 6 29 4 74494 1
17 28 10 7 90313 1
10 17 27 5 94587 1
21 1 12 19 87684 1
9 9 25 10 71793 1
11 23 20 17 48030 1
21 3 5 28 114496 1
9 14 9 1 41605 1
10 26 12 14 53741 1
6 6 2 17 51721 1
2 29 2 10 75581 1
20 15 0 0 121302 1
6 18 12 14 41695 1
16 7 21 12 32706 1
20 25 0 8 111241 1
4 2 24 5 99700 1
12 1 15 12 54347 1
2 27 14 5 105799 1
28 4 15 29 103752 1
3 4 3 28 82779 1
15 2 9 27 105949 1
0 21 0 3 94133 1
9 6 17 12 48276 1
12 10 1 14 53167 1
3 19 25 21 66927 1
10 23 22 29 51862 1
0 9 7 5 44567 1
7 17 10 27 40024 1
15 2 5 27 110351 1
14 1 21 4 43007 1
0 16 15 21 69865 1
4 13 17 23 66673 1
1 14 16 9 67723 1
26 19 16 17 41520 1
23 3 7 9 86140 1
14 7 2 19 80540 1
23 13 25 5 32477 1
20 9 19 23 51938 1
13 18 4 23 46248 1
6 3 22 7 80819 1
10 21 0 22 42218 1
27 17 9 15 71949 1
17 9 3 11 62570 1
9 22 23 21 48305 1
27 20 7 5 102276 1
16 27 8 2 94704 1
17 27 26 23 42372 1
1 10 10 19 67696 1
11 5 26 21 101182 1
28 0 16 23 103509 1
8 4 18 8 52878 1
27 15 1 1 129390 1
29 20 14 14 70702 1
9 3 24 15 83178 1
22 10 15 7 36450 1
1 17 8 4 70101 1
22 5 25 16 47434 1
14 5 18 25 84594 1
13 23 10 14 46687 1
24 18 21 5 47962 1
7 19 10 28 37611 1
9 1 8 11 34175 1
5 4 16 12 61733 1
17 26 6 5 96960 1
24 10 19 2 42431 1
23 27 2 27 61739 1
10 11 11 26 58998 1
7 28 29 19 89886 1
29 14 20 10 40015 1
28 23 2 29 88287 1
23 0 13 19 104935 1
13 2 5 11 58853 1
9 23 2 17 38466 1
24 14 15 12 34756 1
22 14 19 22 41761 1
19 6 2 10 82077 1
14 5 24 22 87848 1
0 12 18 18 77915 1
8 29 6 8 68577 1
17 27 4 10 85463 1
4 15 25 6 94416 1
1 4 16 25 116402 1
28 10 15 26 85211 1
24 6 7 28 115658 1
26 7 3 25 115979 1
6 13 8 25 44057 1
26 17 21 8 45538 1
25 14 10 11 65961 1
17 1 18 22 75117 1
12 18 18 2 76209 1
21 16 1 24 85224 1
0 25 5 2 84132 1
12 8 20 0 63776 1
10 6 6 14 43323 1
27 8 19 27 80259 1
15 22 19 2 83074 1
1 18 27 14 102648 1
6 24 12 16 47989 1
7 15 19 27 72530 1
7 3 20 2 62717 1
24 1 1 21 128102 1
16 28 12 9 86842 1
29 4 20 26 87641 1
23 9 6 12 69067 1
7 26 17 21 50322 1
8 10 20 14 49823 1
9 0 8 9 31060 1
5 4 17 10 67376 1
28 25 11 7 110127 1
20 0 1 17 126907 1
26 15 21 10 35073 1
2 28 17 20 63347 1
18 18 21 26 37180 1
14 19 24 22 39764 1
3 25 14 23 43302 1
7 25 16 10 76289 1
2 10 7 27 66540 1
12 4 27 2 75583 1
21 27 4 22 62403 1
4 10 20 27 96692 1
21 11 28 25 62775 1
5 28 24 16 83531 1
14 3 1 23 108910 1
26 20 21 15 29897 1
7 19 17 18 39733 1
12 22 28 9 82180 1
29 7 9 24 102986 1
28 11 1 3 123197 1
16 6 6 0 65836 1
9 28 27 9 106132 1
22 25 4 16 82059 1
25 14 0 18 102350 1
24 11 14 14 42847 1
5 13 27 19 82200 1
3 7 23 12 80761 1
10 1 28 1 87098 1
17 25 4 16 67002 1
12 25 26 22 58228 1
15 18 2 10 81094 1
16 9 26 29 90697 1
7 3 1 11 54784 1
6 8 24 8 80216 1
9 19 25 22 51249 1
3 19 2 5 60464 1
1 20 5 12 34999 1
2 6 2 18 55026 1
6 7 9 23 57775 1
7 6 4 13 31948 1
28 2 0 20 127286 1
21 13 13 3 68124 1
0 24 10 2 100928 1
2 6 16 21 84676 1
18 1 12 12 60079 1
18 0 23 5 43044 1
22 20 18 2 75833 1
20 14 13 0 77913 1
15 25 1 21 66552 1
19 8 2 20 85619 1
8 1 14 17 76861 1
6 17 12 23 42812 1
19 8 9 0 65359 1
28 25 4 20 77408 1
25 0 20 13 58572 1
5 14 10 23 39767 1
28 12 17 19 57098 1
2 27 13 28 38542 1
15 0 19 25 99371 1
2 14 23 6 92240 1
27 12 25 3 38685 1
21 9 15 20 54183 1
25 24 7 11 91225 1
26 12 6 13 67061 1
22 13 26 22 38222 1
21 5 0 28 130171 1
12 9 24 13 53313 1
14 5 27 20 90069 1
23 10 0 24 116638 1
16 9 1 29 101387 1
22 5 0 27 126959 1
10 13 13 1 60770 1
22 5 4 22 102323 1
20 2 13 29 112235 1
12 7 15 26 88969 1
26 8 23 28 69367 1
17 20 10 3 80516 1
28 15 21 12 32549 1
24 7 0 19 110740 1
25 0 9 11 99048 1
16 7 10 17 61341 1
11 25 29 19 73241 1
25 1 9 24 117146 1
5 11 20 11 55816 1
26 9 15 23 75095 1
21 12 9 27 80887 1
26 24 21 13 46785 1
0 10 12 10 64921 1
9 20 5 9 41308 1
11 20 23 10 72059 1
8 0 24 8 87057 1
17 5 10 2 39896 1
28 26 1 1 152830 1
2 12 15 22 73157 1
26 19 19 3 73987 1
15 4 21 8 40201 1
5 1 15 1 46319 1
21 26 19 17 34974 1
11 18 0 2 95905 1
1 24 28 5 131396 1
29 10 10 25 99747 1
25 29 24 8 66146 1
17 19 0 20 47508 1
6 27 16 25 33818 1
21 25 10 21 51765 1
12 24 27 24 61034 1
13 8 24 13 53716 1
29 27 17 11 80991 1
5 23 25 2 119730 1
7 19 27 12 83462 1
16 19 13 29 47982 1
4 28 19 14 82351 1
6 5 26 24 115087 1
5 9 10 26 60518 1
20 4 10 17 82596 1
2 27 21 9 104957 1
23 9 7 28 108914 1
23 3 1 18 129544 1
17 20 3 11 66829 1
14 11 6 29 80968 1
20 8 10 23 82610 1
1 4 0 17 74160 1
20 8 2 7 78248 1
20 11 24 3 39755 1
20 27 13 18 58633 1
26 20 2 21 66648 1
12 26 1 24 49357 1
26 25 8 26 64160 1
14 24 22 7 84944 1
26 18 2 28 93177 1
22 17 10 27 70758 1
24 24 18 17 39036 1
11 2 27 1 75421 1
7 25 20 14 77296 1
19 12 21 2 34889 1
4 28 21 20 69685 1
4 25 24 6 109340 1
24 10 1 18 104458 1
19 27 11 19 51953 1
9 19 27 3 102545 1
17 29 0 15 102064 1
23 15 18 6 53479 1
21 13 27 0 60285 1
21 16 4 4 89439 1
0 22 8 10 58047 1
5 29 6 0 89424 1
1 25 13 24 51680 1
19 25 5 8 86466 1
17 7 11 19 65809 1
20 16 4 28 81452 1
19 17 9 6 67065 1
24 17 18 23 34839 1
22 22 26 14 35587 1
28 8 28 22 43140 1
17 24 7 7 80400 1
0 11 22 23 104966 1
25 0 6 10 112686 1
22 9 28 25 64585 1
15 26 12 6 93248 1
18 27 29 4 95780 1
29 29 15 21 62627 1
21 9 23 29 71026 1
5 14 8 2 43773 1
22 1 25 20 70910 1
20 4 3 17 102480 1
19 5 22 22 71159 1
6 21 26 11 89948 1
20 20 7 19 41098 1
16 19 5 0 91425 1
10 24 5 16 39345 1
21 7 12 0 60359 1
8 11 22 7 68655 1
15 6 19 22 66902 1
27 4 23 20 60761 1
26 20 29 4 53351 1
18 13 22 19 37807 1
5 7 15 19 67321 1
17 20 27 26 45007 1
10 5 18 28 101972 1
14 15 28 7 74602 1
28 9 14 29 91744 1
29 8 13 1 88020 1
8 27 4 13 52124 1
20 26 25 7 72250 1
27 15 3 13 82176 1
24 21 20 28 34337 1
28 2 26 28 82023 1
25 27 12 29 41731 1
0 20 17 19 47508 1
13 6 25 8 60378 1
11 4 1 23 89368 1
2 19 16 10 73555 1
15 15 29 3 83892 1
18 19 3 13 66967 1
23 22 11 13 67276 1
11 2 1 1 49331 1
27 25 9 12 87455 1
2 9 18 19 82512 1
9 20 28 5 93963 1
28 5 1 29 139128 1
17 22 29 29 50154 1
8 2 20 22 94575 1
11 28 29 0 133194 1
25 20 3 16 73710 1
15 11 4 23 67834 1
2 10 21 10 80741 1
1 25 16 13 77438 1
0 19 20 27 82330 1
19 22 9 6 75939 1
29 17 0 24 105032 1
9 26 18 27 28783 1
1 11 22 23 101244 1
3 20 3 10 42547 1
13 1 9 10 48626 1
8 23 9 13 31085 1
10 27 28 12 94832 1
16 18 12 27 43633 1
29 21 16 16 55349 1
11 10 0 9 55485 1
24 2 18 11 51333 1
29 22 4 4 122429 1
21 12 1 12 69473 1
5 29 23 15 93305 1
29 21 15 13 66264 1
2 6 13 6 51700 1
10 19 1 0 99678 1
18 27 23 10 74251 1
9 19 4 14 35675 1
15 7 1 15 77060 1
15 9 7 20 64251 1
23 11 23 0 49613 1
16 21 6 24 45614 1
17 10 5 24 72563 1
7 24 27 25 77187 1
27 24 11 22 63306 1
7 5 27 19 104722 1
5 28 16 24 43396 1
7 28 3 10 66636 1
13 14 0 19 66319 1
26 6 26 20 45240 1
28 12 16 3 71611 1
21 25 13 14 69304 1
16 12 27 19 57914 1
27 5 1 25 133463 1
5 17 1 6 45974 1
26 4 10 13 77091 1
28 23 25 1 78310 1
5 28 22 15 88512 1
0 1 1 21 98895 1
12 29 0 3 117551 1
28 26 2 5 133276 1
6 3 12 24 87697 1
8 6 1 21 67898 1
22 17 29 8 53063 1
19 12 4 13 49121 1
28 7 11 8 71134 1
2 5 17 23 97622 1
7 24 20 21 53062 1
15 10 25 4 61596 1
16 1 3 2 59921 1
1 29 4 14 59047 1
13 2 26 16 91881 1
13 4 6 26 99191 1
27 17 21 7 49972 1
9 12 20 25 70803 1
13 29 27 13 83040 1
0 13 23 25 104494 1
17 14 23 25 57307 1
4 0 29 0 125541 1
18 15 22 5 44759 1
19 13 17 26 47735 1
29 25 10 28 69250 1
28 2 4 0 113989 1
28 20 15 21 42005 1
17 22 13 29 34041 1
17 20 23 3 77356 1
23 29 20 10 71096 1
1 17 18 15 81015 1
19 27 13 10 84335 1
7 6 4 22 60687 1
13 27 2 7 88746 1
21 19 24 29 37775 1
22 4 16 10 42902 1
13 1 10 22 88033 1
28 16 23 5 48657 1
26 25 24 12 43352 1
15 14 20 1 65508 1
6 3 27 7 98843 1
11 9 20 3 60825 1
9 16 6 8 36897 1
15 15 26 14 50387 1
29 11 19 9 42827 1
7 12 22 0 90486 1
10 22 7 11 43823 1
20 5 1 10 97294 1
5 9 19 8 64375 1
0 9 15 6 70827 1
19 17 0 14 80172 1
8 12 15 26 67232 1
5 28 0 4 94746 1
12 12 0 0 90030 1
23 25 11 26 52324 1
8 19 3 24 28081 1
0 10 9 16 56493 1
18 3 8 28 110037 1
20 22 7 11 72027 1
26 14 4 19 82464 1
2 14 29 27 118767 1
10 18 27 10 86958 1
20 27 19 18 34464 1
13 29 3 7 91639 1
12 27 5 11 64192 1
15 10 0 18 90961 1
0 22 5 12 47949 1
10 6 26 12 77959 1
5 5 18 29 102567 1
19 6 8 4 58455 1
9 6 6 17 49091 1
15 5 21 22 76923 1
2 6 23 1 107842 1
7 9 25 8 79525 1
18 11 11 3 58845 1
7 16 28 24 83716 1
8 7 13 15 45508 1
8 26 20 22 53544 1
21 8 2 13 74497 1
12 15 8 9 32549 1
14 3 16 15 61744 1
3 13 16 22 64081 1
13 3 2 25 106227 1
7 17 3 24 37215 1
20 24 7 18 58649 1
11 3 24 11 77397 1
27 28 4 16 103074 1
1 19 18 21 55547 1
29 9 25 15 33239 1
14 11 24 26 82476 1
29 11 15 10 60697 1
7 5 22 14 75962 1
6 21 17 8 74408 1
22 25 10 5 103351 1
25 6 29 16 40623 1
3 1 4 16 59371 1
4 10 11 16 46895 1
2 3 21 29 128273 1
17 6 9 8 39405 1
22 20 21 11 35820 1
20 20 21 9 42830 1
7 25 23 14 88498 1
1 25 7 9 69908 1
14 9 22 2 51446 1
24 17 23 26 30344 1
9 14 20 21 50771 1
24 3 4 8 97383 1
22 17 7 29 84467 1
18 6 12 23 76418 1
5 22 19 26 55905 1
12 29 7 16 55859 1
0 21 26 15 88622 1
25 25 12 2 115773 1
17 19 6 15 56319 1
28 4 5 11 100214 1
15 19 4 0 96612 1
24 12 4 6 83611 1
10 0 2 27 103462 1
21 25 6 1 116273 1
2 17 25 0 133091 1
24 19 2 2 118898 1
19 23 5 7 83465 1
26 17 2 27 90799 1
12 20 23 29 55613 1
25 0 9 12 95432 1
11 13 29 20 72891 1
3 20 1 8 55032 1
24 4 7 5 84229 1
2 3 14 16 86874 1
25 11 1 2 119705 1
16 15 11 9 42932 1
23 18 9 29 77182 1
4 19 9 13 38193 1
2 3 15 20 88400 1
26 29 1 14 117630 1
10 18 24 4 94127 1
0 16 10 11 62583 1
14 23 25 11 72043 1
26 6 11 0 87756 1
4 29 10 12 62812 1
13 4 10 17 66120 1
8 16 29 2 104555 1
1 7 15 27 97798 1
16 13 25 15 36687 1
