2661 2484 3002 2066 2184 2138 2417 2191 2161 2739 2671 2837 2804 2313 2077 2987 2298 1837 2964 2874 1853 2411 2645 3030 2546 2423 2150 2418 2559
2658 3564 3643 2755 3117 2835 3327 3447 2631 3494 2632 2879 3286 3629 3308 2608 2738 3227 3464 3637 2760 2587 3553 3067 3362 3624 3295 2931 3644
2489 1356 2290 2159 2081 1864 1471 1369 2547 2612 2211 1390 2278 2450 2576 1546 1819 2148 2219 2110 1593 2558 1673 2497 2510 2097 1718 2032 1872
4343 5048 4757 4547 4049 4354 5187 4800 4961 5301 5179 4854 4206 5288 5249 4103 4236 4893 4676 4110 4629 4383 4328 4531 4702 5127 4275 4978 5236
7080 7293 7255 7447 7298 7168 7112 7878 7395 6896 6926 7423 6850 7665 7499 7032 7734 7976 7199 7315 7440 7600 6940 7580 7017 6981 7578 7989 7658
2968 2804 3260 2815 3409 2755 3467 3472 3817 3221 3207 3358 3182 2922 2892 2828 3603 2888 3688 3793 3887 3098 3500 2774 3091 3370 2749 2834 3354
7434 7672 8162 7984 8479 7695 7514 7454 7613 8577 7716 8505 8228 7998 7514 8453 7436 7367 8247 7973 8353 8135 7753 8036 8395 8130 8053 8414 7970
5501 6379 5726 6103 6434 5632 6162 5707 5753 6558 5960 6412 5404 6062 6169 6555 5612 5942 6621 6576 5514 5429 6082 6509 6082 6618 6014 6071 5617
6698 7024 6935 6016 6784 5843 6951 5949 5817 6236 7015 5994 6846 6503 6366 6244 6170 6454 6688 6869 6712 6096 6612 6198 6524 6013 6058 6072 6253
6768 6337 6775 6536 6526 6057 6144 6309 6736 5952 6995 6516 6477 6431 6156 6515 6299 6937 6395 6323 5977 6390 6983 6288 6837 6393 6919 6830 6572
7659 7628 7205 8269 8202 7821 7815 7715 8170 8311 7871 7997 7953 7993 8166 7206 7946 8057 7926 7760 8335 7503 7623 7226 7651 7770 7699 7941 8275
7588 7583 7399 7668 7851 7809 8079 7817 8420 7570 7716 8202 7701 7772 7904 8279 7542 7760 7330 8106 8173 7989 8319 7578 7963 8339 7769 8046 8227
4721 5729 4779 5163 4862 5439 4893 5278 5071 5400 4684 5479 4649 4880 5001 5104 5483 5144 5068 5635 4714 4611 5268 5628 4904 5506 5784 5232 5578
6789 6686 6712 6880 6808 6792 7505 7746 7710 6908 6886 7637 7478 7686 7759 6679 6751 7040 7049 6776 7019 6687 7761 7374 6789 7501 6786 7066 7188
3599 3503 2421 2795 2878 3243 3164 2857 3593 3234 2927 2840 3085 3646 3129 3367 2649 3106 2621 3500 2664 3004 2773 2921 2932 3395 3494 2909 3151
7346 7569 7939 7202 7827 7256 7426 7119 7137 7106 7266 7960 7747 6734 6857 7738 7707 7487 7330 7384 7089 7609 7018 7904 7518 7290 6889 7188 7328
8219 8082 7662 7981 8172 7610 7752 7993 7635 7555 8065 7898 7261 8033 8201 7375 8134 7721 7736 7934 7536 8231 7482 7386 8142 7412 7671 7925 7378
5974 5400 5837 6106 5794 4928 5963 5771 5188 5291 5073 4934 5298 5303 4877 5831 5136 5452 5727 5418 5123 5726 6049 5889 5330 5735 5267 4901 5088
3956 4323 4243 4481 4860 4435 4493 4512 4741 5018 4869 3933 4338 4830 4350 5001 4490 3855 4564 4000 3995 4202 4294 4258 3989 3955 4649 4567 3882
5011 5275 5175 5540 4758 5253 5285 4951 5696 5477 4803 5567 5005 5783 5671 5557 5214 5471 4750 4602 5355 4886 5084 5658 4593 4810 5400 4684 4705
7259 6555 7158 7567 6617 7670 6786 7388 7130 7427 6957 7346 6736 7045 6645 6778 6646 7401 7400 7376 6741 7425 7525 7132 7373 6969 6801 6654 6603
2022 2469 2353 2474 1796 1329 1318 2029 2465 2415 1927 1525 1716 1653 1474 2455 2494 1859 2522 2002 1662 1471 1802 2515 2278 1503 2229 1554 2489
6186 5626 6440 5487 5782 5742 6259 5787 6637 5548 5867 5563 6506 6208 5894 5427 5729 5929 5974 6264 5420 6498 5916 6563 6069 5700 5479 6131 6511
5931 5185 5572 5653 5727 6177 5522 5708 5712 5675 5844 5465 5480 5488 6131 5243 5975 6171 6176 5332 6059 5508 5921 5785 6005 5620 5429 5442 6326
7877 7841 7003 7244 7620 7913 7275 7134 7060 7227 7617 7640 7522 8061 7574 7721 7062 7925 6984 7455 6939 8031 7429 7442 8081 7921 7656 7436 7615
4349 4838 3846 4566 4558 3887 3743 4320 3772 3897 4216 4426 4813 4093 4637 4078 4333 3882 4976 4549 4980 3791 4617 4443 4598 4748 3948 4054 4486
2305 2706 2202 3009 2799 2755 2763 2511 3015 2151 3117 2162 2704 3026 2211 2601 2209 3263 3017 2573 2411 2340 2740 3131 2813 2529 2864 2723 3257
7957 8000 8097 7900 7846 8840 8795 7984 7826 8461 8213 8613 8514 7795 8197 7609 8561 8823 8320 8636 7800 8609 7927 7599 8418 8112 8531 7731 8275
3993 4610 3712 4089 3928 4778 4040 4788 4227 4036 4345 3682 4187 3660 4483 4675 4346 4650 4051 4550 3949 3989 4287 3987 4741 4399 3924 3669 4448
5246 4879 4877 5353 5139 5452 5474 4774 5371 4888 5282 5659 5250 5493 5248 4871 4907 5159 5862 4681 5460 5032 4951 4799 5139 5395 4761 5185 4669
3181 6489 5928 4611 2424 2803 4702 2334 3154 6118 4891 3669 6785 2262 8170 4592 5398 2716 2770 8374 3520 3095 6010 4271 6264 4023 4033 2019 7998 5165
2505 5429 5606 3650 2745 2399 4496 1657 2852 6529 4790 3297 6985 2039 8177 5135 5124 2405 1894 8420 3077 2747 6151 5212 6163 4292 4278 2138 7790 4230
3040 6462 6414 3696 2997 3072 5351 2604 2390 5911 4546 4367 6499 2700 8252 5054 5917 2765 1850 7994 3377 2914 6269 4858 5941 4163 4294 1836 6861 4657
2493 6298 5403 3973 3123 2975 5490 1980 2267 6212 5093 3869 6669 2349 7721 5422 6012 2324 1874 7911 3262 2795 6203 5379 5687 4247 4506 1758 7490 4927
3428 5908 5366 3777 3296 2855 4415 1455 2824 5999 5054 3907 6989 1733 7976 4436 4943 2272 2850 7583 2521 3111 6059 4823 5793 4430 3746 2041 7312 5036
3318 6262 5269 4313 2905 3232 5442 1534 2342 6282 4155 3422 7184 1903 8777 5422 5121 1524 2855 7732 3248 2687 5622 5302 5699 3955 3615 2453 7247 4050
2526 5921 5685 4526 3252 2868 5523 1701 2956 6397 4136 3378 7038 1958 8777 5212 4870 2078 2295 8117 3251 2541 5798 5292 5935 4677 4769 2502 7770 4615
2829 5738 5383 3940 2437 3294 5253 1889 2354 6038 4177 4197 6346 1698 8480 4454 5132 2413 2533 7196 2648 3151 5537 5343 5737 3970 4711 1639 7526 4379
2653 6276 5241 4430 3566 2117 4843 2540 2004 6404 5058 3533 6679 2540 8029 5212 4986 2742 1666 8358 3684 2529 5964 4664 5674 3801 4792 2326 7235 4967
3168 6250 6073 4090 2666 2192 5190 2341 2318 5969 4316 3278 6719 2328 8583 5402 4937 1751 1976 7641 3351 2747 5545 4833 5526 4120 4377 1691 7472 4558
3100 6151 6342 3602 3106 2919 5055 1644 2033 6041 3968 4321 7173 2737 8345 5136 5993 1883 2316 8213 3079 3151 5755 4384 5626 3880 4184 1724 8076 4565
2456 5496 6402 4328 2515 2229 4631 2513 3180 5896 4727 4473 6399 2241 8621 4562 5326 2498 1759 7557 2952 2218 5833 5379 5534 3892 3802 1795 7004 4554
3308 6645 5209 4724 3594 2492 5132 1679 2261 6789 4097 3852 6226 2046 7768 4856 5680 1555 2843 7413 3677 2616 6538 4780 6158 4753 4238 2373 7570 4436
3085 5939 5643 4651 2977 2171 5116 1991 2201 6759 4172 3555 6766 1666 7634 4352 5955 2245 1970 7200 3004 2557 5702 4656 5996 4217 4608 2500 7520 4293
2381 5395 5675 4537 3262 3066 4954 1464 2346 6070 4937 3458 6128 2307 8499 5074 5204 1532 2651 7421 2851 2553 6423 4753 6608 4007 3686 2313 7047 4032
3275 6398 5444 4069 3281 2573 4608 2057 2029 5842 4883 4346 6531 2467 8808 5058 5829 1783 2460 7443 3417 2836 6125 4449 5458 4291 4035 2545 7671 5086
3500 5694 5293 4276 2463 3020 5130 2267 3256 5972 4787 3816 6426 1522 7826 5344 5624 1614 2469 8009 2685 2434 6434 5101 5664 4783 4336 2018 7621 4199
2503 5737 5471 4181 2495 2616 5467 1596 2878 6818 5151 4473 7169 1610 8026 4936 4968 2086 2470 7629 3545 2325 5408 4695 5866 4356 4712 1863 7569 4432
2679 6646 5458 4554 2442 2772 4437 1773 2332 7004 4253 4446 6572 2137 8403 5342 5039 2235 2138 8058 3186 3039 5576 4707 5698 4503 3872 2083 6949 4814
3022 6626 6368 3687 2952 2721 5591 1475 2696 6473 4175 3478 7075 2736 8422 4231 5172 2090 1891 7903 3745 3070 5551 4500 5709 3875 4207 1928 7212 4016
2610 6481 5460 4032 3497 2157 5314 2158 2157 6563 5042 3897 5995 1710 8340 5275 4915 2242 2350 7315 3175 2241 6114 4714 5564 4627 3744 1703 6998 4871
2394 6476 6018 4497 3447 2806 5486 1409 3202 6488 4449 4371 5947 2090 7760 4642 5765 1913 2823 8319 2740 2667 5877 4707 6279 4487 4445 2324 7818 4882
2778 5748 5796 3726 3363 2209 5243 2231 3209 6322 4281 4320 6366 2200 8492 5386 4817 2318 1717 8030 3387 2354 6365 5118 6320 4323 4682 2523 6940 4912
3431 6594 5182 3880 2977 2869 5069 1651 2512 5837 4864 3362 6541 1609 7702 4443 5644 1599 2137 7198 2967 3137 5607 4469 5934 4804 4297 2217 7371 5085
2588 6116 6419 4487 3393 3273 5132 2507 2217 6396 4501 3253 7099 2692 8490 4578 5072 1872 1783 7524 3110 3127 5844 4836 6355 3775 4580 1862 7146 4072
2714 5775 6388 4182 2921 2739 5581 2337 2072 6472 4267 3417 6373 2753 7651 4307 5613 2724 2460 8358 3586 2552 5935 5049 6108 4950 4251 2592 7566 4753
2606 5996 5435 4117 2531 2997 5229 2178 3139 6232 4942 3326 6366 2184 7640 4219 5384 1829 2860 7952 3299 3035 5830 4694 6202 3732 4753 1661 7731 4307
3159 6578 5695 4369 3285 2861 4746 2072 2696 5888 3967 4010 6215 2443 7638 5370 5650 1825 2764 8006 2734 2588 5403 5043 6339 4798 4677 1670 7020 5067
2460 6525 5835 3984 3413 3046 5317 1689 2279 6383 4680 3487 6048 2364 8592 5409 5859 1890 2569 7187 2520 2387 5628 4707 5930 4961 4563 2330 8063 5227
19 26 28 17 39645 1
15 28 26 18 48232 1
18 13 20 27 36205 1
27 10 21 21 40390 1
16 1 7 3 47476 1
14 24 20 16 38575 1
6 22 15 21 32198 1
0 21 13 20 42077 1
15 29 20 11 59602 1
9 28 26 19 61985 1
8 15 27 13 54444 1
29 3 0 27 115080 1
3 22 10 15 48341 1
4 6 16 4 40105 1
21 5 5 24 78699 1
12 1 2 27 89363 1
2 18 17 0 77576 1
6 22 25 2 101306 1
11 23 0 7 74793 1
28 8 16 9 40001 1
13 5 6 18 60369 1
28 22 21 28 36801 1
18 29 26 7 64294 1
27 18 18 20 28410 1
19 18 29 18 23354 1
15 22 14 8 49788 1
11 3 16 27 87728 1
18 8 12 21 55955 1
24 2 11 12 66114 1
27 0 26 21 58116 1
14 18 23 23 35713 1
20 27 6 28 37714 1
16 25 12 6 71709 1
27 8 4 29 98998 1
29 25 3 15 90501 1
10 1 29 29 120368 1
15 29 20 0 80912 1
20 17 21 26 19856 1
5 24 29 20 76868 1
27 0 13 0 39566 1
12 15 23 10 41980 1
1 27 16 12 69586 1
2 7 4 25 46516 1
12 16 8 1 83304 1
27 20 10 20 53421 1
25 29 25 0 82414 1
19 0 4 27 94886 1
4 9 19 4 54348 1
4 12 1 2 37856 1
25 18 13 3 59993 1
27 22 13 8 66951 1
15 18 19 26 37484 1
19 15 6 0 80128 1
18 12 0 26 73501 1
9 24 21 24 50695 1
19 29 4 21 60907 1
4 11 14 13 29564 1
17 17 4 23 49295 1
22 2 0 26 99714 1
22 6 15 16 46714 1
22 27 5 27 35780 1
3 13 24 8 56659 1
21 15 12 21 35595 1
4 15 11 0 68174 1
23 21 6 1 88613 1
29 8 28 22 52186 1
20 16 13 9 43831 1
2 6 9 0 32526 1
16 18 4 12 47734 1
28 13 14 12 33545 1
18 1 21 19 50562 1
11 13 28 22 58910 1
16 21 23 3 56447 1
22 6 2 24 79061 1
14 22 17 2 76159 1
18 26 22 3 61004 1
10 15 9 6 58139 1
3 13 17 11 39727 1
19 26 2 15 65348 1
29 1 6 9 83704 1
25 15 23 2 50110 1
10 16 18 24 50920 1
20 8 7 16 54562 1
26 1 15 27 78505 1
22 8 12 21 51972 1
20 9 3 28 84298 1
11 10 6 25 77863 1
29 23 14 24 59026 1
10 26 25 22 57418 1
20 0 26 20 54893 1
29 22 17 1 84524 1
2 26 25 8 88254 1
16 29 10 10 84195 1
19 16 15 8 41065 1
16 24 3 14 69528 1
28 9 18 9 35200 1
27 18 5 1 84924 1
16 22 10 2 92992 1
4 13 7 26 51167 1
8 10 27 29 97626 1
17 11 28 26 65117 1
23 11 7 21 64450 1
12 29 4 27 26981 1
15 13 10 1 62054 1
11 5 21 6 27146 1
14 26 23 15 52767 1
17 21 10 28 42675 1
1 13 27 23 80616 1
16 8 5 15 44985 1
19 2 26 6 32709 1
29 13 16 4 48704 1
6 24 0 11 50294 1
7 10 19 21 68953 1
18 5 0 13 56891 1
9 1 29 28 117976 1
20 13 5 24 65685 1
29 28 20 24 33938 1
18 24 11 2 93847 1
2 7 11 20 55696 1
10 11 3 16 43070 1
4 25 28 19 82584 1
12 21 14 9 41941 1
6 1 22 27 97714 1
28 4 13 25 85741 1
13 24 11 3 83259 1
17 9 1 8 43768 1
10 4 26 19 70216 1
22 22 1 28 60364 1
5 21 11 5 66547 1
27 27 25 7 57386 1
14 5 22 23 55375 1
7 12 24 1 77467 1
5 26 24 9 89534 1
14 1 8 28 98222 1
27 0 0 15 88031 1
25 26 4 10 89200 1
18 28 4 23 49116 1
20 23 2 9 72546 1
5 12 6 23 41583 1
8 23 22 3 85566 1
15 0 14 29 91781 1
20 27 14 13 44111 1
3 24 12 8 64836 1
5 21 18 17 39960 1
29 22 3 26 80207 1
26 15 20 20 24794 1
2 21 22 17 49568 1
25 1 15 0 33129 1
3 11 20 12 51774 1
15 12 7 3 57430 1
23 19 29 25 41921 1
29 26 26 9 58284 1
28 15 16 16 41502 1
13 20 21 25 32232 1
28 23 2 1 102714 1
21 8 3 8 40886 1
8 6 2 11 26853 1
27 3 17 7 32580 1
29 16 9 12 60937 1
29 10 0 10 78762 1
15 10 4 15 43156 1
28 21 18 7 51962 1
3 21 21 10 63813 1
14 19 11 9 46935 1
29 2 8 26 110134 1
28 18 14 5 57753 1
6 0 29 3 76683 1
17 24 25 14 55765 1
20 1 23 15 43452 1
25 15 22 24 36225 1
21 14 16 28 43786 1
16 10 15 29 71965 1
21 7 1 20 67013 1
25 19 16 5 51381 1
26 28 9 6 83339 1
4 26 28 11 91416 1
8 23 15 13 55515 1
4 15 29 18 64110 1
10 26 27 26 49679 1
21 18 3 26 59514 1
2 3 14 21 66093 1
26 21 21 11 32097 1
19 2 11 28 88974 1
23 0 7 13 60755 1
10 0 21 6 44362 1
21 9 10 24 72972 1
23 10 18 19 34776 1
16 0 6 8 49423 1
10 10 17 14 37415 1
7 21 26 3 86056 1
21 19 29 24 40293 1
13 21 2 20 32053 1
1 0 25 28 105852 1
6 15 18 15 47048 1
5 29 10 21 38425 1
17 4 4 6 42568 1
8 28 27 11 80389 1
5 12 8 29 64032 1
16 2 3 12 66119 1
14 20 25 7 50760 1
3 20 20 12 63659 1
3 25 16 10 74433 1
15 23 27 20 48575 1
6 9 19 13 48410 1
9 20 6 11 45407 1
23 17 13 2 57318 1
8 0 17 6 46553 1
23 27 13 23 36698 1
22 20 1 2 80496 1
11 2 25 19 79993 1
8 13 14 8 29237 1
7 22 10 12 55538 1
19 16 5 18 36041 1
8 3 19 29 99043 1
2 6 5 19 34679 1
3 11 23 8 58207 1
17 28 7 4 95012 1
19 10 12 15 38892 1
7 7 20 18 51749 1
0 3 12 16 61182 1
22 28 23 19 33374 1
5 24 21 21 52067 1
23 17 18 26 33668 1
20 19 22 5 37215 1
9 16 20 17 27571 1
18 23 3 4 85575 1
18 29 2 12 73618 1
17 29 24 5 68093 1
21 4 15 8 21820 1
24 7 4 8 42209 1
4 28 24 3 102502 1
21 4 0 17 67023 1
23 8 13 28 68397 1
26 23 22 11 41548 1
4 11 16 29 81234 1
12 21 8 11 56253 1
24 25 8 12 72694 1
8 3 15 11 49396 1
12 9 4 22 70547 1
21 7 12 29 69238 1
28 23 2 15 77676 1
16 25 24 13 52230 1
7 7 24 1 57628 1
19 21 21 8 31480 1
23 19 25 1 62029 1
6 3 7 19 63251 1
26 7 3 7 44192 1
18 17 8 17 19689 1
16 5 20 26 57444 1
0 17 18 29 67302 1
17 17 5 8 52648 1
27 10 16 2 55576 1
26 7 13 17 46115 1
13 26 13 15 41892 1
11 5 27 19 69990 1
28 9 0 27 103094 1
28 10 4 3 73566 1
1 10 22 10 58365 1
11 26 9 14 68466 1
24 29 14 29 39435 1
3 2 3 21 47810 1
13 0 4 29 101438 1
18 14 6 15 43089 1
15 18 24 8 42684 1
21 21 9 4 65131 1
10 25 16 1 101387 1
29 19 23 24 40864 1
26 16 28 26 36456 1
24 19 25 28 39625 1
12 27 5 3 79333 1
20 10 7 9 49702 1
12 8 22 0 36264 1
2 9 10 21 47427 1
12 15 29 5 64716 1
21 23 8 10 67296 1
25 4 14 6 33577 1
27 13 14 6 41559 1
8 18 2 28 35264 1
23 13 16 10 32575 1
26 16 28 6 31788 1
21 12 27 17 22047 1
11 17 26 17 30306 1
28 9 24 23 56859 1
9 4 1 12 41907 1
5 28 3 6 57212 1
8 10 5 1 41488 1
12 5 15 17 43929 1
6 6 2 23 48047 1
26 12 0 15 63127 1
28 0 14 19 72893 1
4 26 20 16 67203 1
20 29 12 24 44130 1
17 3 9 7 34565 1
12 6 20 11 34086 1
21 9 7 8 36492 1
25 17 1 17 49739 1
4 13 27 23 73969 1
28 6 20 16 40999 1
2 1 4 26 60224 1
19 27 10 23 42763 1
27 29 1 19 82256 1
4 18 29 18 58605 1
19 22 2 16 57612 1
4 17 9 7 39590 1
29 17 5 14 57564 1
24 0 3 10 70099 1
25 11 20 17 28148 1
4 19 16 7 61261 1
3 0 11 12 56804 1
17 24 4 9 87279 1
6 0 1 20 56341 1
29 6 24 24 69058 1
1 14 22 6 61540 1
11 5 9 25 89009 1
4 23 3 10 41354 1
26 16 15 19 35602 1
18 20 1 27 59438 1
3 25 25 9 94092 1
26 0 9 13 65250 1
18 1 19 12 47556 1
19 25 13 8 62614 1
18 20 29 16 37366 1
18 5 28 14 42005 1
27 28 22 20 37110 1
11 4 29 29 98190 1
29 6 20 11 34281 1
2 16 18 5 59162 1
29 19 0 18 72855 1
13 22 17 7 57712 1
15 5 8 23 81217 1
24 21 25 0 61308 1
12 1 9 25 106298 1
5 22 22 7 71187 1
1 4 5 25 58312 1
2 26 15 23 43851 1
7 26 27 3 100089 1
12 23 26 20 49798 1
5 22 21 29 52983 1
28 25 12 7 76947 1
14 19 29 19 44025 1
17 1 14 19 70011 1
15 14 15 25 45172 1
22 4 0 24 87347 1
8 17 2 9 30258 1
1 23 21 18 58025 1
25 26 18 0 74942 1
25 15 10 19 49615 1
0 18 18 10 62148 1
0 2 27 26 111445 1
1 23 2 4 43171 1
21 5 1 22 73510 1
22 2 18 22 56038 1
3 5 13 6 33965 1
4 11 9 16 37648 1
19 19 0 6 71014 1
18 19 3 17 38719 1
15 19 5 18 30194 1
14 4 28 4 42309 1
3 3 16 27 82688 1
12 24 13 12 54506 1
7 6 16 19 68039 1
2 7 27 14 70061 1
4 24 14 11 66641 1
23 3 23 14 36995 1
26 0 2 26 104530 1
29 1 24 29 100055 1
27 11 9 27 71991 1
17 11 3 6 50685 1
13 14 20 9 37987 1
11 20 0 27 47224 1
7 23 0 20 33254 1
20 11 19 22 33456 1
9 10 6 23 65674 1
1 18 15 23 47996 1
18 15 29 25 61353 1
9 0 15 7 38184 1
15 10 14 20 35807 1
4 0 23 12 77375 1
21 4 16 28 61959 1
11 23 19 19 42362 1
11 21 14 11 37998 1
26 17 14 24 44597 1
25 7 23 24 54383 1
18 4 13 11 36952 1
21 23 7 15 52154 1
10 24 25 26 58609 1
11 2 24 0 51818 1
20 16 13 11 34466 1
22 14 11 7 39348 1
24 8 23 24 53479 1
23 15 17 29 52386 1
23 24 18 0 68657 1
23 16 5 18 45365 1
16 23 16 5 70243 1
27 3 24 27 72638 1
29 21 19 20 30429 1
23 0 15 29 83474 1
18 13 1 1 62862 1
28 22 12 22 51731 1
1 20 14 22 40691 1
10 23 12 3 89052 1
26 8 6 10 57933 1
21 10 26 16 24350 1
20 21 23 4 41692 1
18 4 2 12 54786 1
16 26 10 10 73244 1
10 0 20 0 29309 1
27 1 11 2 65421 1
17 7 2 16 48638 1
6 2 16 22 95645 1
4 25 9 6 66363 1
14 7 1 13 38317 1
5 6 5 24 56566 1
1 5 15 24 79558 1
25 18 1 13 60381 1
19 10 14 26 60251 1
27 11 6 13 51239 1
7 1 9 26 97411 1
13 20 5 8 59950 1
23 1 13 24 84283 1
18 27 28 9 65560 1
10 3 12 11 48720 1
16 16 8 20 40423 1
26 3 12 17 58996 1
5 24 7 11 49213 1
0 9 18 7 39598 1
4 15 19 10 54666 1
12 20 10 5 63453 1
23 29 14 1 84627 1
27 19 21 15 28697 1
28 25 8 7 85985 1
4 2 18 3 54441 1
0 14 14 3 54972 1
21 19 7 23 52642 1
2 21 5 2 49775 1
20 20 8 17 35814 1
12 11 19 26 61462 1
16 3 28 14 57919 1
12 10 29 6 52128 1
1 13 6 22 36040 1
3 15 13 24 58209 1
9 22 4 27 37921 1
21 2 7 16 63704 1
25 11 0 9 69007 1
5 29 25 0 104592 1
5 15 5 5 32293 1
16 13 0 15 39364 1
14 5 24 22 63531 1
28 22 6 13 70171 1
28 21 5 6 80645 1
19 16 8 5 61063 1
19 4 8 0 44031 1
29 9 4 18 82830 1
0 15 22 0 73914 1
18 28 13 22 34523 1
27 29 6 21 73611 1
24 28 14 28 31862 1
23 8 29 13 26941 1
14 11 22 9 34485 1
24 17 9 9 60359 1
22 4 23 28 58175 1
5 5 24 25 86722 1
15 21 6 20 30287 1
20 27 6 25 41827 1
14 21 9 16 28122 1
15 16 29 17 35727 1
0 28 22 8 86835 1
7 25 19 23 56977 1
20 26 3 23 57869 1
16 17 22 13 20433 1
8 28 14 3 92298 1
21 28 21 7 41550 1
10 21 9 8 62896 1
28 9 19 0 42101 1
25 20 15 27 37804 1
0 24 4 14 43103 1
1 9 28 27 95806 1
5 24 7 7 56334 1
10 29 10 14 83792 1
3 0 17 19 79706 1
20 29 16 15 53721 1
11 28 28 18 63695 1
12 21 27 29 57274 1
11 2 23 20 77208 1
21 16 2 19 46446 1
23 1 12 17 61498 1
5 4 6 13 31791 1
19 3 7 29 94821 1
18 7 0 5 39792 1
19 4 4 2 52402 1
6 23 15 5 82932 1
21 8 11 27 59088 1
5 16 15 9 45915 1
16 17 7 0 76844 1
28 23 1 29 79125 1
7 12 25 6 58767 1
2 21 24 15 67075 1
11 0 25 8 54698 1
3 19 10 29 54595 1
19 17 12 2 62628 1
27 23 13 4 75759 1
14 28 8 24 33913 1
4 3 25 6 58386 1
20 9 6 14 53847 1
14 15 3 6 51765 1
24 26 10 2 100135 1
9 24 16 13 62406 1
10 25 10 8 78408 1
17 6 18 17 39685 1
28 13 17 11 34396 1
14 26 19 3 72579 1
10 23 21 16 52782 1
12 12 6 7 38540 1
4 19 26 0 93027 1
1 0 22 29 101797 1
23 12 1 4 66669 1
16 10 2 14 47021 1
27 13 16 5 41538 1
13 3 6 28 98239 1
29 26 0 4 109182 1
11 17 26 25 51684 1
6 22 14 0 91882 1
29 10 3 2 83708 1
28 21 7 10 82000 1
22 14 7 22 64054 1
6 12 26 27 79368 1
15 11 17 27 59368 1
11 15 2 5 51364 1
10 13 2 9 25700 1
24 19 3 16 56623 1
14 1 5 23 86161 1
1 7 23 2 59030 1
21 20 19 2 46347 1
3 11 5 21 33316 1
12 22 23 29 53917 1
26 29 18 16 48398 1
1 7 19 7 34685 1
27 5 25 25 61460 1
28 15 29 6 39843 1
17 21 0 16 52194 1
26 23 23 0 64946 1
22 1 29 8 38975 1
2 2 10 19 58636 1
24 17 13 27 42626 1
12 1 0 14 66463 1
7 2 10 17 69670 1
6 26 3 7 56524 1
4 27 17 24 44252 1
23 15 6 1 80626 1
16 18 7 20 33371 1
18 12 24 21 35200 1
17 11 21 0 38891 1
0 23 26 14 76000 1
29 21 23 26 34691 1
18 8 11 15 44343 1
11 17 26 21 40660 1
24 18 15 13 28794 1
16 15 4 17 37109 1
27 3 15 0 42824 1
29 28 7 12 85432 1
4 28 27 19 82057 1
1 13 28 24 88728 1
17 7 12 1 36376 1
3 1 9 15 57558 1
14 13 3 21 45274 1
24 27 8 8 76704 1
1 6 4 26 53987 1
1 7 17 28 79993 1
9 20 1 0 65481 1
8 0 19 6 52266 1
15 15 6 11 40928 1
28 0 10 2 66876 1
10 28 2 0 79818 1
25 4 13 15 55316 1
17 23 29 28 49505 1
18 18 9 26 54356 1
10 18 4 5 50227 1
17 16 1 22 49472 1
1 25 6 11 46735 1
10 20 16 12 46765 1
16 14 13 25 52087 1
16 3 2 25 82663 1
8 28 0 23 32607 1
28 28 6 27 49521 1
6 19 14 9 53588 1
11 24 27 5 90490 1
13 27 21 9 52455 1
23 12 18 27 43403 1
17 12 24 2 51462 1
20 13 8 3 59904 1
2 19 19 0 81219 1
20 10 24 23 43898 1
25 9 17 23 62622 1
10 20 0 11 50152 1
9 13 20 3 48533 1
21 7 0 1 54798 1
1 22 20 17 50747 1
6 15 18 3 74156 1
18 5 12 0 32864 1
6 23 24 25 68088 1
22 7 12 25 67635 1
2 0 16 23 87207 1
2 7 8 17 34174 1
3 17 29 22 70689 1
2 19 27 6 79953 1
4 25 16 23 51496 1
1 2 8 20 60141 1
13 13 1 9 37324 1
6 17 28 18 49150 1
19 25 27 28 33144 1
28 1 17 0 34477 1
17 9 26 12 38908 1
0 3 4 13 30107 1
22 4 19 17 32375 1
1 8 11 26 69143 1
6 4 16 16 70079 1
18 7 25 26 58276 1
23 22 3 27 59582 1
9 14 13 3 52716 1
14 13 21 19 26946 1
28 3 13 8 46205 1
1 10 24 19 73140 1
13 15 5 26 59146 1
25 0 1 17 84816 1
26 29 13 16 59527 1
17 28 5 19 57042 1
17 0 9 27 89107 1
3 19 23 11 64567 1
14 9 22 13 28665 1
0 16 29 18 68023 1
20 3 4 6 49453 1
7 5 29 15 77764 1
25 0 28 22 67836 1
11 1 21 2 40898 1
24 12 14 0 59229 1
11 12 23 13 32433 1
4 26 16 19 60642 1
9 6 16 10 35816 1
0 16 21 16 49545 1
8 2 17 26 105892 1
28 15 10 11 60729 1
6 15 8 23 47196 1
26 16 5 1 80391 1
11 6 0 27 71845 1
5 2 15 22 86183 1
19 22 13 28 44947 1
21 8 29 1 43166 1
2 23 23 2 90472 1
1 11 14 9 42357 1
7 19 28 6 76950 1
4 7 29 2 69295 1
13 11 13 29 63034 1
18 24 4 13 67460 1
8 17 13 5 52579 1
10 14 23 1 67212 1
28 18 7 22 65626 1
18 14 9 27 61349 1
1 0 8 23 74990 1
3 2 0 12 32618 1
1 3 18 23 88078 1
15 23 0 23 54445 1
23 6 27 28 70068 1
16 25 17 3 80343 1
11 0 5 19 73473 1
23 27 17 18 31680 1
23 26 29 4 74575 1
15 6 9 26 86857 1
21 3 28 8 25398 1
24 21 11 6 62340 1
18 18 8 12 44065 1
14 2 12 29 91027 1
27 14 19 12 30774 1
10 3 21 25 78003 1
6 10 19 27 79058 1
11 25 14 2 82211 1
7 17 25 8 57933 1
7 28 15 12 72533 1
15 29 21 4 68984 1
1 23 20 28 58076 1
12 28 2 25 28812 1
2 9 14 10 37471 1
26 1 20 29 75279 1
19 25 10 2 93710 1
5 12 2 25 35663 1
17 23 21 10 42830 1
25 24 4 0 107862 1
12 16 28 3 71375 1
1 3 15 17 59296 1
6 21 14 13 46192 1
15 8 26 18 46251 1
10 5 11 28 92669 1
11 18 18 0 65485 1
22 4 7 0 53334 1
11 26 2 19 42495 1
19 0 2 3 55877 1
13 15 3 15 41992 1
9 3 5 23 77814 1
20 29 2 9 85271 1
8 10 1 2 42915 1
2 12 3 2 26157 1
24 0 20 21 52803 1
5 9 14 23 61570 1
11 9 27 14 64229 1
10 28 16 10 78206 1
20 12 15 22 47386 1
27 1 1 22 103228 1
14 3 26 28 79107 1
15 2 1 22 78249 1
13 4 14 22 58484 1
15 20 4 5 68087 1
22 0 25 12 41636 1
17 11 27 12 38839 1
10 13 1 16 28793 1
2 8 27 5 56680 1
0 4 12 21 67297 1
13 19 19 26 47162 1
28 14 19 2 51519 1
8 27 19 16 56251 1
19 5 3 26 87452 1
1 6 5 18 34504 1
1 1 26 22 96584 1
23 15 7 25 75953 1
0 7 17 11 52093 1
23 6 29 11 33634 1
25 20 7 0 93070 1
18 22 5 7 71372 1
25 23 6 4 91049 1
18 21 11 25 34640 1
16 12 1 18 50367 1
17 5 19 26 58631 1
9 20 7 9 60041 1
9 13 2 20 29749 1
22 5 0 10 53196 1
24 16 28 7 38433 1
10 17 26 24 50754 1
18 19 0 25 63797 1
22 26 2 10 75961 1
21 17 7 24 62462 1
2 17 19 6 59111 1
21 12 10 6 38793 1
15 8 26 20 51841 1
1 23 2 9 33839 1
23 15 28 27 48425 1
21 21 4 10 64528 1
13 9 21 13 33334 1
16 16 3 8 59318 1
25 9 19 18 39136 1
23 20 2 28 60710 1
24 16 9 15 49220 1
14 25 12 12 44673 1
3 17 25 1 86321 1
5 29 13 3 94346 1
18 8 13 13 27854 1
26 26 20 4 62318 1
14 15 18 8 32963 1
22 10 16 16 36094 1
8 7 28 1 62177 1
13 14 0 10 44532 1
14 15 23 16 29804 1
10 19 3 7 51375 1
17 25 28 6 72050 1
2 0 8 13 38458 1
0 17 27 14 69840 1
9 21 23 29 57422 1
15 0 21 25 67614 1
17 15 8 13 30034 1
18 4 8 7 33494 1
7 19 7 4 62280 1
16 18 10 13 29698 1
27 20 7 12 64893 1
28 7 1 7 52703 1
27 3 25 22 58757 1
2 15 13 22 48582 1
5 16 26 17 46300 1
20 27 13 13 45777 1
29 9 17 25 78293 1
12 26 21 10 58197 1
20 23 1 5 78580 1
12 27 24 20 41880 1
24 6 10 20 68240 1
17 12 4 2 68069 1
28 9 22 23 56028 1
20 12 4 12 47215 1
25 14 28 25 44572 1
4 11 23 16 60217 1
8 22 1 8 53646 1
19 4 3 4 47380 1
16 8 28 29 74252 1
3 16 26 12 63227 1
21 25 21 5 38911 1
21 6 0 0 57375 1
3 3 29 12 83594 1
12 17 19 20 26160 1
25 15 18 20 32602 1
17 5 13 12 37283 1
26 26 6 12 82232 1
26 4 12 29 87690 1
28 19 3 8 81464 1
3 2 27 2 81787 1
8 25 15 5 88984 1
0 0 12 9 49946 1
22 10 6 14 49318 1
16 14 0 12 45811 1
29 10 8 20 82947 1
20 27 4 27 33794 1
6 13 26 17 50205 1
23 9 2 27 86583 1
21 18 25 4 39635 1
0 0 7 20 62330 1
14 24 8 1 97987 1
4 15 14 3 59983 1
26 26 13 12 65934 1
19 23 7 24 60146 1
9 16 3 12 35489 1
0 2 3 28 64388 1
9 8 22 11 40847 1
22 6 17 27 54377 1
19 7 8 7 21865 1
25 14 21 28 42147 1
27 1 26 26 72754 1
7 26 22 7 75920 1
21 16 10 6 46091 1
13 21 27 7 60496 1
20 4 15 19 51060 1
21 12 18 2 32419 1
24 16 28 10 35070 1
0 16 27 22 76001 1
25 10 4 26 89916 1
26 26 24 1 78649 1
22 22 18 11 38323 1
2 16 24 19 56971 1
16 22 28 10 65352 1
29 28 3 15 87413 1
1 17 4 6 34899 1
2 9 5 2 24823 1
12 4 22 7 30055 1
23 28 6 0 105703 1
25 18 7 6 64021 1
6 27 21 5 73646 1
1 29 25 20 72889 1
5 12 12 5 41569 1
12 15 27 13 41610 1
27 25 17 2 83218 1
27 12 18 29 62496 1
23 14 0 26 83095 1
1 5 26 18 75327 1
28 16 1 12 71774 1
2 23 15 17 39836 1
14 12 21 25 41761 1
11 4 24 0 47399 1
15 2 2 22 75473 1
14 24 24 19 45407 1
10 4 16 27 83858 1
22 15 28 11 31315 1
20 14 24 3 39852 1
25 0 24 19 60625 1
26 16 3 15 57841 1
21 14 3 7 47787 1
20 24 17 1 70099 1
9 9 0 6 31650 1
20 3 16 28 68465 1
28 27 2 17 74324 1
18 12 8 4 57768 1
23 3 2 5 55136 1
5 9 11 2 49919 1
11 5 4 8 29140 1
14 24 22 20 31598 1
21 7 2 22 68087 1
13 1 17 22 80710 1
26 0 19 27 71293 1
22 22 0 7 76198 1
7 24 29 19 84969 1
9 7 17 11 34399 1
29 18 21 2 50395 1
15 26 3 8 74760 1
2 21 23 17 51886 1
24 15 24 0 52039 1
22 6 25 27 55726 1
8 26 26 2 96579 1
7 27 15 6 83903 1
2 20 16 24 55374 1
25 21 14 26 41030 1
26 6 3 16 74154 1
19 22 16 3 64606 1
28 7 6 26 93437 1
0 24 27 25 71010 1
4 23 23 10 79922 1
18 29 0 7 87738 1
24 7 9 15 55462 1
16 1 24 18 64932 1
6 0 17 11 66859 1
15 27 6 22 42422 1
9 28 19 21 48475 1
6 7 20 13 42875 1
23 17 11 4 55545 1
7 18 18 16 29674 1
1 24 17 24 59315 1
22 15 9 24 68014 1
17 5 19 23 53598 1
0 10 26 27 91997 1
23 12 13 9 43104 1
14 20 3 15 40851 1
29 8 21 25 55561 1
5 0 23 23 93396 1
13 11 26 4 47408 1
19 23 29 19 41969 1
16 23 5 15 51990 1
29 3 21 7 32341 1
7 13 9 3 52445 1
19 17 18 6 34384 1
2 12 26 14 57036 1
23 27 14 10 56107 1
15 25 1 19 56567 1
6 5 21 24 73465 1
25 20 29 0 64910 1
0 0 12 14 58870 1
1 21 23 9 78051 1
27 21 19 18 26197 1
21 5 5 22 72425 1
17 18 22 10 28401 1
16 10 5 17 50034 1
8 20 2 12 35453 1
19 4 29 11 42644 1
21 0 7 18 65665 1
9 7 19 9 29972 1
17 27 13 7 62354 1
11 16 1 14 38353 1
11 7 23 10 34612 1
3 12 20 28 78170 1
11 19 9 28 55835 1
3 11 18 25 79530 1
26 10 17 2 45341 1
23 26 13 16 48927 1
28 6 0 11 68839 1
0 13 16 12 42235 1
6 0 16 3 41254 1
0 7 10 26 69857 1
19 6 22 25 49669 1
25 29 1 8 98344 1
25 17 13 7 42636 1
2 2 14 29 82484 1
2 1 10 12 48790 1
0 7 24 6 53218 1
14 7 25 18 43262 1
10 11 28 23 79370 1
16 10 12 0 47500 1
18 1 10 12 69012 1
28 7 3 17 71405 1
7 4 2 16 39968 1
23 15 4 18 52986 1
1 5 0 14 24755 1
3 23 18 13 59355 1
15 26 27 13 60476 1
3 9 18 13 48207 1
7 6 5 26 65741 1
12 6 17 28 73827 1
20 3 29 13 41361 1
24 25 13 28 41365 1
14 22 19 29 35726 1
17 17 27 12 37143 1
4 5 23 22 78426 1
22 16 16 21 28796 1
11 17 13 27 39208 1
22 10 13 29 62342 1
0 2 2 19 40818 1
24 24 10 11 77057 1
1 22 26 23 75766 1
29 11 21 0 45513 1
9 7 28 4 47226 1
2 25 11 13 45645 1
21 26 3 1 92111 1
11 27 3 0 76641 1
1 24 17 29 52972 1
3 6 24 7 44535 1
13 8 18 20 50105 1
9 23 12 12 59705 1
5 29 8 20 37804 1
13 14 23 0 54851 1
3 20 1 7 32309 1
3 25 8 10 58859 1
11 16 17 26 52813 1
15 26 26 5 74678 1
20 19 10 5 60770 1
13 3 28 8 48002 1
7 23 22 21 51645 1
6 19 24 5 72977 1
5 27 12 14 62216 1
13 2 21 13 45011 1
28 21 12 29 60500 1
6 13 17 28 72100 1
28 15 26 3 39756 1
6 22 25 25 72184 1
2 23 12 19 37195 1
2 7 16 13 43080 1
25 8 8 22 76651 1
24 21 16 5 52289 1
25 0 18 4 29400 1
23 17 29 29 49391 1
0 2 2 12 25782 1
26 7 27 20 37859 1
