7364 7617 7327 8466 6515 7626 7961 6718 7906 8009 7788 7427 7718 7122 7876 7222 6930 8581 7488 6241 7612 8108 6161 7046 6214 6190 7798 6435 6264
5497 5016 6823 5451 6160 6848 5302 5172 5174 6405 5022 4705 6460 5690 5404 6282 5296 5135 3355 5331 4168 4632 3410 4533 4489 4328 3574 3746 3177
6075 4199 4984 5568 5265 5868 5683 4940 5838 5574 4690 6331 4999 4250 4608 6375 5226 5378 4081 4348 4024 5062 5118 4766 4968 4902 5898 3915 3082
2922 3548 3461 4817 4834 3719 3455 4864 4125 4143 4551 3662 3207 3634 5032 4753 3217 4664 4636 5161 3504 3686 3423 4308 4382 4040 4555 4692 5214
4586 4350 3702 4555 4580 3873 3616 3779 3641 4254 3493 3603 3781 2967 3673 2853 2856 5192 4755 4939 6832 5322 5400 5380 5238 5520 5848 5969 5730
8171 7457 7929 6672 7947 6505 6437 7845 8251 7064 7629 7252 8422 6532 8849 8341 7705 6643 6692 7545 8435 7491 8401 7805 8314 6526 7746 7883 6552
7528 6114 5505 7038 6804 6159 6973 7366 7295 7268 7157 6691 4559 4797 4717 4456 5317 5072 4711 4290 4691 5852 5679 5224 4938 5888 5464 5753 5241
5279 5878 2807 3034 2301 1367 1493 3195 3368 1944 2797 2652 2626 3153 1827 2094 1449 3041 3258 3108 2831 2130 3330 2758 3098 2896 2606 3161 1976
6589 6560 7326 5971 6190 7168 5880 6590 3269 4017 4115 5108 4912 3056 4864 5095 4087 4514 3653 4797 3723 4178 4059 4949 3270 4798 5016 4158 4570
4900 3761 5186 4431 4115 3849 4688 4459 5785 5854 5413 5715 5830 5366 4046 5485 4492 5030 4669 5082 5046 4838 5862 4380 4738 6076 5281 6360 5036
3050 3327 2642 3485 5212 4977 4481 3660 3927 4564 3342 4619 4575 4841 4511 4631 4402 3737 5150 3407 5369 5439 4826 3488 3995 4163 4623 3484 3390
6381 6611 4802 5429 6512 6170 6086 6804 5112 5985 6954 5975 6044 6302 6899 6886 6599 4713 6309 5609 5851 6016 4586 5995 4596 6066 6317 5665 6494
3379 2730 2111 2737 2764 6291 5259 4396 5096 4916 4069 5736 4524 5870 4683 4216 6424 4517 5485 5889 5507 5174 4335 4298 6064 5350 4472 5321 5637
2890 4307 3158 3715 4242 4381 3166 4138 3736 2247 2976 2301 3846 3590 3435 3800 2272 2269 2313 3848 2924 2094 3235 2411 2450 2894 2424 2944 3285
3200 7518 6371 6584 6928 5985 7950 6804 6158 7782 6753 7322 7140 7959 7270 7576 6569 5770 6779 6645 6207 6233 7014 6350 6265 7944 8090 7982 6163
5710 6628 6974 7092 4950 6965 7060 6815 7149 5590 6779 5764 5949 6937 6076 6354 4951 4574 5628 5369 5653 5985 6206 6628 5650 6778 5702 6014 5259
3639 3887 3670 5485 4946 3889 4403 5484 4717 5281 3531 4726 4387 5471 3729 5616 5256 4527 4959 4530 4285 4288 3864 3646 5051 4655 3949 3403 4189
6813 7033 6073 8186 7830 6857 6010 8094 6590 7705 6889 6304 6173 6941 6349 6201 7822 6580 6482 4983 5675 6031 4485 4451 4302 5888 6294 5519 4613
3066 2921 4141 4047 2410 4574 3682 3121 2415 4198 2952 2647 4244 3788 2835 3835 3080 3340 2708 3690 2409 3885 3489 1732 2073 3625 2795 1683 2779
6477 7278 7016 6186 6103 7115 6668 8082 5990 7094 6609 6930 4212 3305 3782 4276 3502 3835 2790 3029 4059 3467 3805 4392 3864 4135 4335 3868 2165
1825 1834 2077 3137 2873 4095 3073 3223 3845 4598 2335 2829 3614 3054 2610 4187 2263 3313 2542 4488 2344 3754 3506 3193 3127 4197 3799 3267 4512
4650 3263 4646 3107 2959 2854 3847 4931 3153 3120 4255 3690 5184 4197 3078 3600 4983 3410 4912 3343 3554 3645 3911 5195 4293 4803 4914 3988 3546
5815 5348 5424 5126 6446 5508 5716 5243 4866 5672 5935 4900 3891 5014 4938 5168 4837 3608 4810 3865 5123 5163 3757 3295 3204 5428 4839 4666 4371
4205 3241 3634 3485 4654 3262 3937 3597 3480 5113 4616 3823 4617 4086 3044 4507 4612 4041 5033 4497 3977 4923 4554 4967 4630 3666 4452 3825 4647
8752 7382 8222 7824 8416 8111 8724 8199 8251 6992 8594 7935 7281 8363 7614 8430 8804 8347 7043 6891 6683 3592 4937 4132 2850 4344 3033 4912 4366
4178 5018 5382 5965 5096 6396 6708 5575 5806 5854 6426 5852 5494 6495 6402 6616 4845 5151 5569 6095 4586 6463 5222 4688 4654 5497 6105 6898 5037
5118 3432 4202 3954 3328 5245 2926 3386 5266 4723 4631 3471 4943 3092 4651 3247 4950 4100 4549 3075 4475 3261 2997 4926 3983 3570 3103 3978 4969
4207 3195 4438 4907 4778 3615 5562 5581 3838 3390 4362 4799 5465 5084 3701 5346 4940 4676 5414 3971 4232 4960 4968 4857 3403 4986 3721 5481 5574
8389 7905 6958 7262 7593 6354 8156 6842 7047 6891 3981 3810 3125 3643 5099 5304 3442 3559 5105 3074 4402 3007 5256 4030 3437 4267 4048 5069 3780
3566 5130 5142 3668 4865 4279 2858 2591 3222 3169 3664 3707 4042 2468 2345 3306 3098 2132 4378 4394 3598 2530 4193 4426 2389 2584 3111 3905 3534
3634 1879 5486 8413 3236 5879 4671 3844 5347 2893 1861 5527 3363 6806 5808 3716 7214 4618 7298 5035 6019 5915 6287 6560 2138 5575 3229 7370 5670 7543
3566 2600 4560 7114 2909 4780 3796 4141 5967 3543 4094 5211 2129 5987 4710 4563 6999 4853 7821 4525 6571 3685 6792 6804 1682 5804 4842 5939 4246 6947
3274 3296 5059 8699 4226 4375 5279 2928 7171 3376 2736 5009 2284 6323 6609 3971 7631 5013 5893 4331 5552 4236 6601 6422 2577 4927 5904 6185 4666 5606
7766 1746 6200 7516 3842 5882 3255 3273 6830 2631 2314 6352 3111 8066 5987 4779 5996 2901 7062 6075 5793 5486 5732 7716 3422 5159 6502 7353 4507 6272
7964 1606 4903 6575 2821 4032 5090 3611 7003 2236 2792 6685 2358 7313 5582 4646 6726 3695 6415 6391 4337 4185 5559 7233 3770 6984 5231 7138 5740 5865
8170 1937 5956 6554 2806 5009 5403 3081 5260 2600 2361 5753 3510 6151 5774 4383 7025 4409 6718 4507 4843 3603 6569 5622 1993 6173 6355 6385 4117 7226
8186 2663 6640 4980 4060 4919 4840 2775 5544 2605 5833 6138 4054 6944 4814 4249 6718 3339 7929 5130 5194 4980 5196 6061 2174 5658 4534 7088 4487 6695
6590 2468 6718 4945 3652 5826 3327 4646 5094 3529 5952 5256 4049 6116 5874 4083 6071 4500 7936 4852 6376 5636 6409 5689 3911 6751 6368 6704 4508 6974
7917 3379 5169 4192 4432 6084 3104 2334 6970 3521 5141 5654 3073 5585 5618 3991 7085 3394 7249 6183 5132 3689 6501 5795 2893 6915 5357 5259 5279 6781
7309 3134 5461 4535 4610 5630 4477 3997 6448 2139 5523 5470 2924 6386 6019 4180 5836 3374 7250 5733 6386 4001 4802 5889 2043 4680 5850 6034 5799 5872
7232 4081 5388 6089 4293 5694 4970 4690 5167 3758 5981 7056 2485 6499 4881 5263 7041 3445 6771 4265 5381 4980 5100 7641 1864 6690 5011 6141 4947 7210
6845 2566 4534 4795 3967 5770 4515 2389 5289 3176 4827 4740 3964 6854 5678 3650 7072 4761 3796 6108 6509 4009 5612 7202 2600 6791 5937 8495 5085 7573
8028 4044 4439 4029 4222 3995 4512 4524 5589 3719 3967 7017 3898 6747 6323 5117 7351 3827 3205 3711 5079 4308 5559 5552 4212 5094 5641 7276 5055 5988
7970 3528 6023 5151 4460 5337 4496 2986 4149 3559 4706 6584 3439 7543 5965 4676 7658 3105 4312 3939 5167 5296 6086 5827 2123 5236 4472 7327 4600 5409
7751 2325 4813 4717 4564 6105 4887 3905 4336 2682 3930 6451 4154 7259 6280 3397 5757 3556 3917 5459 5658 5669 4538 6207 3513 5940 4267 7477 5104 7225
7300 2108 6243 5547 5240 4220 4894 5134 3840 3666 4276 6128 2617 7244 4584 4680 7039 4964 2756 5740 5723 4599 4784 5510 3559 6345 6379 6301 5632 7372
7985 2537 4435 4330 4186 5655 4493 4881 3635 2380 5592 6843 4300 7076 5723 4221 6756 3045 3546 3855 5231 5006 6081 5703 2388 5087 4902 6596 4137 5407
7257 3276 4620 4356 5305 4611 5085 4796 2480 2065 6080 6809 3436 6169 2362 2620 1754 3691 4513 4338 6013 4584 5737 6989 4252 5034 6534 8095 3906 5470
6172 2563 6711 4055 6243 5536 5068 3493 2677 2992 5579 5840 4018 7353 2522 1683 2280 4928 2992 5732 5020 5631 4391 5538 3645 5963 6478 7463 4343 6341
7082 4264 6241 5170 4456 2370 4960 3238 4365 1627 3877 6839 4167 6342 3504 2786 3033 3903 3558 4460 5493 6967 5533 5897 4047 6571 5946 6836 2438 5629
8435 2090 6037 4738 6299 3306 4895 4097 3879 1811 5542 6258 4226 6862 3665 3536 2508 4193 3395 4203 5215 6196 4251 7220 3306 5010 5164 7999 3316 5593
7589 4023 4827 3760 5057 3067 3115 4028 3992 3134 5065 6076 2686 5528 4078 3313 3454 5024 3361 4511 6546 7794 4232 5732 3634 6668 6105 7618 3560 5685
7881 4180 6106 4001 5204 2544 4833 3022 3986 3498 5332 5739 2363 6545 2712 2896 3980 3811 4181 4188 4642 7894 4349 5886 3879 5630 4696 8639 4163 6796
6326 3680 5106 4249 5846 2952 5213 3292 3210 2862 4170 5011 3432 7325 4397 3043 3816 5151 2750 4989 5356 6515 4975 6263 2935 5625 5065 6695 3523 7328
7936 2404 5689 5730 5783 2691 4491 3240 2647 1907 4625 5492 3046 7124 3353 2684 3534 4004 3944 3955 2950 6780 4812 5608 2669 6541 5420 8479 2612 7565
6721 2405 5928 5700 5379 2487 6290 4400 4027 2134 5940 5395 4365 6025 4288 3684 3122 4728 3647 5431 1837 7054 4783 6788 4263 5018 4346 7110 3506 5669
6260 3955 6959 4862 5263 1932 7704 3439 2618 2190 5115 5853 3952 7329 3109 2590 2943 5071 3573 4213 2434 6571 6175 5884 4083 5679 4698 8002 3729 5931
6676 2900 5640 5888 5967 2890 8411 3522 3801 2463 3975 6896 2707 7403 3863 2331 3305 5152 2681 3818 2252 7345 4423 6569 3154 5994 6221 7541 3590 6644
7009 4362 6295 5022 6251 3721 6634 4699 2596 3146 4172 5145 4048 7099 3593 3840 2851 5024 4442 4461 3052 7929 4131 6794 3942 4674 5121 8097 4119 5473
24 5 5 15 87603 1
17 2 29 21 97075 1
26 6 15 21 83684 1
9 16 25 20 75831 1
1 12 18 10 61384 1
27 29 2 22 104118 1
28 27 17 5 111327 1
22 0 8 29 134041 1
22 21 12 13 67842 1
6 20 14 3 77738 1
15 26 15 12 57713 1
1 11 16 23 84120 1
27 19 21 24 39444 1
10 23 27 8 96070 1
6 13 9 1 45296 1
5 3 19 27 113574 1
15 26 4 16 66361 1
7 26 27 15 93316 1
3 25 14 5 95339 1
10 1 5 16 63153 1
28 1 14 9 65206 1
9 7 19 22 83845 1
21 8 17 22 57157 1
1 22 26 11 122423 1
3 9 16 0 64787 1
23 5 3 11 79580 1
10 23 20 25 38818 1
12 4 5 21 72041 1
18 8 2 26 99413 1
4 25 29 23 90516 1
0 22 22 9 111632 1
0 5 11 24 90051 1
2 4 11 1 37066 1
11 12 2 10 34016 1
28 24 1 21 97166 1
16 10 28 8 39520 1
4 17 13 22 48192 1
0 5 14 8 65815 1
0 18 23 1 128448 1
17 21 6 11 75164 1
18 0 9 14 76720 1
4 26 28 18 104048 1
24 27 26 7 86902 1
3 27 15 3 112646 1
1 11 15 2 78662 1
4 9 29 7 75212 1
8 18 1 3 65395 1
6 23 17 1 95914 1
17 12 5 12 42467 1
19 14 12 11 37818 1
24 26 17 4 95704 1
11 12 7 24 44136 1
1 16 12 17 48980 1
3 2 20 28 122844 1
21 14 27 10 38386 1
28 10 4 14 87777 1
2 26 14 20 57160 1
1 23 19 2 124444 1
19 6 3 25 103219 1
6 20 0 12 46559 1
27 14 1 0 119285 1
8 19 9 10 38842 1
29 16 23 12 33225 1
4 4 22 27 121870 1
3 29 1 10 86248 1
22 18 8 10 74860 1
20 9 9 1 58510 1
24 29 20 7 88957 1
1 11 14 15 58091 1
28 19 8 4 113986 1
8 12 16 25 66627 1
18 0 7 23 96195 1
1 4 21 26 124838 1
27 10 6 16 83443 1
4 4 7 19 46252 1
22 22 23 12 47217 1
0 20 17 12 89828 1
11 7 25 7 53025 1
16 12 13 19 31735 1
13 7 0 9 47600 1
7 14 8 5 28421 1
5 19 20 7 80359 1
26 5 11 3 61249 1
8 26 9 12 50706 1
3 15 19 11 71732 1
2 8 1 26 82719 1
18 11 11 15 40231 1
5 17 13 28 56439 1
0 11 22 13 85005 1
10 27 5 19 45422 1
4 22 15 17 60290 1
6 2 21 1 51140 1
28 16 7 28 101427 1
14 4 2 25 99262 1
3 27 9 19 49528 1
12 14 24 12 52597 1
25 23 20 14 53250 1
0 24 22 8 104523 1
7 27 3 15 50656 1
14 22 20 17 41870 1
11 2 20 1 31909 1
28 21 12 27 78787 1
7 15 23 13 67222 1
5 23 14 8 75650 1
5 20 20 14 75100 1
9 6 22 0 64985 1
1 15 9 29 77174 1
5 22 28 14 107936 1
17 19 7 20 52953 1
26 28 18 18 55550 1
13 5 4 15 62999 1
1 14 25 20 114122 1
2 20 15 26 62642 1
0 2 19 25 126652 1
15 11 3 23 81022 1
24 27 3 13 112876 1
21 7 24 21 68953 1
19 25 7 21 49085 1
15 28 24 1 113658 1
16 12 26 21 66212 1
15 10 28 14 57780 1
20 27 1 24 67791 1
8 26 23 18 72915 1
8 3 9 15 42776 1
11 7 1 11 47327 1
17 18 11 9 48162 1
27 25 9 7 117497 1
25 11 0 10 87005 1
29 2 3 17 121469 1
7 21 29 22 89752 1
6 22 24 28 76161 1
29 0 28 28 102879 1
1 0 9 17 67593 1
27 29 18 1 123083 1
24 21 27 11 52828 1
1 24 7 5 64039 1
14 5 1 26 104033 1
6 9 13 1 45720 1
7 26 13 7 72708 1
20 22 15 5 73076 1
23 7 23 22 63966 1
25 0 28 13 57793 1
16 12 5 19 57688 1
8 23 19 17 59136 1
3 2 14 5 46802 1
21 16 15 10 42300 1
9 29 25 5 124585 1
13 16 21 4 60721 1
17 18 18 7 40968 1
15 15 20 4 52139 1
13 15 27 17 54349 1
22 23 4 22 70002 1
4 26 5 15 51326 1
28 1 4 15 116343 1
18 19 2 17 66679 1
0 13 16 8 70386 1
22 28 3 26 76972 1
16 5 1 7 62706 1
18 16 21 6 41086 1
17 19 5 22 66283 1
24 10 12 25 87178 1
1 25 20 17 81241 1
18 28 29 19 66345 1
7 21 18 3 85223 1
25 8 27 0 38662 1
7 6 22 14 71042 1
10 1 8 24 75333 1
22 19 18 6 53896 1
13 17 22 27 63032 1
15 17 5 1 76547 1
22 8 8 20 82094 1
27 16 18 18 35090 1
6 16 2 7 44766 1
29 29 13 11 106782 1
11 1 16 6 35561 1
28 28 3 11 126614 1
10 1 6 16 56128 1
19 2 0 22 133169 1
23 18 26 25 37607 1
2 14 25 28 118124 1
8 5 5 16 45978 1
22 15 24 1 61165 1
12 19 5 29 62663 1
26 17 10 4 95804 1
12 8 4 10 32914 1
15 6 4 3 52198 1
26 15 7 17 71783 1
20 15 28 22 50760 1
14 18 21 9 50171 1
28 25 24 13 65394 1
18 8 15 22 60803 1
11 23 0 23 41508 1
14 11 15 21 48147 1
15 19 11 9 45342 1
29 15 6 27 109181 1
20 20 6 20 70090 1
6 5 27 25 122562 1
0 19 27 2 141282 1
2 20 4 4 67849 1
2 25 9 2 86983 1
2 27 7 8 72070 1
20 21 8 0 106655 1
3 9 0 0 46219 1
4 5 23 7 76683 1
14 22 13 6 55041 1
15 25 9 7 77084 1
27 22 4 7 123005 1
5 23 21 23 61523 1
18 25 10 1 97874 1
15 1 11 26 97179 1
7 23 10 0 71714 1
15 19 4 8 66905 1
18 23 2 0 111679 1
1 9 16 6 61135 1
20 27 22 9 64698 1
6 3 29 17 107495 1
6 22 27 19 95084 1
20 23 6 24 46417 1
5 26 15 16 65112 1
19 2 1 29 139225 1
29 19 3 27 113863 1
24 1 10 19 100234 1
11 19 29 1 111995 1
25 13 9 11 66364 1
10 2 2 17 68444 1
24 18 19 29 52507 1
13 2 19 29 102616 1
5 3 15 3 49987 1
17 27 29 22 64764 1
16 29 2 24 61696 1
5 22 3 3 74745 1
29 27 7 23 83757 1
7 2 0 21 80435 1
19 20 28 0 95957 1
21 2 6 21 101881 1
13 9 7 23 56082 1
18 24 15 16 37904 1
28 22 8 7 113342 1
18 11 27 0 62870 1
26 20 1 22 100956 1
27 10 25 28 79519 1
28 28 12 13 99729 1
19 0 21 24 85000 1
13 7 25 2 64965 1
4 14 22 9 67821 1
24 29 10 7 113521 1
20 29 22 16 50267 1
10 20 0 10 62151 1
6 2 25 17 108382 1
22 28 18 1 99976 1
9 0 10 12 51629 1
20 24 17 15 36679 1
5 19 11 14 41125 1
13 17 21 13 40137 1
9 28 7 20 32597 1
8 5 16 12 52825 1
17 13 28 12 44571 1
24 27 18 12 68907 1
1 13 27 1 117006 1
19 2 0 7 83611 1
26 22 28 6 67482 1
8 18 27 0 117470 1
2 3 3 21 80841 1
12 27 22 13 78803 1
2 16 10 22 55586 1
19 29 12 16 61236 1
3 21 25 22 90159 1
15 1 24 6 42061 1
1 6 11 24 80214 1
5 2 18 10 68553 1
7 7 0 27 80940 1
9 22 26 7 100926 1
22 28 16 19 47231 1
12 21 18 11 53198 1
27 20 17 26 58703 1
12 24 28 10 91645 1
29 19 3 10 108276 1
27 23 15 5 105444 1
1 9 13 17 58834 1
17 13 24 8 39158 1
18 18 28 14 43481 1
3 0 16 3 46064 1
14 29 12 11 64761 1
21 29 15 16 61723 1
24 2 22 10 40325 1
3 26 5 5 78130 1
18 26 0 0 122845 1
24 21 17 0 100131 1
6 6 21 4 70779 1
14 17 6 8 53860 1
9 26 26 11 102872 1
3 1 19 22 110888 1
13 22 29 4 97846 1
6 20 24 22 80116 1
1 13 10 25 68353 1
27 19 17 7 73794 1
27 8 11 4 66492 1
15 13 5 23 74465 1
28 12 16 8 45841 1
28 18 11 11 82771 1
28 18 7 18 81737 1
24 13 12 29 92238 1
17 10 23 5 36596 1
26 10 3 10 72891 1
22 22 0 5 129477 1
0 7 24 17 110792 1
6 29 9 1 88720 1
4 2 26 28 139661 1
9 7 19 23 87650 1
2 9 18 19 79312 1
18 18 6 24 53445 1
15 17 16 6 55430 1
3 14 15 15 57295 1
11 13 6 22 49288 1
7 1 16 12 61019 1
26 2 24 27 106557 1
19 13 12 29 72650 1
23 15 2 0 105189 1
1 5 9 17 60899 1
24 20 17 29 58714 1
29 25 26 10 61911 1
13 27 18 6 74899 1
8 15 14 2 67070 1
0 13 18 8 72529 1
18 18 10 3 79196 1
16 28 7 9 82569 1
18 16 8 5 73942 1
14 4 11 28 88536 1
16 21 1 18 79563 1
18 8 6 12 48056 1
2 9 6 25 59558 1
24 8 25 22 68538 1
4 27 20 29 79370 1
22 3 12 6 53687 1
26 13 1 17 103736 1
6 6 17 9 45025 1
17 14 14 5 52822 1
17 24 3 11 77406 1
16 22 26 22 49144 1
24 9 3 19 92304 1
25 23 14 20 60469 1
0 19 6 25 45491 1
21 18 15 29 56968 1
17 10 24 25 73209 1
0 23 1 10 71450 1
14 8 4 29 98560 1
28 3 0 19 142732 1
3 4 15 0 51013 1
19 2 2 28 137912 1
24 6 11 8 55648 1
24 26 2 29 98699 1
9 2 11 24 78790 1
29 1 15 27 132429 1
25 1 21 20 79425 1
23 6 18 24 71134 1
11 4 10 13 43650 1
14 9 6 28 78647 1
27 26 12 6 115577 1
12 2 2 11 58961 1
3 26 13 0 104784 1
11 21 29 3 107737 1
3 10 24 2 91908 1
28 10 2 5 93397 1
9 6 20 8 49741 1
4 26 18 22 57274 1
24 14 18 10 34509 1
20 4 12 12 47502 1
6 5 22 11 68417 1
15 6 2 9 53713 1
20 11 26 27 73039 1
4 10 14 26 75379 1
17 17 10 1 75542 1
22 26 29 1 114233 1
2 15 20 4 92192 1
7 24 8 1 64909 1
20 13 29 22 57017 1
0 4 12 11 60732 1
2 10 29 9 78703 1
10 28 4 11 70242 1
5 23 21 25 60621 1
0 10 10 3 50603 1
3 13 0 3 55397 1
15 13 23 4 57579 1
2 26 15 17 67084 1
6 25 13 5 81373 1
7 28 1 4 83147 1
3 4 2 19 66713 1
12 27 7 9 68195 1
28 14 3 21 112295 1
10 16 17 28 65446 1
14 5 0 23 104400 1
4 27 3 3 93611 1
8 13 14 17 39008 1
22 18 2 23 83279 1
2 8 2 27 87988 1
3 6 12 24 73898 1
26 4 22 21 81340 1
12 15 18 19 35210 1
15 24 28 20 58922 1
10 13 11 24 51665 1
24 4 2 8 90806 1
18 21 25 25 37875 1
16 3 2 23 112559 1
9 15 23 1 89399 1
12 6 28 0 74898 1
3 12 20 1 83396 1
27 1 5 13 107864 1
19 25 10 11 74347 1
27 10 29 25 58817 1
3 6 23 17 98183 1
19 15 25 22 48204 1
26 20 9 5 107450 1
4 15 23 7 82069 1
7 7 14 15 49476 1
3 18 16 11 65486 1
12 4 26 12 69322 1
9 28 6 14 52188 1
1 9 8 25 63170 1
13 10 13 0 35980 1
29 10 13 17 69752 1
29 11 4 5 91141 1
18 0 24 20 87972 1
22 3 5 2 64739 1
5 20 21 23 70637 1
5 1 29 3 85144 1
4 4 25 24 117882 1
8 1 22 28 122100 1
5 22 4 1 74324 1
4 3 23 22 119450 1
19 15 2 19 78235 1
28 4 25 27 101932 1
22 0 6 13 90904 1
14 1 0 12 74845 1
9 25 4 2 80208 1
23 4 27 28 104780 1
8 4 12 15 51542 1
11 20 5 14 44901 1
17 20 24 6 70463 1
1 27 10 20 54922 1
21 26 22 7 74955 1
17 18 5 17 47849 1
12 9 29 25 99674 1
5 25 18 16 70172 1
17 14 29 1 78966 1
22 2 7 8 70528 1
29 1 20 14 70586 1
13 12 2 4 56845 1
6 17 23 22 80371 1
26 29 26 10 75971 1
28 8 21 3 37783 1
26 12 5 6 85283 1
21 0 29 6 45188 1
24 2 26 19 80415 1
13 4 16 22 72986 1
6 7 1 2 38519 1
1 18 18 18 73959 1
12 16 20 11 45503 1
6 15 28 27 108973 1
2 14 24 17 98851 1
11 4 28 18 99810 1
13 15 1 22 66250 1
5 11 14 7 47334 1
4 0 7 10 36179 1
13 28 4 17 60134 1
1 25 7 16 42012 1
13 29 10 7 75798 1
5 29 6 14 57557 1
4 7 6 27 69547 1
1 2 16 1 46497 1
13 28 13 3 77651 1
11 6 26 24 107841 1
7 17 28 23 93459 1
27 16 15 27 79599 1
23 4 7 22 98584 1
27 0 13 9 70072 1
2 18 23 25 95964 1
2 4 20 12 78054 1
19 5 21 14 36701 1
1 18 9 28 62595 1
12 10 18 22 60192 1
6 3 15 8 48378 1
2 28 7 0 101339 1
28 1 2 15 124877 1
26 3 8 0 70810 1
5 24 5 6 61464 1
17 26 9 5 96108 1
3 0 6 20 67460 1
5 19 29 4 114251 1
28 10 10 19 87005 1
18 13 15 23 48937 1
18 7 2 15 76000 1
8 3 15 12 54662 1
2 18 15 24 62624 1
1 16 18 4 97511 1
16 1 13 29 96362 1
28 12 12 21 80932 1
2 6 23 7 81078 1
9 3 19 21 96601 1
17 19 6 13 60350 1
4 15 13 24 54800 1
25 21 10 3 114354 1
26 13 11 20 76235 1
23 22 6 11 96971 1
0 24 10 16 53882 1
29 17 24 26 48427 1
14 18 11 7 45835 1
1 27 23 0 144475 1
1 5 24 0 94170 1
7 16 26 22 89251 1
28 26 11 22 75971 1
14 12 20 29 75011 1
6 11 24 9 60997 1
24 16 6 4 91582 1
13 10 22 6 38075 1
8 28 28 8 118561 1
11 23 0 24 34462 1
29 18 29 3 49414 1
28 24 15 3 115654 1
28 0 12 22 120222 1
23 19 10 22 68488 1
11 10 3 8 33129 1
22 17 20 4 51135 1
11 17 19 23 50043 1
29 10 9 29 123049 1
22 15 25 2 64557 1
24 1 10 12 74972 1
23 25 7 28 68260 1
24 16 4 12 81542 1
24 5 8 21 100388 1
17 11 5 21 73177 1
10 16 23 8 67323 1
3 23 24 23 74603 1
8 5 27 15 94848 1
20 24 15 29 36802 1
6 15 28 11 86943 1
25 25 13 17 63698 1
29 8 10 4 75778 1
17 7 5 22 89201 1
14 16 5 29 73208 1
25 2 22 21 91968 1
5 7 0 14 47543 1
13 6 29 25 106995 1
21 1 13 25 91229 1
4 20 1 0 83480 1
13 9 21 26 79490 1
22 2 26 15 64254 1
27 4 23 12 42668 1
19 0 13 4 33994 1
29 0 22 24 109167 1
25 17 2 8 103463 1
22 5 10 15 70432 1
12 16 2 16 50481 1
13 13 6 9 33817 1
10 18 26 2 101029 1
10 2 4 28 95648 1
28 27 14 23 67429 1
11 12 24 28 91253 1
27 9 29 25 59448 1
5 11 1 29 81080 1
27 15 10 15 59839 1
9 22 18 7 77845 1
29 11 16 15 51789 1
16 11 19 27 67453 1
17 27 4 12 87117 1
20 22 17 12 41663 1
20 17 10 8 59041 1
23 22 11 14 75130 1
11 8 18 29 84358 1
12 7 23 24 90305 1
18 9 20 22 46550 1
23 2 19 19 69131 1
15 1 5 22 93643 1
26 15 17 2 71825 1
20 10 23 2 38578 1
10 10 25 11 59680 1
7 7 4 22 55433 1
1 1 10 15 64544 1
7 21 29 11 99571 1
9 18 8 27 44756 1
3 11 19 13 63264 1
5 29 15 19 68350 1
6 23 8 1 68212 1
19 15 14 9 33140 1
2 0 6 8 39767 1
24 0 16 28 114877 1
15 19 8 13 49883 1
13 8 26 4 55835 1
17 6 9 14 60646 1
20 25 17 7 66708 1
19 13 11 4 58526 1
21 2 4 10 77816 1
7 0 5 10 38860 1
23 23 15 26 46105 1
18 2 21 18 61207 1
1 2 13 4 46292 1
12 6 29 7 63481 1
26 18 13 24 61576 1
7 14 11 20 34313 1
4 11 21 25 93779 1
27 28 5 10 119972 1
4 6 7 27 66075 1
28 12 5 15 89539 1
28 3 22 19 84464 1
28 3 21 11 53406 1
7 17 1 22 43045 1
28 15 14 16 51040 1
24 13 7 11 69164 1
22 11 16 27 74022 1
10 3 2 6 42691 1
26 5 12 3 56454 1
27 17 25 3 66446 1
5 26 16 18 62216 1
2 13 7 0 56431 1
13 3 0 22 107318 1
10 25 26 21 68068 1
16 1 7 11 55817 1
22 17 2 4 102318 1
14 19 28 25 73338 1
24 8 16 10 29478 1
19 18 3 5 91456 1
19 12 15 21 46125 1
9 21 18 29 53828 1
20 17 8 20 58957 1
8 28 3 15 58325 1
0 12 4 28 78519 1
2 19 16 26 71808 1
20 21 24 29 43712 1
23 12 20 5 32161 1
21 1 11 15 72380 1
25 18 7 29 89189 1
10 2 13 11 41790 1
5 0 4 13 57004 1
5 25 4 12 54008 1
3 24 24 21 78824 1
15 18 4 28 68682 1
24 29 28 8 91036 1
23 1 11 6 56086 1
26 14 8 26 93540 1
21 29 12 28 42077 1
0 6 6 18 62129 1
25 8 0 8 84105 1
0 3 14 22 105467 1
24 18 12 5 80877 1
19 7 9 27 93756 1
17 25 24 10 70906 1
27 5 3 20 118429 1
9 29 17 20 64712 1
16 27 5 6 97670 1
12 24 13 7 55647 1
2 4 25 18 114726 1
22 1 24 9 36332 1
27 0 0 12 118116 1
2 9 28 12 84953 1
24 29 6 15 97491 1
24 5 14 8 43180 1
5 22 15 1 93643 1
8 20 26 22 82657 1
22 18 17 27 47807 1
23 11 8 2 81268 1
3 24 21 28 64990 1
4 17 17 15 57790 1
2 13 4 28 72357 1
29 2 2 1 86650 1
8 2 6 10 32060 1
15 23 11 17 37305 1
6 23 21 21 63043 1
5 24 15 0 97843 1
22 26 13 25 41549 1
6 4 6 14 33770 1
19 8 1 14 75955 1
8 19 25 10 87572 1
15 16 13 2 59358 1
10 22 0 3 93635 1
27 13 11 18 69127 1
29 18 4 20 106919 1
25 22 16 2 101682 1
15 2 26 22 108908 1
23 4 15 28 102389 1
20 22 14 2 90211 1
7 15 0 27 59378 1
10 7 23 6 55120 1
4 27 18 23 59633 1
28 17 7 16 81608 1
22 9 9 0 68355 1
29 16 26 2 55678 1
27 9 4 27 119890 1
7 12 29 27 112604 1
25 22 6 13 101800 1
15 18 24 4 77150 1
3 16 26 5 105253 1
6 21 14 24 32844 1
15 21 13 9 46786 1
0 19 17 24 71833 1
0 25 16 27 64343 1
26 4 12 16 80364 1
21 10 13 20 56799 1
19 27 19 10 64290 1
25 18 17 6 65356 1
19 5 18 15 39992 1
4 25 7 16 35080 1
10 20 14 28 41718 1
3 24 8 7 61566 1
16 4 19 23 76754 1
14 17 29 5 81775 1
15 4 13 20 61584 1
22 7 6 14 70722 1
25 25 3 14 109064 1
3 28 29 16 121545 1
12 9 22 21 71737 1
8 9 3 25 58268 1
29 4 8 16 101726 1
11 8 1 22 79646 1
8 7 13 12 32095 1
19 14 4 21 78940 1
2 6 14 23 91098 1
2 25 15 9 83985 1
22 29 1 14 116907 1
23 0 6 27 132154 1
25 13 28 29 73970 1
0 2 23 8 93251 1
17 3 10 6 44960 1
0 24 17 9 88883 1
21 1 12 13 61164 1
2 2 28 16 125094 1
10 23 29 1 128852 1
10 16 17 13 47690 1
15 17 16 5 59319 1
1 12 7 28 60812 1
13 19 26 17 53285 1
28 17 21 13 35832 1
27 21 17 21 50718 1
0 10 0 27 89246 1
4 10 10 27 69668 1
17 15 1 24 75281 1
3 18 19 10 79674 1
28 10 20 24 71710 1
23 23 11 0 116901 1
27 9 11 9 43402 1
17 1 4 11 68801 1
28 1 4 7 92257 1
3 16 26 23 104679 1
16 14 24 28 70257 1
21 4 19 29 87178 1
16 28 16 3 95986 1
27 27 24 20 36418 1
13 15 4 14 43235 1
29 27 15 27 60551 1
29 29 8 27 95140 1
20 9 24 26 69578 1
13 22 28 25 60533 1
28 4 5 0 92427 1
16 12 26 4 55817 1
0 12 15 23 82201 1
2 19 18 24 68742 1
1 12 14 4 66199 1
21 22 12 24 38689 1
16 25 3 26 51550 1
10 8 19 23 79993 1
9 28 10 12 63199 1
24 2 19 21 81325 1
6 15 28 23 101251 1
3 5 27 0 91829 1
14 4 5 28 100723 1
24 15 0 15 93442 1
0 3 12 1 46299 1
12 1 2 17 76970 1
1 9 11 11 41142 1
18 26 15 12 55086 1
16 4 18 26 80223 1
8 13 25 8 65531 1
4 17 3 3 54998 1
9 1 25 2 55821 1
0 8 12 7 48384 1
3 13 20 5 76682 1
10 21 8 6 55489 1
8 13 18 26 73812 1
20 18 0 21 91929 1
4 13 21 14 69765 1
14 28 12 13 54250 1
0 19 23 23 99563 1
19 20 27 13 48056 1
8 4 25 10 73255 1
11 29 29 15 103316 1
15 9 2 10 42828 1
20 3 6 5 63123 1
19 1 22 23 82500 1
23 23 12 21 51361 1
14 20 2 9 68888 1
7 21 21 23 57769 1
22 25 17 18 40262 1
19 14 8 5 69794 1
27 16 21 7 51546 1
21 8 3 11 62337 1
7 6 17 26 86350 1
12 19 24 4 84438 1
19 15 7 18 53301 1
17 5 12 16 60483 1
23 20 27 29 49739 1
5 8 0 0 50600 1
2 6 23 27 130360 1
20 26 5 1 115415 1
24 17 7 3 96503 1
11 11 9 21 51218 1
21 21 8 17 60306 1
1 18 19 22 84017 1
10 0 26 0 58242 1
11 15 9 5 50852 1
24 12 12 0 73465 1
20 1 16 11 42033 1
15 8 8 4 44016 1
21 25 1 14 103994 1
21 23 11 14 70460 1
19 12 6 21 70724 1
13 24 0 15 71829 1
0 2 15 1 48869 1
8 5 0 14 57726 1
7 1 17 9 55572 1
20 27 22 18 37706 1
16 7 3 11 58301 1
12 14 22 15 40670 1
24 18 29 25 40089 1
7 20 24 12 79787 1
18 2 26 22 94450 1
29 16 23 2 63452 1
28 3 10 27 131831 1
4 17 13 4 66885 1
4 26 16 8 92159 1
0 19 1 4 83408 1
29 24 11 5 118752 1
1 7 23 15 92801 1
10 6 29 20 101540 1
1 5 19 21 110489 1
0 5 27 14 118470 1
19 7 28 28 101009 1
9 15 29 2 104719 1
23 2 17 15 60109 1
7 18 22 20 69326 1
17 9 16 18 40907 1
0 0 9 27 104352 1
6 25 2 14 57747 1
2 0 20 10 81002 1
12 20 13 8 41712 1
11 27 25 19 84944 1
21 18 0 3 115101 1
24 19 21 5 65599 1
6 13 27 26 109424 1
4 24 12 13 60561 1
11 13 24 8 55534 1
29 20 23 26 41560 1
8 28 19 24 50334 1
8 14 28 7 81284 1
5 10 25 27 118758 1
4 24 25 2 130041 1
13 24 16 9 53468 1
20 12 9 8 47310 1
10 11 16 1 56469 1
11 25 5 11 61455 1
21 15 17 4 48702 1
19 7 23 28 84365 1
12 16 22 15 40245 1
7 13 23 22 85555 1
15 12 26 14 46691 1
14 17 2 24 53658 1
12 27 17 11 71895 1
21 21 2 20 86681 1
5 15 1 26 55714 1
4 26 25 24 76168 1
7 8 23 5 64388 1
23 14 28 20 37062 1
12 28 11 0 98033 1
19 13 4 9 59662 1
0 22 27 27 107556 1
3 14 6 6 40163 1
8 23 24 27 66069 1
6 19 17 21 58262 1
11 8 25 5 58828 1
28 14 8 5 93522 1
22 25 16 19 41234 1
24 4 16 28 102603 1
8 13 15 2 66152 1
7 15 23 3 84158 1
18 6 11 26 84053 1
21 28 16 0 105868 1
15 2 3 3 47114 1
22 25 11 29 61017 1
26 2 21 12 51075 1
11 19 24 6 82509 1
15 0 25 18 91049 1
3 27 28 9 122146 1
24 3 26 18 71375 1
19 28 11 8 85922 1
6 12 11 28 65718 1
24 1 17 5 36411 1
2 26 12 14 73655 1
29 18 13 8 73783 1
12 9 0 13 52043 1
23 26 3 13 108010 1
11 13 17 29 80052 1
18 19 8 12 57308 1
5 26 0 20 46432 1
13 10 12 19 30513 1
11 14 4 27 70188 1
24 21 16 23 44393 1
28 15 1 7 107133 1
27 7 16 6 45509 1
25 20 14 2 105152 1
9 29 12 3 100997 1
27 27 17 25 49808 1
23 29 16 16 65486 1
16 29 29 2 123855 1
15 29 5 6 100495 1
22 22 13 12 64564 1
3 6 19 7 63970 1
8 1 0 23 89711 1
12 27 3 18 65274 1
22 9 20 27 64698 1
1 11 21 26 107208 1
16 14 3 17 60199 1
13 8 29 16 68553 1
9 20 5 11 46607 1
7 0 26 19 122165 1
8 8 20 1 62710 1
19 15 22 27 52787 1
7 29 1 24 29355 1
22 22 15 27 48280 1
23 23 7 9 95834 1
17 20 16 3 71883 1
20 1 24 28 101680 1
20 2 9 23 99954 1
3 10 0 0 50362 1
17 1 16 23 88055 1
12 28 28 16 87910 1
29 28 28 8 69257 1
26 29 24 13 75838 1
10 1 17 23 96000 1
15 2 13 26 86277 1
24 6 6 2 76363 1
7 8 11 1 33137 1
5 17 26 2 106924 1
23 9 29 28 78141 1
1 18 11 6 71821 1
12 16 2 15 47411 1
26 15 12 23 70717 1
3 2 4 20 73345 1
11 4 18 8 40851 1
16 23 16 0 94231 1
16 13 21 28 64482 1
0 5 15 5 69565 1
5 20 15 22 52209 1
4 18 27 5 106259 1
29 21 18 4 84267 1
3 8 17 11 59572 1
5 6 16 29 105057 1
6 25 29 17 99039 1
19 23 19 5 66117 1
17 7 3 22 97246 1
13 14 3 11 44524 1
17 13 0 8 75561 1
13 0 22 15 73537 1
15 20 26 6 81842 1
8 10 27 28 117730 1
11 8 15 18 46972 1
22 15 18 28 49243 1
20 11 13 2 52440 1
23 25 27 13 61452 1
10 14 6 6 39751 1
8 8 18 19 67561 1
5 1 20 17 92346 1
18 5 16 16 46801 1
9 14 19 11 50900 1
8 0 18 14 81688 1
18 23 15 5 73626 1
21 12 0 27 114878 1
8 12 16 21 60205 1
4 9 2 25 65343 1
22 29 19 12 68672 1
5 24 14 22 33422 1
10 2 12 22 80041 1
11 16 3 14 46864 1
27 27 15 9 98018 1
7 8 17 19 67279 1
10 15 24 25 79327 1
20 16 15 8 40216 1
7 13 4 25 42154 1
11 20 5 25 44775 1
7 22 29 16 93936 1
25 12 21 6 34523 1
16 12 12 27 61291 1
23 23 12 1 107954 1
4 0 19 0 53278 1
15 15 5 8 59766 1
20 0 6 25 110905 1
6 12 22 7 64183 1
29 10 23 3 40286 1
18 19 4 26 67258 1
11 20 18 3 79078 1
18 13 21 20 30943 1
13 19 28 13 66727 1
5 23 6 6 60819 1
1 4 12 14 66670 1
