3967 4069 3338 3523 4055 3421 3446 3745 3521 3503 3549 4012 3248 3402 3735 3338 3356 3698 3336 3212 3368 4229 3471 3442 3724 4160 4086 4214 4061
1940 1901 1912 1567 2166 2380 2359 1589 1819 1750 2045 2354 2068 2480 2091 1569 1463 1766 2128 1623 2018 1888 1485 2257 2475 2412 1648 1489 2118
4138 5002 5078 4755 4465 4690 5047 4292 4787 4383 4026 4260 4821 4153 4642 5052 4391 4117 4434 4159 4322 4124 4017 3977 4591 4442 4924 4252 4612
3854 4117 4041 3632 3854 4068 3733 3343 3517 3864 3256 3394 3721 3768 3171 3951 3768 3432 3922 3674 3627 3235 3837 3260 3806 3874 3851 3271 3402
6423 6796 6686 6545 6573 5994 6446 6138 6166 6002 6377 6266 6671 6666 6867 6558 6123 6891 5924 6034 6051 6581 6705 6006 6172 5911 6368 5965 5966
3223 3955 3700 3241 4035 3721 3275 3421 3584 3810 4026 3980 3694 3163 3469 3280 3750 3710 3308 3160 3354 3541 3104 3924 3831 3955 4087 3066 3225
3150 3770 3004 3906 3606 3604 3291 2922 3153 3031 3704 3211 3504 2822 3215 3741 3765 2867 3350 3792 3525 3734 3465 3703 2892 3089 3620 2802 2993
6857 6969 6820 7024 6274 6613 6280 7091 6746 6319 6445 7001 7357 6877 6351 6241 7088 7003 6742 7039 7190 6313 6346 7201 6380 6891 6870 6346 6621
7103 7696 7080 7131 7885 7210 7381 7859 7981 6902 7834 7790 6982 7991 7168 6961 7293 7702 7476 7433 7214 7997 7243 7265 7161 7292 6971 7481 7787
5591 5746 6225 6487 6039 6677 6579 5579 6299 6271 6517 6326 5660 5611 6306 6354 6200 6492 6421 5865 6652 5913 6516 5751 5802 6379 6564 5902 5934
2842 3308 2478 3406 2682 2968 3277 2906 3242 2985 3317 3153 2614 2552 3088 3372 2471 2580 2344 2827 3179 2511 3114 3218 3137 2470 2871 3089 3142
5660 5739 5953 5925 5771 5798 5059 5107 5601 4920 5772 5630 5876 5242 4905 4937 5335 5681 5280 5764 4929 5079 5835 5860 5336 5027 5851 4934 5050
7937 7330 7845 7885 7327 7847 8006 7781 7611 8077 7304 7513 7901 7493 7333 7374 7645 7653 7856 8305 8311 7664 7939 8081 8374 7484 8165 7712 7641
3151 3283 3408 3540 3216 3970 3692 3511 4153 3165 3633 4162 4019 3688 4052 4066 4005 3515 3101 4033 3586 3563 3651 3777 3294 3299 3559 3238 3288
7483 7738 7292 7017 7867 7523 8116 7788 7170 7128 7012 7827 7955 7762 7235 7940 7479 7085 7734 8082 7185 7518 8063 7054 7508 7400 7514 7797 7046
3275 3224 2993 3253 2903 2761 3596 3234 2950 3029 2899 2786 3431 3302 2571 3588 3617 3275 2868 3277 3607 2823 2864 3191 2667 3396 2590 2801 3491
3652 3360 3821 3285 3130 4000 3532 3768 2986 3629 3799 3081 3795 3799 3146 3605 3048 3346 3156 3786 3979 2898 3205 3064 3763 3735 3186 3163 3981
2548 2956 2743 2460 2500 2349 3337 2867 2367 3055 2506 2512 2289 2493 2856 3182 3104 2598 2793 2420 2611 2625 3086 2828 2822 3222 3078 3101 2489
7972 7748 7915 8117 7593 8351 8514 8659 8424 8234 7945 7629 8585 8640 8204 8431 8133 8667 8161 8088 8442 8481 8281 8090 8587 8266 8242 7682 8606
6658 6103 6306 6359 6465 5845 6118 6037 5806 5771 6293 5832 6661 6735 6325 6530 6537 6805 6031 6422 6333 6497 6728 6914 5794 6281 5937 6067 6672
2749 3629 2743 2544 3603 2682 2630 3373 3550 2760 3089 3277 3358 3294 3479 3137 2572 3188 3333 2754 3415 3334 2735 3514 2952 3413 3253 2535 3111
7690 8442 7651 8198 8169 8524 7924 7615 7457 7447 8472 7790 8437 7999 8127 7799 8367 7532 7542 7602 8565 7979 8389 7874 7640 7597 7813 8508 7669
4274 4595 4367 4128 4254 4658 4456 3933 3966 3968 4963 4742 3984 4706 4005 4908 4475 4746 4150 4858 4073 3941 4870 4560 4478 4045 4046 4969 4123
6256 5493 6110 6204 6364 5313 5594 6446 5545 6379 6448 6174 5359 5841 5893 6202 6117 5904 5844 5516 6101 6154 6147 5313 5863 5313 5699 6067 5699
2152 2114 2551 2744 2390 1764 1746 2359 2049 2080 2422 2187 2308 2204 2195 1741 2683 1976 2060 2133 2421 2693 2400 1876 1659 2557 2458 1922 1771
6730 6589 6648 5819 5721 6210 6278 6401 6451 6734 6229 5840 6197 6142 6677 5631 5804 6103 6246 5934 6105 6211 6616 6180 5674 6300 5798 6301 6028
8240 8075 7807 8140 7329 7914 7809 7192 7656 7725 7979 8213 7600 7817 7502 7923 7572 7468 8173 7424 7414 7655 7515 7810 7221 7906 7999 7701 7936
4422 4532 3952 4625 4910 4630 4078 4446 4876 4009 3965 4654 5013 4983 4127 4165 4225 4628 4260 3935 4098 4807 4736 4578 4616 4619 5059 4119 4443
8199 8039 7880 7571 8059 7443 7524 8007 7488 8157 7450 7546 8019 8150 8184 7591 7187 7396 7406 8159 7347 7796 7288 8002 8092 7581 7571 8149 7184
4929 4113 5126 4981 4136 4970 4120 4960 4547 4336 4189 4130 4478 4885 4985 4772 4859 4082 4638 4588 4461 4990 4117 4680 4920 4901 4407 4087 4347
4338 4116 2799 2602 3618 7473 6445 5905 2822 5204 6381 7060 3499 4217 6939 6433 6823 2977 1966 5772 5604 5787 6703 1784 5680 2050 5210 1952 5750 1989
4551 4667 2441 2867 4143 6677 6678 6004 2910 5386 7172 7169 3838 4622 6162 6083 6435 2956 2176 4720 5778 5851 6234 2111 6178 1538 4560 2040 6234 2972
5092 4576 2248 3281 4174 6828 6767 6055 3447 5272 6736 6416 4223 3591 6993 6301 6399 2835 2331 5117 6119 5911 7284 2187 5665 1770 4568 1377 6406 2705
4896 4677 1847 3596 3857 7053 6455 5781 3403 4790 6663 7127 4036 4425 6122 5645 6734 3722 2375 4677 6294 5797 6564 1465 6532 1214 5238 1792 6203 2584
5073 4605 1907 3156 4063 6710 6176 6146 3603 5382 7396 7322 4093 3624 6505 5803 6716 3252 2793 5053 5632 5756 7221 2179 6358 1392 4924 2146 6056 2661
5245 3874 2819 3103 3974 6645 7081 5433 2979 5089 7286 6768 4310 4713 6818 6316 6099 3040 2884 5438 6704 5105 6839 1325 5785 1773 5535 2490 6438 2549
5308 4952 2696 2841 4461 6985 6771 6244 3091 4890 6313 7221 3697 3893 6509 6237 6785 3564 1904 5060 5933 5987 7285 1485 6415 1496 5285 2259 6409 2352
5233 4861 2296 2842 3950 7209 6911 5906 3339 4421 6885 6462 4345 4133 6011 5324 5767 3785 2655 5392 6529 5124 7264 1634 5657 1508 5554 2330 5409 2491
4717 4543 2342 3525 3647 7455 7195 6244 3316 4426 7074 7089 3663 3608 6173 5866 5880 2991 2598 5350 5783 5387 6899 1424 6012 1967 4993 2321 6349 2692
5141 4395 2621 3062 3603 7057 6903 5818 3183 4706 7255 6705 3318 3967 6269 5581 6534 3789 2929 5380 5778 6013 7289 2098 6313 1790 4703 2108 6422 2073
5133 4045 2692 3354 4545 6627 6201 5874 3273 5317 7012 6694 3272 4404 6357 5332 6459 3081 2581 5222 5941 6199 6323 1982 5890 1887 5548 1885 5784 2821
4383 4152 1731 3169 3865 7063 6565 6190 3368 5182 6778 7328 3390 4473 6864 5421 5875 2922 2732 5407 6685 6074 6310 2244 6090 2302 5299 2371 5619 2986
4586 4490 2309 3412 3472 6874 6858 6221 2880 4914 7384 7367 3782 4702 6176 5499 5766 3795 2240 5005 6473 5999 6624 1725 5781 2050 5292 1366 5897 2823
5147 3860 2232 2764 3739 7282 6851 6439 3720 4698 6929 7201 3480 3791 6149 5567 6519 3567 2319 4695 5939 5684 6258 1517 5915 1329 4739 1902 5812 2772
4900 4527 2147 3381 3969 6867 6139 5881 2974 5183 7138 7242 4314 3971 6182 5510 5944 3114 2414 5201 5624 5921 7300 1516 6216 1569 4562 1528 5512 2079
4722 4490 2132 2589 3906 6664 6484 5958 2843 4530 7120 6794 3395 3826 6108 5699 5682 3799 2331 5454 6374 5266 7311 1374 6590 1428 5063 1635 5412 2553
4631 4610 2078 3421 3413 7390 7165 6495 2637 4808 6558 7422 3840 4698 6225 5506 6815 3297 2323 5188 5645 5586 6661 1354 5541 1208 5225 1968 5637 2299
4410 4812 2005 2546 4080 7066 6263 5808 3373 5270 7241 6380 3875 4062 6544 5398 6624 3161 2224 5623 6247 6014 6928 2164 5808 1708 4882 1762 5405 2303
4945 4920 2526 2631 4271 7426 7006 6523 3359 5151 6575 7454 3888 4385 6836 5976 5831 3247 2088 5257 5591 5935 6283 1892 6528 2261 4681 2397 5531 2601
4969 3905 2027 3188 3549 6823 6402 5917 2672 4640 6982 6554 3802 3644 5926 5337 5916 3364 2631 4871 6677 5387 6760 1707 6348 1427 5108 2304 6315 2435
5141 4623 2695 2475 3840 6769 6193 5499 2679 4726 6524 6677 4293 4003 6471 5684 6584 3361 2506 5173 5950 6010 6380 1303 6251 1783 4932 1759 5466 2606
5040 4011 1770 3523 3426 7577 6316 6443 3249 4859 6536 7182 3399 4438 6209 6157 6549 3803 2153 4857 6552 5216 6542 1306 6180 1487 4790 2047 5423 2968
4797 4459 2320 2512 3727 7265 6935 5816 2790 5232 7350 6820 3653 3701 6318 5832 6314 2783 2672 4889 5987 5434 6646 1304 5847 2019 5017 2459 5739 2150
5237 4200 2202 3201 3938 7194 7138 6445 3242 5191 7173 6495 3626 4101 6314 6441 6571 3233 2757 5672 5810 5880 6404 1741 5800 2252 4708 2384 5653 2329
4886 3981 2697 2655 4510 6747 6145 5708 2951 4491 6278 6783 4102 4588 6583 5843 6636 3405 2551 5187 6408 5148 6389 1318 6406 2173 5238 1563 5493 1931
5022 4446 2840 3052 3881 6566 7100 6250 3761 4879 6410 7245 3222 3741 6766 6322 6617 3532 2414 5783 5781 5917 6305 1548 5773 1938 4831 2468 5975 2574
4549 4348 1810 2921 3521 7552 6623 6426 3618 4658 6470 7194 3876 3579 6830 5431 6077 3667 2425 5118 5711 5575 6362 1673 5936 1237 4924 1416 5455 2158
4395 4891 2075 3209 3810 6802 6787 5617 2898 5279 6357 7057 3938 4635 6779 5415 6057 3406 2448 5810 6451 5611 7208 1364 6463 1992 4976 2094 5410 2756
4435 4246 2178 2931 3692 6677 7103 6240 2880 4728 6739 7497 3434 4274 6904 5684 5762 3698 2738 5055 6313 6092 6852 1309 6314 2196 4836 1841 6128 2974
24 6 8 27 75672 1
29 13 20 1 57958 1
15 17 24 12 38067 1
16 29 13 15 52381 1
4 3 20 5 49987 1
25 18 0 17 63910 1
0 9 10 28 59542 1
10 20 3 29 40697 1
23 13 19 25 39110 1
19 14 14 2 50524 1
22 18 11 24 40727 1
8 22 7 6 74225 1
26 2 12 27 82533 1
24 14 17 5 43167 1
27 18 8 23 45748 1
18 20 7 6 80983 1
25 20 4 18 60335 1
7 9 29 3 81893 1
4 3 22 13 82486 1
0 2 20 22 79437 1
27 14 29 29 60878 1
16 14 29 2 64627 1
7 28 6 19 36425 1
4 27 19 8 82758 1
13 21 28 22 37583 1
14 27 18 6 68764 1
10 19 0 29 41927 1
9 17 14 12 31810 1
14 3 1 6 42146 1
1 26 10 1 72189 1
7 20 17 24 37838 1
5 28 6 1 74765 1
9 15 16 4 59147 1
29 19 19 2 63627 1
4 6 28 25 98347 1
26 13 15 15 51060 1
19 2 7 11 66917 1
27 28 8 18 60747 1
20 26 2 11 68439 1
8 24 21 28 42754 1
16 27 4 12 67884 1
22 27 28 10 64383 1
26 26 27 12 51566 1
28 3 0 18 99815 1
28 26 0 23 59277 1
9 15 2 19 38907 1
22 29 16 16 50391 1
0 20 18 5 90680 1
6 19 7 29 35967 1
0 10 24 13 89632 1
13 5 12 28 87707 1
9 26 14 0 92907 1
24 12 6 25 59820 1
7 29 22 13 77381 1
11 24 20 8 65491 1
2 0 24 5 66467 1
9 14 25 2 75412 1
28 5 11 29 104697 1
7 29 18 18 52010 1
4 21 12 8 64563 1
1 21 28 20 67041 1
29 16 15 26 55728 1
7 26 13 11 63769 1
13 28 13 16 42621 1
7 27 19 1 96910 1
22 15 5 2 84753 1
18 13 0 26 69911 1
9 8 8 25 56644 1
22 22 10 0 91466 1
10 11 19 7 44008 1
6 12 22 14 68023 1
11 1 13 11 42067 1
11 29 15 4 86990 1
0 7 16 8 54896 1
10 15 19 14 50483 1
4 6 22 8 65807 1
2 26 11 28 28566 1
19 8 8 0 54317 1
3 12 24 29 79920 1
25 17 7 6 89542 1
21 7 25 15 37696 1
0 4 20 8 67768 1
0 9 7 19 43759 1
28 10 3 4 94193 1
13 0 4 3 32384 1
20 25 2 10 68499 1
18 2 14 13 42807 1
23 22 7 11 76514 1
21 21 8 10 76871 1
4 28 18 11 80443 1
17 24 12 19 28427 1
6 14 10 22 34535 1
20 2 26 23 58959 1
17 27 26 18 39444 1
5 25 17 0 88214 1
22 26 6 5 96168 1
16 29 25 13 57755 1
20 18 9 3 71022 1
2 8 4 23 37220 1
27 10 15 12 53590 1
21 8 8 18 61512 1
29 18 2 3 101525 1
11 14 26 2 78340 1
2 8 28 21 90187 1
27 3 23 16 43388 1
9 8 4 18 48320 1
12 18 28 14 59972 1
29 3 24 11 32322 1
29 25 8 9 85439 1
24 2 6 11 71042 1
17 13 4 5 67459 1
10 9 4 17 43973 1
4 3 4 19 52016 1
27 23 2 13 66709 1
19 14 8 3 68553 1
12 19 11 5 58125 1
0 18 26 6 97777 1
0 22 0 6 43778 1
19 23 14 14 41456 1
21 13 2 4 87866 1
14 20 2 14 56322 1
4 2 12 10 52415 1
10 7 16 20 53839 1
18 26 27 27 27018 1
19 24 7 7 82960 1
6 5 5 19 49022 1
20 23 1 28 43183 1
0 10 21 24 73919 1
8 9 2 26 68065 1
19 21 3 14 69173 1
2 3 1 21 38102 1
8 18 24 10 57214 1
8 5 24 16 82625 1
26 1 17 7 39475 1
14 1 25 11 54394 1
24 23 2 15 59060 1
10 0 26 13 69945 1
22 24 4 23 34789 1
3 25 12 11 62322 1
15 3 8 9 43693 1
20 12 4 4 75496 1
6 22 0 26 23674 1
16 18 0 8 59489 1
4 10 24 26 87082 1
9 22 4 15 45394 1
7 6 27 26 103189 1
29 23 1 16 58620 1
20 21 0 12 63530 1
7 14 29 7 98023 1
7 9 10 0 40451 1
9 9 29 11 80187 1
10 1 20 3 27930 1
5 28 21 23 43515 1
18 2 7 13 62062 1
7 0 28 24 112962 1
24 27 14 25 22157 1
15 18 9 5 57868 1
17 8 29 18 55785 1
23 3 20 11 32741 1
13 24 28 27 34321 1
28 12 1 6 97538 1
0 8 9 29 63336 1
4 13 11 19 40845 1
0 7 24 6 77821 1
7 21 16 14 52636 1
0 5 22 0 67582 1
8 19 19 13 52623 1
7 20 16 3 82799 1
24 20 22 11 29321 1
13 1 17 9 30495 1
13 1 12 13 48454 1
3 20 24 28 55910 1
29 11 23 23 49257 1
1 8 16 4 53168 1
19 8 8 14 58732 1
25 1 19 24 67476 1
19 14 13 19 37608 1
1 16 29 8 97798 1
24 26 2 21 51159 1
28 16 17 15 48215 1
2 17 1 3 30656 1
25 19 6 8 83521 1
24 20 28 6 51679 1
5 28 18 12 70381 1
1 5 27 14 99219 1
21 7 3 23 82095 1
0 25 15 14 59983 1
14 18 6 25 36963 1
3 11 14 13 49110 1
29 13 16 2 62965 1
8 1 20 18 77728 1
20 18 13 10 46289 1
23 16 5 1 84906 1
26 9 23 24 47927 1
10 10 7 27 55577 1
29 0 18 16 80327 1
7 27 17 4 81073 1
11 20 17 9 49998 1
11 17 28 13 63992 1
15 1 26 10 53350 1
27 0 15 0 42555 1
11 10 17 28 70897 1
18 5 7 10 60217 1
18 5 7 24 80185 1
4 1 24 16 82940 1
2 22 12 9 68420 1
11 29 20 19 48038 1
17 15 10 26 42312 1
21 19 8 9 67653 1
5 22 15 9 63991 1
23 3 29 26 65728 1
4 13 17 29 73915 1
13 7 19 17 46457 1
0 20 6 25 23414 1
20 26 12 12 63327 1
19 25 14 12 51225 1
27 0 8 3 56232 1
25 22 16 15 45049 1
15 14 29 12 59076 1
7 28 5 19 36393 1
4 7 11 4 41357 1
16 2 22 25 72535 1
7 22 23 20 47955 1
4 11 13 8 44171 1
20 10 21 21 40906 1
9 0 29 26 107235 1
22 5 13 4 38124 1
27 11 9 1 75303 1
20 3 16 27 76154 1
25 18 16 6 55697 1
4 27 1 6 46496 1
28 14 15 24 60357 1
14 6 3 17 74512 1
28 17 3 5 106354 1
0 13 29 19 87133 1
4 26 22 17 63143 1
0 14 17 25 53923 1
23 11 15 29 64882 1
7 24 12 1 84928 1
6 27 17 22 33979 1
27 1 19 21 72255 1
24 25 7 28 43156 1
4 1 27 19 99249 1
5 22 3 5 57094 1
20 19 9 24 37562 1
18 25 5 18 43503 1
21 22 12 20 37912 1
25 10 19 19 42286 1
17 16 8 19 35645 1
24 14 6 21 57271 1
6 0 1 9 31974 1
13 13 23 28 69768 1
26 13 17 17 38757 1
13 17 1 4 61612 1
29 12 6 27 85101 1
4 8 26 3 75994 1
1 8 15 7 48720 1
17 28 3 4 85635 1
20 8 0 9 66713 1
10 4 1 9 40893 1
29 0 3 5 79563 1
10 12 0 4 54080 1
24 16 16 19 27169 1
29 25 18 3 75156 1
1 17 26 19 70562 1
25 17 2 17 63757 1
18 15 2 2 73829 1
20 10 25 2 34521 1
5 8 15 0 50877 1
21 1 8 7 57004 1
21 9 0 29 94885 1
24 3 21 16 47623 1
1 11 4 2 24123 1
17 29 27 1 87347 1
29 26 3 10 92299 1
19 10 18 21 49194 1
8 27 10 0 83341 1
19 24 9 20 37264 1
10 15 20 5 60735 1
26 24 14 6 81039 1
11 18 0 20 33740 1
18 1 16 15 47608 1
27 28 27 18 37213 1
20 20 11 9 61419 1
12 8 10 26 58815 1
14 9 26 12 51039 1
21 9 11 14 58262 1
24 8 1 0 69478 1
0 29 1 16 26759 1
12 3 10 18 51136 1
23 28 5 0 111303 1
6 6 28 20 104523 1
20 22 8 8 70058 1
22 12 0 24 76356 1
2 25 21 8 82913 1
27 21 19 2 66096 1
19 8 5 27 80612 1
7 14 11 20 41076 1
4 10 29 28 103009 1
9 15 0 11 54018 1
12 13 29 23 65557 1
13 27 7 0 94153 1
2 6 17 1 54197 1
19 7 27 0 45407 1
14 14 13 27 49946 1
12 27 7 19 42169 1
11 23 1 19 24904 1
7 27 7 6 78769 1
6 2 21 28 102798 1
10 23 25 1 76330 1
17 0 18 20 60182 1
14 1 22 22 81956 1
7 27 19 29 29908 1
28 16 15 5 77190 1
12 24 2 17 42079 1
8 26 16 7 75374 1
13 21 23 17 39238 1
28 5 18 13 65382 1
6 10 22 14 74938 1
19 11 10 3 55817 1
13 22 2 26 33309 1
10 24 15 19 24773 1
9 24 26 14 64629 1
23 2 18 19 60569 1
4 18 27 21 64437 1
11 24 11 12 41766 1
17 11 4 11 57677 1
25 1 26 26 68753 1
28 3 13 28 88154 1
4 3 18 14 72561 1
20 25 13 22 20458 1
29 8 17 1 48163 1
27 13 17 27 57186 1
24 12 4 8 71308 1
7 1 23 2 42892 1
22 5 25 24 60129 1
16 1 27 0 37284 1
17 9 5 4 53247 1
3 5 17 6 53428 1
16 17 13 3 53329 1
4 24 12 15 49302 1
22 18 10 24 40067 1
22 8 15 20 53093 1
4 21 11 24 28209 1
26 6 13 3 50236 1
14 16 2 6 74268 1
16 29 3 25 34312 1
11 0 3 5 39338 1
25 3 0 13 83515 1
9 4 17 8 37131 1
24 13 13 1 52017 1
3 26 8 14 58822 1
27 1 24 8 25433 1
26 6 13 13 67051 1
17 15 12 10 37846 1
17 26 10 10 57706 1
4 24 5 3 63277 1
26 15 24 2 41164 1
27 6 12 25 76462 1
16 9 1 14 63831 1
9 12 28 25 67974 1
22 2 27 10 37291 1
2 5 24 9 79309 1
0 8 17 11 61716 1
14 0 1 18 70908 1
6 24 28 6 92666 1
14 16 9 26 49095 1
1 21 9 1 61489 1
15 2 26 23 69727 1
11 20 21 20 44383 1
8 23 12 7 61293 1
12 28 4 20 47261 1
13 25 15 0 78646 1
21 2 1 8 57764 1
25 25 9 7 80910 1
17 19 12 2 56909 1
9 29 27 9 87421 1
12 14 22 10 57254 1
5 3 0 13 37214 1
0 9 28 26 89425 1
11 13 29 12 72711 1
11 13 4 5 52750 1
19 0 4 26 104872 1
24 4 0 4 64475 1
6 1 20 27 98567 1
3 28 19 11 83211 1
28 25 0 24 52272 1
19 0 9 24 91173 1
15 26 5 14 56880 1
22 13 5 15 71017 1
1 13 26 6 96786 1
7 10 2 21 56440 1
5 4 15 1 33638 1
4 18 24 28 60827 1
28 23 8 1 96121 1
21 8 5 19 72263 1
16 28 13 7 73124 1
0 29 27 29 62582 1
10 2 23 9 51660 1
2 23 0 3 43321 1
22 12 9 25 62128 1
2 1 29 16 110634 1
21 15 23 4 45913 1
9 28 18 21 42499 1
10 27 7 3 79713 1
16 20 4 1 88914 1
28 14 5 21 80761 1
23 25 8 4 90479 1
3 27 8 3 72503 1
27 13 13 15 60711 1
15 0 2 9 58005 1
27 15 5 22 66314 1
29 4 0 19 110470 1
12 10 26 1 69218 1
3 2 22 4 50960 1
27 16 16 17 38943 1
1 26 17 28 36267 1
21 26 1 14 60725 1
14 25 26 22 31058 1
20 24 2 14 59090 1
28 29 15 9 79085 1
12 16 16 3 58765 1
5 8 2 20 42297 1
6 2 22 17 80260 1
23 10 9 10 65223 1
26 29 27 15 48863 1
24 12 27 19 24757 1
20 22 27 17 32114 1
28 14 16 16 57062 1
11 3 20 6 35930 1
16 8 16 29 62973 1
3 26 1 5 46789 1
7 28 27 0 110098 1
19 23 12 27 23124 1
1 3 20 21 78060 1
12 12 19 22 58993 1
29 29 6 22 57871 1
12 25 4 29 28664 1
10 23 29 3 82452 1
8 29 5 7 74606 1
14 11 28 6 68605 1
28 7 23 28 70070 1
9 29 18 12 65000 1
16 16 4 6 74399 1
29 15 12 9 84263 1
9 1 29 17 89700 1
29 0 27 12 54134 1
26 21 12 15 61182 1
13 3 21 29 92129 1
2 7 22 9 71646 1
11 26 5 9 70584 1
18 20 13 2 63267 1
23 6 14 24 67510 1
21 2 29 7 40914 1
3 18 6 11 31177 1
19 18 17 9 28907 1
22 25 10 28 28869 1
7 28 19 8 83098 1
14 1 16 29 88553 1
29 17 20 29 50661 1
0 25 20 12 73427 1
16 21 11 5 70690 1
11 22 28 13 66031 1
11 3 5 28 86782 1
24 3 27 28 62671 1
15 9 15 20 34643 1
6 26 7 1 76012 1
8 2 4 10 43094 1
13 23 4 6 70294 1
8 3 10 16 46149 1
13 18 14 6 49150 1
29 14 7 3 93000 1
17 24 1 29 36710 1
9 18 3 2 55783 1
21 10 3 2 68816 1
24 22 25 8 34103 1
1 24 13 29 34412 1
19 5 19 15 43652 1
18 18 3 26 48196 1
16 5 25 9 41841 1
11 20 14 2 67167 1
6 14 11 29 58397 1
29 20 29 7 59449 1
12 4 0 21 78445 1
20 26 0 28 45256 1
21 14 4 9 81154 1
28 16 19 26 52791 1
14 5 2 21 88272 1
21 8 10 27 75344 1
22 1 0 20 92048 1
25 2 29 14 52924 1
0 1 19 22 84941 1
24 20 25 7 34105 1
17 20 5 9 67188 1
3 10 10 1 49888 1
11 29 14 14 62281 1
20 21 15 10 45887 1
11 15 10 29 45657 1
18 1 3 9 65805 1
16 18 16 0 54631 1
0 28 19 14 80752 1
22 8 26 23 42450 1
6 25 10 2 74156 1
12 24 27 17 50461 1
26 1 23 8 27337 1
13 7 29 19 76108 1
22 12 25 3 29675 1
8 5 4 18 62701 1
0 5 24 20 88532 1
28 21 22 10 55385 1
9 18 5 8 43149 1
11 21 2 27 38421 1
19 28 22 15 54652 1
2 13 14 0 66161 1
26 0 12 22 88122 1
1 19 16 21 39383 1
11 11 5 4 46564 1
4 4 6 21 63299 1
17 28 12 19 40650 1
27 21 12 18 48341 1
15 5 4 17 72570 1
25 10 6 0 71702 1
23 19 7 22 49950 1
21 5 2 0 65454 1
25 9 3 25 75379 1
17 6 7 8 37737 1
29 26 11 26 42287 1
15 16 12 26 39678 1
15 0 0 2 41626 1
20 4 17 15 39770 1
1 8 10 4 39074 1
19 8 16 23 48583 1
6 28 27 16 72467 1
14 11 25 3 56622 1
1 5 26 24 84588 1
8 26 12 9 68010 1
27 13 4 27 80765 1
3 0 7 22 70278 1
28 10 17 21 64138 1
11 24 18 2 74348 1
17 18 7 22 36749 1
24 6 12 5 50621 1
13 8 25 6 43788 1
0 18 12 2 58984 1
6 5 25 0 60489 1
1 19 15 0 72333 1
15 22 7 15 50055 1
28 6 9 11 84949 1
5 20 15 3 78919 1
1 19 19 22 45418 1
7 11 29 18 81551 1
20 9 3 11 68200 1
7 25 5 16 33343 1
18 16 3 26 58298 1
21 20 1 19 55831 1
25 12 20 28 48650 1
4 24 7 10 60518 1
17 17 13 11 33115 1
23 5 5 14 93317 1
0 11 21 4 76870 1
21 17 2 27 64692 1
7 20 19 14 64023 1
14 28 27 15 65522 1
26 7 21 0 41584 1
13 27 23 28 25828 1
25 4 28 14 47485 1
26 19 1 5 94529 1
18 28 3 20 54477 1
20 5 4 28 100080 1
2 5 13 20 69742 1
21 19 7 26 52753 1
22 11 16 15 37143 1
16 23 27 12 48785 1
8 20 8 4 65189 1
17 0 18 17 49285 1
19 14 26 18 33355 1
5 2 21 5 50312 1
19 16 11 8 52137 1
23 0 10 1 43318 1
9 13 22 9 60271 1
5 17 15 14 41330 1
28 10 14 26 78056 1
18 17 27 4 59831 1
23 12 29 24 40332 1
10 11 9 26 47333 1
22 3 18 22 67802 1
24 2 24 18 35399 1
11 19 16 26 36858 1
24 28 25 10 46173 1
14 21 0 29 49145 1
11 14 29 6 89306 1
2 13 2 0 35023 1
21 1 27 21 68210 1
25 17 9 20 50301 1
24 15 17 4 47862 1
1 7 0 19 26296 1
25 22 21 2 57387 1
19 18 11 24 33437 1
14 6 20 14 46563 1
8 8 2 3 35700 1
7 18 29 17 58811 1
15 5 8 8 32305 1
18 12 2 28 75849 1
20 18 3 5 83434 1
15 18 26 17 30598 1
27 6 17 15 58296 1
16 9 24 22 55741 1
10 16 25 14 54200 1
17 17 2 26 50908 1
4 15 25 5 97258 1
15 15 3 5 71241 1
14 0 25 9 51248 1
8 4 21 21 87852 1
5 2 12 11 54057 1
29 28 12 24 46030 1
2 2 18 23 72745 1
10 13 14 2 41992 1
25 11 11 21 65845 1
4 13 15 27 64722 1
8 9 23 2 58755 1
14 26 1 22 34942 1
22 26 26 1 69498 1
13 15 19 19 31316 1
8 24 13 11 56045 1
17 3 2 0 45980 1
29 3 0 3 73323 1
26 29 25 10 52449 1
22 15 21 27 44522 1
5 27 4 18 32171 1
13 1 20 20 68120 1
25 19 28 10 46530 1
4 4 27 13 90740 1
27 18 15 9 56892 1
9 2 24 9 49090 1
28 28 28 5 87364 1
1 16 11 19 33440 1
4 27 29 19 71719 1
10 19 19 29 45787 1
20 10 25 2 34521 1
17 4 8 21 74705 1
12 19 23 21 47018 1
24 13 4 25 60677 1
20 15 13 29 53603 1
26 15 17 2 56709 1
1 23 15 29 39865 1
23 29 1 15 67549 1
6 7 15 18 57511 1
27 17 16 24 39560 1
9 27 0 22 30802 1
12 10 7 24 63269 1
20 26 24 9 45992 1
13 24 5 27 25493 1
19 27 12 5 86827 1
3 12 7 2 41960 1
16 13 25 1 55323 1
19 2 1 1 42970 1
6 2 19 3 33196 1
11 12 1 9 44944 1
13 16 10 26 37873 1
6 29 8 15 58899 1
21 22 4 17 57985 1
0 5 19 10 82255 1
19 15 0 16 67942 1
24 19 3 3 88894 1
1 26 22 20 55539 1
19 25 21 17 30013 1
4 19 5 6 51523 1
18 27 16 12 47609 1
17 23 20 13 36148 1
24 26 20 3 62358 1
1 13 4 0 39565 1
15 6 18 13 29101 1
0 0 7 4 30812 1
23 14 0 18 73491 1
0 5 3 12 29463 1
23 2 19 22 63397 1
9 9 17 28 71576 1
20 27 23 5 63814 1
17 4 22 16 56828 1
17 19 25 4 54438 1
21 22 5 25 40835 1
1 29 19 26 44138 1
17 27 3 15 61594 1
9 23 22 11 62062 1
24 6 7 12 71187 1
23 1 16 5 30582 1
26 18 17 23 28089 1
26 11 7 13 81868 1
8 5 8 15 56061 1
15 29 25 27 26570 1
0 11 24 11 90858 1
18 15 28 13 50872 1
5 3 2 24 57596 1
9 25 3 5 63438 1
13 19 29 6 76552 1
14 20 12 7 59643 1
28 5 10 25 92083 1
3 28 8 4 81143 1
10 2 2 15 53880 1
15 20 12 12 37505 1
22 5 27 29 71537 1
15 13 1 24 58941 1
9 2 10 11 29882 1
9 2 24 10 51170 1
2 22 29 15 78939 1
5 26 1 15 28541 1
13 14 9 27 50970 1
14 5 4 20 82420 1
10 21 29 22 40083 1
20 28 12 6 86979 1
16 4 12 18 53055 1
25 29 17 12 55648 1
18 15 6 24 49873 1
25 21 10 12 62410 1
24 16 13 7 54235 1
29 23 7 20 53639 1
20 9 13 16 50925 1
27 12 20 8 31898 1
21 22 21 7 59792 1
18 0 7 23 83535 1
14 1 11 11 47830 1
19 19 6 15 47742 1
2 29 20 12 82016 1
20 6 6 14 69456 1
5 23 19 29 42122 1
4 15 25 26 75435 1
16 15 13 0 54863 1
6 11 6 23 40991 1
29 28 26 15 52291 1
4 28 23 10 88912 1
24 13 1 21 64916 1
11 10 7 2 38215 1
6 15 10 8 35569 1
26 22 29 10 61999 1
24 2 24 24 48982 1
0 20 1 4 36413 1
21 21 23 13 38044 1
18 6 28 16 72126 1
13 13 1 17 51290 1
23 19 11 20 45521 1
14 23 0 9 55308 1
8 22 25 2 83697 1
1 28 28 21 67935 1
5 1 8 16 66040 1
8 2 15 28 89578 1
29 13 20 20 47791 1
2 24 21 6 91583 1
26 4 23 14 36214 1
8 12 21 10 56909 1
14 14 2 2 73206 1
22 4 21 15 48045 1
23 1 13 5 37589 1
13 26 10 9 56000 1
11 19 13 10 41392 1
14 24 16 9 54236 1
9 7 12 22 61592 1
27 18 10 7 73641 1
25 24 15 2 74359 1
5 26 12 14 57551 1
0 14 9 1 53970 1
15 7 26 9 41497 1
27 19 14 5 76797 1
17 29 11 8 75874 1
9 21 3 6 68219 1
17 23 25 1 64618 1
4 19 12 16 37559 1
29 27 13 3 92580 1
20 24 2 11 65574 1
25 17 0 1 94928 1
27 3 22 21 59404 1
8 26 20 2 91783 1
13 14 22 19 40777 1
23 16 2 5 97243 1
28 23 17 19 28062 1
18 18 16 9 31627 1
2 20 11 0 73407 1
29 22 2 12 74783 1
18 27 5 24 32123 1
5 18 19 7 69641 1
11 3 2 12 50828 1
18 22 5 7 82965 1
5 13 18 11 57293 1
13 25 17 12 41241 1
9 1 8 15 57818 1
11 26 7 2 80572 1
12 25 4 29 28664 1
0 24 29 4 105488 1
1 3 20 15 84891 1
10 17 2 29 47834 1
17 21 9 9 55602 1
25 29 11 0 100817 1
2 27 21 17 64692 1
22 11 28 1 49253 1
29 2 13 23 75884 1
2 2 25 5 64074 1
14 25 17 14 35130 1
19 19 27 12 42599 1
15 25 10 0 82058 1
13 13 5 8 43068 1
2 4 17 15 78030 1
0 11 1 26 35234 1
10 5 17 26 73084 1
27 27 10 7 83381 1
11 6 28 9 70437 1
6 26 16 25 20415 1
9 0 7 10 51501 1
1 14 6 19 22798 1
27 17 19 10 50054 1
12 19 25 20 45125 1
1 11 20 12 74915 1
21 17 10 4 71025 1
6 27 29 18 65998 1
22 22 11 14 56797 1
24 15 2 5 92705 1
13 28 28 23 37665 1
4 9 18 27 81114 1
12 24 22 5 79367 1
25 12 9 19 58904 1
20 5 23 27 65131 1
25 23 16 7 59637 1
3 28 28 4 107914 1
5 12 9 26 56803 1
19 27 23 18 33967 1
5 28 8 10 76753 1
15 24 12 7 66504 1
19 12 5 0 69732 1
25 16 1 1 91360 1
0 11 29 29 91763 1
1 6 19 6 67884 1
22 2 4 6 59579 1
19 8 26 18 41442 1
26 22 6 25 45387 1
29 12 13 11 64299 1
2 1 9 14 65627 1
28 21 10 8 86171 1
16 17 4 16 43331 1
21 29 13 6 85838 1
28 19 4 20 74651 1
11 15 0 6 65567 1
0 23 10 10 54814 1
14 9 2 25 76019 1
16 25 27 24 24109 1
19 15 27 28 53575 1
6 9 15 1 47776 1
27 9 13 4 59842 1
12 26 14 2 82885 1
0 9 17 3 57597 1
13 20 19 12 40806 1
21 17 7 14 60396 1
14 19 11 3 63316 1
6 24 9 17 30688 1
21 10 6 9 60015 1
12 16 7 2 61633 1
28 3 24 17 42709 1
9 17 27 15 60748 1
5 27 28 28 54251 1
4 14 21 3 88156 1
7 3 28 21 103466 1
23 0 1 14 85716 1
2 1 24 22 88525 1
7 11 14 16 51115 1
1 14 13 11 54677 1
8 29 12 17 45250 1
17 27 26 1 80419 1
27 9 12 27 75421 1
9 5 5 15 56316 1
0 29 22 19 67641 1
1 27 22 20 57187 1
19 25 29 16 45727 1
9 26 20 8 74497 1
8 4 3 9 35336 1
10 22 5 3 70530 1
7 29 16 15 61592 1
11 23 4 10 59843 1
14 5 19 16 55653 1
22 28 25 19 33196 1
23 8 7 8 49655 1
10 25 22 2 79873 1
26 9 0 23 81694 1
12 16 23 9 64691 1
29 13 26 25 50969 1
17 14 1 28 62695 1
26 16 18 20 44928 1
29 8 23 21 50447 1
4 15 20 25 63734 1
28 6 5 25 95972 1
15 7 1 1 49735 1
19 5 15 23 66270 1
25 0 8 11 81073 1
18 29 29 1 90151 1
15 13 2 2 63722 1
12 2 24 7 37638 1
1 0 18 11 70943 1
22 20 1 24 51133 1
5 23 22 17 49561 1
8 23 19 25 24853 1
16 1 2 11 62576 1
16 21 8 11 56986 1
1 1 24 12 76276 1
18 3 7 0 41695 1
23 23 0 29 51203 1
13 28 24 6 69419 1
7 3 18 27 93441 1
27 26 15 19 40218 1
22 18 11 7 62093 1
3 5 25 21 95326 1
6 10 17 1 54749 1
13 21 17 27 24925 1
22 25 18 19 30681 1
3 0 15 8 54350 1
22 10 7 15 79460 1
13 8 4 11 44171 1
0 14 20 17 63544 1
0 19 28 24 65728 1
13 26 13 13 47630 1
8 2 12 14 53764 1
1 25 15 2 77580 1
1 25 6 8 49621 1
26 18 11 5 82560 1
16 11 26 23 51261 1
17 13 9 18 34102 1
24 7 5 12 75756 1
4 16 24 5 87053 1
6 27 18 6 83857 1
8 15 12 2 54538 1
0 4 24 25 83231 1
16 12 24 27 53864 1
19 4 15 13 39979 1
14 7 0 8 51564 1
26 22 8 11 78933 1
14 1 7 23 80097 1
11 17 21 8 56941 1
19 29 20 10 62178 1
10 10 2 26 60829 1
9 28 19 0 102386 1
3 7 19 8 54684 1
23 5 13 18 61326 1
20 13 16 4 39286 1
5 12 4 1 45353 1
28 4 14 27 84155 1
18 12 16 22 36539 1
17 1 27 8 42385 1
15 6 18 24 61443 1
18 0 23 11 51879 1
12 1 29 10 70452 1
21 9 2 3 71580 1
1 29 20 11 82321 1
12 24 17 13 43087 1
29 4 3 19 105549 1
18 17 2 17 47104 1
0 15 26 25 67056 1
25 25 15 29 30024 1
12 3 19 8 35812 1
20 21 27 6 60289 1
25 21 8 10 83209 1
3 6 27 26 94519 1
19 18 28 22 37047 1
13 6 24 3 40819 1
17 15 3 15 55113 1
16 17 16 4 42127 1
29 22 11 18 50618 1
20 12 28 23 45688 1
1 22 14 7 75804 1
22 16 13 20 37344 1
2 17 25 15 70619 1
2 26 19 21 51994 1
22 16 12 10 65543 1
1 20 10 24 24517 1
1 19 29 29 70687 1
0 11 9 14 47799 1
4 2 28 20 102982 1
8 1 15 8 42097 1
1 24 7 11 53768 1
26 22 13 0 87968 1
19 25 2 29 40829 1
7 23 25 23 29603 1
24 25 27 3 56718 1
16 8 16 29 62973 1
3 7 11 4 42635 1
29 28 9 0 111282 1
7 16 18 29 65763 1
24 25 3 0 95752 1
25 14 4 5 94192 1
16 28 25 13 54858 1
13 16 13 28 42621 1
1 7 9 29 62103 1
19 9 2 18 72425 1
15 4 29 26 87860 1
22 21 28 29 33518 1
8 6 0 11 48911 1
15 3 6 20 76709 1
11 7 16 18 51828 1
20 28 11 1 95368 1
5 20 6 29 30423 1
17 5 16 28 65992 1
3 4 18 27 84296 1
24 10 9 29 71313 1
11 18 23 18 28633 1
24 1 13 16 71451 1
28 24 14 20 42968 1
