7299 8239 8381 7942 7356 8717 8336 6971 7461 8082 7224 7663 7869 8863 7947 4284 3801 4739 3177 4399 3480 3493 3431 4749 3569 3724 4095 4794 4510
6474 7144 7841 8082 7570 6846 7087 6522 6812 8112 8451 6652 8383 8235 7784 8325 8369 7952 8289 7180 8223 6649 7572 6887 7837 7594 6762 6134 6463
3621 3958 4320 3897 5368 3922 4891 4382 5641 5065 5071 4771 6018 5882 5861 5664 5829 5542 5553 5729 4334 5340 5920 6173 4641 5478 5355 4618 4741
3848 4712 3657 5100 4443 4965 3142 3956 5045 4907 3587 3212 3849 5081 4077 3159 3900 4292 3525 3304 4462 7292 7091 6760 6823 7319 6254 6480 6006
5322 6240 6463 4798 6619 5048 6381 4799 5170 5183 5142 5488 6123 6530 4944 3423 5262 4798 3966 4537 4184 3694 3271 4739 4791 4690 4936 3311 3900
3766 3547 3670 2372 3242 2268 2702 2804 3351 2308 2493 2244 2335 3768 3129 2719 3606 2167 2788 2641 2007 2029 3253 3515 6372 6710 6375 5838 6986
3666 4097 3766 3111 4120 3152 3164 4557 3495 3559 1695 2921 2173 2541 1218 2374 2819 3081 2148 2111 2269 1496 1395 1958 1690 1992 2550 1325 2794
5642 3973 4590 4930 5099 4894 5453 4278 4838 5394 5311 5720 4104 5838 3960 5256 4933 4537 5200 5404 4656 6169 5133 4876 5400 5896 5266 4502 4597
1570 1803 2038 2329 1581 1903 2997 2749 3025 1087 2710 2456 2714 1386 2467 2620 2155 2129 2679 2806 2871 2729 1522 1322 2279 2260 6868 8122 6874
7217 7527 6143 7664 6595 3185 2732 3211 2099 2444 2835 2808 1372 2911 1451 2055 2222 1759 3176 2880 2520 1299 1382 1300 2190 1703 1732 2883 2497
4307 3245 3748 3274 2848 3685 4147 4175 4478 3011 3657 2760 4460 4348 4294 3583 4577 2962 4156 4197 4611 3914 2945 4385 4308 3564 3518 3129 4282
6215 5715 6162 6269 4599 5680 4633 6386 5913 6391 6379 5853 5772 4719 6087 5627 4563 6293 5546 5859 4955 5142 5418 5085 5373 4623 6330 5881 4998
3750 4600 3809 2995 4194 4164 3345 4732 2899 3958 3918 4131 4474 4535 4350 2853 4343 4016 3709 4409 3155 4034 3288 4792 3278 3510 2917 5754 5116
7979 8321 8178 7366 6564 7056 8064 8242 6682 7964 7101 6498 7085 7910 6648 8174 6793 6649 7480 7364 7047 8001 7020 7082 7426 7776 8390 7336 8105
1462 2270 2790 3104 2713 1761 1927 2606 2070 2942 1973 2536 1212 2766 2835 2658 1423 2119 1172 2027 2938 3583 4206 4497 3228 3992 3830 4024 2880
1958 1642 2678 1230 2235 2442 2403 2412 2645 1928 1662 1883 6030 5538 6891 5893 6168 6805 6306 6338 6774 6692 5556 6697 5572 6321 6170 6013 6237
3343 3449 3682 3351 4892 3579 4604 5092 3884 4534 4727 4378 4351 4751 3290 4896 3652 3321 4175 4244 3854 3613 3616 5109 5155 3459 3454 7120 8106
4277 5066 5634 5546 1746 3461 1918 1621 2857 3160 2966 3061 3478 2929 1617 1730 2717 2899 2923 2051 2937 2984 2141 3496 3347 3323 3252 3151 2955
6485 6278 4770 4662 5510 5106 5128 5832 5167 4630 5635 4660 5998 6022 4716 5958 5760 5803 5016 5563 6109 5656 6345 2122 1716 2041 1882 2782 3170
2664 3283 2265 2546 2406 3661 2103 1912 3578 2468 2446 3468 2800 3627 1890 2729 2355 7276 6661 6569 7216 6371 6148 7059 6859 7512 7683 7695 6316
5565 5719 5817 7008 5389 7034 6257 5681 6935 6987 6410 6913 6817 7126 6144 6077 5623 5796 5906 5485 6583 6752 5758 6257 6168 5202 6622 3131 1868
5248 5250 4727 5132 5721 4900 5722 5568 5220 5585 2583 3440 2397 2799 3382 3735 3646 2300 2503 3296 3051 2714 3209 2690 3103 3126 2383 3919 3809
1931 2161 3750 3370 2489 3363 1984 3588 3574 2616 2423 3519 3402 2925 3702 1971 3387 3791 3474 3842 3504 3998 3250 3052 3293 3072 3403 4607 3481
4984 3500 4391 3600 3570 3896 4802 3210 4480 4159 4649 4608 4770 3244 3124 4152 3036 3507 4242 4852 5819 4265 5285 6131 5642 5337 4403 4772 5009
2767 2999 2747 1922 3300 2662 2806 3191 2916 1694 1875 2971 1597 6169 6332 6438 7163 6554 7092 5886 6514 5947 7112 5901 5877 6789 6838 6361 7807
3193 3990 3804 7717 7939 7782 7838 6672 6601 8071 7277 6436 7965 7299 7095 6489 7953 7086 6231 6380 7634 6447 6570 6439 7059 7786 7015 7161 7688
4573 3649 4314 5269 4759 3640 3746 4105 4111 4368 5003 4268 4044 3830 5208 4428 4258 4891 4367 4884 4559 5425 5180 4941 3663 4602 3876 4719 3854
3327 3886 3018 3392 4560 4098 3811 3781 3185 4537 3774 4832 3619 3327 3891 4604 4712 3788 2998 3863 4683 3827 4847 4221 3957 4545 3536 4673 3329
4289 5107 4316 5966 4620 4922 4145 5466 4307 4801 5150 4397 4011 5843 4163 3728 4007 2277 3111 3771 2100 2915 2903 2779 3293 2342 2425 2654 3412
6279 6943 6404 7091 6730 7419 7179 7384 6060 6838 7535 5767 6125 7214 6539 6749 6906 8370 8053 7302 8188 8071 6568 8352 8054 6923 6788 7282 7367
4340 4120 5248 1945 5319 1435 7199 3801 6090 6439 2429 4052 2730 7437 4309 3587 7281 2961 6685 6140 4501 6273 3144 3203 7407 6334 5271 2053 5122 1600
4118 3662 4128 2857 4958 1522 8908 3379 5751 6974 2186 3884 3826 6108 3201 2652 7702 3353 5798 4647 4443 5729 3329 3702 8703 6640 6364 6161 4184 1071
5019 4222 5484 1714 5263 2322 8876 4075 5652 7390 1189 3031 3445 5746 4843 3205 6876 3454 5678 5202 5760 5866 2989 4064 7947 5846 6928 6703 3464 1440
3284 3813 4995 1570 6769 2188 7794 3713 6542 5627 1552 3749 3634 6221 4374 4327 7012 4118 7409 4955 4931 4643 3423 3349 8062 6725 6880 6334 3200 2553
3813 3535 5350 2451 5283 1239 8244 2929 6578 6842 1929 3745 2399 5914 3068 3379 7178 3587 6349 3774 5347 5741 1725 3296 7040 6469 6100 5634 3015 1827
4786 4212 4090 3017 5493 1719 7886 4730 6057 7314 1902 3169 3160 6579 3537 3346 6294 3484 5842 4861 4584 5122 3113 3791 7505 5457 5387 5317 4511 1888
3593 5003 4999 2614 6744 1747 8904 2944 6653 7147 1992 4433 2483 5989 3106 3572 6850 2827 5801 5206 5567 4780 3069 4234 7686 6262 5961 7045 3064 2843
5506 4875 4124 3352 5851 1241 7787 2859 5437 6813 2541 3563 3470 6801 4952 3460 7763 3679 7479 3517 3979 4098 2425 4978 7805 6016 6433 6614 4136 2851
5911 4974 5174 2117 5832 1586 8749 3648 6275 7497 2657 4732 3395 6760 4882 2951 7890 5857 6885 5346 5206 4409 3643 4203 8027 5697 6864 6858 4370 1441
4947 5733 4781 3490 5117 2390 7415 3124 6517 6184 1190 2887 3406 6078 3768 2490 6313 5980 6394 4354 5367 3886 3433 4840 7508 6250 5709 7021 3940 2310
5268 5716 4443 1834 5712 1719 8901 4064 6991 6695 2679 4776 3632 6819 4657 2364 6380 6553 6653 4167 5372 4306 1796 5058 8599 6084 5898 6748 4436 2859
5036 6040 5720 2315 4806 2053 7961 4224 6694 6329 1680 4470 2881 6166 5014 2712 7169 6674 7810 3834 3881 4398 3422 5639 8362 6925 6646 6082 2963 2615
5037 6679 6014 3074 6341 3049 7683 4602 5915 5007 2660 3599 3713 6280 4425 2759 6621 6513 6417 4023 4142 3259 2180 5069 7435 5429 5551 6169 3438 2117
5225 5963 6128 2463 6528 2617 8407 4382 5542 5865 2014 4228 2440 6802 4556 2882 6356 5549 6777 3560 4987 4978 2910 4304 5453 6951 5363 5809 4415 2593
5607 7174 4816 1670 5833 3061 8120 2987 7065 4588 2198 3765 3993 3449 2163 3771 7669 6121 6787 4499 2860 3325 2053 4355 5923 5402 5442 6890 4130 1762
5177 7168 4863 1811 3040 2047 7751 2866 6213 6037 1583 3532 2553 2856 2168 3979 6202 6607 7588 3579 2369 4743 1738 5935 5789 4652 7185 6503 3985 2374
5106 6947 6153 3062 2756 1275 7856 4133 6089 5552 1343 4312 2451 3680 2070 3441 7624 7397 7613 3484 3976 4661 1957 5630 6534 3780 6620 6322 4199 2920
4792 6662 6129 6583 2143 7835 8424 4452 5450 4867 2408 2795 4120 3730 3330 3670 7336 6272 6988 5276 2223 3600 3430 5856 6513 5149 6497 5319 4268 2239
4906 7153 4487 6984 1412 7245 8343 4354 6739 5096 7376 3543 4216 3024 1607 3818 7372 6085 6662 3676 2843 4142 3626 5383 5089 5401 5537 6820 4279 2016
4785 5457 5830 6820 2264 7255 5947 3506 5177 4996 7524 4093 3038 3618 2311 3972 6331 6916 6921 4572 2762 4127 3880 5324 6536 3897 5435 6885 4924 2784
5837 7020 5156 7562 1569 6703 7157 4213 6927 5688 6543 4084 2661 2818 1656 3574 6492 5990 6598 5116 4002 4699 3909 4330 6318 4963 6259 6349 2946 2088
6125 5566 5460 5820 1775 6996 6261 3290 2045 6128 7576 4423 3910 3770 2540 2815 7303 6284 6675 5207 4207 5005 4833 4313 5526 3908 6386 6127 4536 1853
4790 6234 6265 6166 2866 7910 6158 8547 3285 5015 6747 4308 2923 3592 2396 2926 7233 7261 6519 4385 3859 4574 4339 5328 5951 4269 6713 6747 4368 1966
5225 7228 6289 5889 1380 6711 6163 8570 1918 5858 7933 3452 2012 2546 2668 3700 7030 5795 6456 4074 4133 3273 3600 4715 5457 4989 4190 5528 4872 2768
4506 6378 5615 6952 2830 7930 5444 8061 2124 4415 6816 4525 2776 2894 1727 3804 7097 6136 7184 3586 3689 4346 4717 6037 5070 5340 2562 7065 3910 2045
5998 5829 5983 5846 1938 8196 6202 8444 2809 5684 7721 3794 2234 3576 1693 3697 6206 7154 6882 3597 3086 4773 4752 5471 4640 4508 4106 7021 4715 1293
5386 6697 4871 6691 2246 7347 5547 8616 1772 5570 6889 3173 2910 3603 3136 3432 6573 5825 7846 4550 4217 4567 4019 5084 5705 5474 3985 6433 3727 5466
4587 5655 5349 6752 2843 8586 6183 7497 1772 5483 7741 5038 3423 1907 1860 3416 7076 7115 7881 4795 3732 4513 4649 4687 4853 4196 2886 7220 3776 5693
5429 6017 4704 7582 2941 7932 6497 6865 3502 4708 7253 5397 1933 2565 2798 4276 6680 5751 7512 3958 4019 4189 4593 5074 5263 3908 2493 5543 4326 4534
6 16 23 14 48640 1
4 12 7 3 31814 1
18 14 21 22 30201 1
7 13 18 2 56291 1
20 19 0 13 87269 1
29 10 13 7 65897 1
9 15 12 25 35920 1
17 16 15 28 43405 1
22 10 6 24 74557 1
23 7 20 21 53519 1
10 25 27 16 78661 1
29 27 4 3 122582 1
8 28 29 11 93923 1
9 29 28 16 84536 1
21 20 3 9 68358 1
17 15 28 25 61588 1
10 19 18 15 37479 1
8 4 19 29 80779 1
12 4 15 17 42690 1
18 22 11 14 39538 1
22 2 20 13 39801 1
21 14 15 4 37925 1
8 14 23 23 67674 1
0 18 25 7 101850 1
19 18 12 28 57962 1
22 28 8 0 98725 1
27 23 9 6 94183 1
8 19 7 10 23857 1
28 15 11 7 64462 1
4 25 27 1 111043 1
14 12 10 24 40371 1
13 29 27 26 44491 1
28 26 22 15 54201 1
21 27 23 12 50928 1
0 6 5 20 58746 1
8 20 24 12 59010 1
18 26 15 17 37584 1
9 0 28 21 102842 1
16 19 23 13 32454 1
2 13 26 24 114003 1
18 8 0 6 54377 1
20 23 18 15 38605 1
17 7 29 11 53997 1
29 20 1 0 121602 1
3 15 4 26 44879 1
12 1 18 11 39598 1
3 15 23 17 67630 1
14 9 18 2 28068 1
23 4 13 18 55424 1
6 28 11 8 60616 1
10 19 12 4 48970 1
9 9 19 20 46558 1
25 15 15 10 39424 1
7 10 12 2 31777 1
3 17 14 4 58362 1
3 5 26 19 90743 1
17 2 5 10 47315 1
6 9 15 0 43574 1
28 5 29 23 75488 1
5 2 14 11 40605 1
8 5 27 23 98115 1
7 25 27 20 75213 1
14 16 18 5 39165 1
3 14 12 1 58497 1
2 7 15 9 42621 1
13 25 29 5 98157 1
29 28 10 2 117073 1
29 24 15 18 70133 1
29 26 4 13 109021 1
20 3 23 25 81768 1
4 9 17 8 37568 1
25 19 0 9 91131 1
26 23 19 12 62442 1
9 23 25 16 70693 1
19 14 1 27 85489 1
27 12 23 22 48304 1
18 6 5 18 61147 1
20 5 7 9 49626 1
19 11 12 3 34732 1
14 29 8 9 57213 1
27 24 19 28 43097 1
23 21 28 1 80499 1
11 20 27 3 76642 1
19 19 27 7 57143 1
17 5 5 2 33788 1
3 29 0 11 65229 1
19 18 23 6 49926 1
9 25 26 24 68131 1
29 13 10 26 81501 1
14 4 15 14 24669 1
1 11 14 1 55123 1
1 4 7 22 60091 1
23 1 3 5 53197 1
11 18 29 6 88839 1
0 24 18 22 57959 1
23 28 7 19 66094 1
24 22 0 17 88305 1
28 14 3 18 77080 1
21 18 20 29 34808 1
10 1 19 5 31336 1
15 16 3 27 70679 1
16 3 23 17 56214 1
10 4 27 5 45398 1
9 24 28 5 87175 1
16 29 7 14 56598 1
14 4 1 25 91254 1
1 25 16 20 67112 1
12 14 25 24 73242 1
9 28 24 1 88874 1
15 1 2 19 77337 1
21 28 3 26 61280 1
18 13 26 5 46248 1
13 17 20 4 45867 1
29 9 18 18 62100 1
4 0 5 15 47812 1
10 4 14 23 55040 1
0 23 21 12 82745 1
2 25 19 15 80654 1
26 11 11 0 70688 1
23 1 2 25 113211 1
5 6 23 1 52038 1
10 10 20 7 34107 1
25 13 22 20 31199 1
4 26 6 13 38579 1
26 22 5 4 101251 1
19 4 17 26 62917 1
25 22 12 8 75440 1
18 18 13 12 28770 1
20 27 7 20 57833 1
27 10 24 23 66609 1
9 9 22 17 48014 1
14 19 28 10 58464 1
20 3 26 20 75169 1
17 8 13 18 35440 1
5 22 28 7 95230 1
23 23 20 11 50197 1
4 24 15 22 37779 1
8 23 2 8 51140 1
18 12 10 19 42719 1
4 23 22 20 58693 1
7 21 20 24 51039 1
5 16 29 0 97184 1
9 4 27 8 57605 1
13 13 0 19 65836 1
8 16 10 4 32938 1
22 5 9 14 50897 1
22 28 27 16 62524 1
3 25 19 21 63046 1
8 24 29 5 96031 1
3 28 14 28 33324 1
6 1 29 6 77013 1
23 22 13 15 48253 1
5 29 10 23 26168 1
18 14 6 8 42685 1
2 19 28 5 102506 1
19 1 19 24 73912 1
24 27 11 7 98567 1
24 25 19 4 79231 1
20 10 27 0 54143 1
7 19 16 28 52078 1
27 11 12 8 56422 1
8 12 24 5 53851 1
2 26 19 23 70442 1
22 20 27 25 40519 1
17 3 9 28 71067 1
16 29 16 3 76505 1
24 19 4 21 71417 1
0 0 11 2 48678 1
29 17 6 1 99731 1
26 16 2 19 88609 1
25 17 16 25 62629 1
3 6 27 9 69900 1
9 13 27 4 56757 1
21 28 8 6 84893 1
26 1 5 21 96746 1
26 16 12 17 51637 1
19 11 26 7 35454 1
7 19 5 9 30386 1
25 8 4 29 95698 1
19 13 2 29 75448 1
20 5 24 25 84080 1
6 5 19 29 82186 1
28 3 1 6 69599 1
1 28 20 27 53965 1
26 19 0 29 92132 1
7 20 8 0 49183 1
11 21 21 3 67910 1
8 11 9 26 34071 1
25 28 8 22 62327 1
24 0 17 7 30969 1
28 13 20 8 37077 1
6 26 0 22 24758 1
28 14 12 29 78213 1
6 7 19 8 44484 1
10 5 20 11 39265 1
19 6 11 23 64843 1
28 6 5 20 96138 1
25 4 4 15 70021 1
25 5 3 16 85446 1
9 14 16 22 34369 1
2 0 23 7 73795 1
26 7 27 22 61517 1
27 4 5 1 59504 1
21 15 23 24 37770 1
15 24 25 5 83078 1
18 16 14 3 42604 1
13 28 12 5 72406 1
12 22 0 3 71215 1
1 3 18 27 92302 1
22 13 16 6 41013 1
13 22 1 25 52944 1
2 6 25 5 60099 1
6 20 8 29 23163 1
10 13 5 7 29622 1
22 11 18 2 34943 1
20 2 9 15 54892 1
18 20 28 28 57941 1
26 27 29 10 73225 1
24 4 25 19 54523 1
21 22 5 23 48657 1
6 23 8 2 50483 1
18 10 2 24 73486 1
11 12 26 6 59215 1
20 26 25 7 73589 1
15 13 15 1 29190 1
2 28 21 26 57289 1
26 29 11 18 69782 1
13 29 14 9 59434 1
16 14 12 6 32426 1
27 15 10 10 50876 1
23 0 22 27 89624 1
5 18 13 27 54320 1
4 5 28 16 78290 1
5 0 13 27 95615 1
6 20 23 24 63761 1
13 22 29 0 93310 1
19 24 1 22 58413 1
4 5 26 19 88555 1
7 5 0 1 30875 1
26 2 21 7 29723 1
7 7 5 18 35645 1
20 13 14 5 35620 1
29 2 10 14 79899 1
11 23 22 17 51812 1
11 29 14 20 39118 1
16 11 24 18 47351 1
28 12 12 19 56500 1
21 18 23 27 37696 1
3 13 14 23 60594 1
17 7 20 25 61063 1
25 4 16 11 37072 1
20 28 10 24 44948 1
7 18 23 14 52225 1
9 19 13 9 35103 1
9 23 28 11 76442 1
11 16 22 21 52125 1
23 9 10 26 81982 1
28 5 19 17 55730 1
17 10 7 18 42666 1
21 20 1 13 82100 1
29 12 22 0 50149 1
14 2 10 24 64793 1
21 10 22 23 43368 1
9 24 18 13 47695 1
4 2 16 12 52172 1
28 9 28 28 66670 1
4 0 6 27 72176 1
11 24 18 16 48610 1
19 19 18 10 35680 1
28 20 0 25 102772 1
20 24 9 24 43915 1
28 9 1 21 112186 1
17 2 5 28 87680 1
15 29 13 18 44916 1
16 24 23 5 73336 1
8 2 21 26 89137 1
4 3 16 0 39852 1
20 1 12 11 44794 1
2 21 16 3 80153 1
8 28 22 18 64323 1
6 19 15 1 60196 1
29 18 18 28 67145 1
27 10 29 23 51461 1
18 3 13 28 81335 1
26 28 0 11 108552 1
20 13 13 22 40248 1
7 18 8 5 36485 1
21 9 2 16 75824 1
5 2 11 27 77773 1
26 24 15 18 64707 1
20 4 25 19 61344 1
20 29 20 13 53488 1
23 7 14 15 45047 1
10 12 14 1 37633 1
5 8 9 23 43421 1
0 2 28 18 107867 1
20 9 4 17 62479 1
2 7 21 4 48200 1
5 13 28 22 91945 1
24 16 10 14 51349 1
15 5 4 5 22421 1
3 25 7 5 68075 1
9 18 25 24 71261 1
12 10 27 16 51121 1
23 20 3 15 72742 1
5 24 18 23 45324 1
0 18 13 24 65499 1
9 26 20 22 37000 1
16 23 10 14 38338 1
26 5 3 24 104509 1
9 1 22 29 98648 1
9 7 16 14 30795 1
22 8 1 11 67925 1
3 5 15 29 77783 1
3 14 9 10 27374 1
20 26 8 9 71805 1
18 24 27 22 46142 1
8 4 0 19 62489 1
22 4 10 18 61420 1
19 2 23 19 60244 1
17 23 20 14 29247 1
9 1 23 26 106302 1
25 26 12 16 73961 1
2 5 6 26 54965 1
25 6 12 5 38610 1
6 1 15 10 44468 1
0 18 11 10 52496 1
11 16 19 22 42704 1
26 16 12 20 57328 1
16 11 5 3 42354 1
19 4 4 9 47673 1
5 16 26 3 76568 1
3 24 21 8 95417 1
9 24 19 9 57451 1
3 0 5 12 40022 1
20 28 21 10 57222 1
0 29 23 0 112603 1
29 16 19 23 65397 1
1 19 28 16 96507 1
28 5 6 15 74943 1
16 18 0 15 63305 1
25 6 12 23 75658 1
4 22 27 3 92008 1
19 15 0 14 63803 1
23 17 1 1 91677 1
6 14 12 18 29979 1
20 12 23 28 59818 1
28 3 18 14 55135 1
15 23 3 2 77491 1
23 19 14 27 55686 1
21 25 7 29 45123 1
21 0 20 27 95247 1
22 17 1 28 87687 1
21 17 16 6 48476 1
4 5 19 20 64478 1
18 10 26 12 32200 1
13 12 15 27 51816 1
24 23 6 10 81398 1
29 28 2 23 88229 1
25 18 5 2 94819 1
23 18 18 0 66855 1
6 14 26 15 58780 1
16 19 3 11 53155 1
13 21 3 10 51433 1
20 20 0 11 72477 1
8 14 3 6 33948 1
29 9 26 21 60933 1
13 19 20 28 45599 1
8 8 13 24 58147 1
9 11 17 3 35424 1
2 27 28 20 95572 1
24 25 4 12 92215 1
6 1 10 18 55854 1
13 29 14 17 41089 1
16 22 24 1 70089 1
8 13 2 18 35319 1
9 9 3 27 63350 1
3 29 6 10 46818 1
4 26 0 0 92409 1
23 9 17 19 43230 1
28 13 20 21 46006 1
2 25 24 15 94491 1
18 25 15 18 33176 1
8 14 17 8 33287 1
22 22 17 3 69108 1
26 17 13 3 68206 1
20 27 13 15 54013 1
23 0 20 13 48683 1
14 13 0 21 65072 1
16 1 29 4 39445 1
16 0 22 24 83812 1
15 23 25 8 61916 1
3 8 17 29 82570 1
27 10 10 15 57405 1
25 26 5 14 93412 1
16 6 2 27 90630 1
12 24 11 7 58961 1
18 18 28 21 49209 1
19 26 2 5 87500 1
0 1 15 18 81066 1
27 29 9 5 98714 1
20 10 12 18 50607 1
10 23 21 9 64117 1
25 15 13 19 44636 1
13 21 24 4 61142 1
17 29 18 2 80295 1
0 7 6 15 38810 1
22 13 1 0 85971 1
13 23 4 8 65625 1
11 3 25 15 64241 1
9 6 17 13 34934 1
11 6 28 3 50760 1
4 20 6 2 59067 1
8 19 27 26 79464 1
3 21 23 16 81262 1
8 18 20 3 63378 1
22 9 0 14 82017 1
6 29 25 1 104514 1
19 11 21 27 53000 1
29 2 11 17 85847 1
7 19 0 3 57452 1
20 7 0 12 64670 1
28 9 12 1 60794 1
12 10 22 0 44145 1
20 4 27 20 67183 1
29 26 23 11 62487 1
8 5 24 2 39621 1
29 28 21 10 74033 1
23 24 5 9 84568 1
29 4 12 1 48849 1
7 8 24 28 95558 1
21 2 0 17 90454 1
14 7 5 27 66779 1
2 25 21 11 91367 1
25 25 2 6 112947 1
20 25 11 5 73148 1
25 9 5 0 75546 1
6 5 28 20 88498 1
8 1 27 11 71175 1
19 9 13 3 28374 1
3 28 24 12 90354 1
14 5 22 18 50444 1
25 24 2 16 102100 1
10 10 1 1 43604 1
27 24 1 25 103865 1
14 27 22 22 45179 1
11 3 7 25 63973 1
25 26 2 10 99673 1
2 22 13 3 71130 1
6 25 27 19 78474 1
14 21 4 19 40025 1
12 24 6 16 39792 1
22 0 7 24 91274 1
21 20 2 5 75752 1
3 16 5 25 36377 1
9 19 24 22 53805 1
25 4 0 8 71202 1
23 8 19 18 41914 1
0 0 3 10 48620 1
2 20 2 8 55641 1
11 2 29 5 55647 1
20 26 22 13 48479 1
21 14 6 12 44703 1
27 12 1 21 97866 1
10 6 5 15 36109 1
22 7 17 19 45377 1
27 28 20 4 91431 1
21 11 9 15 39983 1
19 8 10 1 39012 1
29 2 7 18 93524 1
25 5 20 17 55121 1
22 18 14 21 35496 1
5 14 21 12 51281 1
25 25 6 19 76855 1
19 24 0 21 65050 1
3 25 0 1 93284 1
2 4 23 29 103713 1
16 2 6 29 80949 1
29 22 17 29 51398 1
1 28 29 13 105281 1
4 13 14 19 44915 1
7 25 25 4 87628 1
26 14 1 22 81998 1
13 25 8 7 62244 1
23 25 0 9 100281 1
14 3 28 17 68743 1
8 28 1 17 47211 1
6 24 24 1 87785 1
21 17 10 29 61336 1
24 29 16 7 79248 1
9 18 8 28 25435 1
20 22 18 4 60134 1
9 23 10 9 32871 1
27 0 7 11 72295 1
2 15 9 1 53824 1
21 0 7 22 87610 1
18 24 27 11 63655 1
29 5 21 17 63484 1
27 7 25 24 75867 1
1 12 13 5 46488 1
12 10 28 29 87346 1
23 1 11 14 65098 1
24 20 4 19 72140 1
11 15 13 4 40162 1
8 7 24 9 54727 1
21 11 28 3 44529 1
6 5 24 10 54509 1
20 9 10 12 37704 1
1 1 17 22 85627 1
25 2 18 12 46396 1
17 26 6 9 66269 1
21 7 13 21 57924 1
1 27 16 12 84675 1
11 20 21 16 45790 1
13 13 23 0 56784 1
7 2 0 29 77295 1
1 23 28 27 90259 1
4 26 5 17 30848 1
4 18 21 1 86616 1
29 10 25 0 51230 1
27 6 28 19 50012 1
28 15 25 5 46390 1
5 0 0 14 60665 1
5 15 24 7 69646 1
23 1 22 18 56872 1
20 25 10 16 57101 1
1 13 11 14 46820 1
25 19 5 0 100394 1
23 12 3 3 69411 1
10 3 20 26 84647 1
20 29 22 5 77805 1
23 10 11 14 50347 1
7 5 29 16 80265 1
10 16 20 28 62313 1
21 9 10 4 48267 1
27 7 8 28 95083 1
9 14 6 2 37986 1
10 21 1 11 52592 1
17 23 27 13 48390 1
19 26 21 5 79577 1
22 16 27 11 27859 1
24 15 6 2 73835 1
5 19 4 4 46540 1
21 13 15 4 37859 1
4 20 26 17 86924 1
13 18 10 7 44996 1
7 2 25 16 80558 1
24 24 5 12 89630 1
14 21 19 11 36405 1
1 0 9 6 36844 1
18 25 26 0 93238 1
17 1 29 29 117517 1
7 20 8 1 47613 1
0 5 17 9 43067 1
11 0 26 7 60838 1
28 24 17 10 69112 1
14 26 10 7 63862 1
8 0 2 26 84275 1
6 1 15 24 83818 1
24 19 20 8 51962 1
20 17 4 14 59076 1
17 12 0 23 75052 1
14 9 22 17 38289 1
16 22 12 11 36808 1
19 27 1 18 84724 1
9 16 2 24 44688 1
17 24 11 20 27545 1
5 23 10 14 35453 1
20 7 1 29 91816 1
28 1 11 13 74785 1
21 19 17 10 36904 1
11 29 25 15 79154 1
10 29 26 10 89859 1
6 13 1 3 36330 1
0 20 24 1 106599 1
6 7 21 13 51536 1
13 4 4 17 56467 1
8 4 17 14 41110 1
6 14 11 26 44835 1
7 22 29 20 74250 1
1 6 0 25 85770 1
28 0 15 9 53603 1
18 8 18 20 40061 1
29 12 7 15 63096 1
5 27 26 26 67622 1
23 6 3 1 63749 1
22 13 3 7 63677 1
18 12 23 2 42723 1
8 15 19 18 44581 1
23 14 21 25 38565 1
4 6 4 25 63490 1
6 3 11 26 69764 1
2 24 12 8 68137 1
3 23 26 21 79614 1
21 17 9 22 45339 1
18 6 14 15 33664 1
14 10 26 8 45121 1
13 15 25 2 56993 1
3 19 14 2 70235 1
12 0 20 25 88030 1
27 23 0 12 113070 1
16 20 24 23 39136 1
29 26 8 28 64398 1
2 11 23 27 100782 1
22 22 27 17 37135 1
9 24 5 4 52337 1
13 18 1 28 65244 1
2 20 10 5 62243 1
17 15 22 5 40455 1
29 27 15 17 81785 1
29 28 14 23 64160 1
0 5 3 29 70859 1
15 8 28 5 40211 1
19 24 7 26 52156 1
14 2 6 23 65567 1
0 4 20 21 88646 1
1 9 4 19 43991 1
8 29 3 19 37917 1
21 20 19 8 41216 1
18 11 25 16 39458 1
19 18 10 27 58361 1
25 10 18 16 39618 1
24 4 13 18 56804 1
0 13 2 5 47332 1
28 26 21 15 56791 1
4 18 28 1 100493 1
17 21 26 28 45361 1
22 3 13 9 34891 1
20 1 25 26 99882 1
26 29 28 6 90342 1
29 27 16 29 41526 1
11 17 24 7 61653 1
0 21 7 25 32521 1
8 4 10 29 59284 1
8 29 10 7 53294 1
25 24 7 16 86191 1
28 28 12 1 113259 1
16 3 28 26 94375 1
3 9 29 28 112260 1
6 27 20 22 49147 1
29 22 7 10 85898 1
15 7 11 1 29709 1
10 24 22 11 64084 1
9 22 16 25 31412 1
19 19 14 3 52759 1
14 13 3 16 43002 1
26 1 22 28 97496 1
5 25 24 2 91933 1
26 17 6 3 83227 1
17 4 27 22 81512 1
11 23 20 21 34531 1
21 7 1 3 59900 1
26 3 12 6 41405 1
17 21 7 14 45118 1
9 5 16 28 78135 1
10 24 28 26 71529 1
28 3 17 21 73303 1
0 9 9 16 39891 1
2 5 24 27 113177 1
20 6 2 12 62658 1
28 6 21 23 67703 1
26 12 0 4 82146 1
18 8 6 0 50667 1
2 28 18 3 95260 1
0 1 28 1 90033 1
4 16 16 7 50158 1
0 13 12 28 80585 1
8 6 23 4 35475 1
2 21 14 18 49188 1
1 9 6 18 35692 1
4 21 16 5 68057 1
29 8 10 10 61200 1
20 18 12 26 50846 1
23 11 21 23 44234 1
14 7 8 1 24853 1
27 17 8 0 85121 1
18 21 5 20 42359 1
0 25 19 12 88327 1
16 13 4 21 58173 1
8 1 3 20 60258 1
0 9 3 20 51872 1
24 15 5 14 57845 1
19 15 28 9 40420 1
3 22 10 15 35799 1
2 17 25 3 89176 1
7 25 4 14 35426 1
5 20 26 29 66590 1
5 12 21 10 49240 1
4 27 21 11 85567 1
14 29 9 7 61223 1
13 13 3 28 69415 1
25 19 28 1 77488 1
23 26 18 9 71015 1
12 6 2 19 65784 1
12 11 17 21 37537 1
27 12 16 27 68682 1
27 21 4 15 88223 1
0 27 14 26 50046 1
0 24 10 25 46162 1
7 19 14 29 41083 1
29 15 20 19 45141 1
5 19 25 26 82529 1
8 14 18 3 48047 1
2 17 28 13 79616 1
12 27 26 3 92659 1
24 24 6 11 87510 1
16 13 6 18 42426 1
18 16 8 13 39930 1
11 24 15 14 39933 1
12 14 27 23 73968 1
21 17 1 24 80587 1
8 3 3 10 25531 1
16 5 19 12 27064 1
6 20 27 15 70970 1
0 16 29 14 84928 1
19 5 27 17 57397 1
2 24 13 8 74052 1
23 2 26 19 65124 1
28 17 12 4 72876 1
6 13 19 14 41122 1
18 24 29 27 47958 1
26 7 9 25 82947 1
2 3 17 8 42853 1
13 5 7 17 42745 1
17 26 15 7 54106 1
8 16 21 11 45554 1
10 8 28 21 79491 1
26 16 12 28 83349 1
26 17 23 27 57773 1
10 27 20 2 86131 1
13 6 21 28 81631 1
16 25 2 15 71038 1
27 24 1 4 120608 1
4 12 11 22 41781 1
24 28 4 6 108764 1
22 29 15 2 83238 1
0 27 29 21 100277 1
28 9 10 24 86261 1
3 26 3 6 72397 1
22 10 27 23 59411 1
4 1 0 10 39084 1
17 3 1 22 81204 1
11 23 2 26 51598 1
7 13 25 20 73134 1
3 12 9 22 40186 1
20 9 8 28 75325 1
28 29 18 20 57826 1
18 28 27 4 86018 1
5 2 27 3 59349 1
12 9 7 14 26382 1
29 6 1 24 128771 1
24 6 26 27 79771 1
13 3 20 25 73709 1
6 7 18 12 40411 1
14 23 18 4 52687 1
24 16 19 29 62042 1
14 16 27 5 58059 1
15 8 5 13 33158 1
4 9 3 28 57496 1
3 23 27 7 100118 1
26 8 25 20 52511 1
1 12 28 16 84569 1
8 0 6 10 25615 1
8 12 17 0 52100 1
15 20 12 6 43189 1
13 26 22 20 48992 1
1 12 17 14 51754 1
28 25 1 17 107320 1
12 27 15 2 70288 1
19 11 14 25 51919 1
6 13 18 5 49387 1
27 19 22 6 54546 1
28 23 10 16 77435 1
25 17 2 5 86068 1
0 1 24 19 107620 1
1 4 5 15 42243 1
12 7 13 29 68014 1
28 28 6 10 97644 1
17 27 11 19 41272 1
13 0 4 21 80852 1
24 5 10 26 85600 1
6 28 24 16 85503 1
21 13 1 8 66434 1
27 5 14 6 34873 1
24 16 24 28 63461 1
21 1 8 24 85591 1
10 25 26 3 91175 1
7 18 28 28 83748 1
23 10 12 0 57991 1
12 17 18 13 28732 1
11 13 26 0 72759 1
0 3 28 23 114286 1
11 21 17 15 35825 1
19 8 20 27 67841 1
10 11 25 2 55479 1
5 7 25 14 60901 1
8 12 12 4 28869 1
2 24 4 0 84286 1
28 29 23 15 59766 1
26 18 19 22 41612 1
23 20 6 9 69693 1
10 17 7 29 35593 1
10 7 18 29 73642 1
2 6 26 23 112860 1
9 2 1 15 54873 1
8 8 6 0 26069 1
4 3 27 6 63396 1
8 28 28 22 73222 1
6 7 25 23 95566 1
17 18 21 26 34697 1
4 6 10 11 30259 1
26 13 20 24 51698 1
2 5 14 11 37070 1
0 27 13 3 93267 1
22 0 5 7 51595 1
25 8 16 7 34863 1
13 22 1 6 71361 1
12 28 28 6 102556 1
3 10 27 22 93114 1
13 0 20 18 68291 1
9 19 28 0 88541 1
8 17 23 21 62820 1
29 3 20 0 45286 1
16 10 1 9 38064 1
27 24 12 11 82194 1
25 29 28 13 60961 1
27 4 9 20 73211 1
2 25 0 11 70624 1
14 16 9 2 49318 1
20 16 21 5 48973 1
4 25 25 14 82695 1
11 11 26 23 84086 1
8 9 25 4 48456 1
2 26 3 15 54364 1
25 28 13 28 39798 1
25 9 4 5 60188 1
5 22 24 20 61689 1
28 5 10 17 77181 1
20 11 9 17 44398 1
27 25 14 6 88600 1
5 16 17 10 39150 1
27 16 16 5 58285 1
3 13 15 5 47472 1
24 10 7 18 64458 1
14 21 16 2 46645 1
25 8 14 27 77716 1
14 20 3 19 47918 1
6 1 7 17 49577 1
22 10 6 7 54995 1
10 9 13 17 32996 1
27 25 3 14 108271 1
2 4 10 12 37849 1
0 6 16 10 50552 1
4 22 20 23 50158 1
8 3 24 21 84764 1
2 25 23 18 89389 1
21 29 3 28 46627 1
21 10 6 3 59705 1
29 19 4 5 91643 1
13 21 27 24 64482 1
12 3 21 27 83501 1
13 10 22 19 44626 1
22 13 26 2 43501 1
0 22 28 27 91175 1
16 21 23 2 68752 1
29 18 13 16 64861 1
24 16 8 8 58982 1
23 21 3 8 85688 1
24 17 4 9 71262 1
2 21 14 27 56827 1
22 10 25 22 52594 1
16 2 8 28 76057 1
4 14 11 20 40637 1
15 11 0 8 48003 1
21 5 11 14 54687 1
28 13 15 17 47736 1
8 11 11 1 36697 1
26 25 7 15 87833 1
17 6 3 14 52277 1
18 18 6 13 52136 1
19 12 19 24 46430 1
4 14 27 4 72742 1
1 12 28 5 83848 1
0 20 17 14 69947 1
4 20 28 18 92201 1
11 15 25 11 46312 1
10 8 5 3 25123 1
9 9 14 3 28872 1
21 10 3 15 63601 1
8 6 14 19 41432 1
4 28 20 14 73175 1
23 7 12 12 51722 1
10 1 22 6 40390 1
14 28 2 15 66768 1
4 1 24 17 90549 1
0 2 14 15 65202 1
29 26 0 16 114233 1
15 21 20 10 49416 1
26 5 17 17 53171 1
28 11 15 24 72512 1
29 3 21 27 92765 1
22 15 13 13 31070 1
11 19 28 16 60840 1
16 27 26 16 69099 1
4 21 29 26 86902 1
8 14 18 2 52817 1
17 24 5 24 42964 1
23 2 28 13 44232 1
11 25 25 7 88008 1
24 24 8 4 94624 1
24 25 13 19 54555 1
9 18 27 1 77451 1
25 4 28 20 61484 1
16 6 4 23 69021 1
24 16 25 29 64481 1
29 5 14 24 87978 1
0 4 19 17 72209 1
21 27 16 15 47867 1
17 24 21 14 34399 1
2 1 23 19 95764 1
11 21 24 14 50716 1
20 4 0 22 86897 1
28 13 29 1 60072 1
14 25 5 8 64147 1
2 20 24 29 77027 1
10 24 3 6 64817 1
15 18 23 28 58767 1
22 7 1 0 70615 1
29 5 29 17 67020 1
13 10 25 6 45925 1
2 26 28 23 93009 1
25 14 28 1 53873 1
15 3 26 1 38435 1
25 20 1 0 113257 1
12 14 20 28 59402 1
0 9 10 25 64869 1
23 14 6 6 57436 1
6 28 18 13 65060 1
22 16 8 12 46918 1
14 16 22 18 36144 1
26 15 17 24 50631 1
4 11 10 16 30304 1
11 21 9 29 23178 1
15 2 27 13 56067 1
2 13 10 26 60641 1
7 20 1 24 35443 1
14 19 6 15 30562 1
17 25 5 27 48802 1
9 20 28 21 70082 1
15 16 10 11 31903 1
25 27 28 5 96596 1
28 24 1 10 97737 1
13 9 0 8 48434 1
18 22 4 3 73833 1
24 8 28 25 60685 1
15 20 19 4 46232 1
22 6 17 19 47361 1
29 3 6 27 106238 1
8 11 25 3 56969 1
0 27 23 18 94421 1
6 3 5 24 59513 1
19 8 3 8 53584 1
6 29 19 0 91372 1
22 27 11 14 70024 1
14 11 11 3 26948 1
14 20 18 3 46622 1
9 23 5 9 40070 1
29 14 10 3 69329 1
21 23 8 11 64200 1
28 24 19 5 77804 1
0 12 24 22 96454 1
19 6 11 4 30069 1
6 0 25 26 118749 1
11 23 9 5 51606 1
22 3 11 20 65360 1
0 4 13 13 57933 1
19 8 27 27 82185 1
28 10 4 19 90744 1
29 10 10 24 90338 1
25 13 3 1 83569 1
3 19 26 25 94006 1
5 14 19 20 51615 1
18 8 2 29 82262 1
11 17 29 18 74390 1
20 24 2 16 81947 1
6 15 18 15 37713 1
13 17 22 10 42579 1
22 5 1 17 81898 1
12 27 2 28 38238 1
22 27 16 20 40956 1
27 22 13 25 65735 1
20 6 18 23 61141 1
15 8 3 8 39519 1
3 4 23 23 96488 1
2 1 26 23 122816 1
18 16 15 8 30212 1
15 7 29 13 52804 1
6 0 3 21 73874 1
26 16 21 24 48514 1
10 2 22 3 34663 1
