6898 8137 8077 7486 7864 7145 8123 7995 7717 7698 7709 7760 8029 7650 7428 6912 8068 7110 8121 7764 6987 7372 7300 7736 8131 7606 8026 7091 8108
7784 7427 7570 7584 8506 7764 8581 7674 8306 7971 8490 7991 7591 7872 8215 8565 8041 7777 8641 8444 8608 7470 8209 8515 8098 8315 7962 7663 8014
5979 6266 5353 5548 6480 6403 5741 5249 6271 5509 5846 6106 5853 5238 5981 6275 5268 6351 6109 5455 6246 5953 6221 5589 5632 5889 6206 6009 5818
3589 3991 3532 3135 4339 4123 3476 3266 4285 4348 3588 4175 3599 3655 4072 3209 4080 3980 3239 3196 3345 3213 3641 3381 3792 3303 4146 3781 3832
6440 6438 6060 5874 6055 6643 6644 6417 7007 6520 5899 6286 6917 7071 6643 6200 6129 6269 6174 6668 5908 6301 6212 6864 6550 6976 5881 6442 6594
3408 2921 3556 2556 2897 2559 2693 2921 2857 2767 3105 3338 3017 3575 2610 3491 3081 3376 3165 2817 2812 3659 2761 3107 2971 2864 2725 3357 2710
1438 1365 1779 2050 2302 2079 1272 1796 1314 1558 2390 2320 1916 1380 1560 1979 1723 1304 1237 1505 1764 2459 1951 2196 2136 2014 1223 1376 1274
6468 6474 6091 5907 6248 5322 5771 6548 6337 6417 6303 6374 5292 5844 6391 6196 5883 6414 6138 5937 5852 5902 5608 6153 6464 5406 5994 5977 6223
7835 7843 7303 8070 7492 8177 7522 8352 8037 7619 7523 7431 8412 7730 8171 7836 7543 7833 8065 7588 7626 8154 7953 8130 7288 7904 7985 8242 7499
7288 6532 7190 7670 6563 6449 6578 7651 6651 7608 7183 7655 6629 6685 6794 6874 7486 6882 6876 7092 7330 6997 6830 7637 7522 6638 7092 6725 7289
6969 6864 7863 7247 7726 7117 7143 6873 7557 7662 6849 6782 7869 6928 7290 7789 7195 7106 6744 7868 7002 6753 7628 7812 7762 6777 6920 7412 7040
5017 5868 5948 5890 4942 5800 5394 5262 5914 5552 4818 4964 5559 5636 4932 4963 4715 4801 5790 5530 5968 5088 4900 5844 5619 5187 5428 5015 5619
7560 7597 8285 7541 7611 7615 8527 7536 7449 8574 8246 7900 7871 7722 7650 8115 7437 8225 8427 8532 8599 7493 8327 7891 8552 8377 7437 8141 7377
1931 2158 2885 2948 2774 3137 2940 2516 2686 2559 2503 2977 2958 2230 2928 3174 2190 2228 1974 3090 3025 2816 3163 2461 2665 2424 2682 2610 3138
6407 6399 5384 6071 5964 5994 5627 5344 6262 5309 6102 5193 6336 5478 5982 6158 5828 5760 6241 5817 5474 6402 6158 5379 5169 5779 5159 5927 5945
6747 5982 6091 6006 6152 6372 6628 7227 6602 6431 7189 6929 6302 6642 6276 6890 6174 6151 6946 7153 6313 6573 7035 6866 6348 6323 6120 6425 6427
7002 5883 6351 6098 6143 6947 6832 6348 5764 6949 5752 5788 5765 6118 6502 6898 6318 6590 6611 6337 6979 6537 6259 6432 6330 6760 5888 6301 6416
7178 6922 7263 6892 7459 6762 7522 7469 7348 7644 7338 7275 6670 7386 7295 6627 7638 7136 7282 7218 7245 7360 6780 7244 7132 7210 7486 7257 7129
4693 4686 3984 3823 3683 4157 4091 4733 3993 4082 4905 4937 3738 3737 4802 4627 4367 4283 4779 4579 3720 4735 4131 4129 4174 3861 4594 4828 4351
6284 6880 6002 6388 6453 6930 6454 5790 6311 6902 6391 6454 6560 6338 6079 6571 5855 6781 6638 6946 5811 5781 6536 5888 6655 6077 6880 5746 6689
3847 3183 4120 3615 3966 4161 3434 4101 3923 4400 3436 3556 3913 3887 3225 3497 3978 3899 4128 3261 3526 3833 4184 4221 3477 3957 4223 3484 4209
8775 8150 8129 8564 8434 8355 8150 8870 7826 8377 8822 7932 7914 8817 8820 8160 8792 7763 7696 8201 7796 8582 7716 8402 8580 8752 8039 8678 7896
4339 3881 3900 3399 3857 4135 4061 3633 4392 3494 3305 3250 3359 4006 4159 3369 4329 4197 3582 4175 4444 3547 3293 4278 4293 3425 3244 3794 3500
7554 8105 8333 8353 7324 7831 7536 8091 8172 8308 7344 8474 7611 7985 7880 8323 7327 7569 7675 8376 8459 8305 7333 7712 8073 7938 7559 7298 7431
2887 2299 2914 3317 3014 2771 2445 2551 2273 3379 2591 3100 3121 2935 3265 2782 2839 2447 2848 2601 2913 3070 3492 2538 2673 3083 2306 3339 2398
3796 4020 4352 4836 3892 3953 4428 4855 4574 4249 4418 4006 4629 4577 4307 4036 4423 3757 4424 4938 4427 4557 4226 4009 4843 4962 4499 3893 4199
4503 4214 4451 4819 4753 5105 5327 4689 4532 4301 4256 4181 4756 4236 4760 4395 4275 4775 4679 4455 4907 5200 4304 5065 4333 4144 4401 4734 4708
4644 4023 4372 4539 4871 4677 4145 4059 4142 3907 4436 5003 4050 4955 4878 4063 4358 3924 4618 4512 4021 4845 3884 4659 4377 4941 3869 4141 4343
2281 2061 2240 1845 1933 2640 1745 2685 2078 2353 2630 1820 2570 2700 2286 1929 2472 1988 2569 1681 1928 1703 2757 2288 2368 1875 1901 2541 2595
3746 3706 3613 4162 3513 3622 3231 3172 3738 3855 3461 3115 3954 4284 3942 3773 3181 3635 3190 3315 3268 3791 3486 4298 3287 3162 3373 3941 3696
3714 5579 4977 5213 8782 7623 6441 6176 3822 5964 2015 4301 4814 2041 5960 5534 6622 3604 2313 5989 5482 3231 3614 4674 7006 5834 6754 3810 3207 7072
3096 6178 4591 5870 8769 7648 6196 5321 3165 6494 2100 4508 4543 2552 6722 5616 6230 2700 3100 6665 5549 3451 4044 5337 7623 5567 6811 3803 3274 6525
3756 6021 5152 5756 7660 6836 6112 5890 3176 6656 1664 4226 3909 3076 5991 4955 6648 3596 3257 6195 5305 2269 4633 5890 6740 5809 6656 3541 2877 6292
2896 5598 4736 5258 8151 6618 6117 6134 3784 6666 2177 4891 4807 2076 6562 5320 6552 2575 2457 5689 4686 2934 4532 5346 7708 5744 7464 4184 3717 6589
3444 6220 4591 6103 8585 7453 6738 6232 3792 6772 1311 4103 4356 3027 5909 5482 6122 3757 2581 6529 5134 3261 3751 5808 7763 4879 7432 3829 2554 6300
3972 5573 4625 5014 8629 7332 6911 5324 4104 6592 1430 4148 4625 3001 6547 5027 6928 3493 3287 6361 5332 2592 3892 5597 7692 5453 7558 4085 3214 6877
2949 5603 4943 4986 8749 7344 6306 6436 3848 6254 1583 4647 4466 3142 6376 4974 6726 3752 2192 6363 4939 2646 3828 5935 7245 5429 6669 4355 3749 7433
4051 5718 4218 5008 8171 7323 6476 5237 3489 6133 2502 4813 3845 2707 5849 5899 6498 3373 2624 6225 5187 2255 4135 5530 7676 5046 7250 4180 2765 6914
3192 5833 4513 5537 7962 7481 6129 6390 4086 6530 1554 4496 4619 2814 5774 5713 6682 3383 2084 5681 5522 3219 4465 5028 6897 5005 7557 3958 2676 6194
3847 6190 4581 5019 8461 6851 7097 5849 3092 5557 2395 4304 4396 2713 5718 5424 6149 2951 3109 5541 5254 2549 4372 5268 7376 4942 6900 4432 2606 6630
3909 5366 5339 6069 7662 6493 6275 5976 3565 6021 1603 3824 3723 1962 5811 5041 6480 3738 2459 5852 5685 2565 4312 4944 7850 4959 6789 3394 3724 7095
3465 5451 4274 5269 8201 7415 6124 6288 4012 5784 1493 4427 4810 2886 6544 5370 7173 3254 2762 6717 4944 3192 3786 5158 6986 4855 7112 4197 2891 6726
2902 5987 4347 5424 8156 7328 6085 5220 4256 5868 2001 4832 4898 1968 6745 6082 6049 2674 2602 6066 4743 3049 3796 5773 6706 4872 7592 4252 3711 7432
3532 5414 4781 5648 8620 7659 6712 6055 3254 6070 1919 4053 4481 2936 6795 5454 6341 3730 2122 6140 4913 3194 3643 5809 7571 5759 6963 4281 3733 6979
3102 6376 5095 5893 7810 6471 6260 6017 3282 6776 2575 4058 3738 2215 6205 5517 6360 2975 2934 6413 4634 3491 3618 4752 7194 5419 7543 4034 2790 7212
2786 6564 4773 5780 8336 7244 6454 5524 3177 5736 2102 4412 4362 3098 6483 5408 6956 3131 2315 5476 5603 2656 4022 5284 7192 5289 7310 3399 2989 7240
3673 6336 5266 4929 8328 7657 7139 6177 4296 5702 1714 4559 4940 2425 6693 5764 6944 3311 3290 6214 4542 3216 4064 5213 7779 5741 6811 3650 3453 7462
3256 6005 4202 4945 7730 6590 6312 5811 3246 5652 1934 3753 3883 2383 5773 5218 6417 2710 2419 5723 4774 3229 3904 5715 7568 4878 7317 4129 2481 6511
2983 6357 4549 5760 8121 6622 6109 6122 3863 6743 2194 5009 3882 3194 5774 5960 6802 3303 2748 5464 4693 2505 4284 4822 6597 5532 6603 4133 2611 7378
3935 6134 5413 5717 7926 7538 6662 5923 4092 5509 2380 3922 4745 2622 6089 5581 6188 3655 2183 6472 4871 2606 4058 5260 7590 5822 7679 4126 3488 6348
3012 6390 4827 5696 8674 7017 6248 5197 3433 6248 1798 4855 4093 3209 5810 5105 6952 2949 2808 5942 4507 2750 4327 4821 7523 5237 7707 3567 3730 6721
2838 5699 4555 6088 8403 7508 7150 5494 3099 6165 2511 4231 3719 2679 6502 5160 6402 2703 3252 5998 5360 3091 4426 5007 7273 5468 7656 4033 3161 6798
2832 5514 4649 5937 8714 7698 7298 5782 3953 6224 1899 4561 4644 2445 6708 5911 6334 3504 2465 5524 4785 2554 4123 5783 6664 5084 7320 3288 3618 7452
3351 5929 4615 6019 7731 6672 7128 6036 4336 5616 1828 3936 3884 3115 6607 5647 5954 3255 2672 5659 4939 2626 4748 4940 6626 5261 6792 3868 2949 6835
3258 5884 4638 5136 8756 7286 7203 5512 3201 6351 1648 4532 4839 3070 6769 5978 7220 3541 2972 5621 4825 3044 3751 4870 7291 4846 7351 3662 2725 6725
3683 6033 5306 5755 8162 6433 6801 5904 3547 6658 2580 4123 4514 1989 6860 5970 7149 3489 2092 6357 4779 3156 4691 4744 7696 5304 7013 3415 3604 7011
3856 5834 4758 6033 7821 6748 7163 5404 3987 6267 1506 4709 4389 3122 5859 5398 6893 2693 2203 5504 5626 3484 4119 4764 7687 5660 7229 3724 3516 6505
3083 5430 4464 5581 7871 7329 7320 6415 3742 6590 2315 4584 4755 2714 6817 4980 6456 3282 2767 6579 5572 2523 3580 5925 6725 5183 6544 3992 2994 6846
3671 5327 4180 5856 8869 7082 6497 5980 4060 6139 1656 4564 4627 3121 6195 4866 6595 3558 2483 6414 5002 3163 4698 5227 6827 5168 6772 4028 2689 6856
6 20 13 28 37241 1
3 9 12 5 43563 1
17 20 18 11 44623 1
0 26 19 17 86261 1
15 3 27 18 83166 1
19 16 11 2 72529 1
9 22 28 13 77058 1
2 20 27 6 92609 1
4 16 3 2 52308 1
12 7 6 20 43426 1
3 26 2 5 76447 1
18 23 13 29 40170 1
12 28 21 21 46179 1
24 24 19 4 80489 1
1 26 21 24 94903 1
0 24 10 12 70972 1
27 16 7 7 75529 1
19 25 4 12 80788 1
1 12 19 27 91887 1
12 5 19 11 39995 1
8 6 26 13 68578 1
2 3 24 1 88545 1
1 29 2 16 61504 1
24 4 10 21 77370 1
18 13 17 28 65682 1
15 24 7 20 45886 1
23 4 4 14 79260 1
23 9 5 1 63064 1
15 16 29 15 56967 1
14 27 6 5 67064 1
14 15 28 11 52583 1
25 19 10 27 71107 1
24 3 5 28 91382 1
5 7 28 20 76576 1
4 5 25 12 68659 1
1 29 4 11 61944 1
2 12 24 18 70598 1
15 24 7 7 72862 1
18 15 15 0 63202 1
2 8 16 16 64972 1
7 20 21 17 50372 1
4 26 19 8 78882 1
21 3 8 14 76625 1
13 4 27 6 61453 1
4 6 18 6 59602 1
27 11 13 12 38504 1
13 12 1 22 54279 1
9 16 19 9 57660 1
8 28 22 16 74098 1
11 10 12 0 32930 1
19 18 11 23 39215 1
12 17 24 20 39559 1
2 16 13 2 67533 1
21 6 7 0 69957 1
5 2 13 29 76468 1
13 19 8 13 27067 1
7 25 24 15 73785 1
1 4 22 7 88961 1
22 25 9 4 115905 1
9 25 15 8 68212 1
26 1 9 13 77643 1
4 9 6 18 23833 1
26 28 5 11 95085 1
2 15 18 9 54869 1
13 25 3 17 46215 1
1 26 29 25 110021 1
12 8 5 11 27167 1
4 12 22 22 72586 1
9 14 11 22 46122 1
6 18 3 26 30623 1
29 16 16 9 51786 1
3 17 29 7 78790 1
6 12 16 14 34475 1
23 7 4 3 73047 1
24 23 2 18 73546 1
19 12 10 24 69570 1
21 28 19 11 71901 1
6 12 17 15 45463 1
23 27 1 25 89705 1
9 28 23 3 103377 1
25 28 22 18 36725 1
0 19 20 15 72333 1
22 6 8 15 68277 1
8 17 19 27 66154 1
6 27 22 14 71390 1
11 25 21 27 46039 1
11 29 24 21 62960 1
15 19 27 17 42289 1
2 27 9 17 43936 1
13 28 14 15 39956 1
11 29 11 3 90572 1
29 8 1 0 86642 1
7 8 20 0 65511 1
29 5 27 18 39678 1
9 0 16 19 73531 1
1 24 6 15 42897 1
22 27 26 7 72849 1
15 15 10 1 65974 1
7 19 0 23 41174 1
17 11 7 20 51032 1
2 11 14 8 34058 1
16 1 5 15 70680 1
17 24 10 4 102095 1
8 27 2 1 76467 1
26 11 15 12 40644 1
3 0 24 13 72062 1
25 23 19 0 86307 1
10 25 10 4 88410 1
6 16 13 2 47121 1
10 18 12 28 38444 1
20 11 6 6 37325 1
12 25 26 14 76181 1
9 11 27 9 47170 1
1 19 26 12 86545 1
16 7 19 21 68874 1
12 18 29 18 44327 1
10 4 3 17 63261 1
2 12 27 29 107967 1
0 10 29 13 64872 1
25 16 20 10 32838 1
14 26 28 10 80672 1
6 28 10 16 39819 1
21 0 17 6 41268 1
28 28 17 10 62599 1
28 28 8 12 94358 1
25 17 16 15 42147 1
5 26 26 18 73669 1
7 23 21 7 74993 1
29 9 7 17 66565 1
18 23 3 6 83498 1
2 9 25 16 72878 1
28 23 20 15 43005 1
4 2 25 6 77202 1
13 16 7 6 42147 1
24 10 4 0 60354 1
8 12 26 10 51082 1
0 9 6 14 26401 1
2 10 11 4 48932 1
2 10 10 20 43331 1
27 24 16 8 74322 1
22 9 4 0 60121 1
3 24 11 20 38224 1
17 4 6 26 85678 1
3 6 9 15 46445 1
9 19 19 6 72248 1
27 21 2 14 89450 1
2 29 20 15 83258 1
14 3 0 28 89615 1
0 26 20 14 96661 1
1 8 6 28 52325 1
11 6 10 16 58213 1
15 27 12 7 66784 1
2 16 14 25 60838 1
12 6 23 21 73708 1
6 7 26 16 67915 1
19 5 10 11 49868 1
0 28 3 12 56353 1
26 2 2 2 96652 1
22 24 0 20 82056 1
1 1 10 0 38987 1
29 1 9 25 112241 1
24 11 26 25 50774 1
2 9 2 23 52700 1
1 12 15 0 67432 1
17 11 4 15 48854 1
7 28 16 1 92269 1
26 3 11 22 93170 1
22 26 12 5 95957 1
29 11 24 5 26585 1
23 14 0 3 98187 1
8 18 4 1 46696 1
12 27 2 27 40155 1
10 19 16 12 41331 1
5 21 20 7 62043 1
19 28 0 16 87137 1
6 9 11 23 43858 1
26 6 2 14 81445 1
19 17 28 13 38458 1
5 4 25 2 81333 1
24 17 10 7 67438 1
23 0 19 29 106779 1
4 21 23 6 78692 1
8 17 4 26 37426 1
26 9 1 15 77542 1
4 26 13 25 45009 1
12 26 29 28 63415 1
0 15 9 0 64622 1
8 14 14 26 61404 1
7 6 1 11 29182 1
15 11 24 27 74153 1
22 3 9 2 63867 1
9 3 17 24 98642 1
21 6 10 26 98769 1
16 5 17 22 82525 1
5 23 17 6 74676 1
10 16 2 9 46013 1
27 23 11 15 72421 1
14 27 17 7 76492 1
26 8 4 19 74999 1
22 11 3 25 77455 1
20 14 9 28 72452 1
21 1 12 8 59049 1
1 12 16 20 66147 1
0 18 20 5 79535 1
5 19 0 6 60066 1
16 18 1 2 77620 1
27 25 1 9 99559 1
3 4 21 19 89240 1
7 28 22 10 68440 1
11 8 4 1 42516 1
25 17 4 15 68543 1
23 6 11 6 63540 1
19 17 18 5 54777 1
28 26 1 0 113715 1
27 20 11 13 63209 1
27 23 2 28 95523 1
14 7 29 27 86212 1
22 29 11 29 44157 1
20 13 1 5 77754 1
17 0 22 24 97797 1
13 23 27 1 91169 1
26 23 14 19 55719 1
2 23 23 7 90168 1
25 23 8 3 100839 1
12 5 21 26 98659 1
2 7 19 3 79673 1
3 13 5 0 35655 1
9 16 29 8 77714 1
1 27 4 18 41057 1
19 18 11 5 65597 1
22 14 9 22 65860 1
18 15 29 15 46550 1
16 29 23 13 78153 1
20 9 16 20 57379 1
20 10 3 11 36455 1
23 0 1 5 98509 1
7 11 4 4 33668 1
24 5 13 13 44711 1
28 25 13 4 81204 1
12 23 23 25 58985 1
4 15 18 29 75295 1
21 2 7 0 56490 1
13 2 2 9 47667 1
20 21 14 0 80180 1
19 17 9 10 45612 1
20 2 7 13 69437 1
29 5 19 12 46338 1
1 24 21 1 121705 1
18 1 8 12 71476 1
11 19 6 10 32830 1
14 19 15 8 41083 1
11 27 13 8 59182 1
8 12 1 16 41031 1
0 8 24 20 88228 1
8 18 14 26 41597 1
22 11 5 12 43436 1
15 26 0 1 111317 1
19 10 2 26 77420 1
7 2 29 15 79999 1
2 1 16 6 78144 1
11 4 4 29 87007 1
22 22 16 18 30943 1
11 16 21 1 84934 1
5 20 19 25 63366 1
14 18 22 0 78961 1
28 8 1 13 68823 1
7 17 0 1 61749 1
15 7 18 16 52756 1
0 13 20 2 82068 1
27 5 8 26 106402 1
9 26 23 2 113202 1
1 28 25 26 83878 1
22 5 2 1 88848 1
22 29 28 18 44517 1
21 4 4 6 79936 1
26 5 11 22 89667 1
10 7 19 20 72270 1
8 8 18 3 56753 1
10 29 10 0 82261 1
28 14 12 21 59055 1
8 4 5 22 52570 1
9 0 20 10 55094 1
2 29 9 7 72559 1
23 28 20 0 94775 1
19 29 22 21 42942 1
3 28 3 13 43396 1
10 15 0 12 48752 1
3 0 9 29 76177 1
25 17 4 13 67002 1
11 4 21 12 58872 1
26 9 1 24 96977 1
23 6 14 20 71795 1
27 23 24 11 43836 1
6 20 13 15 28166 1
26 18 12 27 62824 1
6 23 10 29 27781 1
10 13 19 3 59820 1
22 6 22 23 62769 1
20 7 27 23 62249 1
28 5 22 12 29832 1
2 14 21 15 65700 1
28 11 3 25 88556 1
20 4 8 2 64868 1
28 0 15 11 55459 1
12 17 7 23 35374 1
27 27 28 12 37007 1
22 7 8 13 51427 1
25 23 9 28 66744 1
29 23 9 3 106196 1
4 12 28 13 63283 1
6 10 28 16 57969 1
11 2 17 7 47078 1
7 26 2 13 41057 1
2 24 20 15 77485 1
18 0 3 27 99169 1
15 22 22 4 82053 1
0 18 12 25 56953 1
28 9 21 2 46885 1
7 11 3 21 30122 1
23 1 5 15 81470 1
7 19 17 7 62026 1
2 2 25 25 117300 1
4 3 22 14 69666 1
28 17 9 4 94721 1
4 27 23 15 83402 1
29 28 21 4 86446 1
6 22 27 9 67163 1
7 18 0 2 59586 1
25 12 22 21 35509 1
27 10 22 29 65227 1
4 17 23 19 59563 1
11 13 29 4 66224 1
13 26 15 3 73907 1
21 26 3 21 76538 1
9 12 20 24 70072 1
26 26 4 8 103478 1
15 14 4 15 43434 1
20 28 29 23 42497 1
12 2 26 28 104211 1
7 12 21 11 45416 1
4 0 23 1 70701 1
0 24 19 4 114591 1
18 16 0 14 67838 1
24 14 9 22 66982 1
9 5 14 29 94400 1
16 9 4 4 53307 1
25 23 21 15 41473 1
6 27 15 6 67861 1
16 20 4 6 71946 1
23 5 12 20 73940 1
17 15 0 26 95235 1
8 2 6 26 53145 1
26 15 8 17 65583 1
19 21 3 18 50597 1
16 5 7 6 60462 1
21 16 20 27 49639 1
28 14 18 2 62925 1
20 11 25 20 43459 1
21 1 27 29 96900 1
10 2 2 10 38987 1
13 25 0 18 52081 1
27 18 22 5 52653 1
0 23 13 5 77589 1
13 22 22 6 66800 1
3 8 13 29 71244 1
19 12 19 2 48870 1
17 2 9 8 52040 1
22 15 12 3 62190 1
24 4 25 27 68699 1
4 16 28 10 68240 1
9 6 27 9 66894 1
29 0 20 4 44349 1
0 28 22 20 82855 1
12 29 15 22 33836 1
12 8 21 21 62365 1
1 14 27 0 97208 1
14 28 28 15 72109 1
3 22 14 23 43263 1
29 22 29 5 49490 1
7 20 11 3 61243 1
26 23 4 21 72950 1
4 10 0 22 46110 1
15 9 19 15 40260 1
11 0 26 18 83899 1
8 18 4 29 34901 1
11 25 6 1 68716 1
6 1 0 28 66791 1
29 18 13 28 68635 1
3 24 13 4 67843 1
20 18 4 11 56276 1
16 0 13 10 35954 1
16 8 4 28 66290 1
9 13 11 23 44337 1
13 16 22 20 36246 1
12 29 5 17 48446 1
13 4 6 14 37749 1
8 6 14 12 41814 1
18 1 20 25 97827 1
7 5 10 16 49285 1
23 20 15 1 92715 1
18 14 12 8 34733 1
11 27 5 23 33485 1
13 12 2 8 35338 1
8 8 25 8 55047 1
23 23 25 12 41831 1
19 4 14 28 94935 1
19 21 1 27 69187 1
20 6 26 27 77124 1
0 18 6 7 36235 1
12 3 1 22 77870 1
4 14 28 11 65775 1
4 22 11 0 63981 1
12 19 5 1 59317 1
28 10 7 2 63127 1
6 16 28 28 81712 1
3 29 24 19 81066 1
13 10 27 12 38027 1
26 19 27 28 33796 1
6 27 25 26 69618 1
12 3 23 14 64455 1
5 13 15 13 26344 1
17 8 4 13 45039 1
22 19 21 9 43215 1
21 4 23 25 84178 1
13 7 29 17 58629 1
27 20 8 22 68351 1
29 14 10 1 86735 1
6 6 29 14 64399 1
16 11 27 3 50919 1
6 28 28 11 79097 1
16 9 19 22 63368 1
8 26 13 12 58277 1
0 4 0 24 111427 1
19 4 19 21 74823 1
18 19 5 4 68309 1
10 17 25 27 70288 1
3 6 19 3 77990 1
26 10 20 3 39864 1
7 3 11 23 59657 1
10 3 25 28 113844 1
21 26 27 19 49889 1
25 29 16 27 38716 1
4 27 8 21 24794 1
12 10 23 0 56056 1
24 24 10 4 104027 1
21 15 0 21 74566 1
20 21 8 9 66779 1
17 21 28 11 53511 1
15 12 29 7 51872 1
1 8 3 28 61810 1
1 23 29 27 107388 1
22 9 7 11 40472 1
28 6 18 12 39362 1
15 22 13 4 55966 1
24 28 1 13 96664 1
15 27 10 4 94434 1
4 11 12 16 44588 1
21 9 1 4 83308 1
16 6 21 24 93438 1
5 20 3 8 36197 1
9 12 22 22 67222 1
19 0 16 13 62553 1
0 11 26 10 58619 1
26 15 6 10 58852 1
17 4 23 9 49497 1
15 11 1 7 51042 1
0 26 13 6 86167 1
25 23 5 16 74327 1
14 9 27 3 55153 1
19 14 16 21 43159 1
24 3 27 20 56016 1
22 2 3 24 101229 1
21 11 6 11 38630 1
19 10 6 24 51253 1
13 19 7 13 29774 1
9 28 6 14 33617 1
2 3 6 17 47770 1
24 10 12 5 44020 1
1 9 13 22 58022 1
23 16 5 16 63935 1
1 6 21 13 74664 1
25 19 18 26 48297 1
5 24 3 10 36115 1
12 25 15 5 73222 1
18 28 2 12 78987 1
0 1 26 23 127042 1
4 28 13 7 59093 1
19 6 6 14 54389 1
17 18 16 29 53499 1
15 9 12 0 37329 1
24 28 11 21 58660 1
26 23 12 10 71183 1
2 23 27 21 82608 1
23 2 22 12 37561 1
11 26 0 10 67501 1
5 28 28 20 82097 1
14 22 5 2 63787 1
18 15 4 9 52426 1
17 0 3 13 67488 1
28 15 20 25 51510 1
11 12 1 6 52020 1
10 6 17 15 62978 1
2 26 16 10 71578 1
20 27 22 16 48690 1
7 29 16 25 48779 1
14 23 26 14 71992 1
6 14 25 17 59594 1
9 17 18 21 38720 1
28 20 15 7 69314 1
4 8 22 6 58606 1
0 15 6 19 35760 1
20 23 17 2 89645 1
25 28 9 9 92622 1
1 11 13 28 71491 1
9 26 9 5 80105 1
15 21 20 4 74765 1
28 29 22 24 36757 1
28 18 25 27 30201 1
21 29 20 16 57101 1
5 25 26 15 83888 1
25 5 6 5 64709 1
17 22 23 27 42820 1
28 18 2 5 93681 1
6 27 16 9 57733 1
14 1 6 17 56416 1
27 23 22 17 34585 1
17 9 2 11 41513 1
1 28 19 23 77940 1
24 23 1 21 72462 1
5 11 20 18 52173 1
14 11 22 28 78084 1
8 27 27 16 87609 1
0 10 18 24 78031 1
7 17 18 0 73034 1
3 16 19 2 86136 1
12 20 28 9 64251 1
14 6 6 0 46860 1
17 23 3 5 87912 1
11 15 1 21 45960 1
0 24 26 23 106375 1
19 2 19 20 78784 1
15 18 22 27 51791 1
29 12 28 29 42656 1
26 25 18 10 65191 1
10 13 8 25 43045 1
17 9 27 19 56017 1
1 10 21 11 44922 1
7 22 18 9 52822 1
18 24 11 20 40990 1
29 29 28 7 53507 1
13 4 28 7 54631 1
2 15 10 28 53030 1
22 17 0 6 97077 1
28 11 16 23 69244 1
22 1 25 18 61861 1
28 0 21 19 65007 1
3 4 17 2 71741 1
13 12 29 27 77876 1
19 12 10 11 35914 1
4 28 20 13 68640 1
7 6 12 1 45735 1
29 29 3 3 119171 1
3 3 5 29 67103 1
6 3 7 26 48874 1
26 0 24 22 68650 1
9 29 4 9 58173 1
24 17 6 0 73571 1
28 11 15 19 56897 1
25 3 13 11 50243 1
8 24 16 16 62247 1
23 11 29 0 40108 1
10 9 20 13 38482 1
8 7 4 27 55312 1
20 5 1 14 76198 1
2 26 2 13 55838 1
9 0 29 18 92057 1
23 6 2 12 70351 1
19 25 18 4 91156 1
8 20 10 6 58843 1
19 13 26 23 52404 1
25 26 7 18 74791 1
17 25 13 14 51922 1
20 28 11 29 33766 1
8 10 21 6 45970 1
9 0 5 12 35018 1
27 24 19 12 62027 1
23 9 5 17 58737 1
5 2 14 7 45722 1
1 19 20 28 84851 1
15 4 26 18 84040 1
5 13 16 22 49027 1
1 10 24 15 59679 1
10 18 18 6 56154 1
11 13 17 8 32546 1
10 14 3 21 39543 1
21 0 6 26 95778 1
0 13 28 28 102404 1
7 17 28 1 80634 1
15 16 14 5 50968 1
7 29 15 8 66052 1
28 28 10 11 82855 1
25 18 3 15 68430 1
11 1 13 16 52811 1
12 8 14 22 45237 1
17 29 6 5 82668 1
20 4 10 22 82790 1
25 7 29 26 62098 1
10 20 24 6 75126 1
7 3 1 22 57112 1
7 14 18 8 45832 1
10 24 27 9 89826 1
17 15 11 4 66762 1
0 1 3 11 53235 1
24 6 25 17 34822 1
5 3 23 2 75897 1
28 6 0 4 105966 1
2 8 15 1 66251 1
5 20 9 0 49791 1
22 7 20 17 41320 1
17 10 0 24 79797 1
3 18 6 4 33218 1
9 7 17 25 90411 1
20 20 2 27 71516 1
14 11 28 27 72551 1
14 13 24 14 30320 1
12 8 29 12 48636 1
14 8 24 19 57281 1
6 14 29 28 87940 1
18 15 11 26 60465 1
11 2 18 12 51152 1
7 7 13 29 68797 1
24 13 21 28 52859 1
9 24 24 21 64737 1
15 5 27 18 80033 1
4 27 8 14 43190 1
23 28 15 16 67549 1
1 18 23 26 91557 1
19 22 6 5 70644 1
15 0 26 6 59872 1
4 11 18 27 80118 1
28 25 26 16 27532 1
20 19 7 4 73613 1
22 7 19 25 77671 1
2 16 18 27 79678 1
3 19 26 26 92788 1
23 1 1 25 120145 1
20 17 1 2 91286 1
29 7 5 13 65324 1
3 28 24 1 102866 1
29 22 3 8 88559 1
22 28 2 24 81779 1
2 24 15 7 76979 1
29 2 22 18 55265 1
8 6 21 1 81047 1
22 19 2 27 77609 1
28 1 8 4 90855 1
11 0 19 13 57590 1
3 13 14 1 57878 1
7 20 9 4 57456 1
27 18 9 5 92913 1
4 9 7 1 30379 1
22 15 4 9 59598 1
19 6 14 19 62554 1
25 12 6 0 63010 1
27 25 12 4 94543 1
18 18 9 20 37980 1
16 1 24 6 50084 1
25 20 6 13 65260 1
13 15 19 20 34723 1
24 25 6 7 83868 1
21 26 19 11 68171 1
17 14 12 4 51266 1
10 10 0 6 47076 1
15 23 4 15 56036 1
3 0 17 19 77612 1
24 26 15 1 105545 1
1 5 19 1 92176 1
22 21 25 4 61219 1
27 12 13 29 85350 1
24 14 3 7 64549 1
19 25 28 28 43783 1
17 11 0 25 87881 1
0 26 0 0 100166 1
4 25 8 9 49856 1
4 14 17 3 74052 1
12 19 26 10 56310 1
20 8 5 0 57197 1
28 7 11 26 93315 1
2 13 15 25 65390 1
29 1 8 7 85282 1
14 29 28 4 102113 1
28 26 27 16 26797 1
6 0 22 20 81185 1
29 7 19 4 59659 1
7 13 21 5 64753 1
21 12 23 27 56298 1
28 5 11 15 66264 1
28 20 6 1 82194 1
12 23 26 15 67196 1
2 5 26 9 75766 1
25 7 13 23 71818 1
19 18 4 22 48168 1
14 28 22 8 78844 1
29 27 16 17 59564 1
10 29 17 14 75086 1
7 6 3 15 34703 1
6 13 28 8 55091 1
9 28 25 4 102205 1
16 6 10 20 69762 1
21 20 2 4 98726 1
12 10 7 5 26493 1
12 26 14 10 52317 1
13 5 11 15 37698 1
18 12 29 19 48945 1
18 2 10 20 84414 1
7 12 1 21 33341 1
28 29 3 0 113900 1
14 16 23 1 76857 1
5 4 16 6 59315 1
11 25 21 3 98223 1
23 12 29 4 39653 1
12 25 1 12 68059 1
28 13 21 22 42913 1
26 4 15 6 73589 1
20 19 27 6 59935 1
3 12 3 27 48232 1
27 5 19 8 42529 1
6 22 0 9 39932 1
9 7 17 4 64225 1
7 0 5 20 42548 1
20 19 24 4 54838 1
9 19 7 0 48250 1
28 23 9 21 59940 1
10 20 5 5 51898 1
25 29 8 22 78663 1
6 23 14 4 61851 1
17 16 9 27 63588 1
5 18 27 26 84074 1
15 20 5 23 41059 1
29 10 22 6 29012 1
16 14 0 14 55982 1
27 14 19 3 63301 1
23 20 13 22 38783 1
2 29 21 24 84511 1
13 11 3 28 57552 1
24 28 7 10 86345 1
7 28 12 7 62294 1
26 13 4 7 65985 1
3 25 25 0 108985 1
2 11 10 18 37009 1
1 19 16 9 64571 1
25 17 1 28 86525 1
25 8 11 14 50635 1
18 27 17 0 104608 1
0 11 3 22 49484 1
14 14 2 3 64485 1
10 21 20 17 38805 1
5 19 13 13 32590 1
5 22 4 6 44657 1
0 26 28 18 104837 1
4 21 16 26 59141 1
10 4 10 23 84296 1
24 23 6 18 61964 1
3 10 10 4 45086 1
13 21 10 6 58462 1
0 12 26 20 92986 1
20 19 11 23 42982 1
1 6 29 25 115492 1
1 12 8 27 53121 1
0 23 24 14 94421 1
2 2 17 15 80178 1
6 14 11 5 45414 1
0 20 12 18 44461 1
10 4 2 1 52301 1
14 19 0 1 85247 1
4 23 21 14 74034 1
18 7 7 13 45951 1
8 20 23 11 67564 1
21 8 7 25 72954 1
12 5 14 26 70935 1
12 7 20 5 44642 1
26 17 8 15 72292 1
13 20 2 16 42889 1
6 6 13 14 29739 1
15 25 16 3 88441 1
1 7 11 24 75441 1
5 27 19 5 86195 1
18 0 22 26 102259 1
25 14 17 11 37339 1
28 16 1 25 100230 1
19 29 26 20 55243 1
6 20 21 14 57450 1
4 19 2 28 40364 1
6 15 27 11 55721 1
20 20 12 25 40400 1
5 8 17 22 63692 1
12 2 17 29 94984 1
11 6 21 22 81184 1
4 24 8 6 57682 1
13 18 7 9 39153 1
20 22 29 15 44494 1
5 15 16 29 65944 1
25 11 5 26 78188 1
21 2 9 22 98461 1
6 29 28 28 71238 1
3 19 3 6 46429 1
29 17 11 26 78896 1
26 12 7 20 70903 1
26 0 10 12 74644 1
0 5 19 27 124545 1
16 13 13 0 43221 1
29 6 6 1 74443 1
10 9 1 10 24378 1
16 24 17 4 98780 1
29 18 17 2 78285 1
7 23 20 12 63775 1
10 5 17 13 54186 1
29 26 15 24 75178 1
9 21 14 6 57742 1
24 11 15 15 44309 1
0 13 14 19 49665 1
23 6 23 24 64944 1
25 21 22 14 32469 1
19 3 26 7 51252 1
21 19 1 27 81840 1
14 3 26 15 70929 1
15 23 22 12 65499 1
27 5 10 27 106849 1
14 5 5 3 52013 1
20 13 24 29 56977 1
3 0 29 2 92329 1
28 13 13 10 37923 1
17 21 16 0 77788 1
3 23 14 9 55078 1
29 24 13 29 65752 1
13 15 17 26 54742 1
11 15 21 20 47741 1
9 26 21 10 79685 1
16 2 24 5 47321 1
6 25 23 29 66123 1
17 21 19 1 89683 1
26 16 6 13 66963 1
13 16 1 27 58177 1
12 12 0 12 47509 1
15 7 15 25 70568 1
10 29 8 18 41513 1
23 23 0 28 91034 1
4 16 14 7 51153 1
17 9 12 15 35632 1
6 27 16 8 59146 1
26 29 18 16 64678 1
19 12 29 1 52729 1
25 18 16 4 79459 1
21 17 10 0 80069 1
11 20 25 16 54370 1
12 23 24 8 69535 1
19 2 21 15 60255 1
3 26 13 11 60829 1
16 27 23 10 78228 1
5 27 26 24 85497 1
5 2 18 26 94144 1
13 26 20 0 92607 1
7 28 22 16 71333 1
24 11 22 21 34031 1
21 15 12 29 71970 1
27 0 14 14 72699 1
20 22 29 3 72769 1
1 0 18 5 78548 1
28 28 7 16 88337 1
5 25 29 27 86599 1
18 26 21 17 43904 1
26 27 29 5 63697 1
29 20 15 12 62730 1
28 6 0 27 107204 1
27 16 23 23 35413 1
10 29 23 7 100828 1
23 9 4 8 52744 1
8 9 29 13 57709 1
26 1 19 20 82730 1
24 13 4 8 55565 1
6 2 11 10 23787 1
5 16 20 10 46033 1
10 7 15 17 49616 1
2 6 18 26 101774 1
14 26 19 11 68072 1
6 18 27 8 64340 1
24 9 21 16 34956 1
2 2 28 9 79641 1
19 18 23 11 37727 1
2 21 1 5 69034 1
14 19 23 4 76320 1
29 18 15 25 70077 1
5 9 15 4 50370 1
17 23 22 6 79887 1
28 0 13 12 58244 1
15 29 18 14 69404 1
26 0 12 14 75058 1
17 7 3 6 60147 1
11 22 7 2 56493 1
1 5 29 29 129325 1
13 9 7 27 51102 1
23 21 17 0 84125 1
3 25 21 3 103137 1
2 6 23 0 92839 1
0 0 17 25 109697 1
7 20 19 5 73306 1
1 2 26 13 87701 1
8 10 24 5 45319 1
0 2 24 27 127411 1
5 22 8 0 49282 1
23 10 29 1 34784 1
6 25 2 13 32374 1
21 8 13 1 48001 1
22 17 13 11 44924 1
9 16 2 1 68137 1
11 18 22 5 65394 1
9 5 4 10 32908 1
3 11 11 22 45906 1
17 19 4 4 76978 1
4 20 29 8 80305 1
25 12 28 1 34405 1
18 9 5 29 65814 1
20 22 8 9 70612 1
21 24 26 5 82151 1
28 17 0 21 81306 1
23 5 1 2 93921 1
25 27 26 7 65445 1
3 25 27 1 110936 1
27 4 13 4 68820 1
28 21 16 8 60849 1
16 24 7 11 67600 1
10 18 18 0 71894 1
12 29 24 10 81522 1
26 25 5 27 81164 1
27 20 14 5 80617 1
12 1 18 20 74216 1
20 19 10 13 41705 1
12 8 29 9 45915 1
14 5 3 19 60764 1
27 13 6 13 56694 1
1 23 21 29 91520 1
14 0 15 27 83869 1
0 29 21 10 89131 1
13 4 19 25 84376 1
0 4 24 22 123568 1
4 3 3 16 49154 1
6 14 19 19 46864 1
8 25 20 21 56635 1
17 11 28 20 51962 1
25 28 10 8 94600 1
26 29 1 24 107006 1
8 26 9 17 40993 1
3 19 22 6 73974 1
28 25 13 5 78430 1
25 29 26 19 42987 1
21 1 23 14 59862 1
11 9 9 24 62691 1
27 8 3 18 72665 1
29 9 18 1 62752 1
2 18 23 7 75713 1
7 9 21 16 61249 1
29 18 5 21 66655 1
18 28 13 19 40382 1
6 13 13 26 45456 1
20 2 10 22 90525 1
19 18 21 0 73331 1
15 15 6 5 45717 1
7 1 0 9 39513 1
19 3 3 25 99589 1
23 20 12 3 81306 1
4 12 10 28 47977 1
21 0 16 29 116839 1
4 21 24 24 66346 1
29 5 15 13 59228 1
7 29 25 11 83191 1
2 1 7 19 59047 1
9 15 0 1 70881 1
5 28 19 24 64836 1
13 15 10 8 30674 1
11 25 4 7 69330 1
16 5 14 22 70821 1
3 0 21 28 107095 1
14 3 3 15 60796 1
21 29 25 14 63830 1
12 19 24 7 60285 1
25 26 13 19 59614 1
17 16 23 6 62116 1
14 27 22 18 52652 1
2 2 26 14 87346 1
29 3 9 5 92886 1
25 15 10 20 63690 1
6 19 23 19 52246 1
18 3 21 22 81602 1
3 16 9 8 39961 1
26 12 12 5 56685 1
13 14 27 29 78710 1
19 16 21 27 51786 1
28 13 20 29 63492 1
5 4 6 17 31314 1
22 3 6 29 92936 1
