7152 6867 7257 6878 6895 6905 6379 6636 7589 7232 6418 7563 6543 7119 7312 7113 7052 7000 7507 6451 1974 2100 2441 2097 1945 2963 1983 3208 2753
6773 6496 6047 7125 6126 7057 6592 6425 6553 6233 6780 7232 6928 6032 6847 6999 6614 6023 6359 7229 6058 6054 6520 6073 7200 6067 3587 4247 3691
2946 3264 3720 2867 3742 3353 2797 3614 3366 3529 3440 3039 3780 3277 3157 2914 2521 3132 4672 5003 4760 5099 4140 4968 4001 4101 4507 4641 4390
2756 2191 2145 2328 2239 2339 3046 3167 2170 2663 2383 3379 2817 2450 3344 2182 3011 2350 3225 4934 4689 5562 4351 5174 5196 5599 4753 4565 5080
5091 4554 5232 5319 2269 2503 1807 2951 2673 2173 2009 2608 2594 2663 1824 2228 3008 2240 2189 2016 2563 3039 2032 1967 2512 1934 2994 2315 2936
3439 3195 3076 3435 3101 3293 3357 2924 3257 3009 2916 2864 2460 3146 3480 2201 2547 3273 2867 3408 4526 4618 4469 3373 3413 3495 4607 4051 4074
4780 4861 4942 5596 5988 4874 5561 5753 5150 4853 5778 5510 5102 5439 4638 5152 5667 5195 5512 5516 4706 4853 5065 4815 4737 5100 4540 5678 4575
2386 2000 1772 1484 1935 1131 1577 2915 3583 4159 3774 3542 3740 3713 3858 3092 3215 3767 2938 3592 4089 3470 4123 3135 3894 3335 4018 3448 3655
3998 5202 4214 4560 4587 5004 5038 4361 4813 2933 3011 3683 3465 2762 3471 2854 2616 2725 3032 3118 2437 2793 2751 3416 3360 3081 3294 3617 3579
6055 6565 6007 6358 5466 6602 6663 6054 6564 5861 6216 5830 5674 5777 7508 6567 7011 6888 7474 7114 7664 6769 6929 7325 6986 7082 7003 7589 7049
5613 6082 6386 6382 6310 5704 6089 6209 5795 6161 5710 5944 5859 5770 5981 4051 4598 3792 4839 4111 3713 4261 4013 4537 4404 4759 4638 4680 4987
6852 7198 7080 2368 3144 2701 2541 2310 3250 2029 2265 2080 2637 2774 2676 2649 3260 2604 2446 2207 2619 2060 3299 1983 2091 2982 2451 2382 3203
2516 3253 3296 2497 2757 2840 2679 2236 3449 2821 3045 3026 3165 2217 2486 2826 2432 2508 2607 8392 8836 7617 7764 8540 7912 8627 8762 7756 7950
4584 4757 4151 3765 3909 3899 3728 4106 4019 4624 4110 4812 3564 4653 3576 3964 4533 3474 3410 3885 3506 4517 4453 4591 4531 3603 4367 4154 4554
2147 2113 2712 2240 2107 2340 1752 3056 2456 1841 2036 1934 2908 2975 2782 1958 2594 2578 2538 1945 2396 1729 2270 2051 2510 4972 5544 5349 5636
4677 3968 3896 4258 4430 4268 4744 6695 6616 6590 5734 5765 5646 6146 6693 6509 6602 6159 5895 6216 6138 6107 5564 6016 5615 6235 6688 6890 5978
4783 5547 2533 3418 2195 3261 2785 3238 3025 3184 3081 2444 2845 3462 2738 3358 2928 3006 2530 2588 2440 3389 2381 3512 3168 2617 3312 2509 2595
1968 1968 2572 2192 2333 2287 2285 1868 2660 2236 2295 2716 2827 2365 1847 2143 2613 2672 2875 2703 2007 2065 4792 3909 5043 4736 4046 5077 4876
2914 2059 2656 2768 2830 2224 2836 3227 2383 2826 2809 2879 3003 2631 2640 5656 5204 4972 5183 4873 5323 6067 5799 5582 5654 5676 5253 5932 4767
2838 3065 3493 5149 5350 5024 4618 4249 4063 5363 5128 5262 4207 4341 5322 4181 5092 4126 4620 4044 4037 5216 5129 4255 4520 4933 4316 4799 4413
4959 5214 5271 4847 5687 5662 5743 5651 5703 5648 5202 5396 5798 4599 5116 5740 5072 5101 4786 5576 4447 5630 5116 4546 4989 4933 4728 5215 4549
3516 5150 4991 4322 4994 5291 4535 5181 4380 5443 5376 4484 5049 5381 5307 4775 4694 4355 4505 4233 4935 4638 5034 4376 5362 4801 4969 5059 4469
7669 8473 7615 7809 8053 8758 7795 8110 8478 8252 8518 7586 7958 7752 8683 8065 8122 1711 1370 2214 2084 1375 2471 2242 1610 2157 2184 2349 2156
4648 4465 4430 4852 4243 4583 4682 4278 3392 2819 3317 2601 2999 2425 3171 3129 3384 2916 2844 2340 3206 2555 3042 2477 2100 3414 2804 3055 2977
7244 7237 7699 7669 7396 7744 6658 6801 6719 7748 7227 7276 7500 7237 7027 7577 6998 7809 6823 7666 6877 7247 1769 2926 2157 2948 2008 1977 2652
2954 2180 2654 3418 2192 2817 2412 3163 2921 3337 2674 2923 2802 3381 3079 7561 7906 8226 8037 8288 7894 8610 8370 7769 7561 8598 7588 8671 8476
2928 2944 1795 3989 3197 3160 3975 4028 4269 3686 3295 3563 2989 3159 3292 4033 3188 4074 2981 3801 4025 4334 3361 3265 3895 3968 4288 4157 4225
5100 4590 5503 4628 4713 5914 4801 4798 5729 5384 4843 5899 4681 5132 4588 5459 5414 5001 5642 5036 5217 4869 4561 3037 2365 2057 1723 3011 2598
4102 3848 5077 4764 3858 4113 4423 4826 3748 4384 4423 3819 4353 5015 4607 4142 4151 4158 4746 4351 4332 4863 4781 3737 4416 4333 4088 4295 4342
5046 5584 4885 4488 5494 4842 4541 5760 5150 5705 4702 4643 4951 5754 4482 5655 4650 4975 4486 6253 5596 5561 5176 5772 5789 5421 5647 5677 5240
7992 5172 4787 3861 3132 5809 2366 2280 3389 5989 8078 5968 5499 2793 8188 7388 4104 4890 6167 6363 6864 5822 3122 5591 6062 4288 7126 5516 7797 6075
7883 5999 5208 4113 2579 5886 1772 3175 3353 6108 7748 6093 5395 2775 7908 7439 4210 4086 7163 5771 6955 5337 3158 6337 4275 4816 7833 4556 8386 5913
8012 6322 4564 4020 3585 6588 1584 2693 3135 6306 8227 6587 5781 3799 8065 6792 3065 4423 7009 6259 7550 7984 2955 5340 4308 4602 7369 4751 8552 5521
8409 5927 5157 3793 2823 6060 1452 2259 4133 5916 7806 5594 5829 3369 7413 6392 3022 3989 6554 6887 7171 8574 3831 5662 4079 3794 7080 5512 8467 5482
8020 5528 4962 3925 2581 5717 2197 2365 3348 6310 7635 5853 5818 3149 8047 6514 4184 4677 6983 6407 7937 8182 2965 5719 4094 4583 7616 5116 8534 6247
8122 5412 4595 2459 3206 5439 1865 2816 4243 5928 7611 6280 5937 3777 7521 7243 4185 4184 6369 6743 7324 7691 3428 6287 4680 1849 6820 5166 8525 5974
8435 6336 5359 2387 2758 6009 1418 2985 4248 6438 8377 6497 5620 3663 7438 7312 3129 3657 6313 5664 7118 8883 4064 5439 5019 2525 7068 4502 7955 5781
7384 5490 5723 1637 2480 5705 1430 3461 3605 6138 7439 5673 5719 3427 7553 7447 3495 4464 6274 6092 7729 8597 3852 6308 4696 2074 7282 4681 8707 6170
8046 5231 4772 2586 2839 5495 1344 2633 3044 6673 7367 5932 6142 3733 7832 6923 4213 4071 6365 6596 6897 8528 3401 5697 4203 2274 6916 3083 8788 6239
8069 6030 4695 2644 2950 6536 2248 3081 3536 5853 8577 6126 5405 3305 7836 2260 2902 3665 6891 6329 7331 8067 3752 3550 4006 2502 6897 3028 8345 5771
7728 5343 4926 1766 3122 6346 1747 3266 4326 5902 7989 6281 5012 3283 7518 3019 3001 4677 7394 5614 6862 7869 2940 3677 5011 2243 6953 2764 8721 5731
8406 5402 4937 2682 2711 6362 1363 2464 3749 8074 8221 6611 5193 3217 8431 2517 4043 4446 6438 5850 7163 7837 3672 3989 4954 2390 7133 1971 7946 5046
8068 6076 5196 2420 2807 6126 2444 3146 4163 8139 8310 6294 5165 2739 8065 2326 4253 4524 6593 5877 6987 8655 3124 3215 4247 1764 7000 3059 8532 5531
8076 6075 5051 2575 2833 6540 2262 2871 3174 7888 8607 5564 5973 2761 8156 2527 4236 4634 7473 6352 7958 8112 8122 4282 4081 2707 6832 2373 8449 6227
8286 6447 5730 2814 3100 5235 2400 3438 4378 7765 8365 5029 5352 2778 7761 2793 3643 3812 7439 3468 6720 8885 8105 3187 4516 2400 6754 2917 8342 6126
8210 6403 4736 1722 3410 5980 1579 3504 4412 7358 7998 5385 5299 2894 8260 2839 3137 3853 7237 3907 7057 8608 6978 3250 5178 2637 7780 3093 7813 6133
2756 3067 5446 2049 2640 5788 7336 2281 3040 7694 3571 5069 4388 3573 8507 3085 3630 4420 6937 3483 7761 7933 7246 3969 4420 1834 7071 2266 7568 6287
2935 4144 5425 1767 5535 5608 7879 2688 3196 7270 3754 5697 5269 2706 7452 1925 3242 3737 7171 3953 7886 7696 8008 4099 3914 1691 7342 3180 8842 5793
2609 3566 5320 2804 5483 6457 7815 2973 4293 7764 3057 5595 5640 3437 7583 2256 3461 5026 7169 4101 7622 8294 8126 3766 4467 2261 7565 2405 8914 5985
2805 3948 4914 2657 5624 6586 7375 2431 3273 8551 3643 6037 5451 2647 8599 2844 4265 4848 7400 3120 7665 7789 6983 3729 4895 2691 6862 2251 7894 5166
3264 4045 4842 1758 5419 6045 6854 2909 4179 7456 3337 5612 5604 2819 7992 2473 2983 4538 7178 3500 7954 7922 8145 4115 4611 2652 7699 2426 7679 5566
3034 3146 5848 2397 4689 5377 6871 2857 4186 7865 3753 5580 5491 2535 8282 2460 3280 4303 6666 3348 7085 7767 7372 3135 4013 2701 8150 2839 8845 5716
3706 3727 6783 2830 4815 6219 7435 4547 3531 7683 3833 5926 5553 2894 7849 2541 4206 4379 6549 3506 5799 8608 7556 3503 4437 2602 7481 1913 8416 5554
3231 4239 6847 2258 5754 6026 8064 3632 3137 8179 2908 6095 4791 3703 7291 1965 4235 4080 6148 4034 5339 7774 7246 4116 4878 1638 7771 2338 1675 5132
3482 3098 6547 2323 4530 5862 8078 4287 4356 8478 3609 5551 4787 2778 7963 2784 3852 4274 7305 3972 6118 8864 7346 3114 4750 2213 7461 3054 2149 5480
3581 3297 6315 2718 4695 5856 7161 4745 4000 7758 3110 5988 4518 2359 8202 2316 3775 5111 6821 3010 5973 8693 7505 4205 4523 2063 7027 2358 2572 5360
3495 4016 6800 2560 4767 6314 7333 3536 3378 8099 2731 5293 5087 2911 7587 2099 3585 4158 7048 4046 6197 8757 7150 3640 4200 2695 8306 2395 2918 5044
2655 3584 5864 2828 5047 5337 8068 3921 3905 7196 2879 6003 5408 1604 8219 2332 3112 4111 7296 3587 6217 7585 7225 3301 4296 1374 6946 2740 3048 4807
3540 4178 5859 2181 5519 5648 8119 4637 3298 8360 3159 5887 5655 2301 5019 2965 3230 4525 7119 3398 5985 8281 7913 4283 4310 2201 7692 2910 2991 4948
6 27 2 0 81583 1
10 17 20 18 49078 1
10 14 21 8 54690 1
19 6 12 15 42663 1
10 22 16 18 33833 1
21 16 23 8 30500 1
15 9 6 3 34804 1
13 0 26 21 93210 1
14 29 9 13 61077 1
14 11 0 14 57751 1
21 23 5 18 72856 1
15 0 20 15 51248 1
25 6 6 1 60224 1
18 29 27 7 88240 1
24 17 3 10 82867 1
16 16 29 24 60347 1
20 29 8 20 59469 1
14 24 11 4 53713 1
22 28 17 13 49249 1
13 9 1 9 45630 1
5 9 27 6 74110 1
16 0 6 29 103036 1
11 22 23 10 62944 1
6 20 13 14 45309 1
18 18 24 7 54316 1
25 9 21 16 32721 1
14 19 8 4 49792 1
13 22 28 24 49164 1
4 22 0 10 54236 1
6 21 20 21 69818 1
26 22 18 5 73533 1
0 10 12 10 55807 1
0 23 4 13 37277 1
28 26 18 13 58611 1
26 6 4 22 100992 1
6 3 7 15 37798 1
29 11 24 17 39467 1
16 22 21 1 68155 1
11 25 9 13 37256 1
26 6 16 0 41122 1
1 2 21 24 104430 1
21 22 22 7 56567 1
9 19 26 27 65934 1
15 3 10 16 43782 1
26 29 6 7 100091 1
12 14 12 4 28235 1
13 1 26 14 70221 1
28 13 25 21 41761 1
21 11 22 23 42675 1
11 18 13 6 34882 1
11 7 27 28 86782 1
26 8 12 9 54412 1
4 26 7 16 34998 1
23 28 2 18 82968 1
18 13 27 26 54961 1
12 17 4 11 42717 1
28 29 3 16 93758 1
4 17 2 5 32927 1
29 16 19 17 38459 1
21 14 9 26 64779 1
24 15 17 0 50883 1
25 10 6 16 69583 1
1 9 20 25 93731 1
2 6 24 6 59094 1
1 19 23 21 89600 1
2 8 4 21 38056 1
8 7 11 26 57201 1
26 20 28 29 34943 1
29 5 8 20 105222 1
1 22 22 4 98116 1
21 13 29 20 49369 1
19 5 17 14 31172 1
27 8 12 6 50616 1
26 14 11 13 46346 1
18 10 21 17 31004 1
24 16 7 0 73268 1
15 14 24 16 34480 1
15 25 7 2 65869 1
3 18 29 10 98214 1
19 0 21 13 46926 1
0 5 8 27 76581 1
23 14 13 23 48677 1
12 13 2 20 55684 1
22 10 3 9 60829 1
14 29 26 4 103817 1
10 4 7 11 27343 1
25 20 1 0 115906 1
19 2 21 16 50248 1
10 22 12 10 37241 1
26 12 14 1 60432 1
8 10 15 22 57096 1
15 6 27 26 77074 1
23 4 24 17 49103 1
18 25 21 6 66863 1
10 16 26 21 65403 1
24 4 24 26 73559 1
24 22 10 1 98494 1
7 9 24 24 89569 1
1 6 13 13 40125 1
11 25 22 26 27885 1
4 8 17 8 33989 1
26 16 23 0 55969 1
20 0 18 11 34946 1
5 20 22 2 90100 1
18 6 14 16 35013 1
25 9 13 2 49028 1
5 22 27 5 106553 1
6 27 23 1 108498 1
4 6 18 4 35928 1
23 12 14 2 52208 1
27 26 20 4 91066 1
22 23 4 27 52558 1
27 2 0 18 109279 1
3 13 24 13 66409 1
27 10 1 20 112163 1
11 27 8 20 27209 1
27 7 8 7 60096 1
2 21 16 16 70041 1
20 16 12 11 37091 1
5 14 13 6 37792 1
0 23 24 25 69560 1
0 29 6 13 59152 1
2 6 17 17 53969 1
14 14 23 0 57044 1
4 5 17 29 87487 1
19 3 16 18 44189 1
29 9 23 1 45904 1
6 13 23 25 74222 1
10 1 25 9 64213 1
24 9 4 17 86440 1
23 22 11 6 68801 1
27 26 7 12 84965 1
18 25 11 17 34732 1
16 19 18 6 38124 1
23 9 7 4 51024 1
8 8 1 20 62586 1
0 13 11 23 62207 1
28 27 24 4 83906 1
9 10 23 4 63544 1
0 7 22 1 64065 1
29 28 2 10 113527 1
17 28 1 22 59675 1
12 6 14 20 38059 1
21 7 25 14 36190 1
16 2 8 29 85516 1
9 17 18 0 65212 1
1 4 15 20 70585 1
14 28 4 5 80717 1
25 12 20 27 49586 1
21 7 9 9 45392 1
5 17 9 5 44820 1
23 17 5 25 58651 1
26 4 21 11 41016 1
8 2 17 11 41343 1
8 23 24 5 99286 1
1 0 23 9 82598 1
12 4 10 14 33125 1
4 0 7 19 68519 1
15 21 27 28 52890 1
8 14 3 5 37384 1
3 29 16 18 63378 1
12 28 25 27 41870 1
7 6 21 14 53475 1
16 10 3 24 73870 1
6 27 1 11 63571 1
17 5 7 3 27420 1
24 13 2 10 79048 1
28 29 11 1 112201 1
28 6 8 28 114362 1
14 23 16 15 23640 1
10 22 17 12 43911 1
20 16 23 27 33311 1
15 1 8 19 67134 1
8 4 7 19 49419 1
15 6 17 18 32887 1
22 13 4 28 81796 1
23 19 28 9 44985 1
21 0 8 19 81115 1
28 10 2 18 98412 1
5 18 29 6 108304 1
13 13 3 28 68232 1
28 25 4 19 70492 1
6 8 4 21 38379 1
27 1 0 15 105839 1
0 29 19 10 103270 1
22 26 7 9 85329 1
11 17 10 8 27946 1
8 1 3 7 23358 1
2 25 26 15 85208 1
17 24 29 10 71765 1
23 12 26 21 37762 1
9 17 0 29 62941 1
12 10 25 5 53567 1
20 1 25 16 64731 1
14 21 20 29 39392 1
1 28 4 8 64332 1
9 4 16 21 61797 1
8 25 17 21 35704 1
6 24 20 18 62935 1
9 18 11 4 49208 1
15 27 27 11 74131 1
0 17 9 25 49251 1
28 8 22 1 41183 1
8 21 16 15 39695 1
5 10 26 1 68191 1
20 29 2 9 104941 1
9 8 20 25 68979 1
27 20 9 21 77822 1
4 8 14 18 51946 1
23 10 6 24 82565 1
14 11 2 29 79261 1
21 14 22 5 45700 1
8 22 0 8 62146 1
16 16 19 29 48934 1
10 3 16 23 62233 1
22 4 20 28 84115 1
7 9 27 23 99785 1
0 19 22 16 89944 1
23 3 6 0 51701 1
21 23 7 7 79853 1
3 25 17 24 40619 1
22 23 6 29 58910 1
15 9 20 15 33188 1
20 5 2 19 86802 1
26 29 7 19 76229 1
6 14 1 25 52164 1
4 20 9 11 43264 1
27 26 14 8 71636 1
4 2 16 18 66684 1
0 5 26 8 74929 1
28 17 16 1 69806 1
7 5 25 25 83598 1
29 16 17 11 43122 1
4 23 8 1 59909 1
1 29 28 13 114873 1
19 1 20 10 34075 1
2 12 29 1 92440 1
15 29 27 13 73341 1
10 6 21 7 27862 1
1 20 22 13 90571 1
11 26 16 8 58134 1
3 14 7 2 34436 1
7 15 24 0 85016 1
8 9 17 7 34665 1
19 27 1 8 94244 1
22 10 17 25 56311 1
21 17 26 29 38895 1
28 14 12 18 51938 1
4 8 17 20 63941 1
6 13 2 5 30130 1
22 29 12 26 39622 1
19 1 27 18 74596 1
10 20 17 15 36115 1
0 16 24 26 86933 1
14 24 10 7 50669 1
6 14 16 26 63614 1
25 19 13 20 50295 1
3 24 12 19 44750 1
29 6 7 28 121650 1
24 0 11 21 85733 1
2 22 22 5 98938 1
27 12 0 29 119262 1
10 11 21 26 67307 1
23 1 17 9 36733 1
4 24 8 12 43250 1
16 3 4 15 50843 1
19 28 8 29 42134 1
13 29 7 22 39416 1
14 26 13 5 55442 1
12 1 9 21 69874 1
19 21 26 2 76403 1
21 7 13 14 41869 1
23 19 13 14 41592 1
21 26 25 8 59337 1
19 0 6 23 93638 1
20 3 10 14 52734 1
9 4 25 8 55498 1
3 17 12 5 46015 1
29 18 1 28 109807 1
26 28 13 11 72889 1
19 23 13 27 28873 1
14 3 27 4 35285 1
20 12 24 3 50577 1
2 25 15 21 50752 1
20 6 3 1 53892 1
15 22 11 13 36616 1
8 29 14 10 62655 1
9 18 10 7 44088 1
2 5 16 11 43999 1
11 13 10 22 26235 1
7 2 26 16 72616 1
20 25 26 1 78647 1
4 14 19 21 74335 1
0 15 25 3 94366 1
17 17 7 19 47023 1
9 16 15 6 39583 1
14 0 28 14 72070 1
20 13 8 17 44470 1
21 16 26 21 34426 1
27 24 13 20 51357 1
7 11 23 1 65226 1
9 22 1 18 48243 1
10 9 24 1 60070 1
15 14 28 4 67976 1
29 16 1 20 105582 1
8 24 17 17 46546 1
22 16 9 16 42192 1
19 29 6 9 98772 1
23 14 16 0 52426 1
21 8 4 19 74512 1
28 26 3 19 81712 1
21 10 9 8 48137 1
27 8 1 26 122270 1
26 12 22 28 49164 1
6 13 28 22 95639 1
4 3 8 19 56783 1
15 17 8 2 53343 1
13 13 0 2 60379 1
27 8 14 18 63590 1
3 27 29 23 78415 1
28 27 8 19 68353 1
19 9 18 18 37494 1
2 0 23 23 105369 1
11 2 17 25 71095 1
26 21 16 17 49389 1
0 16 23 2 88164 1
18 5 24 9 34911 1
22 10 3 18 81627 1
21 4 7 5 39622 1
24 9 29 16 40335 1
7 25 10 4 65840 1
21 23 10 18 56814 1
16 28 28 8 84646 1
19 16 19 0 48278 1
11 3 9 16 39327 1
23 5 7 12 68968 1
4 7 14 14 39083 1
11 9 25 1 51070 1
9 27 10 8 58480 1
25 13 15 18 44421 1
8 11 24 7 62646 1
19 1 22 13 47504 1
24 16 4 26 72787 1
28 15 20 25 42818 1
16 22 27 0 82788 1
9 23 11 15 28348 1
6 14 25 10 72730 1
27 12 22 20 37295 1
1 27 8 8 75529 1
26 22 7 27 61211 1
23 23 8 24 43286 1
11 6 17 22 51006 1
25 8 13 3 41956 1
3 22 9 13 43350 1
2 7 12 26 75977 1
20 7 6 15 67005 1
14 14 0 19 66456 1
2 23 28 16 99397 1
28 18 18 5 63979 1
19 5 4 14 61046 1
25 18 3 12 89394 1
17 24 3 5 75747 1
14 28 6 23 39355 1
13 1 14 19 48995 1
18 26 12 8 61076 1
23 6 15 14 50302 1
3 27 7 15 46596 1
0 0 6 4 39234 1
16 11 7 10 44364 1
22 23 16 10 50116 1
10 23 12 0 65882 1
27 2 28 20 74195 1
14 15 28 5 70534 1
27 0 17 20 73591 1
27 29 6 12 97322 1
11 13 4 8 34119 1
20 23 8 24 40289 1
14 12 7 0 36621 1
2 13 17 29 82717 1
26 16 7 15 61036 1
19 13 1 0 77268 1
7 27 26 22 61211 1
10 12 25 28 74576 1
5 0 10 24 76575 1
9 19 4 6 53492 1
16 21 5 22 48351 1
26 7 12 18 69609 1
9 10 27 11 79025 1
21 16 4 10 67311 1
23 25 4 6 84096 1
27 20 29 7 62456 1
9 16 24 27 62792 1
9 4 15 29 84498 1
8 16 28 8 79811 1
1 11 14 12 56042 1
20 15 18 3 36703 1
10 20 23 10 65127 1
4 14 20 8 59471 1
10 4 5 24 63493 1
27 28 9 14 79595 1
7 4 24 13 60292 1
19 0 24 14 62071 1
12 0 11 12 32997 1
14 29 19 20 51867 1
28 22 19 6 84603 1
23 13 8 10 55480 1
18 2 6 1 37426 1
9 4 23 27 87416 1
19 11 21 0 43586 1
18 11 27 10 32790 1
8 7 19 4 39438 1
25 10 9 17 64107 1
10 14 27 26 71074 1
25 22 23 4 73476 1
25 3 4 6 50384 1
0 29 1 2 89316 1
13 6 28 15 56116 1
18 27 18 13 49557 1
6 6 24 7 45338 1
19 19 29 22 49450 1
3 17 11 6 41812 1
25 14 19 8 39677 1
9 29 1 18 67885 1
10 12 12 3 28944 1
20 16 21 0 58612 1
15 23 4 26 34593 1
3 16 26 14 71723 1
18 4 20 14 35700 1
19 19 27 7 61251 1
19 18 10 21 51721 1
9 15 25 27 65731 1
16 2 15 12 32183 1
28 15 28 29 57451 1
3 8 22 24 89859 1
17 4 3 15 56371 1
15 27 3 5 79573 1
8 18 7 2 46752 1
7 4 24 19 74569 1
28 27 4 20 73622 1
0 29 14 0 101018 1
15 22 0 9 87679 1
5 15 27 8 89444 1
12 8 2 28 83455 1
3 15 4 5 28481 1
11 16 5 10 37527 1
19 24 3 6 79422 1
8 0 1 25 81598 1
29 24 9 2 108450 1
10 8 27 20 82999 1
29 24 4 7 103876 1
2 26 19 12 83256 1
14 10 3 24 66706 1
19 27 17 8 60969 1
6 21 22 29 63736 1
19 29 26 25 29585 1
6 3 27 20 92556 1
7 8 20 18 67989 1
25 24 17 20 40959 1
15 28 2 5 89061 1
6 25 28 2 108037 1
27 8 17 16 49886 1
19 20 2 6 71614 1
16 22 8 6 58608 1
7 27 9 9 64527 1
2 29 28 11 117132 1
3 10 16 11 49676 1
17 16 3 22 64308 1
22 20 25 7 45216 1
2 22 16 14 64773 1
3 22 28 22 78815 1
20 25 15 19 29862 1
15 19 29 3 74685 1
20 21 9 6 69423 1
7 1 3 24 60465 1
9 26 23 22 47776 1
26 15 25 3 37435 1
28 13 16 29 68812 1
6 19 24 20 82382 1
18 28 20 4 88557 1
20 12 6 13 49961 1
28 26 22 11 59431 1
16 18 3 26 56731 1
22 6 7 13 66826 1
14 11 7 21 51423 1
22 11 5 3 62545 1
25 23 18 7 65618 1
5 5 14 28 79310 1
28 28 9 6 94290 1
26 24 2 18 86070 1
15 28 17 9 61462 1
5 21 22 24 56678 1
0 25 21 21 76743 1
4 6 15 13 37079 1
19 1 13 28 82460 1
26 25 16 2 79356 1
18 29 29 14 69873 1
14 7 7 3 19140 1
19 13 2 13 55610 1
18 7 11 3 26015 1
2 5 13 9 33098 1
19 2 9 11 52207 1
21 23 4 15 74559 1
2 20 28 27 84665 1
2 9 14 12 44206 1
29 1 20 2 36072 1
23 21 26 1 65144 1
15 18 10 12 34945 1
7 5 0 23 60703 1
20 8 6 19 75639 1
20 23 8 17 60561 1
13 19 23 12 47831 1
18 29 12 6 76126 1
2 0 16 21 83406 1
26 27 7 2 96340 1
14 13 21 9 36122 1
21 6 3 25 91789 1
10 12 4 4 36508 1
1 19 22 18 90190 1
16 29 25 27 27776 1
16 15 2 11 56729 1
18 14 0 4 62628 1
0 11 4 5 34346 1
29 13 17 14 35059 1
20 4 3 21 87785 1
28 2 15 28 107064 1
25 8 11 2 52609 1
5 8 18 22 75347 1
9 17 26 1 82067 1
28 7 2 26 123475 1
1 6 9 13 39372 1
15 12 28 17 50217 1
9 9 21 17 61223 1
20 14 2 2 70421 1
24 15 13 18 37841 1
22 17 0 8 85636 1
13 11 29 24 78174 1
23 6 6 4 50794 1
27 6 2 27 127049 1
25 6 5 10 66449 1
28 24 24 18 39111 1
4 4 25 22 100414 1
15 24 28 7 89004 1
10 7 4 1 31947 1
5 15 2 4 36205 1
10 28 9 17 40528 1
27 27 13 19 53111 1
21 24 0 14 94575 1
8 12 9 22 32674 1
7 11 23 24 79941 1
18 10 27 6 45154 1
4 11 29 29 106542 1
15 27 28 4 99729 1
14 2 4 28 80056 1
15 29 22 17 46022 1
27 0 4 5 66767 1
5 19 20 4 79769 1
7 19 19 10 60933 1
27 7 15 1 49549 1
0 0 6 4 39234 1
1 29 15 15 77368 1
16 17 26 2 59919 1
22 8 10 28 87097 1
15 15 26 14 30780 1
1 22 4 10 38925 1
17 22 22 8 53151 1
8 17 2 13 31492 1
5 21 9 2 63988 1
5 22 27 7 103518 1
11 15 6 20 36890 1
4 22 17 5 69931 1
12 2 8 9 32071 1
28 29 1 2 127161 1
12 16 28 3 69184 1
13 19 13 0 59495 1
15 1 21 17 58513 1
8 3 11 27 66169 1
0 5 16 25 81743 1
14 10 14 23 30643 1
10 27 10 2 72342 1
1 29 18 7 102242 1
11 1 8 28 86199 1
8 10 23 27 80943 1
4 0 23 22 101856 1
9 12 23 28 75780 1
13 3 4 0 35471 1
21 20 23 28 26176 1
23 7 29 22 74503 1
13 4 24 11 53633 1
12 27 21 14 59827 1
14 7 1 7 29078 1
21 20 3 11 84602 1
14 8 20 15 31657 1
0 27 3 9 60876 1
26 21 15 5 73393 1
24 0 10 26 99489 1
6 12 21 6 62589 1
23 7 28 12 33968 1
3 27 18 3 88893 1
13 5 4 4 24727 1
22 20 27 12 37295 1
23 29 26 4 79400 1
1 3 23 18 86596 1
12 15 3 11 41822 1
2 4 26 29 110624 1
26 5 19 23 73210 1
29 22 11 1 115442 1
22 24 27 3 69505 1
17 5 15 17 35940 1
12 22 6 1 65506 1
17 24 21 6 60129 1
17 4 8 16 53471 1
28 29 28 15 57451 1
29 23 0 1 135193 1
20 21 28 17 46065 1
12 13 2 8 42025 1
28 10 0 2 95558 1
13 25 29 22 50947 1
8 4 23 23 84158 1
12 0 13 11 37452 1
28 9 4 2 83606 1
8 1 28 22 111247 1
12 1 23 6 46020 1
0 1 14 10 56925 1
23 12 15 22 52275 1
23 29 1 25 69276 1
16 18 6 27 50615 1
28 29 27 0 104335 1
7 6 26 25 84530 1
5 17 24 9 81876 1
2 19 28 27 88784 1
17 4 2 4 40008 1
7 18 27 11 79189 1
2 11 8 23 52817 1
4 0 22 24 103720 1
23 2 5 13 68823 1
9 5 0 20 70581 1
19 9 25 13 34845 1
21 8 20 19 49262 1
17 22 16 13 24863 1
8 4 15 16 45725 1
27 16 21 9 42165 1
14 9 7 12 34924 1
16 9 1 22 79874 1
3 9 14 15 49461 1
6 13 13 5 41428 1
3 26 1 13 47238 1
28 15 9 20 69441 1
17 15 1 9 65098 1
7 17 22 5 80580 1
12 18 16 24 33125 1
20 24 29 1 92086 1
27 11 10 13 58968 1
3 29 20 6 101955 1
16 7 2 3 37460 1
5 8 10 25 59493 1
2 27 29 22 88342 1
12 2 22 13 52719 1
25 25 9 18 63171 1
9 8 1 23 68779 1
16 27 14 19 23867 1
14 11 4 5 31962 1
27 16 17 10 41172 1
11 19 22 5 72064 1
0 3 16 28 96454 1
11 25 28 14 67800 1
23 21 4 20 68667 1
7 12 23 15 53477 1
28 7 3 18 97802 1
23 25 13 20 40383 1
9 2 8 26 76510 1
2 22 25 23 69512 1
23 25 12 17 48644 1
1 27 7 23 35733 1
20 2 1 25 102397 1
25 28 10 12 74576 1
11 20 2 9 60790 1
6 7 17 4 29475 1
28 18 2 20 103706 1
12 3 2 0 36798 1
27 2 25 24 85801 1
18 21 20 6 55358 1
12 0 27 25 95134 1
24 19 7 20 73068 1
2 6 0 17 43747 1
28 26 4 5 100915 1
5 14 10 23 44377 1
6 28 16 15 61688 1
14 25 20 7 58192 1
5 26 12 17 40717 1
26 6 18 24 79567 1
28 25 19 23 27416 1
3 25 27 26 60840 1
16 29 26 7 84555 1
26 3 25 22 74094 1
0 14 17 11 67697 1
1 23 24 25 69265 1
8 2 24 20 85549 1
16 5 25 11 45414 1
8 13 2 2 45898 1
22 12 13 14 38761 1
17 26 0 18 74127 1
18 15 5 5 49198 1
22 6 9 18 77355 1
11 27 18 12 53501 1
27 1 8 14 79803 1
9 11 0 8 46143 1
7 24 27 17 75794 1
6 5 8 17 43997 1
18 8 27 18 55190 1
10 13 28 24 74493 1
23 7 1 26 110143 1
2 2 26 25 105077 1
12 9 8 28 61506 1
3 28 17 11 80957 1
27 17 15 24 59161 1
22 3 29 23 85867 1
14 11 26 15 39863 1
12 18 25 25 53057 1
23 17 24 5 46633 1
5 24 14 21 32301 1
9 14 26 6 79580 1
10 6 3 29 71259 1
20 21 7 24 53643 1
12 10 17 2 31735 1
7 18 22 12 65643 1
8 26 10 12 48417 1
11 26 20 20 48085 1
26 26 27 7 72742 1
29 6 12 14 78875 1
9 1 10 16 53407 1
6 17 19 29 73662 1
28 2 5 29 125089 1
11 6 29 15 62888 1
25 6 2 9 68912 1
10 7 5 12 29946 1
1 10 0 19 49814 1
6 21 4 3 59922 1
22 6 8 2 53937 1
20 23 25 9 52312 1
10 15 21 18 42428 1
25 0 8 13 73356 1
1 22 16 12 73285 1
6 10 15 11 47751 1
26 11 21 29 60599 1
19 14 11 9 37457 1
13 24 15 15 26933 1
6 17 15 22 53429 1
27 7 8 7 60096 1
24 7 2 0 70677 1
17 24 12 19 34884 1
28 10 13 11 59244 1
5 11 16 4 41019 1
15 18 18 10 34322 1
20 24 18 11 50810 1
18 23 20 15 32994 1
14 9 2 9 38395 1
8 1 19 6 45974 1
2 5 16 8 34709 1
9 0 19 21 91616 1
23 21 19 29 33845 1
26 5 0 27 123368 1
24 17 14 26 47375 1
19 9 10 12 45428 1
22 16 4 2 75684 1
15 28 27 10 81109 1
19 3 2 12 58982 1
12 19 19 7 48418 1
28 4 16 1 39271 1
22 24 13 21 37149 1
1 1 26 16 96104 1
2 14 29 9 102246 1
28 24 24 7 71026 1
23 18 2 28 81956 1
4 13 17 12 45126 1
2 16 17 2 63779 1
1 22 11 4 66623 1
2 28 7 6 70408 1
13 13 9 24 42103 1
4 27 21 1 99655 1
22 19 11 28 45539 1
16 28 13 13 44562 1
0 4 21 29 110975 1
24 9 3 25 98710 1
10 6 23 26 77008 1
6 4 28 4 58801 1
13 28 22 13 64473 1
0 17 21 12 82299 1
8 10 8 25 45494 1
7 20 4 1 67020 1
16 6 27 21 74019 1
12 21 28 5 101047 1
13 3 19 29 81600 1
8 28 7 13 48754 1
21 7 29 3 36449 1
26 21 18 15 41741 1
8 20 0 28 47242 1
23 18 5 27 65643 1
5 1 2 21 66764 1
22 24 10 11 66817 1
27 6 12 10 63152 1
18 1 9 14 55300 1
1 24 27 2 116411 1
21 26 22 6 70590 1
27 27 11 0 107320 1
27 29 10 0 117905 1
20 24 29 12 58266 1
2 9 11 16 50273 1
3 3 26 17 83320 1
3 29 3 7 61209 1
24 27 4 13 80651 1
28 7 5 19 101993 1
1 10 18 21 92976 1
14 3 23 27 76117 1
9 6 20 7 27201 1
28 16 7 0 81542 1
12 7 14 24 46064 1
18 24 1 0 105030 1
25 15 29 24 47101 1
17 18 6 2 59806 1
4 19 9 27 34618 1
14 6 29 25 77962 1
4 18 13 2 56694 1
19 13 26 5 46281 1
2 2 2 20 59609 1
1 27 12 2 89484 1
27 25 17 27 28653 1
1 26 12 19 57438 1
23 5 28 19 62960 1
1 26 9 3 78628 1
26 13 20 9 33846 1
23 19 8 16 55624 1
5 2 12 26 77136 1
18 4 28 20 75906 1
6 9 29 1 78029 1
5 24 7 6 52158 1
24 17 0 3 91621 1
24 22 11 23 40894 1
12 19 16 10 34618 1
10 4 6 12 36505 1
22 14 10 2 67977 1
13 1 14 29 83397 1
15 2 3 19 66853 1
15 14 2 25 65362 1
20 18 22 2 69709 1
24 16 17 22 38941 1
2 27 26 28 74259 1
25 28 10 18 62545 1
25 28 3 10 96725 1
15 29 18 17 47411 1
14 17 23 25 39486 1
24 21 8 3 86976 1
28 18 1 6 89431 1
23 20 9 27 52534 1
2 27 13 12 71982 1
19 11 8 22 62420 1
5 11 11 2 39009 1
8 1 19 9 49115 1
13 4 25 19 69917 1
22 14 18 29 61950 1
11 9 27 16 59623 1
14 12 7 20 45400 1
8 14 29 21 90199 1
19 7 25 22 72712 1
11 20 1 7 56985 1
3 25 6 17 31213 1
7 1 21 25 81635 1
24 24 28 15 41954 1
11 0 24 6 64350 1
24 28 28 20 36243 1
15 0 4 14 59741 1
24 16 18 26 43056 1
13 19 25 21 60429 1
22 20 7 23 51632 1
13 29 17 18 46019 1
12 25 25 22 41776 1
8 21 4 7 50644 1
18 22 0 10 102273 1
2 28 8 22 40390 1
29 7 5 10 80876 1
7 0 29 27 107363 1
6 11 25 14 71344 1
27 25 14 18 45517 1
8 11 10 22 40109 1
15 7 15 19 36562 1
29 28 19 13 65923 1
24 3 25 23 72837 1
9 3 24 3 35143 1
6 4 19 27 81788 1
5 16 23 24 73924 1
29 15 24 23 41993 1
3 5 9 10 32481 1
21 5 24 26 74811 1
28 28 5 11 101582 1
14 24 23 22 31598 1
18 13 16 29 49215 1
17 11 21 3 27142 1
18 25 11 19 29682 1
7 5 3 21 50731 1
14 0 2 19 71919 1
4 22 22 6 87601 1
26 21 7 26 61527 1
2 23 1 8 55374 1
23 25 5 0 97722 1
8 5 19 5 39662 1
4 16 12 19 36699 1
27 3 27 16 50271 1
26 7 27 20 51639 1
10 5 5 0 29832 1
23 15 14 26 49808 1
16 14 7 20 45512 1
22 23 27 29 24452 1
5 20 12 16 37063 1
18 0 2 14 68246 1
13 0 8 20 72187 1
20 2 11 7 34381 1
9 15 1 11 47252 1
7 26 27 2 106445 1
8 25 13 7 57868 1
21 4 9 5 41476 1
1 4 6 17 46639 1
18 2 9 11 48566 1
21 24 2 21 64835 1
21 12 4 26 79001 1
19 15 19 25 38955 1
23 9 23 28 52610 1
0 24 23 17 82679 1
21 0 26 13 52259 1
1 9 29 0 89380 1
28 18 8 8 83103 1
18 12 10 29 64817 1
10 25 27 13 70367 1
18 0 24 9 48138 1
28 29 26 21 30918 1
26 22 23 8 54225 1
12 29 14 17 40942 1
0 17 22 27 84065 1
11 1 5 23 78960 1
16 29 16 2 74135 1
13 26 23 10 65659 1
17 14 8 25 47013 1
19 7 22 0 32972 1
19 29 8 14 73641 1
11 16 1 20 53479 1
12 15 22 8 49643 1
29 3 6 9 69081 1
0 29 9 8 82771 1
14 21 23 28 36736 1
24 6 11 24 86723 1
2 16 17 12 56971 1
9 10 17 13 41302 1
22 4 8 19 81038 1
5 22 8 9 50244 1
21 24 25 14 36200 1
28 13 16 29 68812 1
21 25 26 4 69815 1
21 8 20 21 59285 1
19 19 6 0 78197 1
12 28 29 4 112642 1
26 2 17 23 73088 1
11 2 23 9 54985 1
12 9 14 21 35622 1
2 17 6 26 38502 1
12 2 7 24 73520 1
2 20 11 3 63608 1
8 9 0 0 55044 1
8 0 12 7 28621 1
9 2 1 18 62507 1
18 27 8 6 72129 1
18 2 11 24 69453 1
6 24 4 1 69979 1
20 28 1 8 101710 1
4 3 22 18 78999 1
22 0 25 20 79692 1
8 19 29 20 90068 1
13 3 3 9 33168 1
25 20 5 6 84549 1
14 5 25 24 76663 1
24 21 15 11 58551 1
25 28 24 11 55978 1
1 8 5 18 39397 1
13 18 27 16 50499 1
12 14 11 23 26147 1
28 9 2 25 110855 1
1 4 14 24 72311 1
24 23 13 2 83253 1
29 0 13 13 70885 1
14 0 0 21 85728 1
16 13 21 7 29176 1
28 15 16 10 41616 1
4 12 28 7 80110 1
29 15 4 14 76857 1
24 19 10 12 59945 1
5 26 13 17 45241 1
24 15 18 27 42196 1
16 27 9 14 53692 1
15 26 3 3 79620 1
2 17 8 22 34768 1
17 3 0 17 72704 1
19 24 9 10 74025 1
2 5 25 20 93135 1
