3803 3805 3967 3543 3651 3976 3685 3751 3849 3703 3666 3999 3679 3836 3966 4867 4985 5197 5111 4796 5068 4800 5129 4981 5014 4823 5193 5154 5200
2350 2321 2482 2098 1889 1927 2046 1851 2063 1749 1735 1992 1691 1956 1736 2033 1678 1703 1912 1967 1870 1633 1559 1552 1906 1702 1922 1988 1704
3643 3592 3669 3669 3419 3359 3547 3459 3532 3700 3522 3649 3422 3625 3382 3684 3609 3545 3762 4079 3907 4067 3571 3731 3633 3752 4057 4082 3654
8647 8529 8293 8385 8432 8453 8383 8583 8767 8496 8599 8527 8529 8470 3809 3846 3683 3739 3862 3614 3935 3567 3685 3692 4033 3575 3621 3529 3695
5375 5581 5599 5562 5347 5566 5400 5588 5604 5773 5506 5685 4695 4902 4700 4815 4524 4470 4864 4645 4909 4580 4654 4469 4638 4933 4570 4515 4723
6809 6839 6401 6515 6341 6406 6577 6752 6722 6693 6645 1354 1327 1656 1575 1384 1660 1634 1529 1444 1292 1685 1279 1634 1365 1671 1717 1493 1631
5318 5193 5439 5278 5437 5626 5495 5513 5136 5510 5137 5270 5559 5215 5298 5406 5969 6447 6371 6275 6347 6031 6087 6324 6195 6444 6350 5968 5995
8164 8221 7897 8235 7923 8116 1838 1583 1820 1968 1720 1813 1618 1468 1525 1822 1740 1769 1558 1838 1622 1719 1618 1467 1953 1601 1865 1892 1631
8537 8592 8862 8592 5101 5143 5198 5478 5019 5394 5423 5429 5171 5248 5183 5529 5489 5340 5029 5399 5017 5034 5496 5105 5275 5363 5025 5187 5082
4438 4208 4624 4133 4447 4556 4566 4145 4471 7365 7164 7271 7424 7497 7256 7298 7290 7234 7580 7366 7549 7120 7248 7155 7351 7364 7632 7274 7575
8157 7910 7942 7806 7940 7964 7811 7943 8185 7986 8112 8433 8390 8363 8468 8563 8477 8446 8297 8406 8363 8246 8568 8407 8429 8561 8330 8209 8583
5350 5695 5520 5497 5573 7655 7660 7428 7621 7519 7852 7606 7895 7815 7776 7488 7624 7711 7686 7680 7592 7606 7784 7547 7425 7596 7432 7730 7468
2968 2693 3066 2928 2872 2908 3026 2902 2909 2821 2733 2635 3146 2825 2614 2673 2388 2565 2843 2610 2644 2550 2724 2883 2640 2631 2585 2721 2679
3525 3358 3573 3371 3176 3264 3108 3373 3238 3436 3275 3017 3050 3393 2987 3211 3306 3017 3453 3263 2962 3316 3468 3438 3014 3295 2977 3284 3293
1463 1613 1471 1920 1803 1608 1431 8462 8573 8625 8563 8488 8787 8768 8607 8657 8354 8472 8555 8430 8604 8782 8745 8781 8419 8647 8618 8536 8474
6017 5841 6089 5775 5829 5688 5673 6095 6240 6482 6395 6322 6460 6568 6186 6283 6222 6325 6176 6591 6282 6472 6161 6470 6675 6507 6450 6193 6309
4229 4294 4585 4599 4187 4528 4615 4543 4974 4813 4708 4826 4787 4865 4821 4849 4713 4623 4459 4514 4946 4910 4476 4620 4874 4512 4476 4758 4560
3168 3318 3089 3126 3231 3074 3149 3223 3207 3328 2853 3251 3100 2851 2869 2844 2970 3212 2842 3252 2791 3248 3055 3314 2894 3014 3275 2196 2255
4753 4498 4625 4371 4335 5967 5626 5618 6007 5686 5857 5831 5815 5944 5957 5951 5598 5841 6017 5928 5876 5712 5916 5607 5964 6014 5680 5520 5906
6715 6676 6786 6956 7065 6980 2707 2478 2851 2771 2801 2506 2820 2750 2718 2800 2688 2541 2687 2518 2668 2793 2460 2709 2568 2716 2947 2539 2908
7694 7563 7546 7529 7762 7667 7842 7862 7656 7828 7511 7839 7394 7409 7847 7734 7476 7640 7523 7465 7606 7461 7458 7493 7407 7751 7378 7596 7541
8444 8254 8664 8619 8224 8563 8359 8417 8274 8704 8658 8395 8376 8579 8589 8399 8355 8258 8720 8263 8563 8516 8682 8236 8518 8486 8645 8625 8637
1676 1676 2073 2018 1622 1801 1655 1680 1878 1973 2046 1699 1689 1985 1870 1860 1762 1674 2037 2071 1828 1654 2043 2071 2032 1620 7375 7426 7480
2692 2858 3044 3156 2836 2760 2727 2777 2998 2959 2968 2720 2993 2549 2883 2847 2887 2640 2429 2826 2510 2489 2586 2741 2756 2842 2774 2444 2500
5173 5275 5178 4996 4961 5255 5072 4978 4975 5201 5037 5061 5067 4892 5213 5298 5216 5096 4957 5142 5160 5094 5144 4877 4635 4730 4682 4701 4291
3402 3507 3535 3517 3248 3389 3525 3661 3390 3546 3563 3358 3446 3284 3382 3406 3240 3539 3491 3633 3677 3421 3686 3662 3713 3558 3769 3442 3512
7511 7305 7305 7317 7293 7480 7051 7560 7348 7199 7320 7490 7483 7362 7513 7486 7174 7219 7275 7276 7481 7288 7220 7121 6935 6812 6965 7060 6858
4232 4178 3993 4047 4176 4088 5844 5991 5793 5967 5761 6021 5627 5975 6050 6061 5938 5672 5806 5756 5895 6021 5641 5942 5797 5584 5612 6036 5642
6550 7737 7654 7509 7478 7521 7464 7481 7572 7697 7577 7747 7519 7584 7818 7713 7418 7675 7823 7426 7521 7865 7617 7889 7761 7670 7607 7532 7441
6331 6530 6511 6384 6143 6055 6570 6094 6135 6412 6168 6530 6184 6147 6336 6500 6028 6045 6262 6446 6050 6492 6424 6136 6481 6175 6205 6042 6309
7477 6496 5828 3745 3524 4790 7192 4925 4453 5324 8615 5058 4707 2976 8672 7095 5114 3679 3862 2848 8277 1252 6995 3189 4861 7083 3259 3557 8706 5026
7271 6226 5876 3968 3349 4671 7326 4737 4287 5168 8808 4839 4565 3285 8237 7366 5358 3443 4124 2691 8461 1257 6885 3087 4892 6973 3351 3150 3004 5266
7357 6158 5758 3769 3383 4868 7116 5126 4037 5034 8409 4654 4726 3383 4503 7442 5302 3820 4078 2744 8494 1296 7109 3483 4774 7119 3061 3610 2706 4942
7396 6265 5538 4051 3365 4593 7166 4926 4254 5502 8731 4738 4628 3027 4531 7218 5369 3689 4139 2594 8359 1361 7039 3274 4823 5620 2992 3202 2838 5350
7172 6327 5633 3903 3561 4496 6923 4957 4039 5389 8497 4842 4571 3253 4959 7527 5077 3692 3868 2627 8375 1641 6867 3462 4733 5849 3379 3322 2837 5210
7396 6312 5687 3933 3407 4533 7273 5042 4116 5251 8558 4899 4552 3406 4455 7521 5076 3876 4202 2451 8375 1648 6859 3218 4914 5968 3049 3182 2612 5010
7560 6409 5454 7739 3809 4882 7354 5009 4134 5404 8614 5031 4249 2909 4972 7147 5201 3930 3894 2571 8497 1503 6839 4596 4825 5619 3217 3257 3095 5288
7514 6543 5768 7636 3490 4450 7073 5105 4161 5174 8646 4971 4403 2878 4615 7381 5007 3526 2066 2838 8529 1436 7191 4681 4623 5645 3428 3203 2786 5129
7533 6142 5603 7522 3823 4908 7354 5102 4420 5471 8755 4996 4623 2927 4781 7209 5448 3745 1917 2423 8397 1560 7280 4483 4865 5752 3227 3202 2824 5185
7526 6557 5896 7464 3357 4485 6954 4809 4465 5025 3913 5046 4329 2995 4978 7080 2895 3604 1827 2426 5533 1390 7291 4433 4753 5760 2978 3536 3033 5050
7351 6408 5445 7872 3458 4516 7422 4909 4340 5137 3864 5135 4551 3194 4754 7137 2763 3409 2259 2429 5726 1626 6885 4715 4590 5765 3470 3471 2605 5089
7465 6532 5665 7589 3493 4883 7196 4981 4454 5002 3967 5120 4226 3130 4467 7195 2634 2061 2268 2829 5377 1602 7223 4947 4895 5638 3175 3124 2631 5130
7299 6564 5907 7501 1568 4803 7127 4933 4495 5018 3998 4743 4442 3026 4661 7428 2725 2174 2300 2843 5266 1240 7108 4807 4563 5847 3071 3568 3001 5318
7449 6574 5877 7473 1425 4525 7207 4869 6331 5170 4110 5901 4260 3231 4827 7318 2925 2233 2174 2490 5636 1466 6855 4525 4486 5652 2946 3295 3075 5089
7558 6182 5885 7816 1396 4722 7306 4847 6530 4528 4202 6141 4443 3387 4474 2478 2876 2313 2234 2425 5315 1252 6986 4834 4922 6001 3210 3097 2719 5076
7400 6150 5839 7435 1241 4536 7259 5187 6214 4666 3807 6038 4670 2966 4495 2641 2966 2066 1822 2376 5357 1428 6970 4781 7938 5763 1952 3581 2715 5316
7440 6320 5470 7731 1390 4691 7175 4841 6226 4535 4155 6163 4719 2006 4893 2812 2838 2229 1832 2417 5588 1391 7179 4533 8341 5695 1866 3455 2949 5138
7335 6428 5800 7826 1495 4628 6902 4876 6635 4782 4082 5958 4705 2181 4612 2871 2721 2312 2296 2696 5729 1393 7178 4797 8176 5609 2095 3392 3089 5372
7432 6511 5797 7771 1403 4476 7085 5068 6613 4423 3706 6240 1696 2455 4577 2843 2465 2533 2277 2755 5736 1408 7209 4927 8291 5642 1859 3322 2887 5118
7538 6337 5712 7638 1359 4816 7104 4952 6510 4509 4201 6125 1428 2453 4905 2890 2932 2394 2021 2570 5610 1567 6836 4651 8084 6105 1910 3066 2811 1693
7098 6219 5672 7753 1533 4825 7293 4997 6172 4524 4079 6233 1809 2362 4581 2564 2795 2457 1876 2608 5559 2742 7177 4713 8125 6090 1925 3562 3037 2086
7139 6226 7922 7811 1172 4830 6908 4784 6406 4397 3925 6240 1882 2018 4973 2863 2894 2154 1993 2519 5621 2594 7185 4724 8078 5865 1838 3520 2994 2108
7405 6636 8097 7696 1307 4943 6899 5157 6565 4811 4092 5932 1759 2159 4908 2841 2803 2324 1795 2553 5240 2720 7023 4764 8323 5766 1844 3091 2676 2185
4878 6480 7860 7680 1567 4478 7061 2794 6342 4718 3765 6062 1814 2312 4592 2994 2596 2018 2265 2597 5658 2841 7222 4610 8223 5668 2111 3092 2995 1983
4962 6623 8068 7607 1310 4497 7284 2983 6580 4409 3748 5864 1822 2160 4506 2952 2748 2311 2300 2495 5312 2844 7571 4476 8072 5855 2020 3207 3124 2019
4950 6426 8135 7476 1584 4541 6988 2900 6380 4316 4071 6226 1419 2346 4811 2963 2977 2320 2178 2384 5651 2757 7037 4839 8358 6033 2179 3508 2912 1793
4810 4206 7972 7874 1102 4912 7424 3018 6152 4542 4012 6178 1599 2096 4613 2834 2683 2137 2007 2506 5519 2414 7211 4604 8126 5856 1783 3312 3122 1699
4921 4567 7824 7506 1418 4792 6973 2734 6506 4311 3772 6283 1917 2121 4946 2683 2893 2176 1995 2629 5349 2530 7361 4826 8022 5780 1700 3246 2933 2100
4788 4133 8138 7637 1124 4956 7097 2981 6278 4500 4026 5954 1801 1992 4865 2864 2914 2358 2047 2300 5359 2887 7269 4633 7987 6026 1772 3380 2756 1903
16 25 5 10 56531 1
26 12 17 27 45912 1
7 13 15 23 37547 1
14 28 21 1 76024 1
12 4 11 14 33244 1
21 24 19 15 33395 1
18 5 3 28 84697 1
27 8 4 23 80961 1
23 27 9 11 64873 1
26 26 0 7 81236 1
20 26 29 16 42153 1
12 6 26 1 40931 1
17 23 5 14 34363 1
26 23 0 21 54404 1
5 9 22 12 60089 1
27 19 9 28 58254 1
29 22 19 20 35056 1
5 23 9 1 65922 1
25 1 14 12 54449 1
2 18 11 6 64416 1
6 15 7 28 29611 1
0 10 10 13 40470 1
24 10 1 21 60789 1
3 28 27 24 74503 1
16 18 6 12 33058 1
5 0 20 29 113268 1
21 6 4 4 52711 1
1 12 5 28 32945 1
9 14 25 11 52760 1
24 25 4 12 63423 1
16 15 15 26 40066 1
1 8 29 10 95637 1
18 7 6 0 64008 1
15 13 22 2 35992 1
17 19 10 12 38192 1
26 11 15 25 60452 1
23 26 22 12 28040 1
11 25 25 2 75282 1
12 24 6 6 48827 1
23 4 3 27 75558 1
15 27 10 17 42000 1
8 12 29 9 75849 1
27 24 9 13 73980 1
2 21 18 23 32940 1
15 0 10 15 62741 1
17 8 9 4 30005 1
25 13 29 4 32086 1
8 7 22 16 58549 1
23 20 0 28 57016 1
8 6 22 1 44124 1
0 0 13 29 89520 1
9 26 24 22 49763 1
9 2 4 20 64433 1
11 20 1 24 27054 1
20 29 21 19 31598 1
28 24 15 10 78850 1
3 7 12 14 48405 1
5 7 13 19 44920 1
8 25 26 3 80712 1
16 2 27 15 52018 1
21 22 5 23 36132 1
22 11 18 19 23871 1
13 28 14 12 53233 1
10 16 21 11 47213 1
3 20 15 10 59188 1
13 4 26 9 38127 1
28 28 4 6 99935 1
9 25 29 27 59273 1
22 9 8 10 60555 1
26 24 20 7 63305 1
3 15 22 0 83771 1
29 24 7 19 63040 1
9 22 12 15 27461 1
18 25 5 0 105254 1
20 29 0 5 83930 1
1 27 15 11 68501 1
6 3 7 24 54201 1
19 2 1 15 82438 1
27 29 15 5 73028 1
24 18 2 11 66150 1
20 4 28 19 44734 1
12 6 1 20 59168 1
6 23 5 11 21037 1
24 6 15 21 51598 1
19 22 25 9 42334 1
11 22 29 11 61126 1
25 9 9 24 71025 1
3 11 15 20 45440 1
25 20 9 22 40301 1
19 14 25 18 22691 1
3 5 17 24 72162 1
6 25 18 9 66259 1
10 3 11 28 81368 1
11 11 20 18 40922 1
15 3 3 19 71319 1
8 24 17 6 69560 1
7 9 17 10 46063 1
22 25 27 6 54064 1
23 0 17 16 48550 1
24 17 24 27 29082 1
9 2 25 22 76003 1
24 1 8 23 80088 1
0 23 26 1 91481 1
15 26 20 6 64773 1
24 25 5 17 51250 1
17 26 8 28 29444 1
28 22 4 15 67687 1
28 29 26 8 70984 1
17 3 28 19 52117 1
5 13 26 17 56003 1
26 15 0 9 83129 1
1 7 4 18 32528 1
24 11 29 24 60895 1
24 13 23 28 36040 1
4 8 19 17 57365 1
17 25 24 6 61136 1
2 11 20 12 61673 1
29 0 10 24 98282 1
15 18 28 23 49834 1
10 24 7 4 60786 1
20 2 19 24 63680 1
26 24 12 0 84239 1
8 15 7 1 63126 1
15 24 18 1 81717 1
8 16 9 0 60725 1
14 17 23 18 21679 1
23 6 8 16 65319 1
0 8 21 10 79177 1
16 15 9 12 38095 1
24 20 13 29 49296 1
26 11 0 20 70201 1
27 10 0 5 89453 1
15 13 6 14 31208 1
8 15 18 25 50241 1
15 10 3 0 86551 1
28 8 10 21 72828 1
6 10 16 0 69287 1
29 27 18 24 38862 1
7 29 11 2 78420 1
25 20 2 15 63055 1
16 25 27 21 39001 1
25 2 27 20 56392 1
8 23 8 1 73967 1
10 29 21 17 56475 1
4 26 7 11 30937 1
6 21 20 29 42028 1
11 4 23 28 65087 1
23 25 7 6 63089 1
19 27 29 10 59645 1
21 12 8 18 41818 1
18 17 26 22 35350 1
7 23 21 12 46090 1
6 16 16 22 31638 1
11 14 5 3 59797 1
11 3 25 18 54526 1
8 29 9 18 27876 1
12 6 4 1 50920 1
1 18 23 17 48484 1
2 15 22 28 70131 1
6 22 3 29 25388 1
2 11 18 28 70535 1
27 23 18 4 61552 1
9 10 25 11 56202 1
6 21 17 27 34694 1
0 7 26 18 78136 1
24 20 10 16 43138 1
12 17 7 29 31666 1
3 10 24 10 80702 1
3 12 8 5 40958 1
14 3 5 13 52304 1
9 16 22 25 45623 1
0 1 4 9 38877 1
3 24 21 3 81559 1
3 5 23 22 77458 1
7 23 25 25 46385 1
25 9 0 16 79683 1
2 19 13 21 22706 1
20 29 8 17 50838 1
23 5 24 26 47826 1
24 1 12 2 36821 1
26 29 10 13 68744 1
6 1 6 26 71604 1
2 6 19 1 70444 1
0 10 11 4 53805 1
12 6 21 3 27209 1
24 28 21 15 33572 1
19 14 13 2 44401 1
25 20 14 4 49132 1
16 18 1 17 39718 1
3 7 17 25 70700 1
23 25 23 13 30538 1
6 15 25 15 57723 1
8 1 5 27 78451 1
22 6 23 24 38243 1
16 13 13 22 34490 1
28 20 21 16 30591 1
6 18 3 26 22472 1
2 19 11 5 61354 1
25 11 7 18 50755 1
8 2 19 5 41651 1
25 10 23 23 36887 1
27 21 11 5 66443 1
8 29 21 20 48939 1
10 21 27 27 44678 1
10 16 13 6 38696 1
8 29 29 4 83512 1
29 29 3 4 101810 1
13 12 23 29 60178 1
13 2 17 14 43663 1
3 27 19 2 92057 1
0 18 16 14 58252 1
22 6 5 19 57689 1
13 1 19 24 68562 1
28 26 24 18 31053 1
4 9 18 0 78174 1
9 25 7 6 43856 1
24 6 6 18 68195 1
27 8 3 8 90328 1
13 18 1 13 40224 1
25 8 26 24 63500 1
1 4 24 24 81881 1
4 8 10 26 52561 1
29 11 12 13 45852 1
28 8 11 4 47954 1
20 16 0 29 60924 1
9 9 29 14 73917 1
14 28 12 5 69052 1
0 20 15 15 50143 1
8 20 16 5 67183 1
1 24 23 4 69982 1
26 23 17 21 30055 1
15 9 9 2 44082 1
3 15 2 6 34587 1
1 3 19 29 81434 1
5 27 13 0 82269 1
20 10 16 28 55992 1
5 27 10 7 51382 1
18 12 8 2 59819 1
10 20 2 23 27734 1
7 24 13 19 19883 1
8 17 22 16 37446 1
25 9 2 10 84748 1
26 19 24 6 44839 1
13 24 8 7 48045 1
26 19 7 25 44780 1
18 21 13 11 38425 1
28 13 13 12 39303 1
6 5 14 0 36327 1
16 14 20 8 31766 1
29 7 16 27 74008 1
18 16 20 3 43078 1
8 7 4 21 33761 1
7 0 20 17 84871 1
17 24 2 21 31457 1
14 17 27 22 45417 1
16 26 24 9 52813 1
13 22 5 29 27796 1
22 3 27 16 37583 1
4 8 14 24 58132 1
22 0 10 25 77254 1
13 18 20 6 52170 1
18 1 5 13 69400 1
18 14 4 25 54746 1
22 20 7 16 34450 1
23 20 25 11 26643 1
19 19 25 13 24359 1
9 13 19 19 40006 1
22 10 13 9 37920 1
28 21 6 5 78883 1
19 9 29 15 38872 1
17 3 2 3 48961 1
4 15 17 10 56017 1
17 16 5 6 62192 1
23 0 3 2 72136 1
26 3 11 1 42286 1
24 0 18 28 72531 1
9 24 0 14 44569 1
4 7 23 24 73503 1
10 1 9 23 78865 1
16 2 24 29 69631 1
12 5 0 25 73939 1
27 15 10 15 57419 1
12 19 22 7 43784 1
2 29 25 21 58530 1
2 6 27 9 86161 1
27 10 17 27 59293 1
10 26 12 5 64315 1
1 12 27 26 68704 1
1 21 25 4 68115 1
4 4 28 11 74811 1
0 0 29 7 95184 1
1 7 9 13 36149 1
10 29 16 4 84376 1
2 26 23 29 63294 1
29 10 17 14 40255 1
3 9 16 9 66737 1
11 19 26 29 49341 1
19 0 0 8 84855 1
29 28 7 24 63223 1
10 5 10 25 71225 1
5 7 16 16 55298 1
21 14 2 11 69661 1
12 0 12 16 45719 1
4 20 24 14 55344 1
26 29 13 19 46243 1
28 21 25 5 54668 1
27 13 8 12 54575 1
6 7 17 28 64260 1
9 19 5 27 21223 1
0 22 13 18 32413 1
28 12 25 20 32356 1
24 13 9 0 62207 1
27 8 18 21 55600 1
5 25 26 1 85508 1
2 0 19 26 87464 1
12 21 2 18 25228 1
14 3 9 19 54457 1
8 16 3 0 69907 1
2 27 27 1 96443 1
27 9 17 23 57503 1
16 16 27 9 48697 1
15 15 9 22 39597 1
17 9 1 28 71522 1
2 3 15 0 55833 1
3 0 24 16 98215 1
11 6 17 1 29529 1
7 17 4 28 23619 1
10 7 29 27 92009 1
1 16 4 0 53109 1
5 18 29 10 73116 1
3 24 4 7 54179 1
5 13 27 2 76283 1
20 6 11 13 48420 1
24 25 26 2 68606 1
4 16 13 21 24641 1
29 11 23 5 36336 1
3 19 14 14 40841 1
13 1 18 22 67720 1
8 16 27 20 57100 1
8 14 18 18 34466 1
3 28 17 25 46572 1
4 1 14 21 75890 1
23 19 8 0 78644 1
15 1 26 22 71755 1
22 20 18 26 18780 1
5 27 9 15 37441 1
24 2 9 13 62301 1
7 19 14 5 54947 1
4 12 12 18 30874 1
19 6 8 9 58369 1
4 7 10 18 39664 1
17 6 29 9 51475 1
8 13 6 22 23754 1
9 29 19 9 73520 1
26 20 10 5 70047 1
10 27 21 4 71391 1
13 26 26 1 81320 1
12 20 19 17 22636 1
10 22 25 1 73828 1
29 21 7 8 65369 1
14 11 22 15 38657 1
16 9 20 27 62332 1
27 8 21 22 56128 1
23 2 0 24 81043 1
10 16 4 6 49095 1
20 3 4 13 69450 1
5 5 11 9 43561 1
9 7 26 8 61874 1
2 28 3 16 33664 1
17 23 2 28 43070 1
3 3 7 18 54365 1
24 20 9 26 49829 1
28 2 0 14 98966 1
20 2 1 14 83746 1
2 8 3 18 30825 1
7 0 24 3 64610 1
22 25 14 15 40757 1
20 28 18 18 31693 1
23 1 11 25 74411 1
20 1 9 11 67666 1
5 0 10 17 76831 1
6 19 18 19 29161 1
16 15 27 25 52779 1
0 13 13 28 55532 1
16 24 9 3 77981 1
18 15 17 29 43671 1
19 6 18 21 41712 1
18 29 11 8 75260 1
23 23 16 8 54956 1
3 7 7 22 45517 1
11 11 23 5 43416 1
25 9 4 5 69124 1
19 7 21 25 48967 1
13 9 24 21 56485 1
15 14 22 4 38295 1
15 3 1 11 61919 1
29 13 21 1 43222 1
10 7 20 9 50235 1
29 26 27 14 54695 1
11 7 15 0 30805 1
26 27 13 2 73160 1
10 15 22 27 60286 1
19 0 18 24 83038 1
21 11 10 20 52787 1
8 2 5 16 58061 1
19 29 8 21 37396 1
22 21 5 18 31511 1
17 20 22 5 40129 1
29 11 23 18 31296 1
9 7 13 17 44129 1
23 12 7 1 66053 1
9 23 0 24 30812 1
25 3 11 1 36902 1
8 16 7 6 22182 1
23 19 6 4 64830 1
22 8 6 5 47607 1
10 5 28 12 50937 1
14 12 7 3 57364 1
20 14 24 0 45517 1
27 21 20 16 28637 1
14 3 0 9 58508 1
22 1 1 7 64106 1
24 25 17 15 43131 1
21 25 14 22 36222 1
15 5 2 13 65811 1
17 14 7 10 37742 1
15 2 5 4 37106 1
21 11 10 17 45440 1
12 19 16 6 56205 1
9 13 17 0 54992 1
22 3 20 20 41841 1
11 15 27 12 48238 1
7 28 12 21 19729 1
12 15 29 13 46710 1
25 17 10 1 65782 1
13 4 9 22 60420 1
26 14 8 9 68228 1
11 1 17 10 41451 1
5 10 7 20 25624 1
13 0 18 18 58266 1
26 25 3 4 95717 1
17 1 16 11 37608 1
11 10 24 16 49680 1
11 26 22 24 29499 1
1 18 27 11 69760 1
2 9 20 11 76098 1
14 3 29 8 44982 1
16 11 27 13 33696 1
28 2 11 25 86780 1
3 22 26 23 54166 1
24 23 15 18 32458 1
12 29 1 20 39249 1
9 13 24 19 50030 1
16 22 0 12 47869 1
0 9 4 21 31260 1
15 16 12 6 36810 1
21 18 1 27 47942 1
28 8 17 5 40672 1
15 22 3 17 34475 1
1 27 4 10 41032 1
23 8 0 12 81380 1
6 22 5 3 60864 1
0 6 11 20 56856 1
17 26 5 10 54567 1
5 12 0 6 33966 1
28 3 24 19 47812 1
10 27 14 11 58764 1
19 18 12 9 39335 1
5 2 21 17 76698 1
13 25 0 18 40407 1
1 20 17 21 24967 1
13 29 28 24 56223 1
13 20 23 29 37185 1
2 23 12 19 27853 1
25 2 28 28 73934 1
24 19 29 3 47811 1
3 19 22 25 43003 1
1 7 20 29 75167 1
14 6 15 17 43132 1
7 3 26 3 52923 1
13 0 11 11 40686 1
27 3 21 26 53305 1
15 14 27 21 50241 1
3 21 19 12 47535 1
22 3 7 10 53336 1
3 26 20 9 71125 1
1 24 19 16 43744 1
24 11 19 21 32313 1
19 3 4 18 76042 1
26 27 16 19 40836 1
0 10 23 19 66515 1
21 22 1 28 50985 1
8 6 19 29 71607 1
24 9 1 12 78393 1
9 19 2 25 30696 1
14 1 25 10 38207 1
16 25 0 26 52197 1
27 17 11 27 54338 1
6 2 15 20 72690 1
10 11 24 29 74644 1
29 0 28 21 80265 1
7 14 19 11 41170 1
19 19 10 8 53725 1
1 5 15 2 52653 1
29 4 25 15 38097 1
26 17 7 14 48665 1
29 3 16 24 72027 1
19 2 3 18 86615 1
2 4 22 11 61783 1
14 4 28 27 70334 1
20 24 4 3 87628 1
26 27 17 26 22879 1
16 19 28 5 56682 1
10 28 13 0 86479 1
16 28 7 7 61368 1
16 27 10 23 33471 1
4 6 26 3 66378 1
12 8 19 28 63716 1
12 28 7 9 46455 1
19 29 3 3 89171 1
14 18 26 26 39861 1
21 0 12 28 80927 1
5 27 8 14 28991 1
4 13 27 4 71496 1
3 10 8 4 50440 1
18 15 7 17 34365 1
9 11 12 25 45151 1
6 17 14 29 48094 1
25 22 2 17 55522 1
11 9 24 1 50446 1
11 25 7 5 57867 1
22 18 23 3 29657 1
20 12 3 15 59894 1
0 10 26 0 94375 1
12 23 21 20 27724 1
13 28 22 3 68430 1
7 1 5 18 66976 1
14 18 8 12 29156 1
26 16 15 0 57896 1
18 12 10 21 38692 1
15 14 24 28 56142 1
21 5 2 23 73418 1
20 14 13 25 45099 1
0 24 28 26 63463 1
6 14 29 12 60886 1
16 23 12 6 56106 1
7 24 13 17 24898 1
29 18 5 17 53668 1
11 26 1 26 32152 1
1 19 2 10 23062 1
8 21 5 11 19442 1
12 16 9 24 34600 1
15 10 4 1 74615 1
24 8 8 10 69321 1
9 12 26 1 71063 1
1 13 9 22 33677 1
22 25 2 26 52112 1
26 26 13 5 64294 1
3 8 9 28 56549 1
8 1 3 16 73983 1
8 20 10 11 36563 1
10 21 16 10 46995 1
25 7 18 27 58348 1
27 26 28 5 66253 1
13 18 7 26 26013 1
14 14 23 2 50276 1
12 17 21 6 49870 1
17 9 21 23 46149 1
4 29 19 6 78332 1
26 17 13 5 48083 1
6 23 21 18 36895 1
3 4 3 16 40060 1
11 26 11 0 82837 1
1 26 5 1 71179 1
15 26 20 12 43332 1
15 8 23 24 63705 1
28 7 17 6 36265 1
28 13 27 25 53222 1
12 13 1 11 38070 1
21 16 13 25 40403 1
7 19 25 29 50539 1
10 25 11 14 45004 1
14 21 19 12 31062 1
17 14 24 3 37650 1
12 14 25 10 42332 1
4 8 26 1 80988 1
14 7 21 1 27824 1
6 25 1 20 19356 1
6 16 15 2 63361 1
4 24 0 15 33144 1
7 5 13 1 35552 1
4 13 22 0 72069 1
14 21 27 14 45641 1
24 0 13 6 36789 1
1 13 27 24 78394 1
12 24 25 27 37687 1
14 2 29 23 77419 1
25 20 0 24 54488 1
0 7 21 25 77327 1
21 29 4 15 62232 1
21 25 16 0 70854 1
25 13 7 13 47840 1
18 21 2 10 51365 1
24 15 5 1 83367 1
26 17 13 11 45576 1
20 2 4 20 82611 1
21 13 15 4 27654 1
24 16 12 4 41139 1
14 7 8 27 68794 1
5 22 26 27 51603 1
8 29 11 17 38856 1
25 13 29 6 39167 1
20 16 7 29 46972 1
9 5 10 19 47053 1
5 4 18 0 51599 1
11 24 19 10 52127 1
1 26 4 3 54036 1
14 6 16 16 44047 1
7 13 11 0 60196 1
16 28 3 13 59109 1
4 24 12 21 20096 1
1 22 0 1 46828 1
4 11 20 3 72634 1
26 29 19 21 31680 1
7 14 23 10 51230 1
1 9 12 7 51672 1
12 13 26 0 63029 1
2 25 21 23 53784 1
29 24 13 15 69480 1
2 22 15 8 71536 1
4 26 15 25 41657 1
22 5 8 21 52167 1
18 11 13 22 43371 1
23 15 12 16 31716 1
26 25 19 9 54359 1
4 3 17 22 72029 1
27 18 23 3 40202 1
26 15 21 28 45134 1
26 27 13 15 56667 1
29 22 3 1 109369 1
26 20 16 0 69853 1
9 22 1 11 37360 1
14 1 8 9 42403 1
8 9 15 25 59378 1
23 5 6 24 68175 1
28 25 22 12 45503 1
1 25 23 19 45903 1
28 15 18 2 51628 1
25 28 26 8 65009 1
22 29 27 14 53033 1
3 3 24 20 85155 1
13 0 5 4 40232 1
19 15 15 1 49936 1
14 21 2 17 29921 1
24 27 20 7 52963 1
23 1 9 4 34655 1
9 2 9 28 73324 1
27 7 4 6 73557 1
22 21 26 29 24777 1
25 20 7 10 54670 1
3 19 6 2 60557 1
11 29 5 20 35274 1
16 17 24 4 40473 1
10 27 18 1 89180 1
19 23 7 8 44726 1
19 2 28 23 78717 1
21 4 14 29 73677 1
2 18 15 13 51077 1
14 26 5 9 58175 1
5 23 12 19 18983 1
20 9 20 25 51170 1
9 16 20 3 61162 1
25 22 8 25 48323 1
4 27 1 18 23977 1
6 28 6 5 53892 1
7 4 15 23 65946 1
12 21 9 5 50440 1
5 12 24 3 70570 1
10 16 29 1 81231 1
2 14 25 19 63301 1
19 11 7 22 45607 1
9 2 0 5 43623 1
25 9 13 13 40027 1
6 12 13 23 34847 1
7 29 0 25 30715 1
9 23 0 24 30812 1
29 11 7 15 63969 1
12 7 0 14 58345 1
12 9 7 28 51870 1
14 27 21 18 39996 1
13 24 23 26 27754 1
13 12 18 21 35408 1
11 0 10 22 77708 1
17 7 11 20 54900 1
16 23 11 6 63302 1
14 10 29 21 65557 1
0 6 15 26 73521 1
22 14 27 19 21372 1
20 0 3 9 92576 1
29 9 7 3 78046 1
7 0 21 6 67071 1
11 6 14 15 44092 1
19 10 5 1 77672 1
26 2 29 18 59152 1
25 19 2 20 46995 1
29 10 3 22 75420 1
20 4 7 24 62734 1
15 11 29 18 52399 1
1 25 17 24 39364 1
19 17 25 21 22772 1
12 24 8 16 29305 1
9 17 12 28 38470 1
8 10 24 10 66672 1
9 12 21 21 45487 1
12 18 9 1 62290 1
18 10 18 20 36271 1
22 29 4 0 115664 1
12 17 9 5 47464 1
4 2 0 12 39444 1
14 9 19 17 41853 1
27 19 20 28 39824 1
15 29 0 9 77150 1
18 27 0 19 51974 1
7 8 16 22 40191 1
28 10 4 25 79801 1
11 22 7 28 25733 1
28 29 10 19 55569 1
26 20 7 21 41828 1
1 21 14 23 28869 1
14 25 28 9 79936 1
8 6 21 19 60331 1
24 26 3 1 97259 1
11 10 25 25 69077 1
12 5 28 19 58883 1
8 20 26 15 50658 1
16 21 3 9 52629 1
16 25 5 14 45549 1
28 22 10 1 90710 1
17 3 17 23 57225 1
22 16 15 5 37180 1
13 20 16 1 67074 1
21 15 8 0 71987 1
24 29 22 7 47017 1
21 27 16 0 77092 1
10 22 9 8 43494 1
23 27 4 2 98122 1
1 20 29 12 63578 1
11 27 22 11 54093 1
18 11 26 25 53808 1
5 17 5 28 16743 1
24 19 29 1 59803 1
17 4 22 26 47512 1
25 22 2 4 79774 1
10 11 5 24 39535 1
26 2 26 20 63165 1
1 14 10 18 32108 1
25 23 24 1 63487 1
21 6 5 17 67760 1
20 24 20 5 59790 1
10 21 3 12 30237 1
16 16 2 22 42935 1
25 18 22 28 31454 1
15 25 3 28 46301 1
7 0 24 9 74905 1
26 1 9 2 54216 1
12 23 24 1 69730 1
19 0 12 13 60146 1
25 18 28 1 55209 1
10 9 23 27 73155 1
11 13 24 2 56112 1
1 14 16 9 65643 1
5 2 6 21 61234 1
19 24 8 24 34581 1
1 21 15 19 28700 1
16 19 5 1 84637 1
8 10 10 2 47200 1
27 5 29 24 77661 1
4 17 28 10 77580 1
11 23 21 9 53593 1
2 8 8 20 43531 1
8 21 9 11 28176 1
21 12 13 0 41141 1
11 0 25 11 56209 1
28 14 10 7 69499 1
15 1 26 3 35260 1
1 28 15 9 74890 1
12 1 25 29 76783 1
25 9 14 16 45681 1
19 19 5 1 88719 1
27 25 11 10 75065 1
20 9 24 27 48545 1
28 14 19 18 35819 1
12 18 22 16 24261 1
17 2 29 19 57506 1
2 27 24 7 80228 1
21 17 28 21 25870 1
28 27 0 19 67701 1
4 18 16 17 33652 1
15 14 6 7 46375 1
7 6 26 15 68892 1
27 9 22 15 30264 1
7 12 28 28 70623 1
12 20 29 22 44610 1
1 26 25 29 64137 1
17 10 9 17 40827 1
15 7 14 17 44235 1
26 18 18 27 35836 1
29 19 20 15 29858 1
27 24 18 28 35364 1
13 26 1 2 69197 1
14 5 21 20 47715 1
11 25 18 11 57730 1
19 9 9 26 64473 1
14 2 23 26 56774 1
24 3 2 24 81437 1
13 8 22 26 63582 1
2 2 15 9 67501 1
26 28 18 16 45033 1
1 18 6 4 43114 1
22 1 10 10 45018 1
5 10 24 21 54307 1
2 2 13 29 82527 1
21 26 22 6 38965 1
10 6 6 24 55220 1
8 1 14 15 72091 1
16 25 9 29 36841 1
22 16 3 10 69652 1
21 16 14 0 42108 1
11 24 1 3 63268 1
7 7 12 25 42275 1
1 20 23 21 37391 1
23 8 5 1 70041 1
6 29 9 19 27755 1
17 17 0 0 83720 1
1 8 28 16 82942 1
0 12 29 23 85963 1
21 22 20 2 57654 1
20 18 17 1 45558 1
1 5 23 12 70479 1
12 14 28 26 55875 1
19 20 0 3 66207 1
13 1 29 15 62596 1
3 22 15 15 44837 1
20 5 5 8 60837 1
15 26 9 14 51539 1
22 12 28 6 36326 1
13 2 0 4 50531 1
29 5 14 15 56135 1
18 11 21 4 28172 1
7 17 15 5 56388 1
8 27 7 16 21953 1
13 2 14 18 52003 1
16 7 18 19 44087 1
10 26 26 18 51028 1
6 27 13 14 42711 1
12 3 22 0 24353 1
28 14 14 8 61114 1
22 15 6 17 42157 1
5 29 27 18 56202 1
26 15 4 24 59559 1
10 15 11 5 47734 1
1 26 15 14 55590 1
17 17 21 29 40317 1
19 0 16 22 76353 1
12 9 5 17 39049 1
25 10 23 20 30206 1
19 15 13 7 41083 1
5 26 9 3 61760 1
12 11 22 10 36717 1
2 2 25 25 93287 1
4 6 17 22 61911 1
6 8 23 29 69492 1
29 29 20 18 40284 1
6 15 16 12 42661 1
20 11 7 15 48820 1
12 22 0 1 64065 1
29 3 11 29 89950 1
25 13 17 1 39169 1
10 24 22 3 67271 1
14 27 21 21 34529 1
4 23 1 11 30519 1
27 22 13 7 71427 1
5 15 10 2 57699 1
7 15 13 23 25987 1
6 1 8 26 71815 1
10 27 23 3 74682 1
19 25 18 0 72277 1
2 28 11 25 38544 1
2 25 13 9 66199 1
5 18 15 3 65464 1
1 20 27 13 60831 1
9 26 4 1 80583 1
25 9 26 29 57415 1
12 26 10 2 77646 1
18 24 1 14 52703 1
24 27 14 28 31191 1
6 4 14 29 81496 1
1 28 29 26 67892 1
28 28 15 3 78066 1
7 15 25 18 42853 1
18 25 29 18 43489 1
7 8 28 8 78009 1
3 9 21 26 73902 1
24 2 24 18 42302 1
29 23 24 16 43832 1
19 18 29 11 35391 1
4 29 29 9 92948 1
9 18 26 3 65458 1
19 1 21 22 64451 1
21 12 23 25 31950 1
4 15 23 28 60198 1
28 7 18 9 40997 1
13 23 6 0 80985 1
18 9 28 18 41000 1
19 19 16 2 51307 1
28 21 8 12 59564 1
29 25 5 8 83630 1
4 7 29 12 79976 1
2 13 8 26 36774 1
1 21 24 24 50083 1
29 5 5 21 73931 1
10 17 23 27 46651 1
19 7 11 22 56383 1
7 16 19 2 69199 1
13 20 20 8 52929 1
20 29 29 5 71865 1
19 28 17 3 61797 1
29 17 24 29 44219 1
24 20 3 1 94605 1
6 26 12 5 63075 1
17 7 14 15 32613 1
16 13 1 21 48734 1
3 22 27 10 70786 1
29 8 22 17 46542 1
17 25 2 13 51890 1
14 4 4 3 36953 1
14 4 26 8 35376 1
16 3 1 19 76685 1
0 12 13 0 73849 1
29 28 7 28 63100 1
7 13 16 8 49398 1
20 10 28 2 41347 1
23 9 19 23 39338 1
24 11 27 25 50351 1
9 14 16 4 48398 1
8 11 22 5 56072 1
2 10 26 29 84453 1
5 15 1 23 17690 1
1 14 16 2 72208 1
8 13 13 26 40333 1
13 15 23 4 46206 1
28 4 11 10 43675 1
14 8 25 26 70818 1
15 15 9 7 50850 1
7 27 0 8 47467 1
15 18 18 25 30659 1
2 5 28 15 89712 1
23 28 14 23 40059 1
4 7 25 29 85951 1
4 11 29 7 87996 1
27 19 7 9 60811 1
15 13 28 16 38856 1
18 15 9 25 53327 1
6 4 28 6 57519 1
24 17 13 2 47220 1
9 12 25 19 59446 1
9 20 24 12 48997 1
18 19 10 3 65265 1
9 23 18 26 37389 1
19 3 28 9 45586 1
20 21 27 3 47383 1
20 12 22 27 37262 1
4 6 27 22 87964 1
18 5 5 25 74141 1
1 10 16 2 64834 1
12 9 17 14 28802 1
24 29 6 9 70925 1
18 17 25 24 36074 1
25 21 18 13 32780 1
12 2 19 29 74593 1
9 10 18 6 47999 1
0 9 23 2 75084 1
21 10 4 8 71213 1
19 13 26 8 33571 1
6 23 0 17 22868 1
4 28 23 2 79564 1
17 16 21 26 33440 1
4 14 0 21 22284 1
12 25 17 12 44305 1
28 15 27 5 48211 1
6 9 23 20 55190 1
18 8 14 24 64778 1
17 1 1 1 61949 1
17 26 14 13 47515 1
13 24 2 9 54972 1
11 5 12 28 67859 1
20 6 23 22 47117 1
16 29 27 13 58071 1
10 6 29 2 56524 1
0 23 10 0 86858 1
