8225 7680 8365 8031 7905 7970 7860 8344 8181 7642 7680 8248 7895 8340 7889 7927 7694 7943 8186 8092 7599 8208 8300 8391 8069 8207 8038 7825 7584
4737 4763 4475 4572 4681 4799 4561 4821 5087 4690 4990 4829 4595 5201 4539 5019 5123 5173 4580 4819 5081 4691 4747 4505 5250 4475 4860 5092 4721
3716 3601 3589 3302 3630 3963 3285 3958 3945 4115 3345 3933 3706 4107 3696 3686 3780 3440 3271 3953 3888 3313 3729 3758 3373 3464 4038 3257 3759
5773 6064 5702 5709 5896 5602 5806 5910 5839 5407 6002 6188 5435 5588 5695 5686 6162 6198 5723 5406 6195 5923 5487 5999 5475 6101 5663 5789 5943
3641 4161 3532 3436 4064 3460 3730 3342 3754 3509 3872 4067 3983 3975 3770 3415 3499 4157 3908 3408 3523 3673 3346 3944 3622 3406 3725 4029 3673
2172 1855 1747 2272 2118 2308 2102 2314 1673 2064 1994 1739 2262 1999 1975 1596 1720 1616 1878 1913 1889 2372 1824 2136 2119 2403 2382 2361 1751
4792 4039 4247 4435 4648 3982 4589 4042 4571 4065 4014 4060 4551 3961 4099 4438 4024 4261 4353 4535 4008 4517 4359 4080 4062 4402 4060 4476 4122
4516 4506 4279 4431 4092 4151 4462 4668 4250 4149 4726 4096 4403 4485 4623 4793 4143 4456 4812 4632 4690 4337 4321 4185 4281 4363 4600 4219 4439
2760 3377 3269 3291 2878 2586 3366 2908 2997 2949 2800 3327 2654 3099 2848 2738 2588 2645 2656 3355 3217 3307 3318 2594 2854 3262 3219 3317 3304
7223 7190 7292 7076 7499 7401 7336 7259 6746 7040 7485 6709 7394 6982 6923 7323 7499 6844 6701 6783 7205 6703 7463 7147 7029 7225 6820 6716 6821
8261 8519 8408 8610 8420 8342 8282 8898 8374 8645 8795 8180 8707 8130 8917 8943 8600 8409 8100 8468 8511 8534 8498 8758 8376 8149 8848 8494 8153
5671 4985 5038 5777 5364 5098 5206 5447 5300 5246 5141 5774 5290 5388 5475 5228 5292 5543 5347 5240 5442 5653 5690 5384 5718 5092 5289 5545 5251
1522 1360 1801 1447 1669 1138 1831 1339 1295 1156 1851 1359 1534 1437 1822 1829 1809 1464 1812 1372 1745 1680 1132 1305 1874 1709 1241 1823 1063
7706 7493 7397 8062 8059 7762 7609 8056 7684 7344 8001 7464 7781 7873 7962 7638 7541 8002 7334 7385 7845 7425 7577 7216 7753 7253 8015 7935 7673
8408 8154 7714 8418 8348 8453 8406 8497 8247 7905 7744 7832 7702 8057 8467 8283 7825 8106 8130 7733 7910 8088 7878 7864 8369 7980 7808 8017 8427
1505 2058 1897 2263 2270 1498 1866 1803 2008 1533 1696 1800 1994 1960 2038 1933 1813 1936 2275 2217 1641 2103 1894 1517 1874 1645 2163 1655 1671
7929 7692 7582 8014 8149 7895 7995 8143 7460 7814 7325 7504 7978 8037 7643 7956 8150 8005 7986 7958 7469 7841 7869 8029 7899 7638 7865 8025 7404
4325 4002 4660 4288 4038 4257 3968 4705 4359 4333 4358 3984 4054 4602 4052 4070 4687 4174 4023 4601 3933 4355 4503 4719 4362 4152 3902 4060 4324
1819 1584 1289 1655 2109 1800 1754 1561 2058 1555 1947 1731 1794 1846 1962 1941 1436 1618 1525 1930 1404 1951 1329 1502 1361 1655 1493 1804 1755
4983 5097 5608 5207 4919 5493 5392 5459 4913 4873 5518 4964 5649 5527 5448 5036 5336 4854 5393 5025 5127 5469 5409 5112 5002 5149 5668 5524 5368
5707 5545 5943 5619 5679 5203 5870 5722 5937 5679 5150 5333 5155 5597 5609 5740 5409 5811 5108 5309 5442 5346 5368 5560 5769 5385 5112 5127 5456
8107 8443 7864 8351 8305 7764 8532 8054 7947 8308 8294 7891 8511 8474 7774 8110 8476 8072 8235 7761 7748 8084 8356 7839 8505 7815 7839 7749 8548
7300 6644 7295 7239 6664 6591 6539 7006 7372 6533 6614 7128 6751 6969 7005 7000 7101 6985 7173 7209 7151 6980 7356 7066 6894 7108 6974 6635 7198
1676 2086 1867 1575 1676 2372 1696 1787 2079 2403 1953 2338 2190 1899 2322 1625 1642 2289 1754 1662 2090 2185 1726 2140 1991 1677 1618 2302 2306
3651 3759 3504 3838 4251 3596 4095 4279 3646 3866 4005 3856 3976 3977 3876 3629 3723 3643 3893 4065 4002 3669 4054 3711 3572 3514 4302 4199 4290
7273 7250 7261 7161 7535 7452 7254 6882 7222 6944 7061 6982 7492 6904 6996 7081 7504 7193 7513 7399 7218 6992 7496 7214 6907 6827 6817 6810 7008
2345 2109 2436 2117 2207 2151 2180 2429 2514 2587 2238 1927 2052 2443 2493 2697 2555 2354 2620 2022 2089 2680 2304 2335 2004 2228 2701 2101 2594
3908 3304 3245 3808 3191 3154 3703 3705 3695 3500 3498 3047 3895 3618 3705 3755 3547 3163 3524 3431 3057 3475 3298 3727 3798 3676 3588 3624 3579
7851 7269 7731 7577 7900 7126 7295 7127 7115 7511 7186 7444 7726 7664 7371 7638 7134 7213 7793 7616 7466 7896 7732 7123 7847 7775 7382 7093 7785
6736 6426 6825 6442 6248 6628 7039 7040 6796 6266 6240 6463 6416 6400 6245 6797 6760 6698 6605 6576 6683 6522 6750 6950 6363 6451 6642 6537 6872
2486 4939 5173 1307 3665 4330 5606 4511 6107 7074 8030 6124 4086 4420 3206 2776 1851 5527 3689 5091 1627 8833 4558 5019 6379 5606 6003 7390 6409 3444
1992 4871 5050 1433 4107 4021 6311 4531 6015 6916 7915 5797 4378 4870 3166 2348 2132 5260 4183 4909 1683 8595 4053 4938 6832 5428 6300 7096 6200 2964
2624 4770 5353 1881 4107 4383 6302 4761 6520 7064 8137 6112 4633 4250 3949 2409 2327 5671 3737 4634 2066 8236 4716 4695 6883 5972 6023 7687 6819 3197
2591 5530 4779 2041 3734 4537 6282 4828 6227 6428 7855 6157 4356 4802 3847 3131 1946 5675 3716 4593 1749 8556 4307 4671 6330 5436 5989 7003 6493 3143
2094 5252 5403 1391 3864 4064 6030 4518 6003 6424 7732 6329 4598 5092 3435 2620 2239 5464 3850 4589 1508 8145 4299 4687 6934 6056 6652 7334 6299 2821
2473 5406 5221 1667 3567 4006 6022 4497 6405 6776 7665 5678 4002 4425 3612 2701 1802 4992 4370 5030 1778 8053 4531 4779 6615 5537 6025 7211 6974 2836
2025 5286 4988 1771 4103 4695 5679 4868 6391 6538 8086 6322 4279 4558 3363 3116 2243 5473 4407 5248 2337 8255 4363 4595 6378 5579 6483 6987 6826 2911
2064 5543 5124 1704 4055 4404 6354 4760 6506 6408 7956 6449 4637 4765 3718 2494 2262 5234 3615 4629 2344 8599 4209 5142 7049 5342 6582 7042 6889 2904
2280 5295 5124 2072 4017 4279 6107 4334 6046 6686 7852 6031 4187 4982 3811 2918 2324 5308 4190 5335 2339 8488 4434 5289 6558 5957 6402 7473 6921 3413
2288 5338 5285 1446 3585 3954 5674 4799 6662 6949 7967 6409 3941 4348 3636 2361 2277 5232 4050 5167 1642 8082 4547 5153 7060 6027 6113 7108 6287 3562
2071 5255 5196 1993 3858 4804 6072 4767 6415 7107 8381 6337 4479 4243 3386 2306 2442 5582 4212 4849 1872 8737 3930 4605 6970 5828 6266 6900 6626 3059
2036 5189 4977 1886 4216 4365 6374 4178 6316 6442 8257 6375 4039 4625 3777 2541 2649 5706 3693 5355 1892 8198 4707 4673 7015 5918 6391 7653 6587 3191
2228 5205 4967 2109 3517 4757 6392 4346 6280 6824 8292 6319 4150 4413 3855 2509 2097 5463 3728 5020 1846 8577 4226 4815 6440 6130 6104 7540 6372 2987
1835 4821 4880 1399 3621 4612 6206 4487 6603 6628 8200 5710 4565 4244 3814 2508 2270 5192 4405 4964 1720 8832 4120 5143 6839 5456 5956 7299 6397 2901
2248 5016 5303 1927 3964 4709 6240 4715 5920 7193 8433 5769 4385 4617 3448 2373 2551 5567 4188 4606 1891 8176 4493 4831 6667 5569 6629 7029 6407 3093
1871 4902 5488 1831 3883 4490 6142 4345 6667 7186 8325 5831 4225 4358 3477 2938 2318 5101 4099 5132 1955 8349 4443 4544 6711 5958 6217 7239 6838 3299
2073 4788 5363 1543 3633 4807 5729 4405 6112 6736 7993 5829 4505 5090 3840 2856 1909 5547 3737 5082 1778 8856 3919 5005 6543 5655 6188 7469 6273 3124
2577 5431 4763 1392 3948 4773 6105 4332 6541 6656 7787 6235 4759 4699 3954 3017 2619 5057 3842 5061 1791 8032 4186 4743 6564 5845 6537 7201 6966 3069
2040 5082 5467 1799 3690 3993 5551 4868 6188 6843 8145 5725 4636 4698 3642 2947 2539 5705 3641 5126 1769 8057 4487 4956 7082 6110 6219 6870 6571 3037
2504 4972 4841 1479 4216 4628 5822 4826 6325 7233 8062 6264 4192 4455 3170 2662 2634 5107 4101 4890 1748 8367 3921 5390 7053 6200 6272 6990 6382 2811
2249 5330 4860 1544 4068 4720 5847 4332 6195 6985 7886 6273 4186 4759 3561 2458 2550 5107 3637 4775 2311 8394 3992 4727 6759 5608 5933 7377 6400 3480
2211 5083 4806 1727 3549 4039 6072 4500 6387 7161 8448 5960 4307 4271 3771 2782 2560 5096 3881 4817 1694 8440 4277 5299 6641 5654 6130 7395 6228 3587
1965 4972 4868 1703 3705 4637 6202 4682 6320 6579 8131 5742 4778 4515 3549 3087 2379 5316 3944 5143 1559 8423 3968 4604 6374 5820 6300 7398 6682 3095
1832 4767 4874 2027 3788 4614 5899 4811 6222 6679 8114 6413 4642 5027 3668 2858 1938 5012 4168 5200 1914 8858 4100 5166 6863 5885 6574 7238 6745 3004
1877 4855 4855 2090 3911 4351 6294 4780 5978 7208 8268 5698 4115 4743 3802 2548 1966 5297 3746 5234 2261 8051 4210 4960 6824 5424 6577 7123 6921 2821
2547 5139 5202 1337 3757 4291 5778 4554 6155 6604 8366 5741 4405 4471 3626 3063 2521 4954 4405 5234 2192 8718 3926 4577 6463 5545 5919 6949 6240 2813
2482 5063 4766 1999 3630 4783 6241 4678 6537 7001 7711 6192 4295 4312 3759 2957 2184 5662 4425 5313 1785 8237 4236 4658 6863 5748 5815 7649 6839 3445
2357 5189 5285 2106 3489 4597 6193 4377 6635 6417 8260 6158 4403 4453 3730 2626 2271 5461 3754 4837 1531 8431 4269 5343 6976 5636 6582 6970 6591 2939
1956 5153 5035 1914 3522 4105 6229 4590 6247 7032 8509 5858 4669 4891 3884 2839 2129 5471 4231 4777 1619 8123 4658 4872 6416 5569 6272 7119 6684 3068
17 3 18 22 34969 1
26 11 14 15 41851 1
19 5 14 12 33645 1
11 7 12 28 36766 1
8 17 10 4 38614 1
18 28 23 6 49219 1
28 25 10 18 60314 1
11 18 4 29 43139 1
6 1 11 23 54552 1
2 9 7 28 69208 1
26 26 15 24 41767 1
1 28 16 25 60795 1
1 18 10 8 58928 1
26 6 28 23 50069 1
21 16 4 27 61876 1
0 12 9 26 68269 1
17 2 0 14 66456 1
29 11 6 13 87519 1
29 18 9 2 80289 1
25 24 22 0 62558 1
15 15 29 0 54427 1
27 6 24 14 31999 1
19 9 24 15 34472 1
25 12 18 17 30891 1
9 22 10 8 48080 1
8 22 21 19 38839 1
0 17 14 2 65117 1
23 2 16 5 23463 1
19 9 6 7 53817 1
6 12 5 28 36447 1
20 7 17 18 32985 1
19 15 8 24 42559 1
11 3 14 12 23686 1
14 16 27 5 54623 1
26 19 3 24 63701 1
0 11 17 19 71718 1
25 23 24 0 56850 1
18 19 4 18 34756 1
0 17 14 11 54198 1
20 27 4 2 79162 1
20 17 11 27 45205 1
9 24 25 4 80026 1
16 7 29 20 52024 1
9 27 17 25 51077 1
12 0 19 16 40693 1
16 22 10 4 46435 1
29 24 29 5 77481 1
19 13 12 2 34664 1
1 24 17 14 64563 1
18 3 26 13 36108 1
1 21 10 6 60647 1
24 20 28 5 49095 1
28 16 1 13 75124 1
20 12 14 19 33847 1
17 17 23 22 23486 1
5 14 11 10 36672 1
4 13 11 29 48756 1
29 6 7 23 97068 1
2 20 11 8 44583 1
27 26 17 28 45252 1
26 24 2 8 91220 1
3 20 27 16 53479 1
15 15 25 6 53454 1
28 10 2 3 73915 1
13 6 6 2 25765 1
17 16 3 20 35063 1
19 19 5 1 59317 1
9 22 6 0 59207 1
22 23 4 24 59587 1
0 5 17 12 63770 1
12 26 28 26 61911 1
28 10 14 10 72302 1
2 16 24 2 66202 1
26 18 18 2 46790 1
28 8 18 3 37379 1
6 17 17 2 51397 1
3 5 7 28 67177 1
21 4 0 23 89744 1
3 16 26 25 63357 1
12 12 11 1 21435 1
6 0 13 8 31151 1
27 29 10 7 79204 1
0 29 7 13 56486 1
0 24 21 12 84326 1
26 7 7 8 61494 1
20 6 14 27 61421 1
13 12 11 29 33992 1
6 2 26 21 69801 1
8 25 27 0 82019 1
16 6 11 29 54911 1
4 19 28 9 82809 1
17 2 5 12 44592 1
18 1 3 16 52965 1
18 10 10 25 48193 1
24 24 9 25 60449 1
12 29 4 25 36829 1
12 2 11 24 40842 1
19 13 28 2 46897 1
7 10 22 6 66258 1
28 4 13 2 38431 1
11 10 0 20 47383 1
15 2 2 1 32374 1
20 26 13 1 67204 1
10 9 25 29 74916 1
21 24 11 18 44938 1
27 28 12 7 71789 1
6 19 23 3 61578 1
15 1 28 1 36164 1
23 18 12 0 52982 1
29 20 19 4 52640 1
28 5 2 0 63064 1
5 9 11 22 43092 1
16 20 9 3 38901 1
24 6 16 22 54079 1
8 5 5 27 57383 1
17 13 22 26 44147 1
24 24 15 22 33227 1
2 9 21 4 63101 1
20 6 1 20 68222 1
28 5 5 28 95296 1
11 17 16 5 39052 1
10 1 25 23 75958 1
27 2 10 27 80554 1
0 11 10 0 63681 1
5 18 15 3 44477 1
27 6 0 5 68867 1
7 24 1 29 36134 1
0 19 23 20 50991 1
20 4 29 27 86508 1
9 6 24 0 48173 1
2 24 18 18 48651 1
20 14 10 13 37102 1
27 25 14 13 56511 1
19 18 21 29 30678 1
11 18 10 28 32599 1
21 0 10 1 31591 1
17 2 11 15 33888 1
9 18 14 2 46157 1
16 4 1 29 83311 1
0 28 12 21 56856 1
22 15 14 5 42565 1
4 14 18 16 36769 1
18 1 28 14 48913 1
20 28 25 3 68043 1
13 21 9 1 54156 1
3 10 29 17 89346 1
20 19 8 3 53368 1
29 0 21 11 45923 1
7 20 9 0 47331 1
26 6 1 7 66945 1
4 6 17 27 75956 1
12 21 23 9 43884 1
15 4 10 14 30917 1
25 11 20 28 63232 1
13 6 18 24 45469 1
14 11 7 25 54844 1
19 11 19 29 38799 1
14 21 20 6 51356 1
6 27 18 3 72905 1
27 3 13 15 46293 1
17 23 4 16 43978 1
27 6 17 26 68353 1
23 1 14 9 35872 1
29 13 1 17 83906 1
11 16 28 12 53883 1
24 14 0 3 64681 1
1 12 28 1 86732 1
8 7 24 9 55835 1
27 24 29 5 64089 1
21 5 12 1 30467 1
12 14 11 4 18825 1
15 29 5 12 50783 1
20 13 29 14 37913 1
3 4 19 29 75536 1
10 5 28 0 47462 1
4 5 22 23 77824 1
2 4 18 12 47525 1
13 10 22 27 65468 1
25 17 22 26 34123 1
5 15 25 11 66253 1
1 26 20 18 69530 1
24 14 8 19 46124 1
25 29 24 5 58485 1
2 3 20 8 49445 1
5 15 2 27 39609 1
3 18 2 6 45910 1
21 19 15 3 47849 1
1 5 20 16 67182 1
18 6 11 12 32889 1
7 24 23 12 62359 1
7 2 7 20 45375 1
21 29 8 3 68124 1
6 26 26 20 59401 1
9 16 20 27 49361 1
19 11 18 22 24863 1
13 11 25 16 44616 1
18 7 11 17 37674 1
3 0 17 7 44849 1
1 28 3 1 84010 1
7 13 16 12 38445 1
25 12 20 3 31610 1
26 8 17 0 32059 1
5 1 20 23 68316 1
3 15 29 15 67316 1
16 16 8 6 44302 1
2 13 15 23 49985 1
0 11 16 7 76993 1
4 22 0 6 62108 1
19 26 2 15 57489 1
10 28 26 13 67189 1
0 7 11 18 63730 1
21 8 27 18 44835 1
4 29 16 8 71266 1
17 12 6 4 46209 1
21 3 14 24 54390 1
2 21 15 1 58969 1
9 4 27 9 56907 1
11 17 18 24 27521 1
15 10 7 6 40451 1
15 1 17 16 32844 1
4 14 16 3 46085 1
14 27 15 9 41061 1
21 18 1 28 76102 1
14 15 27 12 44219 1
15 6 0 8 58957 1
7 24 18 14 48307 1
24 22 4 20 44149 1
1 17 4 28 44679 1
11 5 12 27 38099 1
13 19 21 28 48372 1
19 13 29 10 58950 1
16 29 16 11 43259 1
0 22 12 25 43075 1
28 0 20 14 49573 1
11 1 28 8 55930 1
21 26 20 1 70775 1
13 3 13 22 35924 1
15 8 26 0 34603 1
18 0 14 21 50239 1
4 7 13 15 41484 1
18 20 24 7 39835 1
18 27 27 22 34460 1
18 5 4 21 56674 1
15 3 25 14 42456 1
8 6 27 4 45806 1
28 26 2 9 106455 1
6 5 22 21 71773 1
26 2 14 25 66486 1
9 25 15 4 59371 1
0 20 15 4 56699 1
8 29 10 12 48394 1
22 12 29 15 28080 1
28 5 15 7 39904 1
17 5 29 14 58461 1
3 25 23 20 56098 1
19 15 8 10 44002 1
13 5 16 22 41449 1
4 20 11 15 25265 1
5 2 17 7 36137 1
18 6 25 27 61527 1
26 16 25 28 34233 1
6 4 11 13 34551 1
19 20 1 28 63037 1
6 12 17 3 43934 1
23 12 2 2 57773 1
10 25 2 29 42898 1
24 10 15 3 34720 1
22 20 20 11 35294 1
14 22 10 29 24743 1
2 28 19 22 65184 1
26 29 13 26 52214 1
23 18 26 0 41731 1
0 21 29 8 102640 1
7 7 10 14 32941 1
9 29 28 6 91740 1
25 2 2 28 101364 1
14 26 23 11 49629 1
25 4 9 18 62662 1
15 15 1 26 62660 1
25 27 27 15 38495 1
22 11 11 12 53203 1
8 6 22 20 60026 1
0 4 13 10 45689 1
3 2 9 13 48272 1
10 1 18 8 32685 1
12 10 27 18 51458 1
26 26 16 15 43411 1
18 1 29 2 29423 1
20 5 23 12 28024 1
4 14 23 14 53378 1
25 22 26 2 50717 1
9 24 17 20 35325 1
10 3 17 25 54416 1
20 11 11 15 38064 1
15 15 22 3 34044 1
24 4 26 14 30396 1
26 28 10 4 77662 1
29 21 18 29 41320 1
14 6 16 16 27189 1
4 0 14 7 35325 1
25 11 25 27 50194 1
18 13 10 27 48478 1
0 21 25 28 79893 1
15 3 5 3 17974 1
0 27 7 6 83918 1
6 14 19 19 45133 1
23 23 3 27 69729 1
6 11 25 22 69227 1
13 4 14 27 53557 1
13 13 24 3 39512 1
0 1 1 16 55983 1
1 15 9 24 44684 1
9 1 23 27 77954 1
16 22 15 12 24353 1
21 8 11 14 53401 1
9 23 28 3 73164 1
7 27 18 3 72923 1
7 18 19 1 56403 1
22 9 21 22 41176 1
11 13 10 28 41892 1
23 5 16 11 37037 1
3 5 28 22 90709 1
23 24 6 15 52225 1
10 13 16 28 47200 1
22 18 25 7 36062 1
6 24 19 4 70750 1
8 4 25 4 38415 1
29 2 4 11 72464 1
17 23 3 23 50055 1
4 14 27 4 68473 1
22 21 29 13 43771 1
14 8 9 21 44234 1
2 2 28 6 63633 1
22 24 1 21 60868 1
10 9 18 7 39787 1
13 19 6 0 47259 1
28 29 20 21 44063 1
21 2 23 17 38851 1
14 20 20 14 24639 1
25 9 11 27 74365 1
13 9 12 0 20226 1
18 13 13 2 33453 1
6 11 18 18 48066 1
27 18 10 29 54991 1
2 20 25 25 61030 1
7 28 28 21 71351 1
20 12 10 2 47173 1
29 1 29 21 70094 1
13 29 5 12 45722 1
18 1 4 20 54950 1
3 21 1 11 47051 1
24 22 17 7 44692 1
8 14 20 11 48497 1
18 11 4 22 49528 1
28 7 5 0 59930 1
17 22 27 24 38331 1
11 2 22 4 30511 1
28 7 9 14 68472 1
26 27 20 12 51362 1
13 16 20 25 38033 1
10 23 27 29 64015 1
4 26 22 2 83808 1
2 4 25 10 69577 1
10 17 29 29 72123 1
11 27 12 16 24796 1
17 26 8 18 40476 1
21 19 28 2 57543 1
16 7 25 20 44897 1
11 6 25 17 59211 1
12 3 25 10 48423 1
3 29 22 21 65059 1
13 8 8 27 54536 1
27 13 26 28 39938 1
22 8 17 2 29730 1
4 8 14 21 54112 1
23 20 5 3 58765 1
7 26 29 23 80999 1
26 27 11 27 58355 1
25 3 13 10 40737 1
0 1 11 1 37849 1
4 19 7 6 41222 1
21 14 19 28 39855 1
22 8 13 5 41752 1
1 22 13 3 59054 1
22 26 23 12 33492 1
5 9 27 8 66271 1
3 27 9 20 38260 1
1 4 8 12 42820 1
14 28 2 9 79267 1
21 4 9 22 65939 1
21 18 10 18 36904 1
6 26 21 6 85831 1
17 14 1 8 73653 1
13 29 11 4 45492 1
27 17 11 24 51209 1
19 21 19 11 28404 1
23 7 0 29 95015 1
7 10 24 26 78917 1
13 26 25 20 39786 1
9 12 11 28 44634 1
24 15 12 9 41897 1
9 25 11 5 52922 1
6 4 3 11 30626 1
29 6 16 13 65727 1
11 9 21 5 42467 1
14 28 5 4 66253 1
26 8 29 15 24676 1
3 24 4 9 48226 1
14 25 29 20 40505 1
29 22 8 26 69970 1
13 4 26 14 53165 1
5 22 25 17 54541 1
5 27 23 20 49391 1
14 18 12 29 24889 1
12 4 25 18 56109 1
9 1 7 15 47720 1
26 12 12 5 47373 1
20 7 1 19 69608 1
6 8 23 28 78829 1
0 5 22 9 69085 1
3 22 7 15 27407 1
4 12 12 14 31093 1
8 19 27 10 65459 1
2 18 13 11 44031 1
22 0 4 28 88050 1
25 20 12 15 32523 1
12 2 21 14 42185 1
9 4 8 17 41755 1
22 7 25 19 39397 1
6 20 1 27 39760 1
21 26 25 9 60203 1
3 29 6 6 58068 1
3 5 0 13 43923 1
0 15 24 13 68178 1
16 4 9 26 65960 1
8 11 8 26 44462 1
19 24 19 6 43477 1
5 27 13 10 53910 1
10 8 25 3 42725 1
11 6 3 17 48173 1
21 26 9 24 64742 1
29 0 14 13 55046 1
24 28 20 18 37352 1
7 15 17 0 45337 1
29 25 6 12 87959 1
19 24 17 1 51794 1
21 21 0 21 54993 1
8 6 26 24 77360 1
23 27 22 17 24448 1
21 11 16 29 54492 1
4 28 27 23 76033 1
0 10 15 25 79309 1
2 28 28 3 100537 1
24 29 18 18 33575 1
5 21 9 29 29412 1
5 28 18 27 45659 1
1 29 26 14 84590 1
24 11 16 5 43550 1
0 11 8 22 56706 1
19 9 3 21 60765 1
13 18 17 2 40177 1
7 3 21 21 59822 1
11 19 18 1 43221 1
26 2 1 4 50200 1
7 11 24 2 61605 1
9 9 11 24 50820 1
10 22 24 23 43291 1
1 24 27 20 68114 1
19 21 2 6 72788 1
2 0 18 1 37197 1
18 12 6 2 41490 1
27 26 9 14 66791 1
28 24 5 4 89722 1
5 6 19 11 49602 1
6 29 4 6 54948 1
24 1 22 14 34237 1
12 16 29 13 54140 1
15 21 10 16 18646 1
6 1 21 9 61357 1
0 0 16 29 81183 1
3 26 29 27 103149 1
12 22 5 14 28327 1
0 19 27 22 65675 1
27 18 2 6 88434 1
11 4 8 12 32500 1
17 8 24 15 36228 1
17 15 9 2 43679 1
25 2 10 27 80242 1
15 29 12 9 39065 1
22 18 29 23 35557 1
4 23 15 29 46596 1
9 28 0 27 48204 1
26 28 25 5 57995 1
10 12 14 6 29947 1
29 19 15 3 61947 1
28 27 19 16 53850 1
0 19 9 5 63262 1
0 13 2 2 50061 1
21 26 12 16 45064 1
4 28 14 27 46095 1
27 20 9 15 43708 1
23 0 7 15 54580 1
26 2 11 16 48699 1
13 24 2 8 67685 1
27 2 19 4 22358 1
4 8 18 24 59803 1
16 12 1 2 50157 1
28 1 23 12 37070 1
15 21 24 6 49784 1
6 3 8 28 66402 1
10 7 8 29 55821 1
26 8 17 2 30842 1
19 22 12 16 25280 1
4 12 24 16 56793 1
25 5 28 14 32301 1
17 2 15 29 57100 1
5 9 29 9 83281 1
12 1 26 26 69394 1
17 21 14 7 37387 1
25 10 11 24 68927 1
11 18 29 3 56599 1
9 2 16 27 64314 1
27 0 14 26 75668 1
18 14 13 24 33695 1
8 26 4 5 58228 1
6 13 25 14 63468 1
9 22 24 15 48501 1
3 13 23 23 62858 1
18 11 10 18 34216 1
1 11 28 19 88285 1
5 24 23 10 62161 1
19 27 5 27 54890 1
2 7 26 25 90895 1
10 17 2 24 45666 1
11 26 17 13 43774 1
27 17 19 19 30607 1
8 11 10 28 56062 1
7 29 7 18 37552 1
21 21 28 16 29228 1
7 10 4 21 37093 1
23 4 11 26 62028 1
11 0 21 18 54623 1
17 3 2 21 58388 1
25 25 21 18 32682 1
3 23 20 12 63508 1
10 20 3 27 39902 1
16 16 27 9 47053 1
4 11 1 3 29920 1
7 6 12 25 55115 1
3 13 2 26 49439 1
16 20 27 2 52741 1
20 1 4 25 79892 1
21 29 26 8 57440 1
5 27 0 15 37132 1
10 14 1 27 64449 1
4 3 27 20 68308 1
17 26 4 27 59274 1
3 13 27 18 71964 1
15 0 1 5 39433 1
15 15 19 5 30812 1
0 27 22 14 94481 1
7 6 28 25 96604 1
22 28 13 23 50104 1
26 21 12 19 29890 1
6 22 24 17 51730 1
9 5 25 25 77674 1
14 2 26 15 52977 1
23 21 4 24 51072 1
9 27 13 0 65422 1
8 10 19 28 63191 1
16 4 7 24 64659 1
16 25 1 26 67796 1
13 19 11 1 38162 1
27 1 16 8 43387 1
27 22 12 26 44191 1
22 23 2 1 81873 1
3 27 17 10 80164 1
19 23 1 7 78206 1
6 5 12 26 55564 1
15 21 26 6 53578 1
16 15 10 27 43485 1
21 23 24 11 39785 1
22 29 7 4 77846 1
3 24 29 12 92136 1
2 17 16 9 53349 1
19 18 28 27 52557 1
1 18 7 23 31864 1
1 22 10 2 67188 1
14 4 27 2 29943 1
14 0 14 17 39750 1
1 7 13 27 75811 1
3 13 22 1 70657 1
26 19 16 22 28930 1
3 6 9 12 41303 1
13 28 21 21 43438 1
2 11 23 24 74732 1
22 22 17 27 31218 1
5 0 17 25 68850 1
0 1 0 27 99838 1
3 11 21 14 66096 1
24 6 25 15 29972 1
6 27 18 11 63304 1
17 6 24 11 41875 1
22 6 15 11 39780 1
12 4 0 12 54621 1
21 0 4 2 39148 1
20 13 11 28 51488 1
1 29 13 17 55677 1
13 15 24 25 45267 1
14 23 11 4 43448 1
1 21 6 14 26397 1
21 28 7 18 60204 1
12 17 0 18 38946 1
15 0 22 21 55121 1
18 15 28 4 44714 1
6 21 18 11 43198 1
9 16 28 9 70074 1
7 21 27 19 46424 1
23 2 27 22 49813 1
15 25 20 5 49632 1
18 14 0 1 63473 1
28 22 28 11 45322 1
0 19 11 14 44814 1
3 21 26 2 76163 1
21 1 0 13 85277 1
7 21 18 27 36455 1
7 7 2 26 60956 1
3 6 7 15 36251 1
29 25 19 2 80055 1
16 20 10 5 39629 1
28 26 13 18 59378 1
16 20 27 28 44298 1
4 22 6 11 30936 1
8 4 29 16 68065 1
29 9 25 21 55848 1
28 12 9 7 72784 1
23 29 27 18 33142 1
15 4 8 10 36070 1
16 29 15 2 54262 1
22 19 10 1 65481 1
10 14 10 24 37118 1
19 11 6 18 51245 1
0 6 2 27 84434 1
28 0 25 15 42130 1
10 7 19 24 53273 1
19 3 1 2 35760 1
24 13 5 9 66927 1
0 19 8 21 26401 1
2 6 8 16 41315 1
11 1 6 21 50948 1
18 7 10 14 39640 1
18 6 20 28 50110 1
0 17 21 29 74083 1
13 4 29 12 62037 1
4 27 19 12 66332 1
4 5 5 24 41438 1
1 16 13 7 42611 1
14 6 3 21 58164 1
3 5 18 15 57503 1
17 2 26 13 42160 1
14 16 24 25 41004 1
18 0 8 3 22290 1
25 13 13 16 39945 1
7 14 23 11 55321 1
14 20 19 13 24371 1
9 13 15 27 43055 1
18 23 13 18 22577 1
8 4 6 25 57853 1
5 25 26 6 81090 1
0 0 24 1 56308 1
0 25 24 12 88709 1
16 27 10 18 36622 1
14 23 2 26 55567 1
11 21 5 9 38510 1
4 4 17 16 48218 1
19 4 25 8 32966 1
12 11 5 24 36863 1
16 25 22 18 35488 1
10 22 4 7 51225 1
11 4 2 7 35923 1
27 3 16 22 57387 1
18 8 7 20 42413 1
2 7 5 0 25267 1
20 10 12 17 41986 1
18 21 12 1 41710 1
17 15 13 23 30474 1
9 4 5 29 65230 1
0 13 7 20 37481 1
6 6 16 18 56505 1
12 18 3 27 46850 1
19 25 1 23 60033 1
12 24 25 9 61888 1
9 13 29 16 57739 1
11 10 25 7 53495 1
2 20 22 11 63052 1
7 4 25 5 44201 1
24 23 8 5 70959 1
13 19 2 18 33143 1
29 26 0 28 114215 1
29 11 2 24 97092 1
13 23 4 11 46603 1
20 4 3 11 60968 1
22 3 18 14 26359 1
23 25 0 28 86788 1
19 11 11 23 41719 1
5 12 26 14 61872 1
12 6 29 8 57501 1
23 10 2 7 64073 1
28 22 23 17 24658 1
16 23 29 8 75655 1
5 26 6 5 45902 1
6 20 29 8 84630 1
24 21 21 29 28211 1
27 10 14 4 48595 1
23 15 4 0 63150 1
14 18 5 3 43652 1
3 20 9 27 38960 1
17 7 11 14 36046 1
21 12 2 3 57237 1
29 12 18 3 47423 1
1 2 15 19 56409 1
1 19 29 11 88906 1
5 26 23 7 72952 1
8 19 17 18 28885 1
3 19 10 12 40170 1
0 27 16 25 73277 1
5 4 25 8 54570 1
19 13 23 2 32781 1
5 4 14 6 31663 1
18 16 17 6 24254 1
2 14 17 12 52405 1
19 23 11 26 36457 1
26 1 6 25 84697 1
29 24 2 22 81891 1
28 26 7 14 77444 1
20 22 23 14 27646 1
10 29 29 27 72232 1
24 0 19 25 59592 1
16 6 15 19 30797 1
21 0 13 4 26099 1
0 4 7 23 63985 1
23 3 15 1 16973 1
25 26 1 15 78457 1
20 15 9 23 44028 1
27 8 22 14 34943 1
13 22 9 10 47383 1
19 28 19 13 36026 1
25 15 4 23 59416 1
21 14 11 13 36420 1
13 11 28 19 57239 1
5 12 12 6 35377 1
22 7 20 25 57839 1
27 4 8 29 82615 1
24 22 8 12 55450 1
27 6 13 14 55910 1
12 7 20 10 44985 1
16 16 9 21 28304 1
2 24 27 6 96378 1
9 21 18 13 35850 1
16 9 29 21 59743 1
22 19 3 19 48579 1
21 1 23 27 60697 1
5 10 29 13 81704 1
25 16 16 14 28263 1
16 0 4 21 58165 1
28 22 0 27 98591 1
4 14 18 4 50675 1
18 21 0 23 52799 1
15 3 4 18 48327 1
11 26 13 15 26631 1
15 20 20 10 38446 1
20 13 0 24 78671 1
6 28 17 14 61397 1
2 25 29 27 101149 1
6 24 23 10 68776 1
2 26 25 27 88902 1
13 17 3 5 52509 1
7 0 27 26 87470 1
22 7 28 22 49578 1
22 24 4 18 56422 1
17 9 12 26 46367 1
24 5 11 12 43442 1
27 24 18 19 32720 1
24 12 10 26 62189 1
24 23 1 10 88022 1
24 20 18 11 26778 1
8 6 19 17 55971 1
9 14 18 17 29650 1
22 12 24 26 38544 1
21 16 19 3 33235 1
6 28 29 5 104445 1
20 11 3 26 78341 1
20 18 19 7 32059 1
21 12 11 21 45381 1
8 16 14 12 25029 1
17 3 5 24 57398 1
10 27 25 29 57747 1
0 13 7 25 54822 1
1 21 7 2 53347 1
14 0 3 4 29846 1
8 22 7 2 53813 1
25 0 8 0 36185 1
24 12 10 21 52362 1
11 19 27 0 62967 1
28 21 12 16 43668 1
10 13 4 5 43160 1
14 0 15 28 54859 1
5 13 12 9 31570 1
7 3 28 6 51293 1
10 7 20 24 60326 1
1 0 14 21 65254 1
29 9 14 22 73501 1
26 27 13 16 49965 1
11 23 17 17 30341 1
12 25 23 23 33799 1
17 24 5 14 48633 1
27 11 8 26 77158 1
8 18 21 12 49246 1
23 17 28 2 43540 1
10 7 28 17 66610 1
20 11 1 2 60389 1
11 27 15 7 48479 1
24 7 5 28 82506 1
8 17 0 9 55543 1
10 26 0 9 90081 1
9 16 2 13 26190 1
7 9 23 7 57603 1
13 17 1 7 59525 1
11 18 29 2 63424 1
22 15 27 28 43707 1
27 14 17 0 49579 1
10 17 19 6 50561 1
26 9 3 28 94753 1
25 17 3 11 75440 1
15 2 6 10 42387 1
23 4 11 5 27509 1
20 23 12 12 39090 1
6 0 14 29 63071 1
11 0 5 15 43034 1
12 26 23 8 53663 1
2 25 3 4 62253 1
16 6 24 14 47441 1
22 24 5 7 73524 1
24 0 12 18 48894 1
1 22 26 15 67312 1
3 25 10 13 53281 1
8 15 20 6 53908 1
5 10 4 28 42477 1
27 9 10 16 61380 1
27 19 24 26 29966 1
19 23 4 8 63257 1
2 23 11 15 40010 1
1 3 22 19 71161 1
10 7 23 29 67121 1
13 10 8 18 33049 1
7 1 15 24 56662 1
26 23 4 25 64102 1
11 13 28 17 53756 1
28 0 11 3 37063 1
16 24 22 17 39395 1
24 17 28 2 47559 1
11 17 17 27 39231 1
5 26 9 1 63369 1
1 12 20 4 68186 1
20 18 12 1 47428 1
0 9 5 20 53775 1
4 26 11 17 43953 1
4 7 20 20 57963 1
27 7 12 9 45959 1
18 22 10 11 41486 1
8 25 26 0 79537 1
20 10 3 11 78233 1
25 19 6 29 63887 1
28 21 16 19 37704 1
25 11 18 26 47862 1
18 10 27 29 56929 1
13 25 27 21 45137 1
28 23 1 16 73362 1
11 29 28 18 55686 1
11 2 14 12 28578 1
24 4 8 29 76777 1
22 17 5 26 58030 1
3 5 28 14 81771 1
2 24 18 16 51705 1
2 14 24 14 63492 1
24 28 2 20 62063 1
23 25 12 14 40302 1
5 2 28 2 48722 1
0 20 26 4 75025 1
13 0 20 22 55819 1
27 0 22 13 38951 1
16 28 15 14 33542 1
13 1 11 22 42662 1
6 12 15 6 46591 1
18 9 7 29 59967 1
29 14 21 18 34744 1
28 12 6 13 76859 1
13 23 12 1 38697 1
18 18 6 1 55683 1
27 16 15 4 49805 1
17 27 17 3 49510 1
27 23 2 21 61459 1
24 12 6 2 56093 1
0 8 18 8 66571 1
8 1 22 26 78378 1
22 22 21 0 51310 1
23 8 8 24 64399 1
14 3 6 27 66212 1
15 25 24 28 39930 1
4 24 29 13 84043 1
22 4 7 1 41619 1
5 19 9 8 40979 1
26 20 11 4 55362 1
7 9 15 2 39163 1
16 9 18 0 28352 1
25 29 16 14 51147 1
5 8 20 10 62553 1
26 27 0 27 99020 1
1 27 8 13 60101 1
0 29 29 20 80374 1
26 23 3 11 76890 1
10 27 21 7 73150 1
2 0 27 18 85309 1
29 1 13 24 81263 1
26 13 1 23 76862 1
6 1 16 17 52697 1
3 8 17 3 44235 1
25 4 0 11 87043 1
28 16 24 6 37071 1
13 15 28 18 45395 1
0 12 11 11 53350 1
22 15 6 14 46885 1
14 3 16 28 56160 1
29 17 10 19 58754 1
4 15 16 12 38664 1
16 14 7 13 33743 1
2 23 18 2 68111 1
2 27 12 29 38053 1
3 0 11 26 64998 1
3 17 18 12 47653 1
27 6 25 15 30127 1
19 20 1 16 42725 1
12 9 22 5 35060 1
9 18 7 9 36246 1
25 11 7 2 59485 1
27 21 19 15 31170 1
27 20 18 18 20688 1
6 8 28 8 77458 1
22 20 7 19 33224 1
25 14 22 25 34716 1
25 8 11 21 63752 1
8 9 23 7 51195 1
2 8 7 28 70602 1
8 16 9 7 30654 1
16 26 12 18 25532 1
26 4 9 5 42263 1
12 12 15 3 18520 1
24 5 5 14 61702 1
10 3 0 28 84593 1
4 16 2 4 37270 1
26 20 16 2 56187 1
26 20 1 3 71878 1
10 7 1 0 41471 1
16 10 26 20 48549 1
21 20 12 7 36888 1
27 3 0 6 64849 1
24 25 16 5 61136 1
28 18 6 18 60237 1
26 5 8 6 44383 1
24 23 16 12 43564 1
10 8 17 0 34994 1
9 27 20 15 57387 1
24 13 13 27 56508 1
2 28 12 11 60799 1
27 6 18 27 63309 1
7 15 29 20 52270 1
16 3 26 6 23116 1
12 29 29 23 61831 1
2 21 26 16 57249 1
15 18 2 11 51864 1
17 2 15 20 40937 1
16 14 23 18 28290 1
7 9 16 29 67416 1
29 9 18 15 56595 1
27 22 7 22 53224 1
11 0 4 4 23802 1
6 17 21 29 59166 1
3 25 4 1 64229 1
5 13 26 3 57292 1
15 4 19 15 31748 1
17 3 3 15 50875 1
25 6 16 5 39303 1
11 19 10 7 33007 1
28 1 0 12 90818 1
21 20 7 20 26898 1
27 14 22 6 37402 1
8 0 15 16 39983 1
9 3 0 0 24775 1
19 24 3 19 47116 1
7 6 11 25 61033 1
