6814 5199 5084 5588 6554 6770 5767 5262 5885 6946 5760 4724 4804 6091 5067 5091 6188 6325 5981 6226 6716 6605 5538 6600 5546 7108 4295 5169 4814
6129 5443 3787 4912 5162 5531 4196 4036 2291 2451 2811 1893 3063 1697 2075 3361 3821 2226 2665 3107 3858 3558 3561 3466 3283 2811 2743 2402 1490
4139 3523 4455 4625 3681 3014 3278 3035 4299 3729 4622 4763 3711 3099 5136 4144 4534 3279 4519 3002 3470 4352 3273 3202 5181 2769 2673 4634 4367
6522 7284 7343 6682 5127 6470 5944 7443 4665 3245 4710 5645 4344 3825 3268 5859 5588 3516 5282 3292 5636 3261 4113 4967 5774 5460 3430 3355 5850
4630 2648 4399 4453 2928 2436 3768 4300 2379 3826 3435 1943 2812 2470 1974 2483 2111 2139 2388 2736 1880 1843 1474 3747 3325 2321 3649 1472 3091
8331 6269 7968 6296 8482 7673 7488 8264 7139 7514 7528 6112 6343 6336 4884 6278 5056 5207 6113 6759 4578 6680 6092 5600 5503 5947 6172 4256 6723
5902 5575 5628 6694 4502 5362 5183 5598 6064 4722 6003 5506 5837 6458 6142 6040 5369 4445 4642 5278 6391 6154 4742 5695 4443 6050 4252 6886 4792
4332 4223 4877 4380 4058 3727 4177 3289 5065 4739 4993 3970 3384 5312 3189 4954 3661 4803 3865 5144 5638 4503 2721 3194 3446 3226 3897 3962 3762
5313 5343 5665 5661 5843 5806 4178 6549 4135 4795 5764 5740 5626 6139 6269 5630 6568 4375 5183 6670 5182 4797 6159 4219 4772 6067 5346 6691 5152
2577 3615 2723 2667 3480 3519 2708 1461 2220 2862 1668 2488 3601 2084 3638 3251 2246 2460 2380 3300 2043 3034 2253 3699 2971 2774 4732 4262 5958
7104 8083 8495 7791 8701 6254 7124 6679 6467 6977 8265 8545 8252 6156 8185 7894 8349 8087 7050 7375 7590 7827 7632 8344 6405 7096 6635 6588 6438
6291 6533 5158 7383 5599 5338 5193 6959 6589 6534 7063 5132 7568 5380 6018 7208 5824 5062 6344 6880 3778 2012 1592 2307 3272 3305 1612 1685 2243
4667 3689 2742 4322 3975 4453 4803 3305 3901 4105 2521 4540 2910 3472 3231 3957 4027 7426 5733 7436 6291 6393 7148 6381 6329 7676 6174 7301 6995
5508 4043 4055 3990 4185 4420 3105 3876 3972 3616 4923 4762 5594 3083 5112 5658 6598 6307 6262 5366 5843 5918 4858 5368 4254 6036 6173 4426 4538
5788 7676 5907 7890 6854 7245 7960 5432 6029 6766 6890 7917 6681 7300 5907 7220 7944 7024 6406 7406 6152 7804 6412 8012 4970 6518 4972 6931 6725
6736 6362 7005 5504 6017 7361 6304 6301 5381 5240 5725 7559 5877 7610 7482 6970 6464 6747 6421 6734 7650 6004 7479 6747 7402 7426 6354 6678 7129
3908 5322 4483 5224 5136 4088 5005 5580 6079 5280 5608 5112 4381 4443 6087 4851 6822 6846 4767 5295 7029 6760 5624 6994 6227 6878 6401 6495 7079
7218 6228 5553 6744 6726 6142 6638 6853 5768 7112 5947 7019 7259 7428 7273 7277 6225 6133 5274 6579 7298 5291 6730 5841 5221 5729 2953 3164 3823
5941 6861 7065 6093 5802 6716 5087 6247 6479 5637 4905 5731 6367 6393 4645 5167 5356 5451 5214 6444 5224 5145 6361 5938 6156 6316 6540 4294 5614
6750 7577 7105 6745 6954 5002 4944 4384 4506 4456 5850 4235 3751 5693 5976 4469 5407 5081 4576 4487 3653 5884 4158 5284 6039 4877 4355 3499 5222
2790 2905 4446 3692 4821 5001 3179 4031 3880 4231 5072 2725 3252 3007 4214 4353 3091 2683 4392 2698 3031 4727 4635 3070 2558 3865 1908 1862 2552
8768 7583 6963 6385 8512 8668 8843 7406 6208 6809 7341 8443 7683 6968 7536 7469 6384 5261 6177 4979 4252 6092 3956 4493 4648 5544 5322 6151 3964
3073 5516 4477 5131 4762 4524 3423 4247 3882 3650 5001 5284 3442 2412 2978 2039 2190 1732 1744 2779 1174 2016 2320 1352 3744 1862 2253 1590 3390
4467 4293 4319 3544 4650 4568 4306 3953 3176 3913 2934 3979 4526 4865 3564 4774 4637 5247 3288 4133 3261 4107 4964 2804 2752 1327 1687 3612 1514
7287 6691 5095 7506 6188 6434 6773 7658 6199 7207 6135 6866 6253 5671 6138 6223 5935 2496 4465 2973 2644 2261 2781 3747 4143 4524 4030 4511 4396
5880 4828 4942 5302 5482 3984 4481 4737 3970 4170 5603 5675 4257 6204 3885 3698 3424 3808 1764 2374 3207 1489 1781 1380 1462 2850 3633 1985 3524
4644 3330 4979 5310 4351 2995 4060 4077 4427 4777 4545 3347 3104 2940 4961 5154 5502 5104 3801 4319 3298 4507 2896 5305 3906 3483 4959 2977 7080
7520 7201 6937 7312 6211 7475 8685 7748 8206 8636 8369 7446 7935 6328 6442 3034 3305 2854 2002 2434 2409 2517 1786 3030 2726 3665 2549 2542 1874
1677 3074 1592 3410 2051 2778 2989 2858 2305 1611 1976 6164 4508 4763 5504 5740 5794 4971 6006 3917 4282 5514 5794 6076 6492 6391 6410 4577 3856
5326 4569 5279 5306 5070 5871 4379 6065 5316 6365 4695 5550 5455 5992 6399 5571 4702 4995 5817 5144 4650 5997 5325 6741 6236 6529 6685 6005 4095
3220 4525 7095 5611 7201 4962 3663 1235 2779 5558 4541 5606 1392 5619 7050 7442 2667 4063 6814 4361 5504 6519 4986 5586 2373 4956 2016 6792 4852 5691
3556 3941 6843 5546 6014 2690 2952 1809 3421 4821 5091 6372 2584 5999 4136 8610 3153 3221 5187 6270 4740 8855 5043 5431 5932 3726 3341 5240 4988 6125
4395 5308 6164 4780 6354 4103 4162 1603 3411 5161 3768 6021 1778 5098 1951 5985 2971 5001 5692 4640 4146 6702 3726 7049 6891 5348 2347 6197 5632 5824
3142 4399 8414 4012 5200 3731 3846 2606 3192 6911 3801 7390 1734 3671 3808 6585 3535 4771 6565 4887 3947 6954 3487 6202 6487 5337 3555 4873 5210 4837
3033 5601 8765 3896 5217 4052 3324 3383 4011 6965 3803 7150 1430 4103 3061 6370 4536 4430 6655 3085 5078 7150 3926 5954 5459 4534 3773 4679 5196 4752
5081 5112 8412 3886 5618 5231 4924 1273 2073 5859 5432 6947 4924 5976 2185 6685 4552 5322 5596 2798 2886 6782 4026 6713 6151 3491 2704 6269 4418 4808
2585 5498 8754 5132 4796 3106 3258 3652 2375 5889 4321 7497 4986 5845 3064 6385 2457 4563 3821 2746 4237 7602 3307 5638 5390 4057 2582 6623 5117 4852
4739 4658 8300 6319 5257 3306 4835 1378 3077 6987 3887 5870 6263 3729 3840 8089 2947 3616 2553 5142 3422 6593 4746 5078 6344 5303 3746 6180 4608 5082
4131 6466 8310 5561 5298 3105 4219 2144 5350 4746 4417 5788 7251 6123 3354 7852 3145 5552 2799 3212 4496 7259 4589 5414 6922 5265 2377 6746 5416 4522
4258 4345 6627 6115 5981 4427 5152 3560 5208 5674 4913 7589 6638 3891 4005 6062 4403 3433 1881 3117 2955 7974 3849 5203 6389 2776 3339 5764 3152 4072
3845 4313 7631 6014 6709 4928 5325 2123 4227 4788 5335 7505 6321 4189 3731 6094 3838 4182 3140 5182 4678 7041 3556 6272 6353 3140 2749 4749 3752 4171
6304 5982 7091 4234 5187 4531 5499 2999 3942 6634 5373 8140 7296 3994 4190 8143 3679 5019 3250 4483 3619 5871 5073 6170 6046 4842 2949 5970 5287 4934
4469 6830 6743 5322 4775 3270 7132 1918 3983 5150 5944 7004 5918 4775 2965 7448 2957 4890 2290 4604 4002 6238 3961 6944 5834 4470 3226 6351 5358 4604
6029 6573 6521 3824 7002 2677 6605 2841 5128 6550 3709 7980 5885 3649 3290 8257 4110 3607 2833 2907 3062 6422 5264 4763 5323 3679 3261 6825 5531 5677
5215 6549 6404 4089 5904 3787 6878 3320 3971 6487 5592 7781 6495 4457 4331 7804 4876 3921 3834 5056 4233 4811 3132 6480 6758 2781 4945 4871 3349 4269
5476 6794 8643 6078 7284 3751 5947 2635 4584 5237 4287 7109 6504 5740 2529 7471 4913 4885 3605 4835 2906 5774 4342 6080 7437 4418 6292 5229 4290 4838
5108 6574 6622 4992 6727 2912 6679 2773 5301 4609 4797 6638 5544 5072 4164 8040 4921 5642 2231 3092 2852 4785 5053 5562 5944 4626 5362 3363 5633 5527
6299 4779 6482 5303 6481 4032 5148 3397 4276 5914 4341 7470 6794 4606 4257 8452 3541 5646 1605 4442 4109 7005 4100 5768 7183 5438 5560 4105 4145 5494
4823 6958 6794 5350 7229 2131 5213 2551 4997 4742 4758 6752 5701 3921 2555 7892 3988 5074 3961 4448 4839 6783 3184 6696 5507 5045 5126 4092 6796 6053
4777 6320 7468 5695 5727 2338 6924 3136 3000 6844 4738 6392 6755 5219 2146 7446 4118 6318 3535 2615 4644 5821 4170 5040 5684 4962 5824 5486 4189 4675
4131 4394 7254 7048 6085 2206 5695 2004 4894 6144 5988 5923 6250 5764 1815 8062 4285 8758 1607 3718 3079 6904 4560 4599 7498 3246 5524 4000 4635 4118
6173 6618 7519 6136 4973 2809 4793 1704 4250 5970 4796 6913 6296 4989 1892 3385 2925 7000 2044 2955 3119 7038 4598 6837 7462 3366 4679 3309 5812 7021
4613 5835 8440 4909 2974 2853 4765 1699 4640 4723 4928 8255 4974 5087 2026 4120 4605 8868 2520 5163 4102 4596 5805 6133 6875 3799 5948 4822 6662 7066
5319 6837 8777 6135 2248 2532 4761 1559 4704 6501 3429 6173 6331 5939 4320 3441 4684 8371 4079 2703 5886 6493 3631 5298 5164 4045 5141 3688 4129 8344
5887 4770 8232 4983 2521 4213 4531 2970 3601 6585 6104 6774 5035 4888 3685 1681 4824 6596 2448 2576 6331 5896 5152 4499 6970 4716 6456 4778 5295 8586
4761 5803 4552 5499 1739 3144 4593 1382 4330 6846 4452 8439 4960 6962 3152 1638 3353 7348 3328 4293 6388 6414 5246 5278 6347 4943 6876 3891 5648 8062
5736 4421 6123 7111 2927 2573 5217 3038 5094 5158 3253 6289 5314 6449 4354 4123 2246 7606 2443 3124 5917 6232 5809 5453 6845 7205 4831 4319 5840 6769
6400 6560 4866 6960 2896 4091 4953 4223 4661 5268 2299 8759 5611 5925 2933 3370 2959 6424 1538 2579 6347 5832 5088 4841 5074 6475 4984 3728 5846 7171
5269 4287 5566 5298 4015 3194 5045 3359 3629 4980 1505 7904 6913 6714 1898 2815 2559 8057 3101 5176 4684 6561 4993 6745 7439 6636 5085 3942 6366 6657
23 0 27 9 47203 1
29 28 14 9 112198 1
13 7 3 16 50480 1
21 10 8 8 56194 1
19 9 22 21 41593 1
21 24 5 2 119492 1
22 12 12 1 71948 1
0 23 19 8 102409 1
15 26 8 23 35327 1
11 4 11 17 54315 1
8 5 15 19 60960 1
6 28 20 14 88059 1
29 13 23 3 47672 1
0 0 4 21 74576 1
20 26 12 17 59560 1
26 13 15 17 50077 1
16 15 10 1 70569 1
5 12 14 10 52451 1
13 2 18 8 40968 1
14 4 21 26 94499 1
3 9 20 16 79940 1
18 26 28 17 57883 1
24 22 9 16 56911 1
7 21 9 11 39004 1
13 19 22 18 31517 1
12 13 10 2 48098 1
4 24 8 5 62598 1
6 21 10 14 39232 1
9 8 15 20 54747 1
7 7 6 16 35344 1
14 16 27 11 65334 1
27 0 14 20 104219 1
17 29 28 19 65883 1
25 11 15 15 53007 1
25 2 19 10 49937 1
11 19 14 6 58968 1
5 10 19 18 68123 1
25 5 7 13 73806 1
28 8 19 9 32974 1
2 16 15 12 58424 1
28 0 12 13 80003 1
7 21 14 5 68017 1
13 29 18 9 107379 1
4 26 19 25 59171 1
13 12 24 26 69991 1
1 21 17 10 93755 1
15 29 20 7 96398 1
2 16 28 9 97846 1
29 4 4 10 83140 1
20 28 18 11 63189 1
25 25 1 25 95359 1
12 20 23 14 50213 1
10 3 13 26 81185 1
7 7 28 14 77539 1
5 1 25 20 115043 1
4 20 26 19 71502 1
14 23 27 0 119299 1
10 29 20 8 101516 1
13 21 9 8 53295 1
19 12 29 22 58497 1
0 28 22 16 94150 1
2 4 4 23 54375 1
10 14 24 0 92515 1
3 12 29 17 94084 1
12 28 19 3 116219 1
26 2 0 21 127988 1
1 3 15 23 106145 1
22 6 7 19 75580 1
28 14 18 11 46305 1
10 28 23 19 71721 1
3 3 10 19 62903 1
19 11 25 3 50845 1
19 7 6 4 47151 1
4 20 9 1 64431 1
7 20 5 29 39755 1
20 17 29 11 53824 1
5 18 22 2 100026 1
9 4 2 7 25746 1
3 0 18 16 99892 1
20 12 11 24 69505 1
19 9 19 22 56609 1
6 16 26 16 68703 1
11 22 17 0 103662 1
24 13 29 27 58983 1
16 4 13 12 44025 1
15 25 3 27 46629 1
21 27 28 2 83437 1
4 8 19 15 73647 1
16 21 8 18 40723 1
6 23 21 23 71584 1
18 2 13 23 114277 1
23 12 16 23 58769 1
8 4 9 22 53741 1
0 12 9 19 40848 1
11 0 18 19 87254 1
3 28 18 10 107055 1
1 23 3 5 58678 1
17 15 10 18 40818 1
26 5 15 16 72459 1
7 22 26 0 120311 1
1 18 18 18 60977 1
14 0 26 3 70513 1
0 20 27 22 98915 1
7 5 17 17 68602 1
6 17 19 20 51311 1
21 26 25 3 82987 1
4 6 26 4 69575 1
21 15 13 29 76087 1
18 13 27 4 57982 1
26 23 27 11 49102 1
24 20 3 9 91806 1
18 15 0 22 82190 1
12 22 27 15 71041 1
26 27 1 13 107086 1
27 24 16 21 60818 1
10 11 2 18 50042 1
9 12 26 0 82939 1
27 5 19 3 34538 1
25 23 22 9 48390 1
4 27 1 9 50603 1
26 16 3 1 112619 1
2 10 23 12 81717 1
23 8 11 16 65641 1
19 5 16 17 66513 1
11 4 29 5 61675 1
23 27 10 27 60046 1
10 15 20 3 74030 1
19 8 3 12 61088 1
12 13 1 0 72684 1
19 13 10 16 44489 1
8 25 21 12 81850 1
2 1 12 8 50602 1
15 11 6 17 60323 1
4 22 18 10 85857 1
9 16 27 4 80177 1
14 13 15 25 72950 1
15 15 26 10 53959 1
27 3 6 28 133748 1
29 27 27 16 36947 1
27 23 5 14 85820 1
27 21 9 11 77247 1
29 4 5 5 81428 1
24 24 27 14 40152 1
27 12 0 2 114848 1
5 1 27 19 118678 1
3 20 6 8 40727 1
12 23 19 10 85903 1
23 18 15 13 38427 1
3 2 22 3 89571 1
26 6 16 8 32815 1
19 0 28 19 89854 1
17 10 10 27 92481 1
25 21 6 21 75840 1
29 6 3 1 94431 1
22 18 2 6 83112 1
7 12 0 1 62474 1
23 19 6 0 102347 1
12 1 19 15 78805 1
15 15 4 23 61318 1
27 5 3 11 82185 1
15 17 16 27 65692 1
4 8 9 20 48243 1
3 19 22 16 62471 1
8 17 27 15 63954 1
8 18 13 27 43689 1
29 7 21 15 48847 1
25 16 3 23 84000 1
29 27 26 13 52005 1
7 15 3 24 40761 1
8 12 29 15 77464 1
14 23 18 0 122214 1
10 5 27 24 103445 1
17 24 22 3 95593 1
10 0 4 25 83535 1
27 18 14 13 54746 1
17 6 27 25 86288 1
9 26 1 22 37546 1
28 7 1 27 122127 1
27 6 17 14 55751 1
18 29 29 12 84129 1
23 27 23 10 48622 1
26 3 11 15 85567 1
20 27 11 23 50438 1
2 1 16 12 84987 1
4 27 25 17 87492 1
21 0 7 24 116204 1
26 3 13 28 122552 1
22 11 6 2 82365 1
5 8 2 22 45643 1
22 29 0 8 110443 1
14 23 2 9 84423 1
3 15 15 22 65901 1
26 5 1 22 110387 1
10 7 4 0 40652 1
8 22 7 6 51024 1
6 8 27 16 86947 1
20 13 11 24 66253 1
7 29 28 23 104133 1
25 8 8 21 88887 1
21 26 3 4 111627 1
17 23 1 21 76771 1
20 25 22 5 66545 1
12 2 21 12 68676 1
14 17 8 0 72070 1
2 25 27 21 100653 1
8 19 2 3 64208 1
4 29 19 1 130138 1
29 13 19 24 66599 1
9 1 11 26 75233 1
24 27 12 21 64243 1
8 22 16 27 46882 1
4 11 26 8 71558 1
24 8 8 27 103473 1
15 16 27 25 62628 1
29 21 12 28 95183 1
21 19 7 29 79737 1
16 15 1 16 60748 1
4 1 17 0 64903 1
4 6 10 28 78177 1
10 8 24 26 92938 1
27 6 23 27 74852 1
22 0 9 11 74078 1
19 9 19 25 62599 1
28 3 19 28 91896 1
20 25 3 24 76266 1
6 14 22 23 67702 1
24 20 19 6 58408 1
8 28 13 18 47425 1
12 13 5 19 40514 1
7 4 22 16 78755 1
2 9 29 9 83348 1
15 9 1 0 74535 1
0 25 21 19 91046 1
20 24 29 19 47806 1
18 20 16 1 96630 1
19 15 29 29 72979 1
13 28 0 15 76593 1
14 26 0 5 95940 1
1 11 5 26 45465 1
19 27 0 27 72892 1
13 3 25 9 54996 1
18 8 1 5 56834 1
28 9 22 3 33417 1
21 11 0 20 100013 1
6 2 28 23 125226 1
14 18 7 1 70337 1
1 16 12 1 74192 1
15 10 4 8 46635 1
29 14 25 4 41463 1
25 7 9 3 53563 1
23 16 18 24 43654 1
24 2 23 17 68619 1
25 24 14 20 50720 1
6 26 18 16 66635 1
2 27 27 3 133100 1
16 5 1 19 78578 1
3 25 29 25 116222 1
16 8 18 24 87514 1
19 14 23 21 25085 1
19 1 7 20 103194 1
19 13 13 17 44187 1
9 1 15 20 74920 1
2 20 27 4 110716 1
15 29 23 13 73384 1
1 29 3 8 64356 1
8 9 29 7 61618 1
19 4 21 23 72583 1
1 18 19 14 71684 1
25 9 5 28 120490 1
9 25 27 29 80694 1
20 26 28 8 70812 1
5 14 8 1 54005 1
0 23 27 12 114684 1
12 12 24 10 57496 1
7 7 25 3 63777 1
12 16 4 24 46152 1
18 9 27 28 80377 1
0 26 12 12 72252 1
24 28 4 18 85733 1
5 16 24 8 81691 1
3 28 23 9 111912 1
24 13 15 17 46291 1
1 18 22 13 79949 1
28 3 4 21 108659 1
21 25 3 0 122524 1
4 25 27 14 94823 1
8 4 20 7 46258 1
21 19 29 21 36644 1
11 21 0 14 59734 1
17 8 23 27 69028 1
8 25 6 14 46798 1
17 8 12 3 37514 1
24 24 9 16 63439 1
0 27 27 5 128062 1
26 16 3 22 83240 1
6 18 22 23 55022 1
12 3 12 20 71146 1
8 12 7 1 46914 1
20 15 23 26 34033 1
10 0 21 0 56476 1
10 13 4 6 33789 1
6 29 26 26 98997 1
19 29 3 14 98288 1
25 20 0 18 92123 1
22 23 2 1 112443 1
13 11 5 17 52794 1
9 11 20 11 55320 1
25 29 6 22 93711 1
2 4 11 3 48591 1
11 27 0 16 59172 1
21 0 11 22 108359 1
22 28 27 9 66507 1
22 16 5 23 71471 1
28 7 2 6 69149 1
2 0 28 22 135817 1
18 11 14 27 88473 1
29 27 17 8 91953 1
28 23 11 4 110261 1
0 28 11 7 85232 1
6 13 24 6 74989 1
21 25 8 22 62672 1
26 4 17 2 46133 1
28 20 9 3 99485 1
0 29 7 10 74206 1
21 4 6 12 78947 1
25 19 10 19 51796 1
6 26 26 2 123404 1
1 22 25 3 121016 1
3 18 3 29 39328 1
19 22 5 22 58182 1
24 2 15 7 48197 1
23 5 13 16 71751 1
28 29 7 15 100352 1
2 14 10 29 65161 1
9 21 2 15 39614 1
1 3 28 7 84927 1
5 15 26 18 72276 1
12 22 22 6 89598 1
18 20 2 21 64098 1
1 16 12 9 57414 1
22 21 7 15 57265 1
23 26 22 8 52865 1
20 27 18 19 33555 1
21 17 14 6 69884 1
25 3 2 13 94331 1
26 15 26 2 53873 1
21 21 3 1 110690 1
14 13 4 24 59902 1
4 5 10 27 78441 1
8 5 21 13 69540 1
2 16 5 27 38798 1
19 24 3 25 72868 1
19 6 7 9 44937 1
15 10 5 21 75674 1
4 28 24 10 106218 1
15 21 3 2 99708 1
19 20 4 0 102764 1
19 4 6 14 71011 1
13 2 2 28 103873 1
15 6 6 9 38315 1
1 4 13 19 74985 1
2 7 21 12 73481 1
19 5 25 9 29161 1
29 16 29 27 42465 1
24 13 7 12 69207 1
28 2 22 27 80128 1
21 27 25 13 47727 1
1 21 1 9 33028 1
20 8 15 13 43718 1
13 26 9 18 34717 1
4 12 20 17 66930 1
20 20 11 29 56072 1
24 12 2 20 90589 1
28 19 20 10 46101 1
0 0 14 21 107657 1
20 16 18 27 45556 1
15 6 26 24 87029 1
19 26 16 3 100227 1
29 14 27 24 34143 1
28 21 29 7 58288 1
26 4 26 20 65338 1
27 28 20 17 46073 1
24 28 6 7 100652 1
27 11 18 14 37271 1
26 10 13 14 54098 1
6 3 0 11 44580 1
4 5 17 1 72910 1
6 23 11 11 62600 1
10 2 24 1 81729 1
12 28 15 8 87949 1
12 22 27 14 76233 1
22 12 6 2 87649 1
12 8 27 15 67866 1
2 22 20 24 81196 1
19 21 17 11 59086 1
11 16 18 26 71971 1
24 11 7 22 85827 1
13 27 22 29 46260 1
16 7 17 21 80136 1
28 20 20 6 65339 1
28 1 16 9 57989 1
14 4 26 10 58584 1
18 1 23 6 41578 1
2 22 22 8 95863 1
19 4 11 12 61355 1
19 24 0 11 100966 1
17 17 7 13 52728 1
28 2 3 16 102532 1
19 13 10 25 75761 1
12 11 26 15 53216 1
29 6 11 0 82841 1
22 9 4 6 58688 1
11 29 12 3 88296 1
26 3 16 28 109382 1
17 12 8 27 81181 1
7 16 26 8 76013 1
17 25 8 20 48965 1
28 7 19 17 60331 1
26 3 10 13 77478 1
7 5 29 21 107871 1
20 17 29 26 51790 1
2 8 2 27 60464 1
29 22 6 3 123052 1
19 20 11 6 76548 1
1 3 0 13 39479 1
7 6 15 29 89244 1
28 4 4 21 105249 1
16 18 4 12 52915 1
28 28 13 14 81420 1
25 18 11 24 61603 1
25 12 8 13 70569 1
21 27 7 21 74855 1
4 14 2 2 44427 1
26 1 11 6 67106 1
8 2 17 11 69803 1
4 20 20 2 98111 1
5 9 15 26 85523 1
22 0 17 28 111163 1
28 23 10 18 64742 1
20 11 6 3 73463 1
23 26 26 11 50465 1
14 20 19 8 68041 1
23 18 28 27 38405 1
22 2 12 14 73350 1
6 2 3 18 63015 1
11 14 25 3 80517 1
22 20 25 5 55239 1
24 25 13 14 58891 1
4 1 19 10 73925 1
19 13 3 7 69735 1
29 8 22 29 73059 1
11 24 1 19 51561 1
14 4 2 14 64831 1
9 15 15 1 67542 1
10 10 21 15 59739 1
16 27 14 12 90208 1
7 11 18 11 62493 1
15 15 27 24 64775 1
11 9 3 24 67931 1
19 28 0 12 102028 1
23 21 24 9 47387 1
19 14 24 27 40422 1
18 28 4 7 103531 1
14 8 8 22 62198 1
5 24 22 28 78941 1
0 18 13 19 59645 1
22 24 4 12 79283 1
7 0 13 22 85334 1
20 27 3 9 106819 1
0 26 20 7 102821 1
28 28 20 21 51629 1
16 25 3 26 47617 1
23 13 21 21 27724 1
7 14 15 20 47018 1
16 7 13 0 38102 1
5 18 0 6 47224 1
3 19 25 12 87980 1
12 29 20 23 56193 1
16 7 6 24 78772 1
15 28 0 17 83001 1
21 13 9 0 81497 1
19 16 0 29 95859 1
11 24 23 1 112380 1
3 27 25 20 91158 1
6 16 16 25 58778 1
7 21 27 6 99063 1
18 16 22 25 32660 1
14 23 11 3 89299 1
16 15 16 26 68093 1
25 26 13 7 84851 1
9 24 26 13 77267 1
12 0 18 22 110371 1
17 6 29 0 54514 1
20 14 27 18 27464 1
1 28 19 9 111704 1
20 2 6 4 65762 1
8 25 17 26 40162 1
15 10 3 11 61237 1
4 14 26 29 105174 1
14 12 3 27 79214 1
20 13 7 11 60460 1
26 21 24 2 85497 1
19 16 20 5 46969 1
18 20 13 10 66084 1
7 18 21 26 62838 1
25 16 20 22 33150 1
10 1 29 29 141819 1
25 17 5 19 63432 1
3 15 15 23 73380 1
9 28 14 5 80229 1
2 11 19 26 99969 1
13 16 18 7 51783 1
3 27 19 6 100355 1
26 9 2 2 86167 1
8 24 27 7 96231 1
6 18 1 25 39550 1
21 23 1 13 90475 1
27 9 15 27 94501 1
28 5 7 10 70446 1
5 18 29 19 75160 1
18 3 17 19 79458 1
23 13 14 23 63094 1
22 11 3 1 88602 1
1 10 10 16 42579 1
2 25 23 29 88570 1
1 4 29 17 118164 1
19 3 28 6 40579 1
19 0 7 29 131041 1
6 4 10 12 36371 1
9 9 27 13 76978 1
17 17 20 24 37051 1
0 19 15 13 68773 1
19 18 24 2 73206 1
28 16 29 1 55610 1
5 28 19 21 76763 1
23 22 10 8 81060 1
20 7 0 23 101161 1
20 5 14 29 108847 1
16 3 11 24 88740 1
24 6 18 21 71262 1
12 3 13 19 69500 1
12 9 21 15 53136 1
24 24 20 16 32342 1
8 0 22 28 110049 1
0 8 16 20 80436 1
24 0 16 11 75277 1
26 6 0 17 96041 1
21 16 29 7 50426 1
3 27 25 18 87020 1
20 28 29 3 93005 1
13 21 16 3 93174 1
21 6 14 19 73901 1
25 18 16 21 41121 1
24 29 14 8 95021 1
2 29 28 24 120609 1
20 2 26 16 68548 1
21 9 20 18 38349 1
17 12 6 8 61102 1
19 5 12 29 104410 1
11 6 1 13 45269 1
15 5 2 17 71974 1
6 3 11 18 57996 1
16 20 3 17 55036 1
21 17 3 23 70938 1
16 6 21 25 74201 1
13 20 17 28 53591 1
20 4 29 11 44554 1
21 2 0 2 105436 1
18 24 7 7 90496 1
15 6 8 16 49483 1
18 21 29 24 64300 1
2 24 22 18 73809 1
16 27 16 8 95986 1
13 13 25 24 60043 1
6 2 13 10 52688 1
4 25 23 24 79617 1
17 3 28 8 51284 1
26 17 14 27 71178 1
9 8 1 11 30898 1
27 18 6 27 86045 1
22 10 19 25 51781 1
16 5 25 21 74829 1
27 17 1 11 93457 1
3 28 12 13 68414 1
2 3 13 13 61786 1
4 25 23 29 82220 1
2 26 29 4 127876 1
26 3 9 24 103975 1
7 29 22 24 76903 1
28 21 8 23 81735 1
27 22 21 16 31027 1
19 25 21 14 37534 1
18 5 26 25 78940 1
17 20 3 25 65165 1
1 26 24 10 110340 1
3 10 16 6 49677 1
27 13 1 7 91145 1
7 17 17 18 33219 1
13 18 9 6 41248 1
16 2 10 21 86859 1
22 18 7 10 65556 1
11 23 23 23 57482 1
27 5 15 15 70277 1
18 7 10 29 91798 1
24 19 12 11 58316 1
0 21 0 11 38508 1
19 14 17 25 51978 1
26 18 18 10 48573 1
26 9 14 29 102338 1
5 27 14 16 63728 1
9 6 13 29 74307 1
20 0 8 22 101412 1
14 28 8 13 67817 1
10 26 29 22 90521 1
10 2 9 16 44997 1
4 22 2 3 57526 1
15 17 22 29 49559 1
15 10 13 2 40520 1
18 17 28 12 53317 1
2 20 29 16 90986 1
12 9 2 23 71778 1
0 2 17 11 92186 1
22 13 0 29 103908 1
28 5 18 11 50002 1
2 5 10 23 68523 1
23 8 11 15 64982 1
9 21 16 9 66757 1
14 0 14 21 103780 1
19 9 28 1 46010 1
15 10 29 10 58272 1
11 15 22 10 56291 1
18 3 15 27 112216 1
27 16 5 27 96828 1
23 13 11 11 55645 1
20 0 12 18 91267 1
5 24 16 8 85098 1
22 23 19 10 41473 1
15 13 22 0 82363 1
17 26 26 17 59595 1
5 27 13 22 42476 1
12 22 8 5 60546 1
22 11 11 23 70326 1
9 12 12 25 47455 1
23 18 24 1 72759 1
9 2 0 11 50140 1
9 3 12 22 63588 1
15 28 29 14 84310 1
1 14 28 22 101779 1
17 16 27 22 45252 1
29 8 7 14 79897 1
25 17 9 20 54351 1
4 22 25 15 75324 1
2 22 26 26 98264 1
1 4 26 14 99971 1
2 3 25 14 98922 1
20 4 27 28 91584 1
24 12 2 14 80292 1
6 2 15 1 56789 1
12 8 23 24 78592 1
24 20 9 26 69754 1
14 3 23 16 78481 1
2 10 25 24 101837 1
15 23 25 3 106399 1
4 0 20 15 95853 1
29 8 12 20 88083 1
5 24 17 0 117643 1
0 23 25 14 100494 1
21 23 10 14 63071 1
19 6 10 12 50398 1
18 26 27 12 69716 1
29 16 23 27 42680 1
8 3 14 28 93929 1
22 3 13 24 111039 1
26 14 3 21 87034 1
4 17 18 27 75099 1
15 26 26 3 114005 1
20 24 5 8 93220 1
21 28 22 0 94409 1
2 19 25 25 85693 1
10 20 13 9 53614 1
10 29 10 14 53853 1
10 1 21 17 90069 1
7 11 17 26 85462 1
11 18 20 23 45891 1
15 24 6 3 98997 1
29 5 1 3 93888 1
26 18 22 29 36599 1
15 13 21 24 54754 1
3 29 9 21 42962 1
12 29 12 5 84933 1
28 27 5 0 142545 1
24 11 21 22 42230 1
28 11 11 19 80405 1
15 6 11 21 68135 1
26 26 8 7 96869 1
23 9 8 10 54749 1
16 0 24 9 62703 1
16 10 4 20 72996 1
6 24 18 14 76454 1
8 17 22 13 54341 1
4 25 25 2 123185 1
4 4 26 18 97132 1
13 9 4 12 45301 1
4 18 26 17 73529 1
10 14 28 28 92306 1
2 4 22 5 68920 1
25 26 0 2 134939 1
27 16 27 2 53779 1
28 15 0 16 94000 1
0 11 21 14 72976 1
1 9 19 7 52292 1
10 7 29 22 100798 1
28 12 7 3 84610 1
18 3 4 0 72825 1
21 20 13 1 90937 1
20 6 15 29 99577 1
5 16 21 1 96065 1
3 17 29 18 82417 1
9 1 5 26 80554 1
25 4 12 13 67553 1
13 6 29 12 60861 1
22 12 27 6 38117 1
18 18 7 20 38267 1
0 22 20 3 113693 1
3 0 18 22 114909 1
12 19 25 24 54320 1
5 6 2 25 64680 1
2 3 16 16 82686 1
3 18 12 25 53731 1
6 22 11 28 31402 1
15 11 7 14 46710 1
26 6 26 25 67206 1
6 28 19 23 73227 1
19 27 9 26 42156 1
1 4 0 16 41234 1
1 25 12 10 79753 1
0 24 25 7 111350 1
15 12 13 29 85895 1
8 28 21 9 107378 1
21 19 7 11 70424 1
1 28 23 25 88932 1
24 22 7 4 95668 1
28 21 26 2 78738 1
15 13 23 20 44532 1
7 3 9 15 39886 1
27 14 23 8 38904 1
1 1 17 11 88952 1
14 21 0 16 63715 1
7 6 18 23 88735 1
9 9 18 27 84816 1
2 24 29 20 101809 1
4 28 11 14 56782 1
1 26 14 2 105583 1
18 16 6 28 77029 1
14 4 18 11 52923 1
0 27 18 1 135721 1
24 9 4 12 77143 1
17 9 29 28 97424 1
26 3 14 17 89605 1
18 18 11 13 42505 1
10 5 28 9 64649 1
29 22 15 3 107970 1
11 18 25 4 86810 1
4 26 25 29 88930 1
2 28 11 14 64870 1
21 13 1 10 78520 1
24 16 6 17 62645 1
6 5 13 18 53072 1
24 19 29 10 42862 1
19 23 3 10 92649 1
28 24 16 1 112672 1
3 12 13 21 59491 1
6 3 8 15 51003 1
11 7 25 10 48383 1
7 15 9 7 26767 1
28 6 21 29 81663 1
17 8 6 27 92412 1
18 1 27 22 100346 1
26 29 4 17 100747 1
16 3 28 27 109722 1
26 15 12 4 77678 1
18 8 6 18 68965 1
22 6 14 24 94261 1
28 20 25 4 66130 1
26 18 9 22 58948 1
6 2 23 16 98500 1
1 18 2 29 39069 1
14 6 27 20 83870 1
9 6 3 2 39478 1
26 21 28 12 40081 1
16 25 7 26 35003 1
13 21 13 4 76784 1
26 15 19 20 31986 1
16 3 29 19 93372 1
22 4 5 14 76497 1
22 20 5 14 64377 1
0 21 15 5 88311 1
16 23 18 8 81484 1
26 27 13 14 68796 1
14 22 20 13 56177 1
2 21 25 16 84240 1
10 1 12 24 79143 1
2 3 6 15 51360 1
3 26 22 11 94620 1
3 24 14 29 54158 1
2 29 5 10 60460 1
0 26 8 20 41472 1
13 13 3 22 54519 1
14 24 1 28 56221 1
14 8 0 18 73260 1
13 17 21 14 42393 1
24 26 20 1 88284 1
23 16 1 8 87820 1
5 19 9 1 61452 1
21 10 26 28 65729 1
15 1 28 11 73881 1
18 15 0 1 101572 1
21 6 7 4 55611 1
16 24 6 25 46958 1
4 15 28 18 76998 1
12 28 29 0 137777 1
16 23 29 21 70947 1
18 29 10 3 115362 1
18 25 22 12 46541 1
17 29 7 9 97879 1
13 13 3 27 68884 1
2 15 27 0 116114 1
18 6 10 21 74329 1
7 17 12 10 40771 1
28 21 20 25 42880 1
28 4 9 5 63633 1
8 25 23 28 68479 1
0 21 11 12 69548 1
18 1 24 8 51386 1
16 12 8 10 47250 1
5 25 25 16 89096 1
28 24 2 3 128502 1
16 4 29 7 46667 1
26 0 2 28 145758 1
25 28 25 1 94888 1
10 8 21 20 73324 1
11 18 15 5 57589 1
16 2 22 24 84665 1
11 8 1 14 46986 1
14 12 24 22 62998 1
24 14 1 7 82448 1
24 3 19 28 93529 1
16 27 9 18 53050 1
29 14 2 19 94176 1
9 3 9 23 53363 1
2 6 22 10 66057 1
9 5 5 24 66349 1
5 3 17 27 113274 1
15 5 16 24 104318 1
6 12 28 28 113219 1
5 6 17 28 103437 1
18 26 23 19 39975 1
19 2 1 24 126007 1
19 27 8 26 44533 1
5 16 22 21 59320 1
21 13 26 22 39467 1
24 9 3 13 83221 1
8 11 12 25 55731 1
26 1 25 24 81766 1
23 8 15 2 51230 1
2 21 23 3 111010 1
15 21 14 9 75832 1
1 1 22 15 103788 1
3 1 7 27 87573 1
27 26 10 28 79959 1
24 19 6 3 97302 1
12 15 26 7 61874 1
1 26 6 13 49368 1
10 2 14 22 82163 1
21 25 27 13 49686 1
5 24 18 15 75628 1
6 19 27 2 107460 1
24 0 8 9 80553 1
22 9 23 26 48983 1
3 18 0 10 34669 1
25 29 17 11 76740 1
2 12 20 3 78311 1
26 28 3 0 139884 1
29 3 2 0 109112 1
18 17 2 1 96714 1
13 4 29 25 116040 1
16 23 20 15 47106 1
25 6 11 19 83871 1
2 20 13 22 48849 1
28 7 9 23 90821 1
22 23 17 2 84277 1
0 3 1 18 55137 1
10 19 11 0 62868 1
10 28 8 2 85986 1
15 9 19 2 53289 1
19 10 10 29 98328 1
4 29 0 15 49593 1
11 28 28 24 85357 1
19 16 10 14 42457 1
18 1 24 5 39542 1
14 8 4 1 51335 1
24 10 8 20 76101 1
17 13 13 24 76371 1
4 1 13 6 46167 1
4 13 19 21 70616 1
14 9 3 15 62514 1
28 27 14 6 105541 1
23 16 29 9 42574 1
14 26 1 8 79951 1
3 12 7 27 48393 1
23 20 8 13 64243 1
1 0 26 9 97385 1
7 6 29 1 77712 1
3 21 20 15 71708 1
17 24 6 8 92535 1
15 8 23 11 40176 1
5 7 15 7 25208 1
24 17 18 23 39681 1
20 28 8 8 96043 1
27 14 7 25 91425 1
24 20 16 13 41695 1
15 19 6 26 51306 1
25 6 2 24 108800 1
7 26 13 11 67920 1
5 26 11 3 86345 1
2 10 27 24 109791 1
5 9 26 21 103179 1
15 17 26 25 52782 1
5 11 26 18 87815 1
24 2 3 2 101728 1
25 8 26 29 77568 1
20 17 9 27 62034 1
18 6 12 10 33282 1
5 13 26 28 102045 1
21 25 8 26 54574 1
8 1 20 8 60462 1
21 25 2 2 117382 1
0 8 10 14 43112 1
29 4 20 6 33591 1
10 18 1 22 38442 1
29 2 7 6 75917 1
1 20 10 15 47434 1
5 14 16 24 75788 1
6 12 22 27 86961 1
17 29 3 24 68261 1
16 13 1 25 85108 1
6 4 29 3 85392 1
23 24 26 12 46106 1
11 2 2 13 63431 1
3 14 7 7 32421 1
8 28 8 3 82778 1
6 4 1 22 68634 1
9 13 20 19 49500 1
18 9 28 14 52169 1
24 20 1 15 82663 1
13 1 23 6 50337 1
16 0 21 22 94821 1
28 12 12 28 105921 1
4 13 29 7 82856 1
26 9 1 20 104420 1
29 13 28 24 45209 1
6 29 19 2 131248 1
2 6 15 6 42382 1
28 22 23 0 93474 1
23 21 0 22 87656 1
20 20 22 10 35799 1
22 11 7 25 85346 1
29 15 13 0 101020 1
6 18 25 13 70163 1
1 6 12 19 64027 1
3 25 17 19 66526 1
8 9 26 28 100715 1
27 16 7 29 96991 1
6 2 0 26 87840 1
28 12 22 25 53489 1
20 4 8 25 97178 1
21 28 19 18 33832 1
9 25 23 20 63443 1
3 19 23 15 68630 1
25 23 0 0 132987 1
20 29 4 8 109976 1
22 14 29 10 34176 1
12 23 14 13 57769 1
6 7 7 18 40505 1
1 26 7 3 82619 1
23 12 29 8 33995 1
13 5 25 28 97994 1
1 9 20 2 76567 1
28 19 2 0 125948 1
25 22 0 7 100759 1
14 15 24 24 61452 1
22 3 18 18 65844 1
2 1 1 18 54110 1
12 2 24 13 76314 1
17 23 6 28 63667 1
21 26 13 11 71027 1
11 16 23 23 57847 1
3 0 14 22 100673 1
2 26 24 4 118643 1
4 11 20 21 75575 1
