2385 2215 2203 2615 2213 2234 2295 2478 2511 2380 2614 2625 2245 2678 2190 2428 6328 6142 6288 5879 5858 6329 6381 6081 6254 6349 6228 6340 6264
1237 1283 1519 1446 1568 1476 1548 1336 1140 1158 1089 1335 1359 1018 1124 1513 1531 1353 1075 1248 1173 5934 6448 6437 5959 6124 6362 6463 6000
8596 8613 8799 8702 8369 8500 8564 8551 8644 8681 8661 8341 8530 8315 8315 8576 8784 8381 8526 8556 8337 8425 8322 8618 8394 8393 8450 8675 8329
4637 4815 4756 4866 4508 4627 4442 4529 4526 4043 3748 3913 3663 3846 3860 3607 3733 4030 4085 3802 3790 3908 4061 3568 3812 4065 3646 3875 3714
5903 5681 5759 5994 5899 5832 5897 5720 6035 6071 5958 5794 5741 6080 5784 5829 5878 5941 5775 6077 5701 5812 5914 5983 5824 5985 5640 5876 5804
2202 1961 1881 1943 2021 2183 1877 2065 1957 2021 2327 2106 2066 2260 2198 1877 2045 1748 1355 1583 1670 1416 1742 1622 1834 1417 1560 1533 1606
3683 3739 3862 3787 3841 3621 3700 3712 4049 4034 3677 4100 2516 2324 2002 2445 2203 1974 2092 2196 2510 2131 2017 2505 2264 2304 2096 2320 2155
1284 1449 1680 1711 1703 1350 1579 1650 1619 1493 1345 1760 2063 2056 2216 2133 1997 2119 2318 2186 2286 2230 1999 2009 1957 2153 2114 2183 1805
7274 7275 7335 7015 7475 7007 7073 7010 7504 7328 7433 7441 7437 7078 7248 7232 7013 7007 7366 7378 7222 2520 2322 2084 2317 2468 2471 2214 2134
6595 6776 6580 6483 6574 6310 6388 6455 6646 6571 6701 6457 6644 6343 6499 6398 6647 6764 6644 6263 8641 8166 8494 8254 8162 8654 8356 8480 8550
4435 4400 3944 3897 4007 4003 4382 4055 4065 4233 4338 4384 4070 4051 4196 4145 4349 3983 4426 4139 3901 7174 7705 7258 7575 7249 7333 7203 7707
4261 4407 3925 4051 4008 4285 4300 4340 4289 4344 3891 4144 4418 4417 4259 4384 4278 4363 4084 4214 3970 4366 4914 4724 4826 4617 4876 5133 4760
7248 7313 7185 7414 4503 4495 4908 4384 4543 4927 4763 4749 4528 4568 4855 4930 4641 4415 4693 4860 4566 4845 4600 4577 4791 4483 4712 4608 4414
7168 2536 2492 2708 2631 2602 2394 2272 2707 2400 2150 2342 2300 2703 2201 2666 2285 2420 2272 2702 2429 2652 2608 2546 2648 2611 2374 2556 2445
3139 3147 3427 3375 3578 3181 3568 3365 3393 3124 3362 3274 3115 3284 3475 3524 3125 3184 3426 5655 5466 5793 5786 5919 5607 5937 5726 5940 5470
8751 8583 8596 8778 8729 8357 8460 8281 2468 2818 2540 2930 2928 2793 2740 2900 2594 2924 2859 2857 2795 2422 2662 2803 2718 2487 2709 2829 2479
5125 5252 5535 5316 6119 6146 5992 6173 6309 5858 6139 6025 5883 6229 6153 5978 5918 5947 6207 5947 6295 6091 6380 6338 6226 5915 6216 5993 5940
2884 2554 2328 2880 2553 2389 2698 2589 2472 2740 2588 2756 2851 2641 2683 8141 7978 7981 7766 7800 7975 8064 7672 7952 7781 7965 8001 8176 7722
3275 3373 3008 3076 3040 3336 3182 3186 3119 3396 3402 2936 3421 2944 2987 3127 2987 3421 2909 2949 3312 3428 3385 2888 3133 3427 3128 4996 4975
6035 5691 5653 7110 7093 7313 7554 7163 7302 7520 7355 7058 7434 7233 7505 7517 7242 7363 7194 7184 7252 7097 7082 7368 7432 7284 7418 7196 7131
8321 8703 8421 8619 8696 8463 8521 8866 8438 8755 8803 8715 8763 8846 8862 8755 8612 8617 8600 8625 8680 8620 8655 8621 8854 8685 8332 8729 8716
4695 4793 4596 4624 4517 4847 4625 4417 4589 4826 4555 4921 2008 1958 1767 1566 1685 1755 1715 2029 1737 1529 1830 1573 1950 1870 1615 1489 1509
5713 5393 5260 5560 5645 5717 5568 5321 5671 5529 5734 5263 5343 5700 5280 5748 1591 1741 1778 1961 1442 1623 1561 1741 1754 1604 1656 1836 1927
2214 2065 2087 2171 2179 2281 1944 2052 2010 2200 2331 2156 1987 2116 2258 1856 2142 2270 2055 2185 2235 1846 2252 2750 2724 2537 2619 2672 2338
8319 8367 8321 8764 8637 8320 8298 8276 8513 8476 8333 3752 4195 3844 3710 3739 4118 4214 4023 3723 4117 3888 4084 3947 3817 3735 3913 3961 4117
4886 5187 5095 5136 5179 5273 5238 5009 5132 5021 5224 5078 5001 4877 5322 5234 5140 5331 5031 4821 5105 4831 4808 5111 4994 5046 4959 5079 2227
6633 6658 6363 6762 6372 6517 6655 6637 6505 6604 6873 6418 6441 6355 6554 6782 6747 6825 6387 6828 3976 4154 3930 3977 4272 4195 4068 3758 3780
5166 5540 5583 5640 5291 5576 5610 5600 5543 5264 5100 5550 5394 5509 5556 5266 5272 6962 7118 6837 6948 6703 6789 6741 6734 7105 6885 6635 6915
1778 1600 1648 1846 1970 1860 2121 1600 1957 1694 2112 1869 1779 1403 1612 1419 1569 1657 1855 1847 1704 1596 1396 1737 1544 1547 1727 1832 1570
5470 5462 5892 5626 5763 5394 5530 5830 5684 5514 5881 5900 5908 4276 4401 4688 4427 4455 4566 4730 4231 4476 4270 4293 4702 4462 4372 4322 4470
4348 5279 5749 4703 7113 6639 6862 6593 4924 4833 7468 2702 3979 6269 3609 4071 7195 2339 3870 2044 4697 2038 7477 3638 6709 7018 3148 3822 5906 8254
4521 5427 7000 6434 7169 7019 6872 6921 5339 5457 7108 2449 3584 6406 3534 4059 6716 2467 4025 1888 4788 2122 7618 3412 6655 6809 3147 7041 6381 8255
4170 5242 7391 6287 7099 6596 6499 6777 5316 5187 7378 2672 3805 6422 3544 4010 6802 2060 4157 1861 5152 1835 7570 3843 6601 6722 2929 6918 6220 7957
4343 5006 6898 6625 7207 6792 6913 6382 4829 4953 7534 2369 3856 6589 3720 4075 7000 2157 4169 5117 5017 2355 7357 3609 6884 6761 3295 6932 6055 8365
4230 5020 7294 6532 7059 6793 6851 6425 4914 5110 7580 2537 4011 6641 3705 4195 7226 2046 3849 5361 4695 2269 7447 3777 6594 7039 3250 6645 6072 8210
4264 8207 6867 6124 7016 6848 6762 6731 5338 5459 7489 2329 4060 6243 3561 3947 7238 2473 4024 5284 5178 1971 7364 3429 6639 6829 3063 6949 5855 8148
4555 8355 7114 6118 6983 6622 6555 6910 4951 5340 7070 2761 3597 6686 3924 4014 2422 2191 3937 5074 4915 1895 7571 3799 6712 6626 3388 6607 5987 8068
4094 8494 7006 6490 6890 7089 6457 6891 5256 5410 7595 2332 3958 6245 3984 3866 2478 2216 3999 5130 5155 1969 7756 3729 6636 6919 3430 6546 6114 8135
4469 8434 6913 6373 6858 7049 6667 6558 5273 5233 7480 2457 3562 6349 3519 4047 2335 2297 4022 5281 5047 1992 7738 3772 6761 6746 3433 7057 5940 8256
4260 8228 7000 6431 7100 7092 6490 6941 5219 5163 7240 2465 3649 6631 3879 2404 2632 2071 4237 4919 5019 2331 7307 3646 6676 7053 3351 6952 6003 8313
4634 8494 6960 6574 7242 6572 6907 6897 4981 5073 7585 2557 3638 6713 3637 2594 2488 2255 4241 5335 5188 3446 7417 3862 6555 6542 2931 6836 6223 8263
4223 8394 6886 6107 6751 6579 6662 6599 5223 5415 7388 2662 3989 6387 3552 2685 2511 2231 3703 5312 4708 3660 7586 3706 6843 6906 2962 6823 5913 8162
4436 8292 7285 6349 6901 6626 6528 6648 4939 5435 7422 2676 3869 6600 3538 2933 2577 1982 4084 4998 5146 3441 7332 2067 6910 6933 3177 7043 6075 8058
4230 8159 7063 6445 7225 6849 6557 6901 5306 5268 7548 2577 3761 6736 3713 2436 2322 2120 4015 5094 5120 3282 7249 2055 6746 6624 3294 6916 6369 7884
4356 8081 7172 6112 6878 6746 6711 6945 5318 5350 7557 2360 6259 6299 3825 2371 2385 2459 4065 4912 4872 3266 7569 2084 6696 6672 3259 6703 5872 8400
4344 8471 7113 6339 7137 6560 6424 6582 4916 5433 7168 2386 6441 6320 3768 2897 2394 2097 6708 5043 4606 3434 7473 1799 6859 6978 4646 7102 6254 7984
4367 8501 7070 6271 6913 7760 6888 6474 4972 5426 7559 2780 6298 6766 3531 2765 2641 2352 6675 5168 4692 3358 7799 1967 6746 6685 4531 6754 6007 7868
4252 8319 6882 6532 7074 7779 6777 6924 6911 5249 7361 2537 6193 6303 4003 2407 2786 2108 6812 4851 4779 3529 7461 1977 6814 2099 4480 7036 6135 8408
4622 8304 7257 6483 7044 7462 6509 6409 6939 5405 7560 2355 6189 6208 3576 2665 2826 2055 6625 5091 4952 3234 7334 1963 6674 2532 4439 6688 6131 8226
4504 8446 7004 6334 7047 7625 6844 6904 6913 5074 7155 2519 5973 6701 1971 2443 2380 2303 6636 5278 5048 3318 8712 2011 6507 2488 4832 6778 5926 8010
4146 8464 6977 6365 7020 7404 6548 6562 6822 5132 7327 2756 6355 6646 1571 2850 2329 1950 6574 5015 4730 3475 8836 2032 6611 2573 4879 6547 5986 8146
4259 8506 7222 6228 6869 7403 6495 6522 6681 4920 7105 2777 6480 6296 1935 2461 2640 2223 6897 4955 4792 3267 8399 2169 6415 2140 4899 6945 6012 8304
4248 8307 6946 6543 6808 7415 6737 6845 6751 5429 7279 2640 6074 6498 1595 2411 2703 6160 6918 4941 5019 3324 8704 2104 6899 2518 4593 6601 6011 8118
4320 8341 7077 6326 6860 7623 6522 2658 6761 5249 7121 2579 6314 6297 1777 2750 2614 5847 6949 5340 4690 3605 8476 2222 6563 2556 4776 6555 6077 7918
4524 8017 6969 6150 6776 7389 6440 2609 6422 5361 7411 2655 6299 6379 1846 2624 2426 6203 6667 5134 5122 3597 8567 2088 6893 2278 4939 7093 6321 8228
4588 8191 6928 6347 7069 7554 3970 2628 6702 5167 7146 6496 5994 6584 1889 2788 2799 5824 6636 5044 4904 3385 8506 1849 6699 2109 4468 7057 6268 8056
4145 8352 7165 6109 6857 7375 4391 2447 6484 5349 7246 6672 6123 3995 1592 2532 2449 6156 6759 5335 5088 3423 8800 2135 7195 2088 4568 6955 6514 8015
4270 8259 7062 6176 5697 7357 4357 2837 6649 5061 7156 6318 6088 4278 1841 2810 2323 5902 6756 4899 4749 3494 8651 2245 7098 2233 4760 6651 6579 8239
4374 8359 7337 6285 5643 7693 3979 2431 6745 5364 7407 6154 6235 4210 1637 2562 2557 5935 6647 4956 4992 3123 8882 2269 7097 2556 4583 6542 6703 6979
25 20 19 15 30485 1
7 0 12 28 73674 1
19 14 0 4 72211 1
6 26 29 20 70677 1
0 8 0 25 48123 1
26 16 6 24 62309 1
29 23 21 2 65551 1
8 11 0 6 30533 1
17 23 5 22 35286 1
1 21 4 9 30573 1
7 26 23 8 71101 1
9 22 27 16 64520 1
10 15 25 23 49350 1
20 24 2 7 81396 1
18 18 8 21 38487 1
14 15 26 19 46931 1
10 6 3 24 64657 1
27 14 21 21 22888 1
8 5 3 10 29869 1
3 13 11 26 51008 1
14 29 3 28 55060 1
15 29 19 3 88519 1
16 1 13 18 61312 1
19 0 1 29 125523 1
19 23 7 19 38416 1
22 12 7 0 60322 1
20 11 29 8 38206 1
22 28 1 1 86253 1
16 4 19 28 79920 1
26 6 2 10 85026 1
5 16 22 2 78213 1
23 25 6 16 53232 1
21 25 29 7 46456 1
22 19 9 27 53226 1
23 13 13 17 28108 1
17 10 28 28 56418 1
3 24 28 18 77982 1
3 2 15 24 80888 1
27 6 23 12 26701 1
23 11 14 6 39922 1
3 22 16 4 81971 1
18 12 3 20 58716 1
28 24 19 20 31423 1
21 18 20 6 45220 1
20 28 16 5 72288 1
19 4 8 13 67467 1
10 4 15 10 44455 1
26 8 7 13 67784 1
13 19 26 16 36492 1
3 23 18 18 49173 1
27 18 10 5 86875 1
7 12 1 25 48261 1
29 27 7 10 82135 1
13 2 5 20 59080 1
18 18 24 24 30331 1
9 6 6 16 33460 1
26 0 7 16 83638 1
18 5 25 27 74239 1
24 6 4 7 77780 1
6 16 8 26 26550 1
17 16 5 29 48829 1
22 15 7 26 55465 1
20 8 11 21 67830 1
0 8 26 2 104493 1
20 11 2 20 64124 1
7 15 23 23 49059 1
17 28 5 24 53338 1
13 0 29 14 74588 1
6 9 24 19 66922 1
14 27 4 4 82838 1
2 0 5 14 35780 1
9 11 24 28 74548 1
26 29 5 20 74448 1
13 21 16 29 33408 1
26 5 9 7 86799 1
10 6 27 28 99480 1
3 5 27 6 96486 1
20 1 3 13 93066 1
23 4 11 22 66974 1
19 3 0 29 125053 1
26 12 16 24 53739 1
27 9 13 15 48994 1
17 0 9 6 61766 1
16 13 27 28 62624 1
11 5 2 25 83151 1
11 26 26 1 97990 1
7 10 5 1 26539 1
27 2 16 9 64617 1
4 28 14 12 57184 1
16 7 11 17 42562 1
28 6 19 10 41940 1
9 6 25 13 75904 1
5 17 22 24 49230 1
28 22 16 20 40442 1
7 3 9 24 49240 1
3 23 10 11 41043 1
3 15 9 27 44973 1
11 3 0 2 64402 1
12 21 18 28 36155 1
2 25 4 2 69123 1
9 24 21 14 53036 1
13 14 25 29 65083 1
0 5 5 10 26740 1
3 19 29 25 74718 1
28 29 21 8 59203 1
14 0 25 18 83210 1
18 2 29 28 86741 1
27 7 10 12 56901 1
14 17 22 3 53842 1
0 8 13 8 45834 1
8 27 25 6 86518 1
29 5 6 14 80738 1
9 13 7 26 39449 1
24 24 5 14 61882 1
14 28 23 7 65162 1
1 11 28 24 78479 1
13 2 16 18 49476 1
18 25 4 21 44137 1
21 19 10 6 64379 1
3 28 8 11 47674 1
7 8 4 1 28447 1
19 2 23 19 64244 1
0 1 13 24 68663 1
27 24 26 4 54409 1
5 3 11 28 72572 1
12 23 26 3 78539 1
11 19 23 26 47151 1
24 12 4 19 61988 1
4 15 12 5 54215 1
11 25 28 8 70113 1
7 2 10 26 55728 1
1 15 17 27 71151 1
10 25 24 10 72607 1
2 9 18 2 78192 1
13 8 12 17 23736 1
21 3 18 14 46846 1
12 18 5 9 37049 1
21 23 13 26 23693 1
8 12 25 29 85406 1
26 12 3 23 78916 1
28 3 4 11 78032 1
1 19 23 9 65656 1
15 1 4 27 95277 1
15 28 7 16 47817 1
26 4 2 23 104315 1
1 7 18 3 72533 1
27 4 21 22 50320 1
15 17 3 13 39686 1
12 12 4 26 51377 1
19 14 27 11 27386 1
11 19 9 1 61532 1
28 13 0 28 96780 1
3 15 23 26 67582 1
3 6 16 27 88875 1
16 21 4 25 44340 1
17 2 7 11 48489 1
25 21 2 9 79145 1
8 10 12 29 70165 1
27 12 9 22 74813 1
11 24 18 27 32955 1
1 27 0 9 55404 1
7 28 20 11 68442 1
11 18 22 7 56265 1
10 5 19 19 70025 1
11 18 19 8 52569 1
10 2 3 20 66336 1
29 17 6 29 83550 1
19 14 22 0 41113 1
27 16 28 4 23719 1
15 4 17 13 37686 1
13 5 23 9 44743 1
25 15 6 5 70385 1
25 13 22 5 34992 1
0 22 10 18 37177 1
21 25 11 25 34734 1
2 8 7 22 36132 1
6 12 2 18 26353 1
23 11 12 0 62183 1
25 26 9 15 61233 1
1 17 15 5 66266 1
25 21 21 7 50422 1
7 0 21 24 71752 1
4 3 26 14 80623 1
6 12 16 2 60916 1
9 29 12 3 91251 1
4 8 8 22 38482 1
11 18 5 4 44869 1
3 9 24 11 61202 1
17 24 20 13 39925 1
20 26 22 14 27820 1
18 15 10 0 67257 1
18 8 2 10 58828 1
21 15 4 17 40457 1
11 20 9 5 56899 1
26 0 23 14 42597 1
2 10 16 14 53627 1
28 26 22 5 54920 1
18 9 27 12 42274 1
28 5 12 13 61778 1
23 28 24 10 48066 1
15 22 25 18 42707 1
15 15 22 18 22323 1
28 4 7 13 72382 1
1 25 26 18 96220 1
16 19 23 24 34551 1
29 20 1 24 89476 1
3 22 22 28 61144 1
5 10 24 27 78585 1
4 15 26 5 87669 1
9 7 21 18 64032 1
1 0 4 24 47484 1
7 9 21 22 54324 1
23 11 17 24 41110 1
8 14 18 29 70894 1
1 19 28 9 72668 1
27 12 20 5 54946 1
26 4 29 29 62510 1
5 11 20 0 72395 1
8 24 5 8 37974 1
10 18 29 26 62278 1
19 17 0 23 58700 1
20 29 8 26 57699 1
22 16 3 2 82255 1
26 27 4 15 76825 1
13 19 26 26 45598 1
15 21 20 7 62439 1
11 28 6 10 60976 1
13 14 28 18 43534 1
2 27 25 15 80153 1
13 3 18 9 39302 1
1 27 22 3 107048 1
24 9 29 28 54729 1
7 2 18 12 44855 1
10 3 29 20 94736 1
18 11 22 19 27179 1
6 16 17 4 55931 1
4 0 10 21 55734 1
13 17 23 20 30166 1
18 18 2 18 44663 1
24 11 20 29 46133 1
15 1 23 3 49859 1
22 15 4 26 58509 1
11 25 9 6 69585 1
29 1 0 1 115971 1
2 15 29 20 81761 1
2 9 14 1 70536 1
3 13 12 24 53987 1
21 5 11 20 76082 1
20 9 5 3 66550 1
21 20 20 8 40196 1
26 15 29 29 35321 1
11 8 22 18 53324 1
11 7 5 22 51336 1
19 7 26 13 50685 1
28 29 3 15 81632 1
24 3 13 22 67392 1
6 19 23 14 45301 1
27 21 20 28 35724 1
9 16 12 25 39011 1
18 14 6 18 37454 1
23 21 8 10 64130 1
5 1 28 20 91325 1
7 20 2 12 29711 1
19 7 12 21 59913 1
4 12 24 22 69579 1
4 15 6 23 20592 1
1 20 26 10 79977 1
25 4 7 25 91040 1
16 13 7 22 45802 1
8 17 1 27 40250 1
10 27 19 1 105687 1
20 9 9 22 75281 1
0 20 18 8 69076 1
8 10 20 11 37764 1
22 15 8 5 64115 1
3 25 17 20 57270 1
28 5 0 27 105432 1
15 13 2 18 45397 1
15 14 22 1 57836 1
24 20 2 21 63608 1
3 10 6 17 23679 1
12 26 28 12 58140 1
28 13 16 16 30173 1
13 2 20 27 78447 1
21 25 20 1 73433 1
19 6 5 14 62105 1
23 28 14 29 52183 1
10 14 28 3 67695 1
1 5 26 23 80109 1
27 23 0 12 77141 1
16 20 3 24 48766 1
8 4 5 19 37621 1
26 2 12 27 95756 1
3 6 29 10 99711 1
21 1 15 5 49738 1
12 6 0 21 63484 1
16 6 26 3 71550 1
13 11 0 27 68422 1
17 24 4 4 82240 1
26 7 17 2 54305 1
10 15 10 26 42960 1
3 8 0 27 64984 1
7 22 18 7 64256 1
17 3 11 22 66799 1
24 29 15 6 86737 1
21 13 7 16 39469 1
2 4 14 6 65230 1
10 15 25 24 54461 1
16 13 29 9 47224 1
21 25 8 0 77796 1
19 29 4 21 68889 1
19 22 4 28 60975 1
17 13 8 16 31002 1
5 14 25 11 57592 1
10 17 20 10 47282 1
22 10 14 20 48793 1
1 26 25 27 84412 1
4 19 10 12 34762 1
13 24 15 4 63385 1
6 16 2 8 30012 1
5 1 25 0 89309 1
22 10 0 3 74511 1
21 28 4 6 83902 1
12 7 25 20 70652 1
22 2 8 14 76900 1
12 27 28 4 78035 1
24 14 5 24 56621 1
15 22 6 15 38327 1
14 16 10 23 29325 1
1 3 26 9 87022 1
17 6 12 26 63752 1
28 7 18 23 46508 1
16 23 0 29 73422 1
9 9 3 22 45258 1
8 7 8 29 54631 1
10 18 25 3 72346 1
20 11 25 27 49842 1
0 16 28 22 78925 1
25 19 17 7 53287 1
23 16 2 13 61999 1
7 0 3 16 41688 1
21 24 4 15 55445 1
7 16 10 9 26053 1
8 4 18 5 65039 1
5 27 21 4 94588 1
25 26 18 14 40358 1
14 0 24 21 81790 1
6 10 20 11 39101 1
13 19 24 29 52482 1
28 12 25 23 24066 1
18 29 6 2 94033 1
25 16 15 1 73760 1
28 19 7 9 66990 1
27 21 22 27 25884 1
3 20 13 27 44188 1
14 26 6 1 75393 1
20 15 23 0 37940 1
13 21 22 25 26811 1
15 7 19 21 55374 1
23 18 5 0 79056 1
10 8 29 1 87394 1
18 20 11 16 27788 1
4 19 15 22 38289 1
26 11 20 5 46770 1
6 16 1 8 24673 1
27 9 12 12 57555 1
18 29 27 21 48883 1
18 22 2 29 71887 1
14 29 3 10 76221 1
19 10 28 28 56293 1
9 15 16 10 33624 1
8 2 4 25 58034 1
11 18 20 4 72370 1
16 26 12 17 33858 1
18 9 7 7 40694 1
25 8 14 4 65550 1
10 6 29 17 79874 1
11 8 25 5 67477 1
1 8 15 27 65518 1
4 4 18 13 60746 1
0 26 12 1 92836 1
24 21 24 5 45306 1
15 1 23 15 66864 1
23 8 1 19 67666 1
4 28 0 21 27815 1
25 2 29 9 39521 1
13 10 21 12 27341 1
18 27 7 11 62818 1
7 15 5 0 33777 1
11 26 23 21 38203 1
5 6 23 3 73341 1
0 16 22 29 75404 1
5 1 22 1 81930 1
14 9 11 0 41437 1
10 4 25 21 88590 1
27 1 23 11 41076 1
25 13 22 27 33769 1
27 14 18 11 26410 1
21 0 24 29 80849 1
1 12 25 9 72429 1
13 29 11 14 44505 1
13 12 10 24 44131 1
29 14 17 21 39922 1
27 21 17 5 61421 1
5 25 22 24 51264 1
22 21 12 24 27885 1
2 11 13 29 64534 1
14 7 23 9 40885 1
15 21 28 1 65252 1
4 18 15 22 38132 1
4 0 11 14 50810 1
13 5 5 22 54335 1
28 20 12 17 45482 1
16 4 14 28 82930 1
27 10 29 23 31243 1
16 2 27 10 69393 1
3 0 13 29 85576 1
6 28 12 6 72266 1
17 3 5 12 53357 1
28 23 22 8 43151 1
18 25 9 8 71233 1
24 3 17 27 73603 1
3 4 18 10 64998 1
24 5 12 9 56113 1
14 15 23 7 38547 1
19 16 1 25 67797 1
20 18 0 4 74865 1
26 25 3 24 69976 1
25 7 25 22 46018 1
9 13 13 21 37404 1
1 11 12 25 56016 1
24 16 12 19 36265 1
23 17 19 26 32163 1
26 15 11 7 64125 1
26 28 5 1 105254 1
3 29 10 5 79322 1
7 27 1 1 51201 1
19 26 20 4 76200 1
0 26 10 26 32434 1
8 8 24 28 84681 1
25 13 13 25 48725 1
21 10 15 18 34249 1
7 26 13 13 42164 1
11 1 10 12 48781 1
20 26 19 17 25120 1
6 12 27 0 85058 1
13 23 19 8 59076 1
16 2 15 16 49764 1
15 11 2 15 44098 1
16 27 29 9 71877 1
7 26 17 17 41337 1
18 14 5 11 42180 1
13 20 25 9 54786 1
18 18 24 29 46093 1
13 28 23 6 64562 1
19 6 20 23 56858 1
2 1 11 10 47809 1
21 25 0 23 65700 1
15 20 27 0 68505 1
24 29 3 22 76588 1
21 3 3 8 91913 1
5 4 11 26 60620 1
13 24 4 3 70345 1
6 10 25 23 67902 1
4 17 20 21 47917 1
10 28 3 7 73659 1
27 7 4 26 85541 1
14 24 16 3 73753 1
28 28 20 23 25231 1
2 23 15 29 56407 1
0 16 27 11 81419 1
19 2 26 23 78031 1
22 25 10 1 92666 1
17 3 12 16 45801 1
20 24 8 25 43931 1
21 20 5 13 49039 1
23 24 0 28 84131 1
21 17 27 1 49211 1
0 22 18 14 59899 1
28 29 14 27 53511 1
0 0 29 13 94024 1
6 28 16 17 46169 1
17 27 0 22 71625 1
29 17 5 14 67392 1
8 26 15 6 75154 1
18 15 13 4 39578 1
12 10 9 18 36624 1
12 4 21 7 62714 1
9 14 10 5 41460 1
11 1 20 8 71855 1
27 25 27 3 46556 1
7 29 15 14 50909 1
0 12 26 27 87962 1
27 15 6 27 73434 1
23 6 16 17 36112 1
15 10 17 29 67821 1
24 16 8 26 58730 1
1 15 14 2 64521 1
5 17 1 6 22881 1
9 24 16 1 95510 1
25 26 11 10 69392 1
4 28 26 0 109857 1
18 8 8 18 54897 1
26 16 16 21 38506 1
19 28 5 14 72026 1
19 14 2 2 75063 1
3 7 7 13 29490 1
19 6 29 5 53241 1
15 7 3 2 73750 1
25 13 25 25 34565 1
7 7 0 15 30131 1
11 19 15 25 30205 1
18 28 2 25 71401 1
11 1 7 26 70063 1
24 6 10 1 80575 1
14 29 18 15 53615 1
1 18 10 16 24189 1
11 2 24 12 68263 1
25 3 24 20 53359 1
0 27 23 15 79667 1
25 17 16 6 56112 1
16 23 1 12 51878 1
8 7 0 21 42882 1
12 18 22 24 36545 1
0 29 1 13 61248 1
17 29 23 11 61452 1
13 25 4 23 36981 1
22 3 3 12 78456 1
22 7 10 14 59197 1
15 20 3 5 68907 1
20 16 28 8 28951 1
18 15 10 5 55393 1
10 5 18 10 49013 1
21 27 10 24 39789 1
13 16 0 25 56506 1
16 11 6 7 35489 1
3 7 14 13 49782 1
18 23 2 16 56941 1
23 5 3 17 66988 1
19 25 9 20 43162 1
25 27 18 17 39489 1
6 20 15 0 72243 1
21 22 6 20 44222 1
22 24 10 22 37138 1
23 26 26 7 49435 1
10 28 28 28 69263 1
16 4 20 26 69783 1
29 0 8 20 89378 1
14 25 4 5 75914 1
27 4 9 21 81700 1
16 18 1 12 45614 1
15 29 26 16 52182 1
22 16 19 9 34447 1
21 9 7 5 53836 1
4 2 24 27 101827 1
0 16 17 3 72613 1
19 15 4 10 53821 1
6 11 19 7 50062 1
26 14 25 3 41415 1
13 3 4 19 60366 1
5 17 6 1 40823 1
22 29 17 12 44478 1
16 15 2 9 54685 1
6 24 29 2 94642 1
28 22 29 11 24464 1
6 11 20 26 66349 1
28 1 22 7 31069 1
9 17 25 2 74091 1
3 23 21 17 52060 1
9 0 4 15 43341 1
24 8 20 25 44800 1
24 22 3 27 69541 1
21 9 14 18 41794 1
23 7 25 26 49259 1
27 26 28 3 44454 1
23 5 4 23 76076 1
24 15 6 5 67761 1
11 10 6 26 47952 1
5 16 14 14 30623 1
7 21 1 28 37343 1
27 12 24 26 39649 1
18 29 24 17 50548 1
11 6 2 20 62436 1
26 16 11 10 53128 1
24 13 1 5 73686 1
28 15 6 24 67058 1
0 16 11 16 33991 1
18 21 25 24 26513 1
5 28 28 23 66676 1
24 8 6 24 76062 1
13 9 19 15 29637 1
12 14 26 13 43737 1
29 10 8 3 89550 1
1 9 18 23 59404 1
29 6 22 13 34754 1
1 22 25 11 74714 1
16 29 9 2 96557 1
23 26 21 8 48754 1
23 27 1 28 87554 1
16 28 0 29 78681 1
15 2 0 4 81244 1
12 9 24 1 65333 1
0 26 23 23 68813 1
17 13 12 0 52206 1
10 13 5 20 31129 1
19 14 18 23 25161 1
8 24 16 26 31838 1
3 14 26 16 63061 1
28 14 14 18 36001 1
26 24 14 21 34508 1
24 0 2 26 101682 1
2 2 24 16 80181 1
16 20 1 16 45802 1
12 13 9 1 53771 1
29 2 10 17 70601 1
21 24 3 19 55642 1
14 27 29 9 71051 1
24 1 6 19 81221 1
5 27 11 22 27561 1
3 20 26 18 77486 1
29 19 24 6 44301 1
27 10 6 3 82906 1
27 22 15 28 44651 1
16 8 4 14 48055 1
21 15 8 8 55242 1
0 15 21 6 82455 1
5 12 27 10 71534 1
26 7 13 26 65583 1
26 1 22 25 70863 1
18 26 1 21 53876 1
7 12 12 5 38060 1
9 15 19 13 35631 1
27 18 12 24 52498 1
29 21 16 4 70516 1
11 15 6 25 35902 1
2 28 19 25 71604 1
13 25 28 0 74407 1
25 26 21 17 28222 1
6 13 12 3 49235 1
12 5 27 22 82608 1
11 4 18 15 53230 1
25 0 11 5 81483 1
27 29 7 19 75467 1
27 25 14 9 64969 1
8 4 11 25 66404 1
29 6 11 18 62027 1
29 10 7 8 75067 1
29 11 4 19 72322 1
27 22 14 8 70053 1
11 3 8 20 62321 1
10 10 19 25 60248 1
8 4 26 24 84919 1
13 2 0 19 64974 1
22 25 9 27 50133 1
23 23 4 19 54740 1
12 1 26 19 91229 1
26 24 25 12 38212 1
11 1 21 13 67851 1
19 1 22 20 66873 1
20 5 1 23 102725 1
2 25 28 3 103866 1
4 14 27 2 91399 1
22 27 26 5 61113 1
5 0 24 28 100650 1
21 18 26 4 50167 1
8 18 27 8 70243 1
22 8 5 4 73669 1
16 29 23 25 41884 1
24 29 7 26 68992 1
7 22 22 22 42399 1
3 1 6 13 38944 1
7 29 12 22 34693 1
1 24 2 7 43192 1
14 15 6 13 29305 1
3 4 15 26 83005 1
8 27 23 29 60365 1
25 1 17 3 47527 1
21 24 12 14 40302 1
23 25 2 2 89392 1
24 13 18 21 31432 1
12 25 27 20 51580 1
26 21 24 1 61508 1
5 28 0 4 48862 1
6 10 15 11 26524 1
22 24 29 7 43884 1
15 16 5 21 31064 1
29 2 10 18 74584 1
5 14 28 14 58773 1
2 26 21 15 62272 1
16 4 3 7 75861 1
13 0 7 28 78758 1
21 2 6 7 87276 1
1 2 4 21 31321 1
28 1 2 5 103536 1
6 14 25 26 67559 1
9 8 1 28 71708 1
28 8 9 8 74809 1
11 7 2 2 61072 1
13 0 25 7 63536 1
13 21 3 13 44452 1
29 9 2 26 90735 1
6 9 3 27 46937 1
16 24 26 26 35607 1
13 5 24 21 62540 1
19 22 15 11 46364 1
19 29 26 10 69168 1
18 22 8 4 70061 1
28 26 2 13 85282 1
7 18 13 11 29493 1
11 2 26 6 85000 1
23 7 13 11 34280 1
0 16 8 0 47409 1
17 24 0 10 68448 1
15 25 14 5 60614 1
15 19 24 18 36111 1
25 13 10 23 53166 1
24 7 29 14 24572 1
0 12 26 21 77470 1
7 26 24 11 67139 1
10 23 19 20 34594 1
29 9 14 8 62414 1
13 14 21 27 42199 1
27 9 19 25 50590 1
4 13 17 25 65344 1
3 19 22 27 62992 1
2 14 6 3 39791 1
1 20 20 16 49451 1
28 24 16 7 64043 1
13 9 6 29 60520 1
12 13 5 7 35210 1
17 20 9 3 73107 1
0 24 5 4 58036 1
26 12 17 20 47222 1
7 6 10 16 25359 1
2 16 24 23 66553 1
27 17 8 12 66996 1
27 28 11 15 67951 1
25 7 26 29 58384 1
18 4 24 12 42039 1
16 18 26 5 61107 1
27 9 18 0 58205 1
24 17 7 3 68420 1
8 7 14 16 40569 1
17 22 27 10 58062 1
4 5 6 17 34248 1
6 29 14 4 80351 1
9 18 25 29 72619 1
0 11 20 6 75246 1
0 9 25 18 80878 1
11 0 12 27 85993 1
4 26 16 9 65403 1
25 22 17 12 45182 1
1 6 19 17 53788 1
11 1 22 20 80296 1
6 29 14 4 80351 1
9 11 5 20 26364 1
25 0 19 6 48465 1
20 10 29 0 55945 1
26 17 10 4 87624 1
22 5 22 20 40380 1
20 24 14 6 67091 1
21 4 23 29 69626 1
15 13 29 24 54905 1
2 24 26 27 84840 1
9 0 14 22 69601 1
29 25 24 8 48998 1
19 11 11 17 33705 1
15 16 2 5 56084 1
18 0 1 21 86025 1
18 11 25 1 50311 1
2 16 26 19 76099 1
25 5 17 3 57847 1
16 18 15 5 54028 1
15 23 20 1 81659 1
15 19 2 12 46937 1
20 27 17 19 37486 1
8 22 16 27 41333 1
4 10 15 3 61155 1
9 4 5 28 58856 1
1 21 9 16 25053 1
20 20 24 12 28593 1
15 16 6 29 48640 1
10 23 19 27 38781 1
8 29 27 12 83516 1
1 20 20 17 45616 1
24 4 13 13 52186 1
0 10 19 3 79609 1
9 19 23 25 52835 1
24 5 0 25 106913 1
12 18 4 21 28774 1
0 24 4 7 58149 1
29 17 24 26 31714 1
26 29 25 15 44576 1
17 7 3 22 67418 1
12 28 19 8 77886 1
20 13 13 26 47910 1
26 19 24 0 60212 1
24 8 16 21 52259 1
11 24 10 4 75536 1
25 11 2 24 82270 1
7 8 23 0 68827 1
20 19 1 20 56051 1
22 2 11 12 61370 1
27 21 11 3 88368 1
19 8 28 25 63043 1
14 14 29 28 64267 1
3 9 20 4 82233 1
16 13 6 3 50832 1
3 26 24 24 65758 1
12 14 20 8 47292 1
16 27 26 8 78095 1
19 16 26 27 39942 1
24 0 17 8 51226 1
29 1 5 13 91274 1
18 23 29 15 36423 1
2 29 23 18 85937 1
20 6 4 28 97868 1
10 16 18 23 34826 1
13 25 27 4 73232 1
19 22 2 3 83397 1
8 19 10 3 53536 1
8 29 29 5 98362 1
14 12 28 23 55576 1
26 6 16 27 78038 1
3 9 12 24 61845 1
4 8 29 2 95699 1
1 12 27 21 76914 1
10 12 21 14 41301 1
8 16 2 11 25374 1
5 8 25 8 71100 1
21 9 8 12 49141 1
11 22 21 3 81916 1
3 10 5 26 35593 1
28 18 9 20 63825 1
2 2 16 15 66261 1
26 0 23 19 53178 1
27 10 18 6 52834 1
20 12 24 28 47586 1
16 11 21 21 33990 1
6 3 26 16 75645 1
10 23 0 7 50194 1
2 13 11 25 56529 1
6 27 12 17 35191 1
25 16 22 7 30851 1
19 17 0 11 50219 1
16 28 6 10 70737 1
7 5 22 8 63164 1
0 17 3 4 33802 1
25 2 23 19 50141 1
1 9 11 27 55694 1
12 17 29 12 46336 1
0 22 8 12 41033 1
1 23 23 16 65832 1
3 25 13 7 65847 1
3 27 27 25 76174 1
28 24 17 28 42745 1
3 21 3 5 38048 1
23 14 15 16 22219 1
16 4 6 23 77371 1
16 29 19 3 96503 1
29 22 10 2 102991 1
29 9 12 12 60370 1
10 27 17 13 60035 1
20 13 29 10 35649 1
4 1 21 19 76438 1
26 4 17 13 56893 1
2 12 16 24 61800 1
26 12 0 2 89926 1
12 27 20 2 97384 1
9 21 27 18 63992 1
5 27 20 22 56954 1
27 27 14 19 55415 1
23 18 0 17 56882 1
3 19 8 5 45299 1
16 16 6 17 24629 1
2 9 8 17 31194 1
16 3 9 14 59234 1
23 21 14 2 73829 1
8 11 23 11 38504 1
15 5 17 17 50433 1
21 9 14 27 62623 1
26 22 6 19 58950 1
28 11 17 16 31180 1
25 12 0 29 106197 1
23 7 16 21 47550 1
3 1 25 19 97159 1
15 23 24 24 22191 1
17 13 1 9 48223 1
28 26 27 14 21324 1
8 13 13 24 45328 1
7 14 5 25 23980 1
23 1 18 13 40724 1
25 8 21 20 39175 1
5 14 28 28 74639 1
25 4 6 1 93403 1
16 21 0 15 51232 1
29 20 11 6 80955 1
5 4 26 3 96368 1
27 24 11 27 54016 1
24 22 2 1 90722 1
7 14 4 6 28067 1
11 7 9 29 76564 1
17 26 6 25 40706 1
14 15 1 13 39019 1
12 12 29 11 57354 1
12 24 24 10 57386 1
12 7 18 16 40917 1
12 6 3 3 63346 1
18 6 20 29 66469 1
8 21 29 24 57392 1
0 19 23 6 73706 1
3 15 24 5 81951 1
10 16 11 1 56254 1
26 29 12 21 55514 1
26 11 4 7 72451 1
29 26 7 18 66998 1
29 18 9 12 69723 1
22 2 18 8 46490 1
13 20 26 10 57249 1
18 25 4 21 44137 1
22 13 18 19 25291 1
21 26 6 3 77277 1
23 26 11 4 83628 1
24 11 10 12 40545 1
16 15 14 28 44328 1
20 26 9 24 47695 1
26 14 21 0 43812 1
23 1 7 28 90177 1
26 16 7 9 59915 1
6 6 28 20 80240 1
28 2 14 2 70609 1
11 27 2 20 45703 1
13 20 11 1 62543 1
2 11 15 2 64408 1
13 16 24 13 32547 1
16 27 2 29 67836 1
2 12 27 12 80574 1
9 6 3 1 43348 1
13 25 28 5 65565 1
23 28 20 14 32759 1
25 1 7 7 84207 1
8 25 16 23 27392 1
10 4 29 21 92655 1
20 3 24 17 53409 1
7 3 18 6 56524 1
6 29 3 2 65646 1
17 21 11 8 54722 1
20 5 0 8 85925 1
23 5 8 26 77767 1
8 15 16 3 61492 1
22 5 9 28 95807 1
15 8 12 22 45369 1
21 13 29 10 29003 1
26 13 9 13 60628 1
0 15 0 2 26574 1
11 22 10 12 44063 1
29 26 27 18 24565 1
29 28 9 16 69999 1
9 14 22 19 44424 1
14 7 3 0 65225 1
13 23 23 14 35031 1
24 13 2 27 80825 1
14 21 5 29 36717 1
18 0 10 29 109586 1
0 26 23 6 90660 1
27 11 23 27 45725 1
24 28 15 1 98984 1
7 1 2 22 53708 1
13 28 28 19 49978 1
9 29 9 17 42177 1
22 18 14 29 46708 1
11 20 20 7 70427 1
23 0 2 27 104997 1
23 29 13 29 49415 1
17 28 28 5 73285 1
27 21 9 27 65768 1
3 3 26 1 117529 1
1 21 18 27 57004 1
12 4 10 22 66098 1
11 6 21 9 54764 1
17 10 14 25 53351 1
29 16 26 25 21783 1
23 15 13 11 34204 1
20 21 13 24 25268 1
22 24 9 6 77601 1
25 3 11 7 77090 1
1 5 27 4 97120 1
5 5 27 21 86621 1
1 11 16 9 45994 1
25 16 10 13 49061 1
0 8 14 29 78280 1
2 9 26 24 84043 1
3 12 19 9 53901 1
9 7 0 8 42984 1
26 7 8 7 70322 1
17 3 7 26 77643 1
16 19 4 16 41045 1
5 21 6 11 21237 1
13 13 23 10 32660 1
22 21 28 5 40670 1
