1677 1391 1375 2955 2882 3067 2770 3025 2765 2905 2817 2881 2805 3013 2947 3074 2978 2785 3060 2916 3046 3080 2985 2835 2834 3081 2932 2981 2810
8399 8660 8361 8657 8683 8626 8509 8356 8523 8464 8370 8648 8664 8400 4277 4381 4292 4375 4253 4142 4226 4174 4378 4401 4371 4338 4281 4133 4084
5979 5851 5985 5942 5905 5713 5713 5848 5724 5842 5776 5869 5936 5781 5964 6017 6453 6373 6591 6520 6454 6602 6385 6414 6577 6381 6310 6468 6451
7477 7254 7347 7283 7418 7410 7428 7205 7409 7305 7403 7376 7273 7246 7460 7254 7195 7264 7259 7453 7401 7365 7458 7399 7476 5681 5725 5946 5779
7226 7269 7372 7312 7276 7232 7129 7381 7367 7115 7228 7087 7197 7361 2950 2987 2758 2892 2727 2912 2859 2946 2886 2758 2788 2874 2889 2858 2776
3023 2971 2854 2853 2887 3097 2777 3008 2781 2779 2798 2897 2971 3058 2922 3069 2879 3051 2909 2993 3025 2809 2915 2841 7710 7678 7731 7582 7838
6635 6561 6725 6652 6716 6681 6779 6580 6777 6739 6760 6557 6657 6730 3173 2918 3234 3087 3023 2935 2929 3138 3004 3140 3226 3018 3128 3026 2938
5668 5499 4194 3938 4097 4188 3932 3892 3996 3913 3985 4071 4176 3901 3942 4013 3922 4004 4070 4121 4138 4165 3904 3895 4183 4077 3913 3900 4079
1479 1321 1402 1250 1436 1324 1206 8490 8539 8682 8485 8748 8605 8774 8513 8521 8530 8757 8619 8679 8620 8785 8696 8570 8678 8668 8505 8660 8676
4105 4059 4002 4186 4081 3917 4078 4014 4219 4210 4204 1802 1786 1669 1855 1603 1542 1851 1588 1659 1556 1865 1562 1546 1716 1778 1816 1679 1577
8343 8245 8154 8240 8144 8140 7542 7458 7391 7564 7439 7579 7442 7598 7523 7536 7604 7408 7583 7505 7413 7420 7325 7431 7304 7423 7381 7474 7360
6008 6099 6182 6001 5986 6177 5933 6083 6051 6067 6077 6096 6174 6193 6015 6010 5963 8208 8389 8117 8387 8352 8132 8391 8128 8317 8163 8403 8317
2997 2953 2999 3162 3097 3104 3032 3030 3095 3204 2974 6408 6475 6231 6428 6285 6506 6406 6300 6356 6320 6272 6507 6283 6363 6287 6328 6356 6385
4000 3816 3726 3757 3868 3867 4009 3979 3829 3729 3886 3982 3929 3902 3976 3918 3721 3839 1450 1491 1628 1627 1557 1687 1653 1669 1599 1619 1558
1479 1390 1508 1357 1364 1451 1572 1611 1618 1338 1623 1559 1604 1591 1374 1367 1560 1499 1591 1519 1598 1354 6479 6376 6399 6586 6490 6497 6579
7549 7332 7372 7332 7576 7292 7427 7438 7482 7571 7567 7426 7461 7565 7508 7338 7468 7271 7597 7447 7559 7293 7492 7286 6554 6255 6459 6344 6429
8350 8168 8300 8138 8263 8107 8324 8356 8218 8261 8258 8090 8342 8073 8380 8309 8351 8240 8366 8350 3663 3644 3478 3375 3606 3593 3623 3555 3508
2530 2292 2477 2287 2498 2471 2553 2497 2428 2363 4302 4482 4496 4272 4521 4262 4546 4567 4420 4283 4394 4502 4575 4322 4560 4581 4323 4310 4521
4326 4498 4528 4511 4473 4346 4422 4575 4343 4516 4453 3940 4185 4131 4068 4083 4144 4050 3932 3883 4062 3991 4192 4039 3880 4038 4053 3890 4074
2467 2318 2445 2202 2328 2250 2325 2471 8652 8714 8782 8815 8884 8881 8832 8824 8683 8688 8803 8772 8665 8868 8825 8627 8827 8700 8748 8812 8798
7970 8083 8146 8009 8088 7993 8174 8165 8077 8249 8080 8232 8004 8044 8245 8017 7976 8116 8055 8133 7938 7942 7971 8028 8079 6183 6010 5926 6114
5151 4931 5114 4984 5163 5121 5028 5023 4941 4977 5227 5080 4997 5157 4962 5015 5248 5048 5007 5196 5242 5004 4935 5232 4927 1533 1558 1533 1692
4073 4046 4108 3991 4237 4199 4023 4167 4194 4008 4019 4149 4015 4159 4177 4159 4233 4071 4060 4160 4172 3978 4061 3955 4034 3977 4187 4050 3026
3952 3983 3991 3892 3773 3904 4035 3919 3709 3890 3724 4037 3917 3910 4016 4045 3753 3762 2339 2426 2317 2596 2587 2546 2576 2547 2500 2456 2403
3176 3261 3067 3208 3052 3175 3174 3196 8627 8515 8450 8601 8570 8670 8627 8540 8690 8588 8710 8764 8652 8599 8608 8465 8509 8713 8575 8743 8540
1427 1315 1466 1440 1323 1416 1455 1458 1313 1252 1527 1463 1386 1527 1384 1369 1321 1421 1327 1424 1539 1364 1549 1577 1347 1507 1404 1368 5752
3352 3355 3149 3158 3302 3291 3430 3204 3379 3165 3397 3432 7302 7135 7022 7275 7238 7177 7313 7032 7286 7176 7208 7327 7306 7199 7111 7005 7010
6542 6703 6448 6574 6748 6449 6640 6580 6654 6709 6427 6723 6713 6535 6603 6512 6414 6651 6694 6415 6611 6662 6574 6591 6744 4245 4481 4342 4244
3740 3598 3850 3852 3605 3790 3810 3565 3652 3873 3844 3834 3790 3886 6144 6195 6154 6351 6299 6355 6171 6321 6380 6359 6119 6130 6154 6383 6361
1393 5686 5725 5454 5623 5693 5429 5683 5710 5448 5682 5678 5552 5578 5728 5727 5504 5426 5611 5659 5481 5571 5609 5668 5498 5602 5549 5594 5547
5020 3069 7630 7186 2663 8102 5405 7489 2980 1300 7880 6919 7099 5120 6594 3085 3023 5863 3894 8755 7334 8252 1074 5501 2521 5555 4326 4063 5282 5653
5090 2993 7866 7256 8583 8096 5598 7187 2851 2023 8001 6963 7175 4932 6704 2944 2934 5793 4082 8611 7493 8232 1126 5754 2679 5616 4538 4173 5255 5704
4966 3189 7807 7385 8455 8212 5399 7512 2881 2121 8144 3602 7297 7061 6833 3028 2931 5881 3932 8758 7256 8136 1168 5717 2658 5542 4277 4088 5157 5554
3760 3115 7703 7343 8623 8208 5404 7425 2776 1963 8028 3684 7352 6855 6850 3197 3141 5934 4073 8790 7280 8135 1270 5655 2412 5453 4285 3964 5072 5628
3727 2956 7643 7424 8363 8071 5611 7468 2993 2151 8075 3677 7369 6967 6747 2979 2836 5921 3864 8771 7486 8321 1341 5802 2614 5512 4468 4249 5171 7386
3663 2966 7673 7315 8663 8127 5486 7379 2865 2041 8000 3537 7157 7008 6804 3192 7752 5787 3846 8828 7360 8105 1254 5677 2406 5405 4436 3975 5263 7275
3595 3063 7613 7376 8533 4474 5364 7374 2809 2140 8181 3436 7130 6967 6763 2922 7779 5642 3968 8624 7351 8154 1122 5617 2481 5399 4314 3950 5065 7231
3725 3198 7728 7322 8644 4433 5287 7287 2944 1985 7937 3710 7186 7089 6565 3048 7931 5835 3981 8673 7286 8058 1329 5711 6974 5428 4360 4160 1442 7232
3552 3223 7818 7159 8403 4269 5544 7222 2887 2158 8138 3672 7310 6898 6848 3159 7713 5717 3967 8724 5725 8192 1209 5799 6765 5555 4494 4212 1293 7494
3781 3250 7622 7337 8513 4480 5604 7244 3030 2125 8195 3506 7362 7122 6669 2906 7712 5918 3945 8772 5740 8254 1308 5635 6924 5319 4468 4086 1373 7324
3768 2982 7710 7133 8375 4304 5367 7382 4426 2066 7942 3730 7080 7066 6866 3112 7739 5690 4025 8614 5630 8034 1227 5491 6650 5352 4474 4044 1519 7305
3712 3096 7688 7304 8454 4240 5529 7256 4478 2064 8086 3429 7276 6813 6670 3005 7757 5706 4142 8702 5810 8367 1158 5696 6700 4779 6977 3947 1334 7541
3531 3223 7696 7225 8616 4173 5286 7271 4547 2030 8128 3665 7114 6850 6851 3126 7760 5850 3896 8794 5750 8152 1112 5585 6800 4701 7002 4088 1369 7414
3504 2971 7821 7207 8571 4177 5613 7407 4298 2218 8075 3685 7113 6863 5441 3039 7832 5922 3901 8655 5708 8366 1302 5614 6885 4674 7054 4053 1356 7299
3518 3277 7699 7320 8558 4326 5352 7360 4488 2204 8096 3724 7127 6909 5515 2943 7723 5840 4077 6354 5846 8111 1163 5651 6698 4678 6980 4143 1539 7385
3702 3203 7693 7122 8525 4395 5471 7281 4499 2192 7866 3596 7239 6987 5437 3055 7970 5951 4135 6353 5758 8209 4619 5753 6918 4688 7067 4040 1374 7488
3557 3170 7721 7198 8511 4499 5491 7307 4303 2202 8167 3397 7112 7012 5614 3161 7912 5868 3889 6335 5659 8256 4700 5534 6795 4664 7055 4927 1527 7493
3574 3069 7850 7388 8450 4284 5316 7191 4252 2102 8174 3547 7072 6831 5507 2901 7725 5848 3968 6195 5754 8181 4867 5611 6878 4766 6836 5092 1333 7499
3592 3182 7689 7301 8527 4419 5301 7463 4353 1977 7910 3684 7225 6939 5507 3073 7789 5721 2994 6108 5682 6500 4894 5535 6865 4764 6971 5053 1466 7486
3753 3152 7664 7127 8546 4472 5397 7452 4525 2048 7892 3618 7113 6814 5588 3007 7746 5962 3079 6326 5653 6516 4751 5640 6676 4728 6997 5010 1430 7336
3756 3232 7802 7278 8562 4336 5559 7417 4287 1942 8135 3414 7344 7026 5637 2538 7807 5951 2908 6329 5749 6605 4806 5638 6828 4815 6941 4971 1318 7419
3612 3141 7682 7045 8523 4258 5529 7418 4233 2200 8096 3448 7147 7027 5619 2600 7783 5740 2811 6101 5827 6583 4723 5545 6895 4566 6966 4844 1506 7396
3520 3171 7611 7077 8663 4240 5304 7431 4400 2116 8153 3425 7218 6884 5480 2723 7955 5851 2848 6368 5707 6478 4692 5541 6834 4799 7106 5009 1417 7365
3540 3277 7713 7188 8457 4259 5382 7387 4420 2132 8038 3420 7105 7011 5391 2580 7785 5659 2957 6291 5872 6415 4740 5636 6849 4636 7048 4896 1457 7286
3719 3149 8198 7250 8466 4357 5503 1252 4508 1962 8163 3536 7187 6882 5398 2478 7696 5878 2980 6316 5779 6390 4774 7373 6971 4542 7084 5048 1400 7288
3770 1557 8196 7219 8421 4206 5342 1109 4527 2201 8173 3548 7068 6860 5499 2609 7950 7442 2979 6239 5714 6444 4580 7543 6774 4602 6798 4813 1272 7372
3771 1576 7947 7128 8610 4429 2215 1328 4377 2010 8096 3506 7338 7042 5344 2704 7938 7320 3075 6260 5703 6408 4838 7680 6851 4800 6913 5070 1377 7462
3695 1617 8178 7157 8650 4242 2333 1251 4352 2264 8128 3653 2190 6965 5511 2683 7663 7527 3099 6202 5832 6652 4754 7602 6741 4665 6800 4927 1423 7563
3769 1679 7900 7000 8427 4390 2340 1129 4271 2048 6930 3659 2283 7056 5483 2697 7881 7277 3021 6079 5697 6419 4627 7447 6784 4819 6870 5098 1464 7394
13 26 0 24 28084 1
4 4 13 22 62619 1
3 29 29 19 81547 1
11 3 17 28 64624 1
19 19 22 6 56919 1
0 26 15 0 65180 1
20 19 26 29 45247 1
18 4 1 27 80611 1
8 26 19 4 63550 1
21 13 11 1 56109 1
29 4 10 24 82718 1
15 16 26 5 51104 1
18 4 29 10 49156 1
18 22 27 5 63372 1
4 28 21 11 71011 1
3 25 16 23 35507 1
25 14 18 21 37949 1
12 21 1 22 19784 1
6 29 9 3 72520 1
4 12 25 19 71724 1
26 26 19 14 47301 1
23 27 6 25 39048 1
17 8 15 17 26882 1
5 23 29 11 73735 1
7 22 18 12 43465 1
29 11 3 5 86040 1
7 29 0 2 80822 1
13 23 28 27 35805 1
29 6 4 18 79069 1
13 7 14 19 25001 1
20 20 0 4 91628 1
22 7 1 28 84668 1
12 27 5 19 30799 1
25 20 10 21 49479 1
29 9 0 21 71257 1
22 25 9 1 78589 1
24 28 25 2 38327 1
15 20 24 23 51583 1
28 12 0 15 86150 1
28 5 15 21 63470 1
3 23 25 23 53711 1
20 13 5 15 61521 1
13 29 19 11 47208 1
9 16 15 27 31227 1
23 27 4 9 68363 1
9 8 17 16 37232 1
3 24 13 14 37721 1
13 17 1 23 29037 1
24 12 7 22 61676 1
1 3 17 5 69582 1
6 14 25 11 62435 1
18 4 6 19 63650 1
14 1 22 27 59433 1
4 18 13 1 58225 1
21 18 20 5 51338 1
15 14 6 15 31206 1
25 7 6 11 51828 1
13 25 26 3 64477 1
19 3 16 24 61184 1
14 5 14 20 22877 1
1 16 29 29 74576 1
8 2 8 29 68431 1
4 23 20 23 45964 1
16 29 11 15 38521 1
23 25 17 17 40562 1
26 13 15 9 33361 1
18 0 16 11 35669 1
1 27 22 12 81847 1
12 2 4 16 59428 1
14 9 5 17 42200 1
22 20 6 25 61280 1
12 29 22 4 74668 1
3 14 17 14 53968 1
7 10 16 4 41795 1
17 8 6 8 30477 1
1 21 9 19 19073 1
18 18 25 9 33227 1
17 27 5 7 65385 1
10 2 9 12 46335 1
26 29 5 16 62574 1
21 18 10 8 54334 1
23 5 23 25 46213 1
19 23 19 3 73625 1
24 3 25 20 31056 1
11 4 5 11 42643 1
18 29 7 9 56512 1
21 21 26 4 51880 1
7 20 27 23 64979 1
24 18 14 27 39650 1
18 3 16 23 57557 1
24 3 8 0 58426 1
16 14 4 27 49371 1
29 23 18 16 57255 1
15 18 0 5 57604 1
25 14 10 23 55055 1
4 2 18 16 71959 1
5 20 18 22 32204 1
6 20 4 1 61998 1
15 16 0 18 45946 1
18 17 21 25 45442 1
4 15 28 28 62120 1
12 11 3 28 57821 1
9 16 22 15 40069 1
27 14 24 1 32333 1
6 20 28 2 78022 1
19 19 27 0 58902 1
5 15 22 2 77595 1
28 1 6 5 72834 1
25 22 12 6 54786 1
7 14 29 7 65091 1
8 19 1 15 39777 1
10 27 28 22 51407 1
27 12 0 0 89925 1
8 12 17 0 52080 1
16 24 27 0 74153 1
0 9 20 1 59309 1
18 3 15 22 49460 1
14 24 4 14 44220 1
1 15 6 2 57503 1
14 27 28 12 61082 1
9 14 23 22 57586 1
16 22 20 14 42655 1
11 21 3 17 37412 1
1 29 1 8 70163 1
6 20 22 12 61951 1
19 20 18 10 46551 1
2 14 27 0 94363 1
19 23 1 10 80202 1
26 15 9 11 53142 1
3 7 21 0 72330 1
15 13 26 25 57452 1
19 18 28 10 40581 1
4 27 27 4 89608 1
13 28 18 14 37702 1
7 7 9 28 49318 1
26 21 18 4 58569 1
3 6 28 27 96649 1
23 7 14 15 35700 1
10 21 19 24 42664 1
9 12 24 6 50993 1
3 14 20 27 66676 1
16 7 5 19 57295 1
1 1 13 0 40559 1
29 3 1 6 93943 1
12 27 24 4 62937 1
0 13 28 6 73139 1
8 29 7 4 70606 1
22 23 8 18 53746 1
2 7 16 10 48763 1
29 25 6 24 63797 1
28 19 22 5 46600 1
23 18 5 12 68965 1
17 11 26 9 25345 1
28 18 25 11 19024 1
20 5 1 11 69940 1
9 13 6 5 36627 1
9 12 8 28 28364 1
27 13 18 1 53020 1
20 2 28 19 63341 1
1 10 26 10 63992 1
23 4 28 13 39141 1
0 15 23 14 72759 1
15 25 5 12 51990 1
11 11 8 29 45180 1
14 23 6 13 42672 1
28 24 0 11 98980 1
0 17 24 8 78576 1
14 23 21 26 28275 1
20 2 23 20 58591 1
25 2 21 14 33753 1
11 19 15 8 39949 1
8 16 4 28 41082 1
1 23 19 26 50829 1
16 2 10 23 57574 1
0 26 13 9 50530 1
23 25 27 18 25359 1
21 14 15 10 41487 1
9 22 8 4 46611 1
2 10 10 4 49223 1
28 22 13 5 65982 1
12 12 23 3 58934 1
27 29 5 1 94522 1
1 6 15 8 48456 1
7 9 24 9 35761 1
11 0 17 23 58468 1
25 9 12 22 45068 1
29 20 16 16 60925 1
2 22 10 5 56591 1
25 3 9 22 57166 1
4 7 17 13 54223 1
5 24 18 9 45054 1
2 13 28 17 98403 1
15 7 28 6 43935 1
27 2 25 25 43799 1
25 7 13 20 46205 1
17 16 11 6 41444 1
19 2 14 29 68688 1
19 3 22 28 63958 1
4 5 18 14 63778 1
23 7 12 15 41865 1
21 24 3 22 43008 1
4 17 15 4 61089 1
27 18 21 28 26240 1
2 2 24 1 74957 1
9 11 29 24 78267 1
2 11 28 29 86239 1
10 24 28 12 75449 1
9 19 26 18 54177 1
20 29 1 12 78424 1
6 17 26 25 59365 1
13 23 28 18 48909 1
3 11 16 16 55161 1
11 11 2 22 34705 1
14 25 20 2 68204 1
26 13 1 29 88808 1
27 10 11 4 58825 1
27 27 18 2 72035 1
13 7 21 29 53593 1
12 5 27 29 69281 1
26 1 28 27 50254 1
3 19 25 24 61100 1
23 29 4 2 94059 1
9 26 15 0 49154 1
6 24 12 17 30494 1
0 25 1 14 36955 1
15 7 0 9 38974 1
22 20 12 24 53438 1
28 15 22 5 35033 1
1 29 16 6 78312 1
22 7 3 17 76077 1
5 29 3 6 83205 1
12 19 15 12 30219 1
2 22 14 29 31217 1
28 24 20 22 47227 1
19 26 25 13 44237 1
0 7 15 20 56646 1
21 14 19 3 49656 1
7 11 10 0 39824 1
12 24 10 0 58788 1
28 19 0 16 90328 1
5 23 2 2 79344 1
12 8 12 29 45760 1
4 23 27 27 47844 1
15 7 29 11 50811 1
5 1 29 14 87880 1
0 27 26 11 80648 1
13 16 20 0 50038 1
1 13 3 29 62114 1
16 3 1 25 72068 1
1 4 28 10 78982 1
10 28 8 14 31837 1
10 24 23 4 74039 1
13 4 26 19 57590 1
14 18 23 9 32498 1
6 14 8 1 48602 1
14 29 23 28 19489 1
13 23 20 0 56428 1
1 12 26 7 71044 1
3 17 25 19 71316 1
23 29 18 4 67501 1
2 12 22 18 82612 1
9 21 20 4 62865 1
22 27 12 28 18268 1
17 6 10 12 39125 1
20 11 9 1 51505 1
25 26 8 2 79298 1
19 24 11 18 45981 1
8 24 17 7 47080 1
8 16 23 2 78044 1
7 11 4 24 38057 1
6 2 29 26 107903 1
27 26 6 28 41990 1
28 3 10 17 77933 1
8 3 14 28 63193 1
9 4 27 9 58100 1
12 27 5 7 57748 1
15 20 4 14 44191 1
17 16 16 7 40380 1
14 2 23 1 29987 1
11 20 17 2 55726 1
26 23 16 29 31108 1
22 20 15 14 47396 1
4 15 9 1 50922 1
28 3 17 14 56476 1
6 15 7 2 53035 1
5 2 9 18 49103 1
17 17 8 26 39933 1
11 4 24 23 75131 1
9 11 23 15 48301 1
28 24 27 8 51753 1
4 2 17 23 81098 1
26 16 17 4 46784 1
22 24 5 19 52897 1
13 18 27 3 63245 1
20 18 8 14 50459 1
5 7 15 29 64603 1
28 21 14 1 71392 1
22 15 15 1 47515 1
11 1 22 0 38779 1
22 27 29 13 48840 1
16 4 0 2 66023 1
15 22 25 2 53688 1
17 2 5 25 67873 1
7 20 2 27 34267 1
13 4 16 27 52784 1
10 6 2 14 58832 1
22 17 9 18 50769 1
24 24 1 28 69033 1
15 26 9 20 28730 1
23 25 8 1 83048 1
25 24 19 16 37641 1
1 27 22 12 81847 1
29 10 26 20 35086 1
19 23 6 8 66104 1
19 9 1 26 63315 1
3 22 26 23 53983 1
7 18 1 2 69851 1
22 1 19 17 59704 1
22 10 4 15 60106 1
27 17 7 10 66991 1
14 18 0 1 62130 1
0 21 19 29 45955 1
8 16 0 10 45629 1
11 1 10 20 56006 1
13 27 17 3 50376 1
20 16 1 8 68355 1
1 18 3 27 38518 1
0 6 25 5 65664 1
22 4 2 19 91640 1
29 8 29 28 45863 1
26 14 25 1 23840 1
20 21 14 1 63804 1
11 7 2 1 47668 1
17 3 22 19 56708 1
10 14 29 13 72863 1
7 17 27 15 65702 1
24 3 27 12 32211 1
10 5 2 24 64867 1
22 21 25 7 34918 1
6 21 20 20 47642 1
25 1 15 4 47836 1
10 0 19 15 52087 1
18 23 22 2 78116 1
29 9 12 12 48319 1
21 29 21 19 36852 1
29 3 13 29 74253 1
10 2 12 19 60000 1
6 12 12 29 56859 1
10 21 2 18 34432 1
26 15 3 21 65153 1
20 16 26 20 33512 1
6 19 10 8 42710 1
13 0 6 6 36463 1
26 10 20 16 33641 1
2 14 20 24 80836 1
0 11 19 8 51503 1
26 21 14 26 43955 1
23 13 16 10 38416 1
22 12 28 24 53389 1
9 3 5 20 62433 1
25 11 12 10 33308 1
25 2 19 9 22271 1
15 25 7 14 40867 1
24 28 19 3 61084 1
23 29 0 8 78482 1
9 16 1 25 33030 1
27 26 18 12 59268 1
25 8 6 4 66234 1
2 29 15 29 47111 1
27 0 16 16 61775 1
13 20 17 26 27468 1
22 19 3 29 75418 1
11 23 23 12 60036 1
12 20 15 6 36260 1
13 24 6 16 30055 1
23 7 8 17 59750 1
26 15 19 10 32262 1
17 29 5 1 80823 1
17 19 25 15 33076 1
13 27 16 4 52280 1
16 27 6 19 35075 1
9 10 15 27 44146 1
9 16 0 13 35117 1
16 23 7 6 55303 1
16 6 0 21 55281 1
2 0 29 26 119547 1
22 28 29 22 31825 1
20 10 7 2 60287 1
18 7 27 4 44320 1
4 26 7 0 73349 1
9 20 0 3 59115 1
21 14 10 23 48252 1
24 2 1 5 88787 1
24 5 8 0 64686 1
3 24 12 13 47584 1
24 5 16 17 55114 1
13 1 15 20 37313 1
4 24 14 11 34622 1
24 21 6 26 52937 1
7 21 23 23 48183 1
28 21 16 12 70206 1
28 13 4 22 71935 1
2 29 21 14 79501 1
10 17 26 25 55030 1
8 28 10 19 25242 1
27 28 22 2 54534 1
0 11 10 24 53510 1
12 8 25 10 31672 1
28 21 17 7 57848 1
15 18 10 2 49980 1
28 26 21 3 75877 1
5 21 1 6 58874 1
27 23 25 5 39938 1
25 19 13 27 31821 1
28 23 23 0 58728 1
12 9 15 0 21116 1
15 27 25 21 30565 1
19 27 0 13 68453 1
10 24 28 8 68817 1
27 16 15 12 54580 1
4 21 27 8 67919 1
1 21 15 22 21263 1
21 28 28 22 28704 1
16 8 10 23 42306 1
28 19 11 1 72340 1
20 27 17 13 55477 1
4 14 12 21 39251 1
16 19 0 2 75037 1
6 21 13 18 17799 1
26 7 22 17 28592 1
6 12 21 16 65368 1
28 28 13 1 66700 1
16 22 25 8 49749 1
26 15 11 20 56496 1
2 24 15 1 57801 1
6 9 24 25 67182 1
4 18 22 26 53374 1
22 9 4 17 61782 1
3 11 12 27 57550 1
4 10 17 26 73022 1
24 26 9 8 69167 1
25 16 4 7 64967 1
10 11 25 4 47512 1
24 19 14 20 42449 1
0 19 9 6 59436 1
28 2 25 15 28073 1
29 28 9 17 45767 1
8 4 1 14 53895 1
21 26 21 4 63846 1
16 9 0 11 38503 1
4 22 3 7 55256 1
11 23 26 9 56559 1
29 6 10 20 70531 1
14 26 13 16 27376 1
29 10 25 27 39659 1
19 4 23 23 60831 1
26 21 17 25 41101 1
10 14 15 1 44042 1
14 2 10 18 39960 1
25 14 8 0 62327 1
17 10 2 14 60381 1
12 0 6 24 55873 1
3 21 11 1 61735 1
25 16 15 28 31376 1
15 1 13 23 37584 1
23 22 22 4 50553 1
12 23 24 9 49136 1
9 10 9 21 21115 1
5 11 19 22 59481 1
27 0 8 22 69836 1
18 26 19 16 48000 1
4 3 29 25 108394 1
3 15 12 12 42682 1
27 29 11 0 78776 1
5 1 20 5 57638 1
9 2 25 27 80217 1
24 24 27 7 33609 1
26 0 18 28 53145 1
29 6 23 26 47111 1
21 19 25 6 33479 1
8 26 5 8 49391 1
29 9 12 24 62523 1
14 8 4 22 33557 1
22 6 4 21 64136 1
7 16 21 14 51048 1
8 25 18 11 47366 1
21 14 0 16 70993 1
23 26 0 11 77289 1
1 9 25 28 74871 1
18 14 4 26 50284 1
1 11 27 13 83633 1
23 20 27 9 27563 1
25 7 28 23 41627 1
19 4 10 7 49997 1
24 28 28 20 30304 1
20 1 0 12 67912 1
4 3 8 22 61550 1
16 15 28 5 47659 1
9 9 16 27 48990 1
3 7 8 14 44598 1
28 18 2 5 92412 1
17 29 15 21 29859 1
0 9 8 27 57702 1
28 17 0 23 75500 1
3 20 23 3 87239 1
18 10 0 11 47323 1
18 27 29 26 30563 1
17 9 7 22 34820 1
25 15 14 24 49065 1
16 1 2 18 69739 1
28 8 12 7 43474 1
2 26 9 18 32791 1
28 12 27 21 41554 1
27 9 8 7 53246 1
22 15 20 6 45281 1
16 12 20 22 54417 1
15 20 21 1 56627 1
13 19 22 29 30405 1
5 21 8 13 29809 1
13 8 21 29 49614 1
13 27 8 3 60218 1
4 19 18 23 40620 1
7 7 23 21 71280 1
29 0 4 13 79324 1
29 18 18 15 35284 1
23 16 10 4 70425 1
21 12 28 17 44284 1
29 1 27 15 31467 1
16 24 28 10 64635 1
20 27 27 18 32744 1
7 13 17 6 44867 1
14 18 29 23 66708 1
12 5 18 13 39537 1
17 22 23 2 74510 1
1 12 3 21 47536 1
4 28 17 14 53583 1
26 9 17 28 40584 1
4 14 14 21 36747 1
13 20 8 12 32344 1
0 12 11 6 47426 1
27 22 12 9 55047 1
27 25 6 3 98801 1
1 19 21 0 85793 1
7 5 0 1 34391 1
13 26 24 22 33867 1
2 8 10 21 53334 1
17 15 27 19 38759 1
16 13 11 21 39273 1
3 0 29 10 87401 1
24 6 1 29 92962 1
28 15 6 14 66545 1
27 19 10 3 83773 1
29 4 29 23 66637 1
3 28 6 12 60309 1
21 3 5 8 64985 1
6 23 3 3 74348 1
23 28 27 7 35121 1
23 13 26 1 30432 1
1 2 21 20 103622 1
4 26 20 15 52296 1
9 19 22 15 44953 1
27 3 18 16 54373 1
1 3 13 21 75020 1
2 29 9 0 92881 1
4 5 19 13 70435 1
25 27 21 7 44062 1
5 23 1 13 40913 1
29 5 20 20 58500 1
27 13 0 20 81486 1
6 19 1 4 59609 1
21 9 0 17 66131 1
25 2 12 8 40291 1
6 0 17 12 57160 1
21 1 23 20 47276 1
25 11 9 6 48670 1
27 17 23 24 33006 1
28 4 6 3 84286 1
28 29 18 2 75477 1
2 0 29 25 119822 1
9 19 16 6 46388 1
14 10 1 4 46895 1
15 7 4 9 31567 1
16 3 7 4 48702 1
29 5 28 19 46404 1
28 6 2 10 64250 1
24 10 18 24 59822 1
19 17 22 7 53492 1
25 4 9 11 48959 1
28 16 6 28 63226 1
9 18 26 25 47261 1
29 21 15 21 69787 1
23 8 21 29 42331 1
12 12 2 17 54936 1
11 17 24 13 61257 1
9 22 13 6 36098 1
24 9 5 26 67283 1
18 23 28 0 72963 1
16 13 25 4 46099 1
18 3 7 22 56942 1
17 15 24 22 36439 1
14 11 0 19 42658 1
14 17 17 24 26677 1
20 15 4 27 55185 1
8 28 29 20 58612 1
27 24 2 8 88390 1
13 14 22 29 44264 1
25 12 11 23 57548 1
16 16 24 22 47909 1
0 10 2 29 67217 1
18 8 29 2 42021 1
20 22 24 15 35978 1
0 21 18 10 52873 1
29 6 10 9 44064 1
22 17 29 0 43720 1
9 22 22 8 46745 1
3 10 19 13 62120 1
24 3 5 8 60340 1
15 23 6 0 67647 1
11 15 6 20 27409 1
28 7 12 16 51075 1
19 4 20 22 71341 1
17 19 8 11 46919 1
15 21 28 26 53274 1
14 23 5 26 32460 1
26 9 18 2 40189 1
11 1 26 21 67622 1
1 27 28 18 77311 1
15 28 20 17 50301 1
20 21 20 8 62973 1
8 2 17 26 77000 1
10 27 12 1 56253 1
29 1 17 8 36522 1
17 28 0 18 43380 1
0 20 24 13 74466 1
16 14 13 28 33900 1
11 21 8 1 61471 1
3 27 3 16 38394 1
10 2 25 23 75318 1
14 10 24 10 30968 1
22 28 12 13 51101 1
23 11 5 25 70661 1
2 14 19 3 80392 1
18 2 24 14 50541 1
4 27 12 22 24143 1
5 7 16 17 48423 1
23 12 28 22 40690 1
21 7 1 20 68534 1
14 29 28 21 51591 1
19 2 12 20 56197 1
19 2 29 20 68720 1
15 28 12 13 41147 1
19 11 25 2 33511 1
11 10 20 9 25104 1
19 7 8 19 59355 1
28 2 13 13 55598 1
12 2 21 5 43149 1
24 2 24 24 45997 1
1 26 26 12 85474 1
7 8 0 18 43940 1
28 1 16 9 34617 1
25 8 27 23 35609 1
23 14 5 23 54441 1
1 28 25 14 76337 1
27 26 20 16 48821 1
1 27 14 12 50787 1
9 18 22 23 49779 1
9 9 23 27 57888 1
28 24 9 3 99871 1
12 9 23 17 47136 1
19 21 0 0 95709 1
13 4 4 20 52041 1
9 22 18 12 40927 1
18 22 14 2 45407 1
7 5 20 10 51628 1
18 0 27 16 56731 1
6 18 20 6 68778 1
6 0 2 27 87885 1
23 7 0 6 63556 1
26 21 8 21 58266 1
4 3 10 21 66730 1
17 29 18 8 54023 1
1 4 26 6 75944 1
16 11 4 21 39244 1
26 12 21 1 33683 1
0 11 22 2 75450 1
15 8 3 24 46101 1
4 1 28 13 86986 1
6 14 17 27 48661 1
7 14 0 5 45412 1
28 17 13 28 47033 1
10 26 2 18 36774 1
22 23 28 13 45433 1
1 9 26 12 59921 1
6 21 17 27 31493 1
10 23 5 10 43126 1
22 29 2 29 53662 1
11 14 19 28 45354 1
20 7 13 24 51442 1
3 19 27 13 88229 1
26 16 22 6 35741 1
21 7 21 28 51210 1
19 1 2 17 82454 1
9 9 20 2 48257 1
18 19 7 15 45822 1
22 17 7 11 61352 1
12 2 13 15 33146 1
12 10 5 27 55566 1
11 2 29 22 87440 1
23 4 7 21 70710 1
26 17 11 20 63911 1
1 0 28 25 115233 1
22 24 5 28 43225 1
15 25 19 19 42758 1
19 29 25 1 55568 1
24 27 25 16 20828 1
13 28 29 0 63187 1
23 28 28 8 39937 1
15 3 8 29 61145 1
12 12 5 0 53416 1
13 3 6 22 45524 1
29 25 14 6 69541 1
18 23 27 17 53342 1
27 9 1 22 62791 1
26 18 12 1 56771 1
16 27 18 16 45541 1
7 2 22 13 72371 1
12 12 22 18 51083 1
8 8 3 3 38007 1
2 15 27 22 82443 1
23 15 19 21 44577 1
23 25 12 21 38937 1
28 22 11 11 69293 1
6 26 20 12 68569 1
14 5 22 17 47011 1
28 18 24 4 34854 1
0 3 7 9 31203 1
28 4 18 23 70951 1
22 12 27 20 38411 1
6 6 0 27 72858 1
20 3 20 18 66909 1
21 6 5 7 54275 1
25 3 8 22 58375 1
6 3 14 5 41785 1
4 25 19 26 51319 1
8 9 25 9 35738 1
15 14 26 13 45395 1
6 11 28 7 55516 1
9 26 19 1 60058 1
22 3 9 25 72186 1
23 10 0 1 71488 1
24 10 22 1 30198 1
27 26 4 3 102912 1
26 26 12 9 58407 1
5 4 18 16 58609 1
19 25 0 14 71321 1
17 1 18 17 50897 1
7 14 2 25 45359 1
1 6 17 7 53873 1
18 28 2 2 92746 1
2 0 5 22 76303 1
21 23 7 12 70605 1
5 6 15 23 55625 1
4 16 9 11 25338 1
18 3 5 2 52688 1
13 11 4 10 33490 1
0 22 14 6 41378 1
26 3 4 1 74012 1
5 23 14 6 38314 1
9 8 14 2 25203 1
4 4 15 12 53387 1
27 9 22 22 36721 1
11 22 13 14 20875 1
10 1 6 18 62305 1
1 29 23 19 80214 1
27 5 21 0 29997 1
9 20 3 16 29610 1
29 13 17 10 43997 1
16 26 8 12 50225 1
14 22 5 17 25808 1
3 6 4 19 51288 1
17 7 10 14 40417 1
25 7 8 1 56464 1
9 8 6 27 50585 1
2 2 16 26 94365 1
21 20 6 4 90612 1
21 2 4 15 78318 1
23 7 0 27 77855 1
6 16 13 8 39687 1
27 21 24 5 39791 1
18 28 28 16 42702 1
23 17 27 9 25606 1
4 2 12 8 45574 1
12 29 27 28 27526 1
18 16 29 8 44892 1
4 3 20 3 69012 1
24 20 4 22 55401 1
16 7 22 22 61221 1
2 27 25 12 72393 1
24 27 1 14 75401 1
19 8 12 3 38257 1
22 16 14 10 35188 1
1 18 24 17 78913 1
24 5 2 6 74895 1
14 8 8 21 37296 1
9 28 6 19 22759 1
2 12 28 9 70788 1
21 3 4 1 63258 1
15 8 27 18 46413 1
21 2 16 8 38944 1
3 8 9 2 37058 1
1 9 20 2 64839 1
9 18 16 24 25410 1
11 20 23 21 56193 1
8 10 20 21 69396 1
28 26 7 7 86929 1
22 14 3 8 63921 1
24 27 29 16 38617 1
4 29 21 29 39640 1
7 17 26 8 67076 1
20 0 8 22 60885 1
1 2 8 16 69193 1
16 28 13 20 17308 1
27 6 1 0 87914 1
9 8 22 8 35783 1
0 12 22 1 74285 1
0 15 28 12 86150 1
1 23 24 28 44509 1
9 0 25 9 54575 1
10 15 2 29 51836 1
20 15 5 23 42564 1
15 13 23 28 45714 1
13 18 19 11 32403 1
9 14 5 27 36670 1
7 5 21 17 70684 1
8 2 13 26 59382 1
3 21 8 26 25986 1
1 23 18 11 51184 1
7 19 20 26 50926 1
7 13 25 0 66481 1
4 12 28 1 73683 1
7 11 29 10 59592 1
22 0 5 11 65764 1
13 22 24 14 47198 1
4 9 12 18 42290 1
4 15 21 23 67051 1
17 6 2 7 50182 1
11 19 16 2 59716 1
19 26 29 16 57746 1
11 29 20 0 75675 1
14 22 21 27 23962 1
14 12 19 29 43536 1
0 23 7 28 26710 1
9 7 2 25 58969 1
5 17 20 24 62012 1
7 3 10 25 65326 1
14 25 16 6 46074 1
4 0 0 23 77102 1
16 22 2 19 40158 1
19 24 1 11 86949 1
4 2 10 24 73446 1
1 6 19 9 53027 1
0 20 27 25 62412 1
2 0 19 3 63875 1
15 27 21 9 51907 1
1 14 27 26 82378 1
19 21 10 26 43017 1
19 27 14 9 46735 1
14 13 17 25 34358 1
21 8 8 14 50630 1
27 27 19 1 64355 1
10 0 27 13 70472 1
13 0 12 19 44466 1
24 10 5 12 56931 1
5 19 21 28 39673 1
12 7 0 27 61617 1
2 21 20 3 77078 1
19 18 4 17 51823 1
29 6 2 29 94575 1
8 4 21 23 84236 1
24 7 27 23 38319 1
26 3 0 8 69851 1
4 0 24 26 101038 1
27 27 14 4 62393 1
13 13 2 13 53297 1
11 11 23 15 42908 1
11 2 8 17 59850 1
8 28 10 11 33672 1
4 23 5 8 45168 1
0 1 8 26 76398 1
23 18 12 15 41300 1
9 29 24 1 65686 1
14 18 28 21 60440 1
2 20 5 6 57721 1
3 23 23 4 78803 1
21 13 9 6 57762 1
23 23 24 0 46737 1
19 17 28 11 46849 1
2 28 21 25 50025 1
15 18 23 1 58060 1
24 11 16 25 51438 1
8 20 27 4 78932 1
11 6 11 18 44388 1
21 4 20 28 62073 1
23 21 13 22 41858 1
6 14 22 18 59777 1
26 3 17 19 57239 1
16 24 24 9 53327 1
17 24 22 2 80036 1
0 15 9 2 60718 1
28 21 9 4 90333 1
16 12 8 14 42826 1
20 24 4 0 103291 1
3 9 4 0 34092 1
13 18 6 1 54293 1
29 8 15 0 53216 1
24 27 0 6 89226 1
6 21 13 16 25359 1
11 7 27 25 72885 1
7 0 14 10 37158 1
18 27 4 20 37668 1
16 21 0 23 29411 1
16 3 29 6 51020 1
13 4 9 14 38471 1
0 9 25 0 64075 1
8 3 1 28 81617 1
10 6 27 29 78980 1
17 18 4 19 39242 1
9 2 19 1 35482 1
28 18 3 0 95233 1
20 15 9 14 35183 1
4 6 24 19 76374 1
24 21 3 0 96760 1
20 12 27 29 56645 1
27 14 7 13 71866 1
7 16 28 17 76082 1
11 21 21 27 33282 1
20 26 3 13 79346 1
29 3 2 1 90095 1
4 26 22 0 84605 1
8 23 21 1 67201 1
8 28 25 27 25379 1
13 21 17 0 46036 1
10 17 18 10 46556 1
24 15 14 19 34598 1
14 26 0 26 41053 1
7 13 17 1 52312 1
18 9 11 3 36865 1
26 17 17 24 52370 1
21 24 9 9 62060 1
5 25 6 5 70195 1
0 6 6 27 69616 1
12 29 11 11 46235 1
1 5 14 9 48114 1
16 15 27 11 37875 1
19 20 27 28 48567 1
12 9 19 26 56954 1
1 6 27 18 84131 1
0 5 13 11 45409 1
20 1 14 17 42940 1
17 28 29 10 52354 1
28 8 27 18 28728 1
17 18 9 21 26135 1
6 11 14 8 27598 1
28 20 14 26 56299 1
11 14 27 20 64523 1
7 13 15 24 47346 1
28 17 5 12 78532 1
12 4 18 16 42931 1
9 22 6 4 58531 1
0 16 20 17 71185 1
16 14 22 8 39728 1
21 11 16 18 43746 1
27 5 10 23 69055 1
20 20 18 2 77822 1
22 10 3 3 71872 1
1 29 4 10 75546 1
22 20 1 25 71219 1
3 21 29 3 92167 1
29 9 1 12 75687 1
24 15 2 12 75330 1
21 17 3 25 62407 1
3 14 17 2 70736 1
20 20 29 2 63499 1
0 0 28 21 109813 1
4 2 17 14 69496 1
15 6 24 18 48860 1
0 29 29 18 89643 1
8 28 11 10 43479 1
25 17 2 4 87743 1
0 18 28 10 82104 1
17 7 5 1 51366 1
21 24 24 4 55438 1
15 20 5 24 25575 1
14 2 1 10 46030 1
9 19 16 23 20447 1
8 3 4 9 26723 1
3 7 9 29 62943 1
11 20 23 23 51490 1
23 8 16 27 51268 1
28 13 20 18 36641 1
