5181 5147 5131 4917 4693 4675 5184 5183 4949 5273 5177 5044 4902 5154 4788 5188 4684 5267 5325 4655 5145 4679 4671 5253 5001 5309 4756 5054 5262
5822 5914 5467 5674 6148 6069 5965 5808 6027 5853 5825 5597 6145 6034 5669 5898 5897 5966 6108 5472 5657 6078 5983 5974 5963 5529 5946 5670 5781
5924 6468 6487 6557 6117 6454 6461 6448 5930 6438 6436 6294 5974 6466 6004 6461 6325 6456 6447 6001 6378 6010 6400 5894 5937 5915 6024 6168 6500
7490 7577 7049 7068 7409 7138 7147 7050 7366 7322 7311 7015 7377 7560 7467 7091 6899 7194 7334 7473 7149 7411 7543 7533 6917 7051 7105 7464 7276
8048 8104 7933 8152 7796 7933 8142 7721 8165 8121 7894 8184 8110 7942 8192 8227 7873 7632 7648 7601 7793 7693 7716 8129 8253 7705 7875 7586 8112
7933 7638 7441 8064 7926 7532 7920 7854 8015 7713 7988 7529 7533 7799 7935 7639 8069 7834 7630 7821 8080 7691 8085 7550 7541 7552 7431 7502 7522
3753 3490 4099 4153 3497 3639 3912 4030 3860 3742 3970 3946 3729 3763 3733 3956 4038 3908 3559 3740 3624 3990 3837 3582 3689 3512 3926 3986 3983
3704 3480 3592 3455 3201 3664 3805 3873 3857 3590 3577 3236 3534 3401 3514 3754 3620 3857 3432 3291 3273 3748 3669 3530 3487 3399 3382 3718 3787
2287 2814 2526 2855 2673 2194 2346 2350 2306 2295 2253 2361 2381 2296 2322 2365 2867 2679 2235 2236 2651 2189 2597 2620 2546 2453 2482 2203 2707
2058 2210 2028 2086 1925 2513 2121 2335 2172 2026 2323 2136 2201 2200 1981 2479 2170 2134 1917 2441 2272 2519 2268 2531 2327 2491 1881 2367 2033
3498 3497 3043 3215 3469 2962 3239 3316 3533 3549 3298 3560 3429 3291 3080 2974 2987 3457 3464 2876 3043 3219 3428 3483 3472 3220 3530 3367 3108
4065 3686 3603 3935 3579 4001 3496 3593 3729 3798 3645 4178 3777 4091 3525 3854 3888 3642 3804 4025 4059 3828 3818 4174 3802 4085 4109 4177 4061
3246 3457 3356 3740 3597 3486 3434 3418 3390 3550 3373 3464 3337 3600 3291 3652 3546 3412 3592 3811 3716 3312 3703 3763 3530 3292 3664 3649 3637
4355 4116 4249 3858 4302 4172 4169 3756 4178 4290 4210 3857 4392 3763 4239 3886 4240 4104 3745 3868 3944 3876 3766 4144 4189 3905 3767 4365 4205
2937 3344 3255 3171 3395 3207 3211 3210 3341 2804 3345 3430 2777 2864 3006 2808 3431 2945 3114 3207 3067 3364 3342 2856 3098 3159 3109 2892 3040
5026 5636 5190 5054 5318 5622 5069 5068 5067 5123 5343 5230 5057 5304 5564 5153 5130 5678 5573 5561 5125 5415 5422 5461 5006 5445 5633 5678 5190
8357 8160 8587 8282 8336 8190 8647 8254 8282 8495 8476 8178 8158 8032 8470 8658 8471 8561 8560 8621 8397 8606 8345 8015 8161 8529 7974 8214 8486
5880 5504 5320 5948 5597 5324 5848 5343 5532 5416 5682 5865 5559 5271 5361 5585 5791 5873 5531 5957 5957 5368 5521 5405 5840 5579 5423 5698 5593
1091 1613 1195 1735 1625 1254 1101 1466 1449 1184 1349 1559 1545 1606 1151 1083 1144 1301 1588 1324 1382 1543 1142 1737 1745 1561 1603 1538 1247
8001 7865 8024 7704 7397 7792 7858 7632 7562 7844 7898 7897 7877 7974 7983 7812 7551 7863 7364 7885 7949 7502 7562 7963 7846 7810 7687 7582 7810
8096 7680 8113 7888 7796 7827 7634 7688 7756 8000 8162 7632 8198 8128 7841 7700 8047 8052 8177 8116 7873 8148 7499 7503 7938 7532 7912 7994 7633
4654 4882 4851 4208 4286 4672 4637 4733 4267 4310 4744 4714 4685 4647 4304 4355 4212 4570 4400 4816 4594 4538 4300 4305 4201 4536 4387 4730 4769
5316 5681 5435 5336 5688 5252 5428 5400 5585 5350 5147 5571 5693 5524 5603 5432 5606 5174 5459 5167 5413 5394 5390 5724 5697 5189 5173 5615 5439
6834 6267 6431 6865 6272 6749 6839 6455 6627 6611 6431 6715 6852 6607 6420 6735 6202 6766 6417 6829 6724 6578 6430 6379 6535 6866 6665 6656 6392
2751 2805 2746 3332 2864 3004 3318 3037 2738 2944 2927 3000 3045 2882 2745 2960 2899 3410 3412 2955 3078 2865 2988 3289 3057 2841 2987 3413 3053
7604 7927 8176 8211 8040 7611 8233 7843 8220 8086 8070 7614 8238 7795 7647 8275 7927 7586 8270 7990 8098 7932 8058 7705 8274 7629 8201 7772 7639
3755 3158 3628 3779 3652 3813 3514 3327 3525 3404 3584 3490 3829 3535 3519 3477 3570 3776 3664 3699 3324 3566 3539 3828 3505 3272 3588 3237 3205
6744 6808 7237 6736 6785 6936 6598 6753 6754 7019 6552 6911 7043 6821 7078 7211 7116 6715 6991 6866 6787 6782 7128 7010 7149 6572 7153 6774 7228
6122 5953 6089 6117 6429 6341 6115 5865 6080 5928 6484 6494 6249 5841 6037 5857 5895 6317 5878 6166 6541 6488 6364 6445 6170 6442 6502 6464 6189
1783 1458 2056 1524 1974 1645 1768 1686 1428 1434 1463 1797 1860 1779 1954 1850 1710 1696 1852 1930 1896 2031 1631 1519 1708 1541 1805 2036 1798
6086 5004 1499 1609 3298 3850 8251 6426 4400 4731 6966 7734 3889 3575 1803 4395 5221 3903 3475 5107 8376 2599 4816 4854 8639 1789 1572 5658 4167 3884
6148 4796 1637 1793 2927 3358 8044 5985 3844 4808 6691 8082 3856 3717 2308 4153 5802 4069 3707 4809 8248 2786 4661 5332 8171 2355 1643 5330 3896 3830
6449 4475 1903 1445 2986 3934 8354 6415 4246 5119 6799 7726 3800 3685 2224 4324 5461 3615 3537 5115 8404 3181 5074 4774 8641 2029 2122 5353 4226 3413
6141 4867 1921 1970 3378 3631 8272 6379 4127 4724 6537 7786 3633 3944 2268 4252 5598 3915 3191 4746 8515 2802 5192 4738 8227 2065 1709 5768 3953 3356
6300 4754 1719 1905 3296 3820 8489 5961 4216 5077 6729 8203 3717 3410 2082 4170 5619 4032 3754 4819 8319 2942 5263 4929 8259 2148 1719 5651 3659 3925
6221 4701 1895 1829 2835 3518 8574 6355 3895 4434 6940 7732 3508 3674 1809 4415 5290 3778 3485 4582 8426 2838 5211 5180 8406 2106 2089 5946 4134 3477
6257 4679 2076 1455 2975 4014 8538 5946 4402 4839 6978 7976 3881 3548 1891 4576 5749 4012 3241 5082 8629 2889 4862 4896 8579 1879 1744 5873 3680 3418
6082 4589 1742 1326 3254 3769 8404 6420 4327 4729 6832 8037 3734 3348 1793 4541 5255 3791 3716 5114 8058 2610 5291 5248 8190 2330 1799 5329 4005 3672
6345 5067 1923 1459 3004 3522 8094 5896 4027 4793 6556 8326 3762 3957 1957 4496 5168 4067 3255 4850 8143 2954 4736 5105 8562 2314 2035 5575 3909 3720
6014 4804 1534 1534 3010 4007 8604 6190 4215 4899 6793 8051 3807 3787 1938 4182 5715 4172 3479 5024 8216 3012 4647 4857 8569 1830 1583 5277 3742 3808
6198 4748 1464 1719 2874 3616 8495 6341 3810 4988 7067 8287 3904 3838 1738 3980 5276 3536 3687 4862 8283 3081 5226 5011 8252 1809 2090 5308 3776 3658
6418 4705 1488 1404 2893 4046 8282 5756 4035 5000 7045 8183 3657 3551 2139 4458 5580 3916 3235 4756 8654 2525 5009 4906 8675 2206 1592 5835 4237 3669
6481 4944 1961 1498 2831 3791 8419 5939 4408 4439 7200 7788 3741 3849 1730 4154 5491 3823 3183 5181 8212 2759 5147 5308 8537 2401 1691 5767 3672 3386
6093 4859 1695 1455 3284 3909 8564 5811 3794 4574 7094 7987 3484 3370 1990 4213 5488 3942 3632 4515 8360 3181 4812 5322 8214 2131 1639 5390 4059 3620
6180 4585 1765 1447 3415 3490 8408 6329 4039 4430 6689 8152 3445 3373 2051 4511 5828 4015 3584 4910 8527 2515 5035 5050 8587 2441 1635 5808 4230 3708
6320 5072 2019 1983 3213 3432 8104 6143 4202 4533 6542 8198 3585 3884 1719 4490 5341 4007 3660 4919 8305 2629 4688 5161 8355 2044 2021 5277 4205 3950
5990 4799 1677 1782 3225 4001 8643 5932 3972 5084 6938 7872 3467 3634 2058 4531 5778 4034 3270 4520 8291 3032 4798 4909 8263 1997 1718 5456 3780 3933
6460 4563 1998 1993 2816 4007 8200 6063 4130 4845 6801 7862 3418 3276 1881 4218 5207 3615 3077 4554 8066 2908 5072 5301 8711 1825 1607 5673 4197 3959
6476 4709 1512 1468 3411 3709 8133 5880 3903 5023 6598 7713 3507 3893 1812 4293 5520 4037 3159 5204 8426 2502 4948 5358 8555 1882 1775 5359 4213 3767
6403 4672 1838 1568 2947 3656 8033 6427 4246 4473 6832 7842 3890 3380 2057 4383 5464 3548 3620 4544 8144 3140 4687 4818 8640 2447 1931 5503 4150 3610
5916 5141 2094 1413 3166 3726 8232 5907 4399 4561 7152 7780 3607 3487 2369 4476 5737 3779 3343 4947 8657 3027 4902 4752 8591 1937 1878 5837 4155 3300
5835 4513 1512 1942 2885 4044 7963 6157 3828 4539 6626 7989 3451 3899 2024 4463 5581 3602 3658 5157 8541 2878 4855 5120 8196 2165 1765 5941 4212 3303
6490 5001 1598 1534 2883 4018 8359 5850 4399 5112 6977 8107 3784 3521 2254 4133 5129 3914 3306 4877 8326 2630 4763 4873 8420 1872 2141 5342 3562 3458
5931 4564 1772 1701 3092 3581 8646 6405 3768 4921 7045 8177 3365 3854 1902 4393 5799 3928 3252 4638 8493 2790 5104 5225 8136 1888 1528 5306 3603 3528
6343 4666 1519 1782 3047 3897 8496 6353 4398 4962 7218 8149 3507 3468 2072 4125 5522 3612 3175 4777 8442 3120 4881 4770 8788 1943 2018 5459 4233 3482
6379 4479 1928 1936 3023 3776 8325 6073 3896 4842 7060 8185 3430 3604 2266 4634 5626 3640 3202 4984 8319 2853 4744 4981 8367 2378 2042 5393 4061 3710
5993 4833 1659 1862 2960 3491 8204 6151 4255 4619 6804 8262 3788 3279 1771 4225 5416 4147 3708 4804 8616 2670 4996 5004 8759 2318 2054 5489 3949 3523
6017 4984 2093 1961 3003 3433 8246 5861 4297 5083 6720 8290 3433 3457 2016 4121 5239 4145 3371 4825 8579 2747 4952 4765 8233 2415 2056 5595 3823 3593
5865 4813 1863 1721 2774 3994 8547 6326 3757 4749 6651 7959 3436 3531 1792 4027 5796 3690 3261 4719 8343 2708 4846 5054 8567 2297 1586 5656 3887 3622
28 29 10 3 75890 1
8 5 27 15 62175 1
29 7 1 3 53796 1
14 16 1 3 52569 1
2 0 17 24 80346 1
4 11 23 2 70680 1
8 27 0 0 84756 1
15 3 21 10 32755 1
28 18 6 1 73744 1
9 7 26 6 48048 1
11 28 16 8 53684 1
16 1 11 18 56363 1
26 25 5 13 61974 1
0 2 23 27 81840 1
26 24 7 11 66005 1
10 24 8 12 35155 1
25 18 13 14 37306 1
28 4 10 22 73781 1
13 12 21 25 38240 1
20 0 8 11 52324 1
8 3 26 27 67514 1
8 12 26 16 47630 1
12 13 20 28 43234 1
18 22 6 5 53094 1
22 18 0 24 66941 1
9 6 13 23 51927 1
22 11 16 26 43203 1
22 6 17 23 49859 1
11 15 26 0 54847 1
9 5 22 8 42383 1
17 15 17 5 21889 1
0 1 19 10 54670 1
17 3 10 29 58565 1
28 3 19 21 44515 1
2 26 27 10 83492 1
29 19 15 18 46083 1
12 23 27 21 49649 1
6 11 17 14 32442 1
27 15 4 6 82349 1
26 26 12 2 59962 1
16 11 1 6 72785 1
5 27 19 16 50661 1
11 11 27 16 54782 1
22 7 10 29 71167 1
14 8 6 23 59770 1
10 13 2 8 43885 1
21 11 22 28 53707 1
16 9 14 26 40854 1
6 23 14 13 44073 1
23 29 4 1 88655 1
2 29 15 13 73927 1
23 0 17 26 57031 1
22 11 5 6 70503 1
0 28 10 4 78734 1
28 5 29 22 33773 1
7 14 2 25 41657 1
0 25 23 23 60916 1
22 24 29 29 27693 1
29 9 3 19 84594 1
27 1 18 24 52227 1
20 29 24 18 44125 1
15 27 24 26 21997 1
27 20 10 21 55027 1
16 14 2 14 27329 1
24 7 11 27 65704 1
5 23 1 2 77590 1
21 16 12 5 48265 1
20 18 19 4 29007 1
25 5 15 1 32244 1
3 1 18 16 53756 1
9 8 9 19 23739 1
5 15 14 6 48306 1
10 25 29 27 39792 1
29 3 23 21 48134 1
20 9 4 22 71303 1
28 24 10 14 57861 1
25 16 2 2 69493 1
29 6 13 16 53374 1
17 20 8 25 36030 1
0 12 29 11 73206 1
14 3 2 0 35209 1
4 22 26 19 77531 1
9 25 29 10 63058 1
10 5 21 1 31486 1
23 8 24 29 66639 1
10 9 21 28 63835 1
16 5 23 10 43597 1
28 26 26 15 32002 1
8 27 26 4 69790 1
0 7 18 21 73921 1
21 23 15 16 39888 1
14 20 1 8 72952 1
13 21 9 14 26771 1
21 1 0 24 85234 1
21 7 10 13 44570 1
28 1 9 4 41574 1
25 28 28 15 39973 1
9 29 12 5 65507 1
21 22 13 4 50571 1
12 1 4 21 63636 1
4 23 19 18 56207 1
9 20 16 4 50545 1
26 18 5 16 66673 1
1 4 20 8 49001 1
4 19 18 3 65053 1
26 14 21 25 38162 1
7 10 19 20 50442 1
7 15 3 23 46790 1
0 10 1 22 64006 1
7 22 28 10 77835 1
20 8 5 21 60770 1
22 3 4 27 71802 1
28 5 10 4 42876 1
10 26 10 13 34342 1
23 21 10 2 54285 1
28 3 0 10 81647 1
10 29 7 9 55891 1
4 13 18 7 43890 1
7 26 17 3 53977 1
27 1 3 19 92758 1
26 21 20 28 39719 1
24 18 15 28 47683 1
17 4 10 24 52420 1
11 5 4 17 52774 1
7 17 13 3 43495 1
16 29 7 12 56593 1
20 10 2 21 72343 1
19 15 0 16 50799 1
4 19 20 12 59728 1
1 14 24 3 59075 1
7 28 17 0 69234 1
29 21 3 28 70016 1
18 3 25 26 45610 1
4 2 25 25 71298 1
7 25 21 10 62081 1
2 27 0 15 64416 1
8 28 27 25 42687 1
15 25 23 8 50473 1
16 24 21 2 49635 1
17 7 0 22 79139 1
16 26 24 3 45525 1
18 18 6 4 43760 1
18 10 11 17 30894 1
15 14 27 9 44875 1
28 8 18 12 39004 1
4 21 26 7 88321 1
23 9 7 11 61799 1
0 15 26 19 74640 1
0 17 28 16 81974 1
22 5 9 27 61806 1
23 4 13 13 42892 1
15 4 21 16 38289 1
14 28 22 4 56230 1
27 4 3 13 72560 1
14 17 9 6 36294 1
12 14 24 25 38760 1
28 18 1 26 68579 1
5 13 22 6 63222 1
9 3 26 19 65161 1
17 3 17 24 39972 1
26 12 0 23 87213 1
18 25 10 2 46275 1
12 29 4 17 56069 1
16 28 13 21 33111 1
18 5 3 9 58161 1
12 25 25 23 36146 1
29 28 17 11 53750 1
21 19 11 24 42415 1
15 0 1 7 59635 1
15 24 23 28 33454 1
4 9 28 3 67244 1
28 16 12 3 57004 1
13 19 24 1 55846 1
19 27 29 20 37012 1
14 27 11 10 56050 1
18 13 8 16 25494 1
16 11 21 26 40499 1
21 5 16 11 34628 1
3 4 0 25 83201 1
3 11 13 25 64291 1
12 18 9 4 41117 1
9 12 3 22 44241 1
8 9 14 14 23078 1
3 29 28 10 95437 1
8 10 29 29 71606 1
23 16 28 11 34816 1
14 21 11 3 47492 1
23 22 2 23 72015 1
3 3 13 3 16099 1
7 2 9 18 38495 1
25 2 13 27 58001 1
8 24 21 13 49569 1
29 14 1 22 84053 1
10 25 29 11 59765 1
21 25 29 21 24165 1
13 20 22 3 49446 1
24 26 24 13 39381 1
29 18 28 5 26064 1
25 16 5 17 61981 1
26 29 11 22 52711 1
17 4 23 17 39212 1
24 17 2 18 71209 1
18 25 10 17 39487 1
4 29 7 8 69863 1
23 6 5 21 82344 1
16 29 28 19 50029 1
2 21 8 8 48509 1
26 26 1 12 77534 1
15 22 2 10 77076 1
19 8 11 0 32633 1
22 24 26 17 41254 1
26 28 4 7 96258 1
13 2 12 22 55531 1
15 20 10 29 40476 1
27 26 3 26 43803 1
13 26 7 15 40970 1
0 13 20 20 63021 1
21 4 3 20 80484 1
28 23 7 11 74787 1
17 7 26 11 43831 1
27 12 21 20 46936 1
27 3 5 21 75008 1
13 0 29 28 76009 1
3 9 24 4 67759 1
15 25 14 14 28715 1
21 26 25 3 49566 1
15 27 9 22 25480 1
27 5 10 5 44231 1
25 21 1 18 80245 1
11 24 24 15 49150 1
9 24 4 6 68505 1
19 16 28 15 34334 1
27 8 5 15 71183 1
16 24 13 2 53345 1
23 12 21 27 48062 1
24 10 27 22 46488 1
18 9 4 17 49611 1
12 16 22 15 32237 1
28 10 19 29 60741 1
1 0 23 1 56974 1
8 19 9 29 25608 1
2 17 10 3 58226 1
13 14 6 24 42796 1
1 20 19 29 63876 1
26 27 26 12 43545 1
27 15 12 1 56140 1
29 19 24 10 30833 1
0 11 29 26 87954 1
18 3 2 6 45332 1
2 18 23 5 81853 1
9 18 29 19 57405 1
11 14 24 15 28731 1
0 6 15 4 43187 1
16 20 7 12 50922 1
20 14 22 5 31517 1
16 25 20 4 39458 1
11 12 29 17 49285 1
0 25 25 23 61006 1
27 6 21 13 49267 1
20 29 13 13 41928 1
5 24 24 12 68339 1
6 6 15 4 29640 1
14 8 10 15 29238 1
14 17 3 4 59474 1
20 8 1 24 73854 1
2 1 28 7 68568 1
10 26 5 11 53283 1
5 0 1 11 73167 1
19 5 10 27 50446 1
15 3 19 10 22170 1
10 4 9 23 45143 1
10 27 28 29 47558 1
0 2 6 27 79415 1
26 15 8 21 55867 1
20 25 28 29 29720 1
21 26 9 12 43930 1
13 13 26 11 41072 1
24 25 29 16 27324 1
19 10 1 1 53938 1
22 18 17 3 36325 1
18 24 1 8 75545 1
28 17 1 25 75244 1
27 23 2 15 81261 1
1 12 10 7 46079 1
18 4 7 1 25676 1
26 15 11 29 61226 1
21 14 21 2 28750 1
1 5 23 0 62669 1
16 12 13 4 32125 1
28 24 19 14 44367 1
27 26 22 3 55815 1
1 15 9 0 52335 1
24 18 11 19 47783 1
17 13 18 0 21442 1
24 5 18 15 32846 1
25 7 15 8 46237 1
6 20 8 29 28920 1
25 25 14 15 39989 1
25 16 18 22 34161 1
1 1 0 19 89073 1
23 18 13 28 45860 1
16 28 16 10 47617 1
7 23 14 28 28431 1
27 23 12 8 76132 1
17 2 8 24 57750 1
23 18 21 3 42087 1
11 0 4 20 74235 1
13 6 2 8 53633 1
13 0 1 22 85458 1
14 29 4 25 30587 1
6 23 21 29 46609 1
13 20 25 2 56095 1
18 16 13 8 31063 1
28 21 19 13 42829 1
3 2 22 29 79014 1
29 26 6 13 64123 1
17 13 13 5 33022 1
10 5 1 24 72262 1
7 24 21 25 33081 1
25 8 6 10 72645 1
21 20 1 14 55812 1
24 27 17 9 42794 1
5 10 15 1 54004 1
11 24 27 6 81062 1
9 24 15 13 38484 1
21 11 11 14 32437 1
7 25 25 24 45736 1
21 27 29 20 29903 1
15 4 17 28 47431 1
0 25 15 26 31419 1
12 18 22 14 33347 1
20 0 16 21 47564 1
22 6 12 11 54353 1
0 16 11 23 57244 1
3 25 4 9 68500 1
28 27 1 22 78586 1
0 14 15 3 51230 1
26 6 7 5 48844 1
21 26 1 24 46523 1
21 25 4 14 48182 1
16 3 13 12 33896 1
2 24 28 6 98729 1
13 27 23 18 41495 1
6 1 6 26 68405 1
22 3 3 15 58775 1
6 1 21 21 59542 1
5 14 22 6 57594 1
10 11 15 20 43652 1
15 11 24 22 47656 1
27 18 1 6 96278 1
4 28 18 11 58270 1
9 15 28 9 54642 1
15 6 28 13 55959 1
24 11 0 0 77229 1
1 22 16 27 57545 1
24 5 14 7 36011 1
14 22 27 18 49165 1
24 4 11 6 36035 1
22 2 16 24 51147 1
20 10 2 23 80015 1
19 29 23 18 37263 1
6 28 5 3 71127 1
9 12 1 7 47549 1
7 15 25 8 58860 1
6 29 27 9 88011 1
3 20 9 15 37597 1
22 20 0 8 91811 1
2 29 24 16 81088 1
19 10 3 18 59307 1
20 12 27 29 55880 1
2 5 15 2 35998 1
25 25 1 5 84966 1
7 8 24 11 58765 1
3 8 25 16 77705 1
9 1 22 16 54176 1
8 6 16 13 40201 1
2 25 21 16 60893 1
26 18 20 0 63460 1
12 27 19 16 33962 1
18 27 11 3 45739 1
4 8 29 24 90323 1
3 29 2 9 95508 1
19 28 29 15 47492 1
0 20 24 8 93338 1
2 11 20 3 68911 1
0 10 27 26 89489 1
6 21 13 10 47614 1
20 27 16 6 56421 1
26 17 5 4 69238 1
11 19 23 29 57187 1
1 13 23 19 67792 1
0 25 24 27 50770 1
6 2 13 10 42220 1
22 6 3 27 83377 1
3 28 1 1 99562 1
1 5 19 8 50903 1
18 18 25 10 36169 1
11 4 25 19 63991 1
23 13 8 20 50857 1
15 2 25 13 41530 1
8 24 28 10 74569 1
0 21 24 11 79584 1
3 20 21 24 62647 1
23 19 16 7 50335 1
13 7 6 0 37668 1
14 4 23 10 48284 1
6 14 4 27 48670 1
6 0 19 10 46192 1
6 17 23 26 57110 1
20 5 25 14 34368 1
8 4 18 23 46660 1
7 20 24 27 49904 1
26 0 22 11 51929 1
14 3 13 19 48725 1
14 20 17 3 40990 1
12 6 9 24 54682 1
14 2 1 18 70858 1
28 27 16 20 47755 1
20 22 23 5 51817 1
3 17 21 6 74559 1
21 17 25 5 49843 1
27 6 9 6 52541 1
27 17 10 19 62737 1
17 25 15 9 38670 1
25 17 21 24 37908 1
8 19 29 22 62076 1
27 9 23 18 42065 1
15 25 9 3 51694 1
10 16 26 23 60345 1
19 17 21 7 33388 1
3 8 16 14 50121 1
7 17 18 3 46419 1
21 14 15 21 23780 1
2 5 26 29 96560 1
27 12 23 5 35274 1
26 27 9 15 54592 1
11 1 17 11 36509 1
26 1 5 6 55881 1
18 21 12 27 21703 1
28 2 25 13 34369 1
0 3 29 29 88593 1
11 0 15 25 58428 1
4 16 25 10 72973 1
16 15 5 11 45712 1
5 15 25 19 63654 1
27 26 3 10 89394 1
4 3 27 28 81215 1
9 25 2 5 70464 1
15 5 17 17 30946 1
7 1 15 26 61861 1
6 10 17 7 54514 1
4 7 19 3 48040 1
28 23 20 9 60678 1
6 12 28 16 62312 1
28 28 26 3 52948 1
18 28 25 0 59135 1
8 4 27 18 69519 1
1 14 16 22 53962 1
1 20 11 14 47729 1
1 11 7 23 59533 1
3 3 18 21 49605 1
26 6 1 20 101758 1
4 29 20 17 60403 1
13 13 26 14 30218 1
29 5 29 23 31410 1
23 18 0 7 86713 1
5 10 24 2 62769 1
19 4 16 23 39417 1
19 3 22 16 36638 1
13 28 12 14 44882 1
26 6 20 24 67868 1
17 14 4 26 43544 1
16 22 6 15 47004 1
24 5 6 3 34877 1
21 13 27 4 43355 1
3 23 18 21 52143 1
24 16 4 26 59786 1
9 16 20 0 54355 1
11 10 10 23 44405 1
11 27 29 15 56150 1
5 22 14 16 47876 1
7 12 11 6 31267 1
15 10 5 23 65494 1
12 19 6 7 51365 1
25 4 20 19 47893 1
5 1 24 16 64724 1
7 13 25 18 52002 1
3 28 19 23 51213 1
1 28 21 10 82366 1
8 29 13 3 66237 1
24 20 6 20 57764 1
1 11 9 7 46480 1
9 26 15 19 35598 1
27 25 13 18 46514 1
2 16 9 2 52555 1
6 2 21 5 35480 1
28 11 6 26 73585 1
25 24 27 10 57729 1
26 0 5 22 88046 1
3 1 26 9 70603 1
14 21 23 10 51374 1
14 18 22 24 38180 1
11 20 19 7 48619 1
22 7 3 7 79626 1
18 17 17 3 21244 1
24 3 25 21 51486 1
22 12 5 13 47928 1
28 17 8 5 68252 1
23 27 25 14 46764 1
26 26 3 7 92889 1
26 23 16 28 36524 1
14 17 27 27 52713 1
3 6 20 18 72143 1
25 26 9 22 38229 1
12 1 16 27 59640 1
10 17 3 27 43272 1
28 29 17 21 40671 1
25 17 22 9 37047 1
22 8 8 20 58802 1
25 10 2 2 68056 1
24 27 15 17 38984 1
25 9 9 10 58282 1
15 8 20 24 48403 1
17 5 23 1 23383 1
17 24 10 18 42453 1
22 12 22 23 48910 1
21 7 24 14 34264 1
8 12 16 7 46031 1
28 27 4 25 54217 1
4 19 6 8 51605 1
10 28 27 11 72410 1
5 10 16 13 47645 1
29 26 17 6 56934 1
20 1 22 16 47359 1
7 0 12 17 53219 1
27 1 12 0 39582 1
5 0 10 17 56073 1
4 15 11 18 33654 1
8 21 27 5 75731 1
23 24 0 25 54537 1
18 10 12 27 36735 1
25 14 0 9 75419 1
25 2 10 17 53260 1
23 24 27 0 75088 1
13 10 7 1 43624 1
8 0 10 25 59959 1
11 4 28 21 68339 1
20 15 16 2 30570 1
7 9 13 26 52758 1
29 12 7 20 65676 1
27 10 9 12 59643 1
24 15 16 25 34125 1
26 17 19 24 47762 1
8 25 3 11 56356 1
4 26 18 1 60344 1
23 23 10 3 65312 1
21 16 28 8 38274 1
5 5 8 21 49438 1
3 5 12 9 44693 1
10 26 29 15 54131 1
15 24 19 12 32670 1
5 18 2 9 57624 1
24 15 10 8 49680 1
16 17 3 13 46162 1
14 4 2 27 77767 1
17 22 9 11 39369 1
19 2 9 14 35824 1
19 27 11 14 37231 1
2 4 15 16 63161 1
13 26 23 27 24775 1
0 7 6 1 37609 1
21 9 29 0 46376 1
22 11 29 24 46633 1
17 28 12 15 38759 1
11 28 19 7 52928 1
24 18 16 4 44611 1
0 19 9 17 38820 1
23 23 17 9 48246 1
21 21 7 21 39875 1
8 6 15 12 39166 1
20 21 13 24 26436 1
18 10 28 27 48450 1
14 17 26 23 50842 1
29 15 18 1 42008 1
15 5 7 18 56932 1
26 12 1 14 57696 1
14 10 3 9 55300 1
6 9 18 6 45180 1
0 25 15 22 43723 1
5 27 25 22 58641 1
0 15 16 27 68167 1
16 1 17 10 28785 1
5 0 10 13 46858 1
25 6 11 7 53895 1
10 7 19 1 33683 1
27 14 14 3 41605 1
13 25 24 7 58569 1
2 15 26 3 66489 1
27 9 11 5 57821 1
20 7 5 19 66826 1
25 8 13 17 55248 1
29 23 9 5 72622 1
14 8 29 17 52884 1
4 22 17 27 49671 1
3 0 27 4 63222 1
18 6 2 1 41057 1
19 20 0 6 75781 1
20 5 11 11 45492 1
29 28 6 18 68710 1
7 6 25 12 65645 1
15 20 19 2 41247 1
0 1 14 16 62877 1
5 4 15 19 62175 1
27 11 14 2 56041 1
17 14 20 0 34532 1
20 25 26 0 57223 1
11 19 27 16 61292 1
22 5 1 20 88945 1
2 12 22 25 67279 1
6 22 25 26 48417 1
1 17 18 10 57099 1
5 23 26 2 83639 1
17 24 7 4 59034 1
15 23 0 11 74943 1
17 21 6 29 42729 1
11 5 22 20 60882 1
19 5 8 22 54003 1
5 5 29 16 71273 1
23 21 3 6 83835 1
14 3 28 8 38447 1
6 25 23 27 40428 1
26 21 7 17 62459 1
28 1 25 21 50551 1
10 28 1 7 86234 1
9 6 24 21 60698 1
0 23 5 10 75384 1
16 2 24 9 32789 1
8 11 12 19 31752 1
16 21 7 9 50429 1
10 2 16 6 30797 1
1 9 10 20 64367 1
9 26 13 18 32350 1
19 22 13 6 50988 1
5 25 2 0 85305 1
7 1 13 11 47776 1
20 15 28 20 44212 1
13 14 5 4 41565 1
11 19 1 8 64640 1
23 14 8 26 44828 1
26 8 1 15 77368 1
29 29 17 23 36757 1
29 25 1 29 70148 1
27 27 9 11 64637 1
14 24 5 2 66850 1
24 18 9 26 47936 1
3 2 3 27 83072 1
9 27 9 2 55477 1
13 5 2 18 68430 1
1 1 9 12 42395 1
3 14 21 16 43941 1
22 4 24 16 41439 1
5 6 27 29 98960 1
7 0 20 17 54481 1
4 16 29 18 71028 1
5 28 25 19 68705 1
16 13 11 21 37038 1
3 2 24 16 62068 1
26 19 11 7 74244 1
18 25 24 17 34209 1
23 14 17 29 35564 1
25 5 8 26 69904 1
13 18 3 23 51341 1
18 6 26 16 35011 1
29 10 21 19 43446 1
12 7 3 3 28858 1
25 26 4 27 45873 1
9 8 22 9 53021 1
11 7 12 29 68421 1
7 9 19 2 38434 1
5 6 24 10 68618 1
16 18 0 15 51193 1
2 5 17 15 60120 1
28 0 14 22 68983 1
6 29 2 6 94164 1
17 13 12 20 34595 1
15 0 8 10 41075 1
12 28 15 2 57087 1
28 22 0 21 84682 1
16 6 13 24 57869 1
15 4 7 29 68768 1
2 0 11 18 67567 1
24 11 25 26 47444 1
20 9 7 27 56232 1
15 13 29 21 46185 1
26 8 4 2 57580 1
15 27 24 4 56511 1
25 29 11 6 79604 1
6 3 24 3 28681 1
11 4 20 27 59689 1
3 25 21 26 36176 1
3 16 7 24 46716 1
25 20 11 7 76929 1
27 20 16 19 44177 1
3 25 17 18 45064 1
2 3 22 6 48443 1
0 27 5 19 46166 1
17 18 4 1 57884 1
16 4 22 13 33232 1
18 17 13 3 27911 1
29 1 9 2 36447 1
10 28 4 24 29194 1
6 6 19 4 35490 1
8 2 25 4 34724 1
0 11 3 2 50221 1
8 0 18 2 22625 1
3 23 25 23 69283 1
29 22 8 15 58777 1
23 18 13 6 57289 1
6 12 10 23 38171 1
16 19 9 22 33180 1
16 9 7 29 62548 1
22 23 9 23 43394 1
17 6 4 24 72313 1
26 7 15 23 68479 1
17 8 27 14 31349 1
2 3 5 13 44514 1
28 28 7 22 61582 1
7 13 25 17 49029 1
1 18 16 19 58045 1
1 4 17 0 44030 1
28 5 12 28 75514 1
7 8 19 1 40536 1
9 11 7 29 47166 1
10 5 19 14 37650 1
25 1 9 9 46959 1
22 22 24 14 32273 1
23 26 11 3 53626 1
16 15 12 0 44786 1
9 5 7 23 48402 1
17 4 7 0 31647 1
19 7 4 26 57701 1
24 10 17 15 29641 1
12 20 4 8 59257 1
6 6 17 14 47883 1
22 24 0 1 83399 1
8 1 19 9 35186 1
7 29 26 4 78372 1
10 19 21 18 40914 1
24 24 15 26 22155 1
18 5 27 18 47030 1
5 0 19 20 67891 1
25 5 18 11 30882 1
27 18 20 9 51256 1
16 3 18 19 25915 1
25 25 4 6 87123 1
14 20 25 27 41343 1
9 22 23 20 49062 1
15 13 24 20 39980 1
6 7 16 29 74833 1
7 21 4 9 50630 1
17 3 20 15 27693 1
2 1 12 12 52680 1
8 12 7 22 28390 1
18 19 25 7 45611 1
6 17 29 29 74033 1
0 27 19 8 66060 1
27 8 14 27 66941 1
19 25 22 1 46727 1
25 28 19 6 57744 1
17 27 19 1 47121 1
16 12 24 21 35976 1
20 10 24 21 45429 1
13 18 27 5 62041 1
18 18 10 3 33833 1
23 16 14 26 45386 1
29 24 8 22 51850 1
19 26 2 9 78185 1
20 12 1 27 63631 1
2 16 18 28 63575 1
6 21 29 0 80788 1
2 11 5 20 58477 1
18 28 14 7 48087 1
13 4 21 11 40958 1
0 28 15 28 45068 1
8 5 1 9 41974 1
12 27 26 9 65274 1
29 27 21 24 24528 1
20 29 22 8 53534 1
4 10 22 7 82430 1
3 0 28 12 80182 1
4 5 17 25 66881 1
14 9 25 21 51989 1
1 14 16 24 60699 1
21 9 0 10 76956 1
28 16 10 20 66079 1
9 7 7 22 40099 1
4 18 21 5 67063 1
8 17 24 19 54599 1
11 21 1 21 29095 1
23 9 1 24 87964 1
22 4 1 10 81083 1
12 18 11 6 45739 1
27 1 13 5 39779 1
12 20 4 7 66978 1
6 12 18 4 44515 1
21 27 18 11 31382 1
27 29 15 15 56554 1
21 2 5 25 64965 1
27 14 11 17 43362 1
17 21 2 20 49328 1
5 10 2 18 51950 1
11 6 1 19 70930 1
3 6 22 9 72038 1
4 20 1 8 79376 1
27 7 8 2 52972 1
27 12 17 24 50014 1
27 5 19 22 55603 1
4 20 26 23 73867 1
29 16 13 11 46830 1
0 24 18 29 46154 1
12 16 20 24 45779 1
21 14 2 1 58554 1
24 9 1 9 90246 1
22 5 9 3 31802 1
2 11 5 21 56493 1
12 10 21 4 43430 1
24 22 1 2 76290 1
7 26 23 0 74834 1
3 21 2 8 70541 1
28 1 19 18 48384 1
3 9 12 22 64670 1
7 1 21 20 62050 1
19 19 10 25 30931 1
15 19 15 9 39864 1
17 20 28 21 37222 1
24 2 22 21 47914 1
7 7 12 28 64157 1
7 3 21 23 59953 1
24 6 6 6 49170 1
0 19 19 14 62443 1
23 1 24 25 59220 1
28 27 21 18 47834 1
17 29 11 9 58105 1
8 9 19 9 43053 1
29 29 13 24 42601 1
18 10 10 20 40203 1
18 23 19 3 28999 1
23 12 21 28 52792 1
0 29 28 3 96821 1
23 8 14 9 40459 1
24 3 11 5 28702 1
24 19 8 28 53024 1
29 8 9 11 55877 1
17 5 9 2 24163 1
5 18 1 10 53412 1
27 18 5 3 71274 1
25 0 29 21 52209 1
19 8 26 28 51199 1
0 24 27 4 93796 1
5 2 17 5 31799 1
14 21 12 3 46088 1
10 9 8 22 36322 1
16 22 20 0 53037 1
17 3 1 25 68916 1
8 5 24 3 31428 1
26 25 0 27 54837 1
1 19 27 28 87045 1
16 7 16 18 33179 1
4 24 11 29 34951 1
23 27 20 7 55321 1
29 17 12 16 46221 1
1 18 25 0 93187 1
3 7 9 27 73277 1
6 27 8 18 26996 1
21 4 10 1 27416 1
26 23 21 11 54763 1
20 25 15 3 41100 1
9 23 20 27 34543 1
27 21 15 13 45545 1
1 11 18 18 56031 1
25 24 17 9 49636 1
24 13 4 7 72954 1
23 8 1 24 86480 1
12 12 26 28 56970 1
21 10 10 18 51417 1
2 16 29 18 73278 1
21 3 6 10 48757 1
25 9 11 28 69068 1
14 21 6 27 33918 1
17 2 19 21 30541 1
22 3 5 16 58128 1
5 3 26 2 35852 1
27 28 20 19 46034 1
26 25 8 26 35684 1
11 23 17 7 52389 1
17 0 4 26 67895 1
11 11 28 3 58505 1
20 2 1 29 84952 1
0 20 27 17 94853 1
24 20 11 11 54632 1
24 12 3 25 65011 1
3 9 13 3 46141 1
7 27 12 14 40561 1
7 5 20 25 59598 1
16 22 1 11 71738 1
20 21 27 14 33142 1
21 14 28 17 25301 1
15 17 7 14 26545 1
11 7 14 28 66802 1
16 4 25 25 49453 1
15 29 8 16 48452 1
19 0 10 2 23247 1
16 18 20 0 43677 1
14 21 8 26 26449 1
28 1 16 23 62414 1
11 15 5 21 32866 1
21 10 7 9 59129 1
21 4 14 14 31371 1
12 8 28 19 68259 1
25 1 25 27 69661 1
20 0 5 9 61778 1
29 15 6 8 66111 1
8 13 16 21 36410 1
14 29 2 22 52912 1
18 5 10 28 50104 1
20 29 1 0 87687 1
17 13 11 24 38869 1
11 7 29 9 55486 1
7 6 18 15 44944 1
13 19 1 25 46060 1
3 18 17 23 60895 1
28 24 1 0 101776 1
0 9 13 9 62322 1
0 17 11 19 47598 1
29 13 3 21 73787 1
7 2 8 26 59296 1
8 3 13 20 55458 1
25 25 13 15 43212 1
29 27 11 26 34482 1
6 11 12 1 43434 1
9 19 22 24 47170 1
6 11 26 1 66404 1
24 8 28 0 35979 1
4 13 18 1 52413 1
7 21 27 28 58478 1
12 6 15 26 58901 1
25 26 11 28 33225 1
3 1 29 18 80105 1
12 29 3 16 66883 1
12 23 28 25 41377 1
29 27 16 7 61433 1
22 6 27 29 78232 1
16 3 25 5 23494 1
14 23 1 26 32568 1
5 1 1 14 55220 1
4 2 0 16 62422 1
10 17 9 4 32754 1
9 26 3 17 43769 1
16 21 21 9 36213 1
0 1 9 23 67709 1
17 0 6 3 29414 1
0 20 24 4 92215 1
6 18 11 26 32192 1
5 8 20 28 73922 1
5 24 22 5 77642 1
4 5 28 19 85070 1
15 9 0 2 49918 1
25 5 26 22 54133 1
5 22 21 5 73896 1
29 26 29 8 31079 1
0 29 10 18 53749 1
12 25 0 18 53339 1
5 11 0 2 53208 1
11 7 29 17 67620 1
19 24 14 7 50195 1
13 19 17 13 30529 1
25 16 14 15 34360 1
27 4 6 4 43291 1
2 12 11 23 55597 1
25 11 14 11 46246 1
8 22 2 0 72028 1
11 17 2 2 53583 1
6 8 28 4 60507 1
15 8 26 17 48318 1
22 23 14 25 28159 1
3 24 26 10 84777 1
7 26 7 4 58268 1
3 4 21 7 54079 1
10 16 1 7 58706 1
27 5 22 11 43791 1
2 15 26 20 72509 1
18 23 12 17 30797 1
3 24 15 21 45311 1
6 9 24 9 67571 1
29 1 17 2 22844 1
14 27 6 5 69369 1
8 16 23 9 54839 1
27 0 13 1 39949 1
19 6 12 20 49105 1
16 24 24 0 60073 1
