3374 3361 3406 3224 3310 3369 3263 3487 3504 3407 3236 3504 3234 3493 3397 3458 3474 3507 3283 3326 3244 3511 3392 3384 3437 3223 3250 3444 3227
7237 7145 7099 7305 7263 7175 7222 7158 7045 7186 7080 7321 7172 7130 7150 7195 7052 7142 7314 7128 7234 7156 7259 7240 7090 7074 7075 7061 7083
5406 5341 5184 5252 5216 5368 5165 5457 5383 5445 5425 5442 5271 5455 5178 5219 5405 5374 5420 5341 5237 5190 5424 5368 5232 5181 5406 5251 5347
7972 7930 7991 7829 7786 7949 7744 7954 7913 7861 8041 7966 8030 7964 7800 7987 8006 7884 7879 7763 7791 7952 7999 7872 7974 7937 7743 8000 7803
5921 6016 5812 5981 5817 5877 5840 5938 6093 6090 6054 5970 5965 5977 5943 5975 5876 6054 5916 6102 5896 6028 5847 5917 6099 5926 6097 5917 6072
4910 5015 5078 4857 4923 5030 4981 5138 4917 4976 5140 4893 4946 5061 4906 4959 5017 5067 4865 5062 4938 4999 5082 5010 4916 5086 4935 5053 5070
6159 6210 6393 6316 6306 6122 6268 6181 6345 6253 6390 6183 6370 6125 6411 6321 6309 6338 6277 6158 6258 6376 6378 6264 6378 6167 6143 6408 6275
3358 3190 3277 3272 3289 3222 3102 3343 3269 3149 3211 3170 3277 3167 3226 3352 3299 3117 3320 3388 3354 3185 3343 3329 3305 3110 3246 3124 3142
4526 4289 4473 4475 4493 4549 4283 4344 4370 4296 4458 4310 4570 4321 4371 4498 4348 4446 4470 4368 4478 4334 4343 4327 4324 4458 4443 4477 4558
4946 5050 5162 4944 4984 4990 4996 5030 4995 5120 5056 5204 5017 5182 5159 5010 4951 5087 5164 5009 5063 4956 5130 5014 5134 5087 5158 5085 5220
2076 1790 1922 2025 2019 1929 1918 1985 2023 1993 1999 1898 1802 1937 1830 1918 1824 1852 1852 1794 1928 1967 2001 2039 1892 2053 1900 1991 1928
2735 3019 2742 2766 2760 2995 2792 2814 2813 2850 2885 2873 2767 3018 2836 2944 2742 2974 2931 2835 2745 2803 2970 2988 3026 2775 2981 2885 2947
4038 4092 3997 4068 3944 3990 4133 4144 3953 3901 4160 4120 4054 4155 3977 4094 4193 4133 3979 3908 3963 3953 4091 3909 4125 3999 4102 4047 4188
8276 8133 8372 8359 8240 8088 8377 8148 8174 8323 8317 8211 8223 8234 8343 8376 8155 8269 8082 8109 8234 8236 8203 8110 8199 8205 8245 8091 8202
7660 7599 7583 7533 7471 7691 7716 7652 7477 7528 7507 7531 7692 7475 7648 7705 7635 7693 7651 7629 7729 7443 7505 7446 7718 7560 7490 7550 7598
7444 7236 7446 7371 7477 7185 7332 7288 7252 7235 7313 7313 7357 7343 7356 7212 7329 7389 7447 7363 7340 7215 7258 7266 7268 7282 7412 7457 7222
5788 5925 6009 5891 5928 6052 6061 5970 5848 6024 5884 6009 6041 5785 5907 5814 5848 5947 5861 5810 6040 5779 5941 5887 5942 5955 5832 5981 5990
4362 4143 4159 4241 4217 4096 4109 4165 4101 4242 4122 4318 4355 4363 4112 4126 4189 4117 4366 4221 4131 4187 4136 4092 4110 4346 4085 4266 4107
3317 3441 3201 3372 3235 3365 3389 3338 3248 3417 3167 3366 3319 3392 3307 3270 3267 3230 3331 3243 3429 3397 3327 3396 3202 3378 3166 3270 3277
7234 7063 7157 7090 7125 7271 7056 7258 7122 7291 7097 7014 7018 7249 7176 7039 7260 7279 7053 7087 7276 7210 7148 7124 7084 7197 7127 7208 7261
4991 4965 5131 5021 4981 5132 4897 5008 5048 5028 4870 5065 4837 4888 4874 5076 4951 4917 5098 4999 4877 5061 4901 5072 4896 4900 5008 5073 4858
2323 2333 2334 2225 2186 2233 2237 2200 2389 2278 2401 2448 2296 2247 2296 2454 2282 2388 2300 2202 2173 2174 2331 2214 2248 2267 2286 2225 2423
2004 2189 2097 1971 2048 2057 2127 1970 2081 2028 2201 2223 2221 2131 2062 2018 2233 2080 2032 1969 2099 2081 2175 1995 2089 1964 2106 1974 1971
8551 8511 8404 8353 8405 8364 8446 8398 8512 8363 8335 8466 8373 8445 8478 8531 8372 8370 8416 8550 8393 8411 8456 8431 8531 8564 8538 8326 8511
1639 1685 1679 1576 1638 1670 1655 1813 1696 1744 1650 1586 1750 1615 1717 1543 1599 1652 1636 1836 1611 1768 1679 1663 1579 1676 1653 1628 1620
8261 8117 8194 8350 8223 8213 8263 8340 8220 8366 8305 8246 8181 8383 8169 8240 8274 8284 8156 8108 8181 8377 8276 8214 8237 8269 8244 8166 8229
3585 3419 3583 3523 3467 3463 3462 3380 3382 3397 3442 3512 3382 3565 3585 3593 3418 3524 3451 3408 3566 3436 3631 3538 3379 3535 3352 3560 3547
5695 5870 5612 5724 5839 5874 5598 5713 5789 5676 5719 5740 5798 5694 5631 5618 5611 5612 5827 5650 5790 5727 5860 5638 5666 5663 5591 5640 5732
3636 3568 3630 3632 3737 3715 3593 3554 3514 3783 3707 3602 3656 3775 3735 3654 3632 3646 3493 3741 3749 3496 3757 3733 3545 3722 3606 3723 3739
8498 8432 8409 8577 8656 8413 8499 8432 8476 8616 8516 8536 8676 8514 8696 8628 8426 8578 8416 8523 8692 8669 8454 8697 8432 8692 8639 8564 8470
2115 7405 8666 7153 3108 6817 6819 1440 1185 4046 4920 3825 1214 3743 4175 1544 5491 2854 5750 2081 2088 8787 4946 6420 2840 5511 3463 3276 1680 7180
2108 7483 8781 7386 3000 6762 6910 1508 1236 4191 5185 3923 1213 3689 4092 1625 5339 2875 5485 1993 2099 8739 5079 6295 2705 5249 3409 3440 1769 7139
2001 7294 8695 7376 3110 6968 6929 1433 1137 3963 5052 3770 1245 3895 4163 1426 5345 2723 5609 2119 2316 8757 5073 6429 2729 5489 3386 3209 1842 7085
2224 7331 8815 7107 3138 6906 6909 1457 1346 4120 4993 3820 1276 3881 4125 1512 5380 2903 5688 2040 2053 8922 4896 6401 2739 5344 3252 3445 1690 7186
2231 7250 8787 7206 2964 6840 6984 1553 1163 4054 5105 3958 1420 3825 4119 1474 5203 2868 5455 2177 2146 8650 4827 6371 2716 5482 3226 3387 1802 6966
2084 7278 8577 7188 3075 6988 6869 1463 1293 4146 4945 3829 1430 3763 4051 1501 5391 2933 5533 2232 2227 8893 4882 6317 2653 5528 3415 3339 1838 6999
2166 7321 8610 7234 2890 6918 6889 1517 1353 4175 5184 3777 1171 3654 4199 1415 5384 2883 5543 2267 2335 8842 4870 6484 2785 5530 3273 3340 1784 7073
2249 7426 8774 7315 3129 6771 7011 1397 1136 4062 5176 3768 1263 3847 4180 1513 5396 2960 5525 2115 2076 8887 4924 6381 2626 5457 3338 3436 1871 7015
2041 7253 8692 7115 3031 6767 6837 1535 1217 4127 5108 4006 1132 3633 4224 1440 5362 2729 5638 2142 2097 8931 4865 6407 2720 5457 3348 3372 1679 6940
2022 7263 8692 7401 2990 7049 6972 1636 1171 4016 4970 3958 1314 3713 4141 1522 5251 2905 5510 2244 2251 8733 4857 6383 2754 5263 3301 3410 1825 7051
2035 7235 8782 7115 3069 6829 6800 1434 1289 4205 5182 3788 1220 3876 4191 1642 5448 2871 5739 2188 2317 8924 4922 6397 2670 5337 3397 3222 1612 7000
2159 7450 8651 7178 3106 6894 6956 1609 1365 3963 5034 3849 1234 3742 4313 1615 5259 2746 5575 2099 2093 8784 5032 6399 2606 5482 3345 3385 1791 7057
2005 7484 8615 7117 3180 6810 6937 1374 1232 4072 5089 3760 1202 3667 4112 1641 5351 2931 5625 2213 2049 8729 4846 6437 2660 5378 3283 3316 1722 7187
2038 7370 8724 7272 2928 6830 6947 1548 1169 4065 4923 3805 1181 3673 4091 1594 5318 2829 5561 2111 2213 8665 5000 6407 2808 5487 3466 3441 1730 7092
2259 7430 8704 7372 2991 6775 6895 1567 1088 3986 4909 3972 1340 3807 4262 1611 5443 2903 5510 2017 2067 8753 5111 6346 2822 5461 3410 3367 1658 7006
2100 7256 8590 7165 3099 6804 7034 1516 1303 4138 5069 3998 1350 3672 4321 1445 5416 2760 5677 2161 2282 8761 5061 6425 2841 5250 3470 3430 1857 7152
2248 7476 8656 7290 3105 7012 6798 1369 1131 4076 4981 3928 1385 3686 4165 1560 5306 2953 5661 2286 2243 8867 4890 6325 2823 5465 3478 3259 1745 7017
2101 7216 8699 7395 3026 6985 6975 1347 1371 4129 5173 3813 1184 3807 4318 1511 5398 2942 5560 1999 2134 8861 4901 6412 2878 5484 3294 3400 1700 7127
2254 7298 8642 7329 2892 6845 6833 1395 1178 4096 4897 3979 1169 3765 4042 1670 5273 2849 5695 2153 2244 8924 5094 6439 2689 5521 3372 3293 1678 7163
2211 7251 8664 7305 2930 6760 7019 1454 1262 4164 5165 3775 1221 3798 4104 1568 5482 2977 5473 2242 2050 8818 4929 6250 2679 5513 3350 3466 1879 7202
2072 7422 8805 7298 3081 6895 6997 1446 1342 4203 5111 3859 1350 3693 4183 1389 5363 2824 5499 2034 2082 8639 5027 6363 2650 5455 3464 3484 1706 7032
2156 7468 8631 7204 2908 6917 6825 1381 1265 4012 4978 4007 1283 3849 4313 1593 5213 2914 5510 2271 2258 8858 4985 6264 2619 5375 3228 3418 1692 6985
2224 7365 8556 7280 3094 7042 6852 1348 1183 4060 5099 3800 1339 3799 4064 1656 5447 2732 5551 2073 2280 8934 5013 6513 2788 5463 3344 3214 1728 7019
2133 7418 8697 7107 3129 6760 6782 1509 1366 4166 5128 4023 1373 3787 4196 1670 5323 2901 5515 2137 2260 8759 4945 6425 2800 5382 3286 3376 1831 7032
2227 7246 8584 7357 3052 6773 6855 1528 1325 4021 4915 3759 1323 3781 4143 1408 5309 2951 5561 2081 2279 8641 4995 6260 2797 5386 3320 3419 1591 7016
2117 7311 8550 7313 3132 6811 7064 1463 1278 4126 4945 3763 1398 3836 4208 1511 5437 2840 5589 2062 2161 8697 4857 6448 2730 5294 3468 3335 1663 7176
2058 7412 8611 7263 2970 6954 6932 1515 1119 4173 4903 3924 1357 3610 4106 1411 5302 2988 5639 2270 2331 8881 5047 6224 2628 5425 3194 3302 1867 6998
2212 7400 8586 7277 3088 6843 6875 1486 1300 4094 5049 3897 1231 3668 4154 1424 5233 2987 5527 2203 2321 8717 4927 6472 2665 5509 3251 3324 1708 6963
2182 7359 8795 7244 3137 7038 6898 1353 1108 4055 4901 3959 1374 3797 4257 1454 5325 2926 5561 2268 2308 8638 4961 6384 2881 5423 3221 3372 1843 7104
17 25 6 24 34225 1
0 26 29 13 85647 1
0 22 16 11 56788 1
13 9 4 22 57728 1
17 7 24 16 24843 1
27 1 1 18 86689 1
20 21 25 1 52546 1
15 4 25 4 30316 1
10 16 29 28 54278 1
29 14 29 25 48521 1
3 24 5 14 48402 1
16 10 1 10 43386 1
11 18 5 7 32602 1
12 10 1 4 39282 1
11 23 28 4 69001 1
8 5 24 5 35625 1
23 8 9 15 31182 1
13 11 10 18 21497 1
13 11 3 8 26091 1
0 24 1 7 59281 1
1 9 8 22 53979 1
0 23 28 21 75248 1
5 11 10 5 24948 1
20 8 3 20 50295 1
3 9 23 8 32770 1
20 26 21 6 49289 1
20 19 7 25 42603 1
20 12 11 18 27642 1
1 11 29 18 63945 1
5 27 28 10 75079 1
23 2 0 5 57867 1
1 17 24 8 54834 1
10 18 26 7 40474 1
29 6 19 17 44871 1
26 11 8 24 52282 1
8 6 19 28 63425 1
25 9 4 16 47241 1
6 23 15 15 40133 1
13 10 8 1 39850 1
22 25 27 16 32612 1
6 3 15 28 72378 1
5 3 7 12 36577 1
19 14 0 7 44486 1
14 16 19 22 40917 1
4 18 15 23 49654 1
5 27 2 3 87520 1
3 8 4 28 57971 1
14 1 20 27 87014 1
23 17 18 6 31385 1
2 7 8 21 45524 1
1 10 13 10 39665 1
3 10 24 27 67555 1
25 13 8 28 56469 1
15 25 20 13 52582 1
5 19 6 5 51723 1
5 13 14 9 31701 1
21 10 13 4 34755 1
2 29 10 7 60156 1
19 6 14 24 63138 1
10 11 25 20 35356 1
23 20 19 9 35097 1
7 4 21 14 42458 1
22 17 16 0 48703 1
22 17 2 15 34893 1
29 9 21 11 23473 1
9 11 19 27 56814 1
20 19 12 29 42017 1
9 29 7 18 34431 1
21 22 25 28 20413 1
8 27 26 12 55923 1
11 6 27 8 25583 1
26 7 0 10 41496 1
2 26 3 14 56506 1
29 26 16 22 51930 1
14 22 25 8 58224 1
16 29 22 12 49266 1
8 21 14 17 25701 1
13 25 18 14 47880 1
19 0 15 10 44428 1
23 21 29 6 48051 1
29 19 5 27 64356 1
21 2 13 4 28611 1
9 26 19 19 36202 1
16 2 4 25 91134 1
20 22 9 11 47531 1
22 10 15 20 36463 1
2 17 2 27 46002 1
6 22 17 8 49132 1
1 23 25 5 89482 1
15 4 26 7 30743 1
16 16 5 0 55070 1
21 2 6 27 77205 1
26 11 21 21 28355 1
15 0 7 18 53885 1
23 23 0 13 58574 1
7 9 0 2 32041 1
9 27 11 12 33219 1
7 21 28 6 60492 1
7 24 29 28 48937 1
19 27 1 28 36478 1
23 19 16 1 56867 1
1 11 11 26 48871 1
29 24 14 3 80384 1
14 29 11 11 49126 1
0 16 6 11 27563 1
22 24 21 14 22571 1
24 23 23 7 28404 1
2 13 24 0 53384 1
17 22 9 26 34704 1
15 5 19 25 74530 1
24 2 7 1 42989 1
21 11 1 26 72921 1
27 21 0 0 87034 1
12 25 21 22 33520 1
20 5 24 21 38900 1
2 8 25 0 42942 1
1 9 7 2 34078 1
27 25 10 21 53042 1
10 20 8 9 28842 1
17 14 28 8 29335 1
15 28 20 4 64734 1
9 19 26 12 35811 1
12 7 6 16 30721 1
16 21 24 25 31891 1
23 8 25 27 36438 1
5 8 8 28 48167 1
29 3 7 11 60423 1
14 1 20 26 85704 1
22 13 9 22 40901 1
2 24 29 15 68270 1
15 17 12 0 51362 1
7 29 27 22 57125 1
12 1 4 14 51481 1
21 15 26 25 28812 1
3 0 12 20 57813 1
28 12 13 1 57412 1
24 7 29 2 33094 1
24 22 13 0 60554 1
9 23 22 16 42376 1
20 28 14 9 60204 1
1 3 19 16 70687 1
8 28 27 25 46759 1
18 20 10 17 22896 1
2 19 12 25 36466 1
26 3 15 21 63483 1
3 5 11 16 46304 1
4 24 16 5 70057 1
27 8 5 20 54024 1
26 28 24 13 28109 1
22 23 4 26 52557 1
29 5 21 12 32822 1
23 18 17 23 32774 1
25 27 15 8 46473 1
27 24 16 13 44569 1
14 19 27 28 41587 1
6 11 1 19 39908 1
5 19 13 7 38330 1
3 26 11 11 53935 1
9 5 5 19 44809 1
8 25 23 2 75777 1
5 0 11 25 62579 1
29 28 10 17 54270 1
1 15 12 19 25161 1
26 9 11 27 62303 1
25 16 8 9 42912 1
5 17 20 11 40062 1
2 17 12 12 30450 1
23 6 12 9 27243 1
18 5 26 21 44979 1
17 21 19 12 33677 1
5 5 29 5 58194 1
19 25 11 21 36922 1
22 5 28 26 51936 1
23 16 9 17 32951 1
14 25 4 26 40952 1
2 25 19 26 53792 1
17 21 5 10 50547 1
21 6 27 17 31816 1
24 19 12 10 35169 1
20 12 26 25 34320 1
18 19 9 20 21119 1
14 9 3 2 56585 1
4 5 17 10 39723 1
1 10 13 19 43853 1
6 24 26 16 56737 1
2 23 18 6 72749 1
24 15 29 2 46665 1
20 22 5 16 50596 1
18 23 22 6 48163 1
24 24 27 3 48399 1
21 29 28 17 37821 1
4 13 21 10 32380 1
20 9 16 28 55889 1
1 2 4 15 58607 1
6 6 2 22 64988 1
15 15 4 24 41532 1
6 7 24 26 55614 1
15 12 22 28 41818 1
18 14 7 20 31590 1
6 10 28 18 54873 1
19 14 0 8 40999 1
27 14 26 24 30475 1
19 20 12 1 66260 1
14 19 8 0 49266 1
21 4 22 27 49795 1
4 24 26 26 58488 1
19 3 29 24 66103 1
1 18 15 8 50786 1
28 22 0 24 80309 1
19 23 5 14 55527 1
14 2 26 14 63865 1
12 13 16 22 45318 1
3 13 17 0 55457 1
29 18 16 19 34865 1
9 1 19 2 39313 1
9 23 27 23 59894 1
27 14 10 5 43826 1
5 23 9 2 69217 1
9 4 21 24 59947 1
28 11 28 25 43345 1
19 6 25 25 49566 1
0 17 8 11 31598 1
25 14 10 23 43161 1
2 3 26 16 70791 1
3 25 13 24 34903 1
22 14 23 23 25137 1
5 25 26 11 65262 1
17 25 2 26 49800 1
29 24 14 17 53287 1
29 20 22 2 46243 1
5 12 23 27 52494 1
1 17 29 1 87483 1
3 22 7 14 43230 1
29 11 20 12 18215 1
3 0 19 6 48911 1
19 13 8 1 49346 1
1 9 10 20 40819 1
15 10 4 8 27963 1
25 18 1 12 44732 1
12 19 15 7 34732 1
9 14 20 8 28181 1
22 10 9 22 43104 1
9 27 23 23 42812 1
19 9 29 15 31779 1
9 7 26 20 45629 1
19 26 29 11 52475 1
10 9 3 6 22310 1
26 7 19 0 25329 1
12 0 29 10 54622 1
13 22 9 14 32383 1
22 23 21 4 41641 1
2 29 10 6 62074 1
16 21 3 16 46665 1
27 15 29 25 39105 1
18 3 5 2 47391 1
1 8 20 13 36288 1
15 0 7 17 50768 1
9 4 1 14 42334 1
11 6 18 29 61796 1
25 19 5 6 52327 1
24 18 15 26 43240 1
28 13 11 8 31896 1
29 22 11 20 49553 1
21 20 18 0 52589 1
13 11 15 23 53910 1
11 24 20 28 27427 1
19 4 13 13 42786 1
28 12 20 27 42874 1
29 25 9 19 60573 1
5 18 14 12 32415 1
9 0 23 5 44367 1
27 28 26 14 33148 1
4 16 22 22 48191 1
7 25 9 13 36060 1
28 13 7 7 39738 1
19 8 4 2 48014 1
14 1 14 17 60162 1
12 13 3 6 34708 1
9 14 18 16 21860 1
7 9 24 15 36095 1
5 3 16 24 74052 1
16 18 8 11 38421 1
15 10 7 18 40615 1
15 2 27 29 88365 1
6 9 24 2 38543 1
1 13 7 4 40682 1
19 19 16 7 39266 1
22 25 13 13 46871 1
13 4 24 28 67183 1
8 5 13 10 29585 1
2 13 9 9 25428 1
27 15 2 1 71720 1
28 16 20 25 40148 1
5 23 2 0 81409 1
29 7 17 12 24753 1
19 6 24 16 29157 1
22 19 13 26 44654 1
2 1 7 28 81956 1
9 1 28 14 57811 1
8 26 13 18 34214 1
8 7 16 26 60129 1
0 8 19 19 52392 1
0 27 24 2 86342 1
12 15 13 26 34402 1
7 28 13 23 28833 1
1 25 23 24 64899 1
1 10 8 29 62980 1
10 23 8 12 23151 1
0 22 9 16 41016 1
2 4 25 25 80979 1
9 5 20 20 55177 1
7 26 22 25 38559 1
21 15 6 1 58889 1
8 7 0 21 52810 1
13 23 27 27 53471 1
9 22 22 14 38893 1
8 11 0 21 44958 1
0 28 13 21 48244 1
9 6 1 17 46857 1
26 10 17 2 40992 1
4 18 10 13 29631 1
0 2 7 21 64796 1
26 10 24 25 31323 1
14 2 12 16 56083 1
28 2 13 24 81299 1
3 1 18 27 94231 1
27 10 19 25 55267 1
21 9 1 17 51290 1
21 25 10 3 61230 1
18 24 7 5 65642 1
0 15 9 5 41335 1
6 13 22 3 43721 1
21 29 13 23 41749 1
5 22 6 5 63440 1
12 28 2 14 45395 1
8 25 3 18 40144 1
8 10 0 26 66268 1
6 24 4 12 41359 1
15 15 9 27 34533 1
19 16 4 17 40972 1
4 6 21 17 50250 1
11 11 11 1 28436 1
23 8 14 13 27690 1
13 10 22 19 40811 1
16 11 24 18 26189 1
15 19 4 9 44982 1
14 20 21 5 49753 1
21 26 23 2 58195 1
8 3 10 25 50896 1
3 29 7 3 78223 1
13 21 20 17 34803 1
5 11 14 7 27066 1
21 9 10 8 16119 1
29 24 5 7 67523 1
5 14 5 0 50456 1
22 23 8 6 55572 1
29 25 3 26 72543 1
28 7 22 14 21545 1
8 6 27 28 65385 1
25 0 25 20 37885 1
26 14 11 4 43960 1
24 19 4 4 60827 1
10 22 6 0 50759 1
1 23 24 26 67113 1
10 11 15 26 45488 1
17 20 0 2 70282 1
10 26 3 6 54889 1
8 16 23 4 47233 1
11 20 27 12 39035 1
21 25 2 3 86331 1
26 29 20 23 28800 1
21 27 8 24 34613 1
1 3 25 28 88459 1
29 13 9 5 49863 1
12 17 27 9 48464 1
14 4 0 24 78058 1
21 27 9 29 28348 1
15 19 18 7 44842 1
20 2 29 16 52280 1
4 17 1 0 68082 1
24 14 21 21 18757 1
25 7 5 23 68662 1
1 21 5 3 76544 1
8 11 15 5 38013 1
23 10 5 25 65840 1
4 4 7 27 71815 1
9 15 25 10 33073 1
25 13 1 0 64541 1
28 27 18 3 67389 1
23 7 7 9 25106 1
0 13 12 6 32986 1
12 12 18 22 40827 1
5 6 19 29 75761 1
25 18 0 29 67626 1
7 6 13 10 25252 1
14 8 14 21 44178 1
22 7 8 25 57420 1
4 27 22 1 84663 1
8 28 22 9 55655 1
7 23 12 0 58886 1
20 21 4 27 59056 1
26 2 25 26 53386 1
10 1 20 0 23486 1
1 29 18 14 64120 1
20 5 15 0 30263 1
5 20 22 8 48703 1
28 14 11 22 48759 1
24 16 13 23 51132 1
1 4 20 9 46210 1
2 24 13 13 53802 1
9 21 21 25 42228 1
21 15 11 19 26880 1
7 19 24 3 52375 1
26 0 11 10 39617 1
14 4 1 26 84684 1
18 27 24 7 48878 1
20 7 2 5 37137 1
17 18 4 7 48108 1
8 29 12 16 39141 1
3 23 8 2 80342 1
9 19 19 27 40187 1
13 3 27 13 58296 1
25 11 28 22 35030 1
2 6 19 17 54628 1
28 25 11 2 74234 1
25 21 1 16 61306 1
21 4 9 19 45758 1
24 8 12 2 38787 1
13 18 4 21 34713 1
23 25 25 6 44029 1
26 16 14 15 22185 1
0 20 11 10 43475 1
0 21 6 2 78979 1
3 14 8 23 44920 1
24 0 11 27 69673 1
27 17 27 0 43436 1
27 13 1 1 75960 1
1 13 5 24 54918 1
23 14 13 13 28102 1
9 17 13 11 22550 1
18 2 28 27 70590 1
27 9 13 26 70732 1
25 20 3 20 48036 1
19 28 13 22 41000 1
26 16 20 0 40210 1
16 29 21 4 65786 1
24 26 23 6 40250 1
12 0 24 21 59037 1
12 16 22 16 21694 1
3 14 19 15 32466 1
19 27 1 14 65967 1
27 22 1 13 66304 1
14 9 10 16 27932 1
4 8 6 23 52845 1
17 0 17 15 49202 1
0 14 10 1 40906 1
22 26 8 25 39848 1
0 16 16 17 39212 1
5 18 15 0 61651 1
17 25 1 20 50875 1
19 1 24 14 41426 1
22 0 10 1 27714 1
1 12 12 2 41468 1
9 17 7 6 29784 1
23 19 28 13 21831 1
9 9 13 23 47569 1
6 17 13 8 31377 1
6 3 9 11 35345 1
24 29 16 1 71443 1
24 27 9 15 43582 1
24 12 23 21 23718 1
12 10 6 20 34302 1
23 29 29 5 64084 1
1 29 16 25 51321 1
28 2 23 25 59818 1
4 27 27 24 55736 1
20 4 23 21 46031 1
5 18 13 6 50270 1
24 14 10 9 27086 1
23 21 2 23 70057 1
29 4 8 8 41919 1
8 4 20 26 70957 1
22 4 12 14 37609 1
11 6 22 20 44591 1
4 18 1 11 41465 1
29 4 16 7 31423 1
5 5 23 11 44649 1
3 13 27 19 52792 1
7 13 27 20 44936 1
0 10 19 10 40658 1
10 25 28 3 71625 1
1 4 15 15 50359 1
2 4 11 19 52841 1
19 9 9 4 28133 1
18 16 27 29 45192 1
18 1 6 12 46082 1
26 14 2 0 66570 1
5 23 17 4 73551 1
26 2 18 19 51164 1
10 24 16 2 68781 1
12 19 18 25 32781 1
23 1 10 27 72230 1
17 29 11 11 50895 1
3 3 1 20 73387 1
20 28 23 10 41926 1
20 24 1 22 65069 1
4 24 12 18 34249 1
22 12 11 28 47311 1
20 27 8 10 62692 1
27 15 4 29 67053 1
16 22 2 1 85650 1
17 1 4 27 90079 1
26 4 29 25 59493 1
12 0 0 20 64268 1
22 15 18 25 32521 1
3 10 1 22 57219 1
25 0 29 22 56904 1
11 11 18 28 48488 1
20 15 6 16 28068 1
15 28 5 22 39979 1
23 19 0 11 47662 1
24 3 12 7 23793 1
27 12 11 3 41136 1
25 23 10 25 44732 1
2 17 16 24 52744 1
0 25 2 8 60212 1
29 27 15 15 49509 1
22 13 4 3 56329 1
7 4 14 27 66032 1
10 20 28 0 61285 1
1 8 10 21 35702 1
17 20 7 5 50863 1
21 23 13 14 38995 1
16 1 21 6 30308 1
12 6 11 22 39748 1
20 6 8 12 31391 1
22 9 14 1 43605 1
24 9 13 19 39976 1
0 12 14 22 49659 1
5 1 15 6 44015 1
24 7 0 4 45023 1
13 24 25 21 44148 1
16 14 0 3 56156 1
11 6 7 20 35357 1
26 18 22 9 26703 1
11 19 11 4 34036 1
29 20 18 8 39020 1
16 7 6 13 29586 1
18 14 9 22 33918 1
28 29 25 0 59431 1
26 15 20 22 27160 1
23 18 12 17 35751 1
28 0 5 21 77209 1
4 28 20 14 56541 1
28 24 29 5 59716 1
25 16 23 27 27037 1
27 25 1 29 66438 1
26 11 2 7 44132 1
21 2 10 12 35058 1
2 2 0 20 70796 1
16 10 10 24 42164 1
26 10 12 12 25052 1
21 6 12 28 60063 1
9 14 18 18 28357 1
5 18 26 4 65045 1
14 9 10 16 27932 1
24 25 12 26 34032 1
5 26 21 13 59496 1
23 15 11 7 32497 1
22 15 1 17 43597 1
16 18 5 5 59122 1
11 19 12 6 32277 1
23 23 24 11 26417 1
5 7 18 24 62298 1
13 14 26 15 28529 1
5 11 0 19 35107 1
14 24 18 14 43845 1
15 6 24 12 28435 1
12 1 21 6 36960 1
5 24 22 23 48278 1
21 25 28 29 22597 1
11 29 2 3 78029 1
18 12 9 27 42095 1
29 16 3 25 81040 1
23 20 4 11 47139 1
6 6 24 23 56964 1
25 4 12 26 67766 1
6 22 16 4 66779 1
8 8 25 5 31843 1
14 29 22 23 31641 1
17 27 18 5 66710 1
22 17 1 27 66356 1
23 1 2 25 93339 1
2 4 6 22 70280 1
28 22 8 23 64412 1
29 3 21 9 35929 1
15 9 27 14 39103 1
25 6 20 18 39477 1
29 2 11 9 53975 1
17 15 12 5 37741 1
20 12 5 28 52063 1
7 18 19 22 40933 1
3 2 19 19 84208 1
27 9 7 19 53534 1
4 18 3 28 49090 1
17 27 29 9 62352 1
1 27 25 10 79584 1
13 15 12 6 27541 1
5 26 15 3 81773 1
4 20 25 23 55022 1
29 23 25 3 62211 1
26 16 1 13 48061 1
20 8 18 18 32091 1
3 28 9 3 66767 1
12 1 22 9 40972 1
9 26 26 24 43584 1
4 11 7 22 41472 1
19 16 9 28 47998 1
4 4 12 28 66991 1
23 7 21 23 36625 1
28 22 18 7 46556 1
23 22 20 5 45613 1
14 19 14 3 57206 1
4 15 9 28 35701 1
5 22 24 5 65377 1
16 23 15 5 76985 1
19 1 27 8 35107 1
22 11 8 21 40977 1
2 7 16 24 61040 1
25 19 8 11 38180 1
28 20 6 13 50911 1
23 24 12 16 40789 1
4 1 21 5 52922 1
29 16 19 17 30189 1
26 17 10 17 34840 1
11 0 23 25 68949 1
5 28 28 24 50682 1
9 10 3 20 38861 1
18 19 16 27 33197 1
28 10 14 27 64247 1
5 15 26 3 53950 1
4 21 19 26 58422 1
23 0 11 20 57121 1
2 0 17 12 49507 1
16 5 22 19 45785 1
17 3 1 26 93615 1
5 0 29 11 63316 1
15 25 15 13 57112 1
1 3 5 19 67971 1
4 24 17 5 67518 1
23 6 9 7 28055 1
3 19 23 9 53863 1
13 13 27 3 50728 1
2 6 25 16 55295 1
27 0 15 10 45645 1
11 22 2 21 30603 1
0 21 10 0 63318 1
12 4 16 25 67032 1
2 26 4 2 98029 1
14 0 12 21 54996 1
16 1 1 8 45100 1
2 2 13 8 44047 1
26 9 4 11 44192 1
27 0 1 0 55523 1
29 7 7 13 40651 1
5 19 26 3 65005 1
5 29 22 13 61987 1
1 25 18 12 64357 1
14 0 15 14 52691 1
10 23 21 1 58096 1
18 2 17 28 72252 1
16 4 16 26 80858 1
21 5 9 18 44986 1
27 11 5 6 48552 1
23 15 3 2 75025 1
1 19 24 21 52760 1
15 21 14 5 64158 1
3 22 17 3 81739 1
18 17 2 29 60878 1
16 22 8 28 39575 1
20 5 3 22 78838 1
18 0 27 26 66387 1
28 10 8 7 35019 1
26 21 13 28 40467 1
12 13 0 18 36649 1
10 9 22 21 39854 1
25 26 21 12 30639 1
5 21 13 18 31609 1
17 1 11 22 65457 1
4 6 15 14 45716 1
19 0 14 22 79757 1
12 24 22 2 63198 1
28 21 10 12 44020 1
22 27 5 9 65374 1
6 13 19 25 62528 1
8 21 21 28 43675 1
6 6 29 23 78384 1
0 8 14 5 35594 1
13 6 29 15 44885 1
11 11 0 28 52453 1
10 25 9 10 33503 1
28 29 10 5 67225 1
13 11 17 28 53029 1
4 24 7 2 69626 1
16 24 23 9 51141 1
27 24 25 8 36225 1
10 19 10 4 28779 1
10 13 7 21 22785 1
23 3 16 8 25002 1
22 22 26 16 22856 1
9 10 21 21 43341 1
27 13 10 11 29442 1
18 10 21 0 28518 1
20 25 3 15 55687 1
9 10 27 15 36110 1
2 10 13 14 35893 1
14 28 1 9 63445 1
12 16 28 10 40702 1
24 25 16 0 59078 1
6 16 26 0 59986 1
0 21 10 8 47654 1
1 24 18 14 57528 1
16 25 22 18 34631 1
18 2 10 23 58466 1
15 15 1 22 50350 1
24 29 29 10 45744 1
26 14 2 7 47864 1
29 21 3 21 73640 1
17 6 8 11 30490 1
22 25 6 19 46950 1
26 28 6 15 52832 1
23 5 18 27 58963 1
4 13 17 6 38119 1
24 21 6 12 37670 1
25 0 0 1 56837 1
3 7 18 22 59489 1
21 15 6 24 45306 1
6 1 8 16 51243 1
24 7 3 5 46548 1
12 21 10 12 23182 1
11 14 21 21 32239 1
8 4 5 16 39704 1
27 24 6 0 76586 1
3 17 25 5 64700 1
15 21 3 10 57635 1
20 20 3 18 46582 1
7 17 29 26 67987 1
8 12 16 8 17805 1
14 17 25 22 41239 1
5 23 8 7 53883 1
13 1 20 5 42836 1
13 21 14 11 41870 1
3 23 2 0 90204 1
2 5 10 27 61011 1
14 6 28 22 60071 1
11 0 17 15 42289 1
3 4 5 28 75723 1
17 27 20 20 30989 1
18 11 12 26 46893 1
20 16 5 26 58728 1
11 7 17 25 57416 1
3 8 15 11 30082 1
3 20 20 22 46815 1
14 25 2 5 73628 1
4 2 11 23 70445 1
2 12 21 7 34094 1
22 9 1 0 51866 1
18 26 6 10 66105 1
6 24 24 19 50598 1
14 8 29 6 30146 1
9 14 5 28 39979 1
1 29 13 10 69586 1
16 25 15 16 50980 1
0 16 9 11 29855 1
14 2 4 22 83028 1
12 28 2 26 28391 1
1 14 22 25 60188 1
26 0 27 27 59408 1
1 8 21 1 40530 1
1 7 4 23 68312 1
17 13 8 2 44000 1
25 12 24 2 18030 1
13 14 20 5 46784 1
27 5 3 11 59270 1
2 25 12 3 75705 1
17 17 8 5 46893 1
16 18 10 5 45410 1
21 26 16 20 24160 1
11 15 6 8 20001 1
3 26 18 5 77795 1
13 13 1 7 33572 1
24 16 1 23 71203 1
11 29 27 1 84397 1
16 6 24 11 24062 1
14 17 22 22 32968 1
24 29 23 4 44806 1
16 11 3 0 52130 1
9 6 12 28 50513 1
19 14 16 29 54375 1
22 13 28 6 23007 1
17 8 7 20 37723 1
2 12 5 24 46533 1
7 19 23 24 45382 1
27 28 11 5 63258 1
20 3 20 20 47021 1
19 26 7 12 56231 1
9 15 17 9 27682 1
25 27 11 11 47880 1
24 8 8 2 40364 1
3 27 4 7 69740 1
14 23 18 8 58795 1
14 29 21 13 53908 1
12 22 10 13 25333 1
18 18 6 6 50206 1
7 10 22 3 35110 1
4 14 27 22 61728 1
3 17 29 29 82921 1
15 24 21 3 64514 1
12 8 2 21 48114 1
12 26 20 16 48795 1
27 0 27 21 52342 1
24 7 13 6 24257 1
0 29 14 9 72032 1
11 17 21 9 33145 1
12 28 1 10 58321 1
14 6 29 12 37069 1
9 6 19 26 69052 1
12 25 6 12 37025 1
25 5 17 7 19978 1
9 19 3 24 30966 1
19 0 25 17 42002 1
2 25 12 23 36139 1
2 2 13 22 80055 1
6 16 19 6 47430 1
22 2 9 11 37238 1
28 6 6 24 69534 1
9 1 9 18 45437 1
9 0 28 3 51465 1
0 3 29 17 74158 1
11 7 17 22 49723 1
4 18 10 8 39346 1
4 2 17 20 74874 1
23 16 15 25 48558 1
0 24 26 13 73945 1
18 7 11 3 21643 1
3 25 26 22 76409 1
20 12 29 28 40622 1
18 21 21 11 30718 1
15 16 12 5 41948 1
8 19 17 24 33345 1
28 2 26 12 35509 1
8 16 24 20 37891 1
7 7 7 18 34278 1
19 25 10 4 69339 1
11 17 25 5 48600 1
18 26 9 7 62365 1
11 23 11 10 32622 1
1 10 19 2 62558 1
15 15 24 20 22328 1
18 22 25 1 58789 1
12 14 24 27 42780 1
4 23 11 11 49008 1
12 18 19 28 41324 1
27 10 15 20 47562 1
12 29 5 15 39993 1
10 16 1 4 44174 1
23 13 12 2 50791 1
24 29 23 11 33834 1
3 6 25 26 71151 1
25 24 1 18 67981 1
25 19 18 24 26863 1
19 18 22 1 48815 1
24 28 15 24 30837 1
28 29 10 13 56806 1
3 5 29 16 72271 1
6 19 11 9 31611 1
23 15 12 27 48166 1
28 28 17 7 51652 1
15 20 18 1 66750 1
19 21 4 17 49694 1
19 27 13 19 40405 1
21 16 13 18 32055 1
28 3 22 9 27112 1
28 11 29 23 48737 1
4 11 5 22 49432 1
1 3 3 17 62965 1
0 2 6 9 33764 1
24 12 29 3 36402 1
4 26 28 5 86210 1
19 23 12 9 61319 1
24 6 8 24 56193 1
19 17 5 1 66623 1
17 1 20 12 41937 1
20 18 28 22 31786 1
24 16 18 20 19700 1
11 12 7 28 37175 1
17 25 9 23 31108 1
17 17 14 28 46271 1
13 26 22 6 63719 1
8 11 27 11 34405 1
0 13 29 16 53558 1
11 9 6 25 49507 1
5 4 23 17 57476 1
20 6 10 21 45682 1
0 27 8 9 65837 1
4 0 16 2 37102 1
15 24 22 6 56905 1
1 28 2 2 94754 1
27 8 21 24 38674 1
0 9 18 24 67677 1
11 10 28 27 59526 1
21 22 8 23 44472 1
3 13 25 26 61511 1
5 11 25 19 42627 1
19 5 29 22 64449 1
15 10 25 23 50946 1
22 25 15 13 43484 1
13 22 6 29 39392 1
1 2 19 19 81117 1
29 16 10 6 47938 1
27 9 11 12 32798 1
10 28 10 2 50291 1
22 25 0 29 47821 1
5 7 20 2 43496 1
4 22 21 15 51542 1
5 7 13 19 36961 1
17 5 27 19 44348 1
20 24 9 16 46946 1
16 23 9 26 29540 1
13 28 22 15 42460 1
12 23 6 8 44016 1
20 17 26 25 31456 1
11 25 27 6 64864 1
29 9 24 24 39336 1
17 8 4 6 25503 1
16 13 29 27 56874 1
0 26 29 15 77534 1
26 2 21 29 61021 1
0 8 15 16 41034 1
25 19 5 1 68949 1
11 5 25 24 54398 1
25 19 17 5 40016 1
16 26 19 4 73110 1
27 9 2 0 59737 1
26 29 29 9 52673 1
18 9 25 26 44164 1
26 0 4 26 88796 1
7 2 24 1 44494 1
27 8 8 3 39613 1
17 16 23 7 30122 1
25 13 11 19 38565 1
24 7 16 20 39191 1
29 11 15 28 55291 1
19 26 25 12 40928 1
0 14 12 21 35982 1
28 10 17 5 32066 1
25 23 28 14 29073 1
5 24 22 11 53624 1
13 28 14 18 38952 1
8 10 23 18 44436 1
3 3 11 7 35511 1
28 20 11 27 47951 1
12 22 25 9 53967 1
15 14 3 23 59499 1
25 13 11 18 36296 1
19 2 3 25 96114 1
26 21 3 3 81636 1
2 16 22 19 44224 1
16 6 17 29 68574 1
4 11 14 5 44970 1
4 22 25 15 57869 1
5 10 11 26 46429 1
15 28 11 3 60692 1
12 15 9 23 24776 1
7 23 5 7 48561 1
14 3 5 1 43101 1
1 7 21 22 60045 1
25 9 20 22 38324 1
17 17 12 23 35186 1
7 19 28 24 55862 1
19 9 12 26 57573 1
7 11 19 11 24320 1
2 2 27 16 79411 1
13 13 26 11 28631 1
11 13 5 5 31444 1
29 20 21 4 43980 1
23 2 6 0 46865 1
1 9 2 27 71522 1
29 26 13 15 51963 1
2 1 0 29 97588 1
10 19 1 3 56971 1
26 4 1 13 56103 1
16 15 6 2 54355 1
27 6 2 22 79161 1
19 15 5 8 33941 1
12 28 2 27 22985 1
24 21 21 10 23803 1
8 15 0 29 48980 1
0 19 27 6 70687 1
9 4 28 12 40370 1
