2238 2818 2028 2344 2543 2933 2782 2284 2762 2946 2605 2666 2088 3004 2958 3138 3305 2843 3349 3203 2916 3015 2316 2332 2031 2035 3130 2341 1932
5892 5068 5453 5485 5072 5636 5303 5065 4967 5249 5322 4926 4909 5347 5815 5721 4724 5426 4195 4288 4401 4242 4467 5201 4444 5452 4364 5023 5490
4344 5238 3963 4290 4366 4108 4674 4510 3856 7896 7701 7443 8308 7259 8364 7549 8097 7212 7500 8454 7913 8490 7890 7689 7911 8288 8486 7241 7523
2646 3578 3170 2260 2357 2755 2629 3307 2254 2675 4761 4515 4597 4484 4751 3711 3910 4513 3487 4391 4454 4164 4075 3887 4404 4804 3910 3862 4088
3455 3126 3943 2737 3917 4069 3052 3025 3479 3810 3296 2710 3845 2902 2718 3065 3521 3063 3049 3896 3017 3063 4023 3818 3720 4019 3631 2900 2966
3062 3587 4347 4064 3262 3145 4351 4237 3431 3128 4246 3897 4167 3303 2970 3278 3976 3052 4326 3259 3141 4326 3650 2660 3315 3708 2678 3593 2624
4288 4584 4376 4843 4996 4694 4697 5078 6301 5098 5899 5168 5563 5085 5945 5851 6261 6209 5249 6082 5260 5760 5956 5759 6251 5323 5987 6405 5897
4064 2925 2980 2963 6015 5183 5510 5501 6479 6047 6242 5185 6333 5391 5836 6164 5954 5596 6469 5287 5782 5744 5145 5953 5863 6441 5243 5506 5976
7168 6932 7992 7626 7725 6923 6909 8123 7258 7893 7500 6920 7331 7502 8150 7419 7844 7447 7012 7117 5531 6068 5926 5028 5470 5765 5597 4955 5498
7545 6970 7314 7704 7966 7589 6987 7901 7482 7754 7656 7141 7573 8241 7785 7246 7235 6668 6728 7270 6343 6808 6824 7558 7157 7460 6467 6998 6956
4972 4284 3597 3315 3447 3256 2756 3595 3145 3625 3073 3428 3409 3012 3460 3174 2961 3030 3857 3061 3404 3820 2637 3164 3058 3465 3941 3032 3647
4494 3512 3739 3709 4662 3367 3455 4702 3685 3596 4472 4161 3465 4243 3835 3964 4510 4215 3841 4509 4464 4453 4355 3907 4261 4681 4326 4068 4206
7895 8141 7244 7821 8163 7775 8085 8257 8156 7355 8274 7549 7976 8309 8526 7897 8427 7966 3913 4418 3700 3943 3436 4689 3592 3446 3850 3836 3937
6606 1856 1873 2059 1510 2157 2764 1586 2046 2042 2427 2633 2052 2261 2208 2578 1636 1984 2458 1961 1706 1917 1793 1561 1906 1524 1690 1821 2647
6872 7155 7330 7677 6973 6930 7214 7233 7071 6750 7070 6822 6997 7983 6986 6951 7293 7605 7723 7869 7634 6946 7649 6871 7146 6995 7306 7403 7458
6494 6700 5413 6648 4639 4350 4070 4254 4001 4350 3843 3972 4234 3735 4665 5086 4373 4419 4304 4535 4584 4427 3729 5034 4780 3866 4265 5109 4714
6144 6825 6132 6868 6357 6068 6563 6001 5681 6957 6277 7045 6418 6049 6807 8661 8080 8408 8879 8385 7633 7757 8231 8175 8385 7956 7661 7696 7930
2681 1926 1869 1981 2399 1546 2156 1563 2056 2527 1421 2087 2410 2513 1799 1571 2199 1611 2292 2571 2180 2218 1422 2699 1923 1940 6376 7091 6911
5202 5911 4871 4947 5875 5429 5293 5293 5513 5814 4978 5481 5237 5858 6175 5603 5172 4795 6163 5712 5813 5298 5487 5350 5988 3403 3906 4072 3307
2259 2586 2894 2268 2848 2343 4837 5462 5832 5147 5537 4730 4744 5930 5504 5303 4823 5684 5451 5767 5932 4928 5122 5705 4961 6004 4778 4871 6055
7369 7043 6848 6417 6779 6521 6949 6079 6556 6380 6303 6088 6208 7382 6971 6582 6559 5424 5151 5074 5465 4887 4669 5429 4467 4434 5437 5699 5726
3397 4473 3406 3697 3438 3387 3400 4640 3292 3362 4360 4106 3657 4353 4565 4592 5327 5523 5649 6249 5759 5498 5275 5132 5737 5777 5639 5926 6157
5238 4632 5124 4952 5331 4678 4341 5296 4390 4678 4079 4424 4357 5430 5045 5241 4842 5120 4589 5431 4183 5036 4943 5680 6379 5553 6088 6154 5990
3606 4866 3989 4373 4531 3741 4657 3923 4904 3590 3914 4798 3658 3586 4488 4474 4038 3927 4327 4625 3829 4909 3958 4430 4246 4275 4317 3815 3514
3012 3579 4137 3357 4128 3449 3380 3463 3765 3861 2939 7319 8075 6897 7931 7139 7906 7078 6981 6998 6714 7587 7343 7002 7977 7349 6829 7178 8023
3651 3489 3236 3487 3314 3854 4595 3986 4392 4193 4389 1845 2649 2287 2466 2134 1992 2506 2764 1899 3045 2701 2196 1804 2568 2782 2045 2966 2343
7777 7495 7349 8198 7764 7395 8174 7263 7884 7060 6050 6571 6566 6209 6560 5611 6771 6841 6499 6385 6153 6563 6374 5674 5756 5965 5853 6918 6519
6756 6021 5776 5948 6842 5814 6362 6592 6262 6641 6642 4931 4846 5062 5291 4349 4483 5344 5282 4985 5636 5170 5357 4975 5269 5609 4403 5423 4465
5752 4767 5111 5411 5735 5872 5097 5102 5061 5016 4962 5551 5317 5205 5453 5026 4320 4824 4363 5120 5162 4838 3982 4892 4403 4475 4743 4215 3914
4731 4168 4568 4710 4854 4153 4802 4999 4028 4361 4587 4288 4114 5043 4233 4157 4726 4194 4098 4565 7360 7212 8503 8268 7184 8479 8027 7620 7440
1255 6862 3636 3437 4363 6119 1780 3562 6053 3127 7356 2773 7074 1579 8439 2103 1605 7308 6545 3706 2469 8082 1657 5464 6400 8501 6242 5667 4476 6816
1163 6229 6023 4185 4343 6084 2558 4298 6282 3434 7856 3568 6554 2594 8114 7021 1737 7935 6970 3267 1952 7319 2699 5286 5815 8331 4951 5162 4369 6744
2435 6432 5763 3176 5351 6755 2456 4626 5476 3347 7899 3011 6789 2732 7424 6482 2045 7189 6322 2795 1906 8461 1493 5400 6641 8265 5835 5065 5819 5569
2277 7358 6793 3502 4535 3037 1612 4324 5762 3388 7883 3871 6438 1619 8139 7056 1917 8109 6889 3002 2608 7207 2424 4798 7759 8081 5559 5066 4969 5833
2361 6296 6319 3504 4976 3108 2027 3989 5491 3402 8549 3881 7737 1588 8209 7174 2357 8168 6727 2660 2279 7590 2282 5279 7787 7588 5287 5593 5033 5381
1655 6008 6395 4345 4515 3379 2880 4640 5042 2777 8410 3871 7092 1530 7978 7193 1698 7413 6833 2485 1879 8217 2694 5180 6749 7814 4916 5188 5468 5521
1816 7172 5833 3148 7511 3195 1855 4577 5261 3484 7945 3943 7240 2242 8433 5976 2030 7966 6799 2905 3001 8330 1394 5252 6981 7655 5826 6278 5518 6078
2034 6309 6194 4476 6240 3246 2758 3388 5779 2716 7419 3697 6603 2040 7867 6591 1595 8267 6425 3182 2364 8416 1403 4228 7190 8252 5977 5514 5686 6413
2412 7209 6667 4058 6691 2480 2158 4243 5142 3162 7856 3627 6908 1758 8114 7003 1650 7733 7154 3146 2469 7720 1481 5184 6625 7945 5767 6278 5240 5813
2042 7299 6192 4096 6329 3703 2369 4489 5751 3145 7696 3136 7104 2086 8329 6953 2641 8331 6095 3382 1934 7188 2514 4643 7051 8189 5500 6379 4779 5172
2232 3942 6321 4155 6847 2788 2422 3622 6232 3116 7788 3623 7277 1594 8348 6255 2594 7188 5899 3466 2431 4030 1748 4473 6541 7638 5286 5310 5358 6155
1422 4015 6311 4031 7174 2492 2753 3401 5628 3977 7623 3141 7482 2001 8478 7060 1406 7694 6812 2531 2978 3348 2678 5512 7082 8540 6124 6298 4887 5196
1504 3648 5842 4032 7343 3256 2570 3681 5638 3456 7273 2658 6576 2658 7429 5877 1354 6542 6740 2536 3091 4350 2528 7745 6839 8503 5518 5318 5516 6373
2238 3160 6774 4434 7138 2573 2894 4515 5792 2772 8067 2940 3783 2126 7316 6051 1520 6480 7047 2522 2845 3101 2582 7283 7067 8287 5259 5348 5097 5780
1989 4059 6147 3148 6680 3669 2453 4557 5756 3016 7262 3337 3342 1898 8477 6296 1542 6761 7007 5819 1966 3279 1344 6941 6829 7336 5863 6275 4776 5935
1891 4064 5785 5396 6363 3570 2849 4385 5853 3101 8050 2764 4283 2641 7417 7113 2654 6249 6851 6777 2208 4246 2540 7607 7130 7998 5738 6233 4683 6133
1824 3086 6527 4785 7477 3293 8318 4154 6284 2864 8105 2998 4351 2298 7309 7213 4262 6990 6645 6153 2982 3184 2630 7262 7463 7707 5090 6065 5066 5210
1488 3787 5774 5522 7101 3184 8207 4903 5434 3743 7818 3788 4359 2149 7014 6682 4438 6106 7041 6689 2212 3852 2655 7843 7481 7565 5699 5759 5428 5819
1724 3600 6713 5533 7087 3385 7947 5035 6004 3643 7870 2763 3508 2788 6943 6256 4058 6535 6295 6455 2288 3446 2124 7677 7193 5188 5969 5336 4763 5561
1226 3719 6356 5705 7093 3382 8024 5002 5470 3087 8001 3011 3294 6089 7867 7016 4782 6122 7197 6058 1902 3277 1543 6683 6769 5220 6212 5784 5640 6261
6995 3029 5950 4780 6895 3551 8000 4316 4985 3040 7870 3510 4218 5755 7354 6718 5062 6489 6649 6933 2031 3299 2684 7304 6878 5261 7458 5212 5871 6230
7845 3693 6449 5594 6925 2840 7663 5014 5816 3109 7851 3131 3885 5889 6999 6830 5013 6705 6681 6107 2424 4418 1978 7247 6974 4922 6502 5468 4775 5307
7882 3567 5724 5400 7422 3311 8834 5279 4931 3624 8337 3061 3211 6137 7124 6139 4137 6499 6168 6504 2293 4377 3882 7000 7347 4974 7533 5344 5237 6170
7117 3626 6969 5414 7063 3242 8532 4255 6097 3846 8673 3456 4085 6295 7089 6184 4187 6009 7848 6525 1989 4140 4503 7409 7356 5779 6506 7547 5881 6257
8160 3323 6072 6081 6606 2489 8870 4598 5735 3373 7406 3472 4030 6011 7108 6339 4150 6548 7597 6621 2162 3466 3358 7864 6647 4988 7325 7377 5650 5151
7543 3506 6288 6078 6203 2798 7759 4208 5705 3217 8219 3453 4570 5536 7095 5904 4493 5668 8011 5917 2820 3437 4081 6982 6647 4597 7215 6257 5530 5355
8058 3247 6680 5575 6247 3040 8265 4392 6217 3947 8295 3581 4279 5834 7974 6362 4335 5885 7747 6016 3071 4409 3461 6833 7409 5436 7186 7190 4815 5519
8054 2939 5824 5632 7349 3573 8822 4241 5371 3249 8675 3111 4095 6062 7731 6773 5007 6719 8131 6921 1881 3721 3299 7854 7560 5350 6598 7368 5078 6279
6954 3771 6196 5463 7068 3480 7582 4128 5119 4084 7464 3094 3777 6162 8064 6674 4730 6745 7179 6187 4877 4132 3637 7341 7888 5507 6927 7267 4982 6250
13 22 1 5 68313 1
4 8 26 0 89494 1
21 5 14 14 44088 1
13 1 17 21 50704 1
25 21 2 0 91656 1
11 21 3 0 75856 1
9 6 6 17 49223 1
9 26 19 1 83629 1
4 9 23 26 90738 1
24 0 0 23 108808 1
1 28 16 22 52122 1
2 1 6 29 102903 1
7 11 12 17 38775 1
8 2 26 11 83424 1
2 3 7 8 29933 1
27 19 20 27 55637 1
9 18 16 22 30535 1
4 20 14 12 43347 1
20 19 12 12 43623 1
25 24 14 9 59029 1
24 28 18 18 52721 1
15 27 18 19 35399 1
6 27 6 3 91835 1
13 2 0 0 33070 1
10 11 13 21 29882 1
13 0 23 1 27421 1
25 26 9 14 70754 1
0 22 11 23 26144 1
9 29 6 9 83937 1
25 19 9 0 75520 1
17 21 23 9 45427 1
11 6 14 25 53129 1
0 10 26 20 77020 1
20 25 8 2 97843 1
8 6 11 23 56092 1
19 12 13 24 40558 1
15 10 21 24 52469 1
0 0 4 25 80602 1
16 11 10 4 34046 1
26 7 21 2 35080 1
3 21 20 17 60855 1
20 25 15 6 64514 1
18 10 12 19 37738 1
22 11 7 1 61980 1
15 22 29 6 82318 1
7 7 24 20 74268 1
19 14 7 17 43922 1
23 9 19 19 53228 1
4 5 26 18 94905 1
27 3 23 26 91761 1
11 19 18 22 22402 1
17 29 26 8 89282 1
24 3 25 17 45187 1
15 22 28 29 61595 1
29 8 5 28 113596 1
0 15 8 22 37815 1
18 7 5 13 41839 1
26 7 6 11 79863 1
22 0 17 7 33836 1
16 21 19 12 29601 1
29 11 17 12 41518 1
26 16 11 20 47025 1
15 28 6 24 45629 1
28 28 18 25 59548 1
17 11 28 0 63232 1
3 1 24 8 73028 1
3 13 21 27 80842 1
29 20 19 21 31382 1
14 12 4 17 33728 1
0 28 0 14 38912 1
4 16 5 1 52334 1
28 27 22 14 68836 1
18 16 5 16 29384 1
25 15 6 25 73802 1
2 6 14 8 36002 1
3 2 11 24 81673 1
24 25 10 9 77825 1
1 11 14 22 54839 1
4 12 27 27 92750 1
29 29 1 21 101351 1
11 16 20 5 44338 1
18 29 3 4 96839 1
20 8 4 10 61785 1
21 1 14 16 52417 1
10 6 2 8 27071 1
14 26 0 21 42053 1
23 28 2 9 105605 1
17 18 25 24 31910 1
29 23 6 23 73689 1
5 20 9 10 51426 1
4 6 13 7 24556 1
11 16 24 1 67583 1
21 13 28 2 66425 1
17 21 26 22 29026 1
20 22 12 1 62780 1
23 11 3 22 72430 1
18 18 25 7 61022 1
14 10 21 18 55553 1
18 20 21 5 46036 1
18 27 17 3 56689 1
11 17 14 4 40672 1
29 14 4 16 88782 1
24 23 18 9 57375 1
7 28 9 10 82387 1
3 27 17 27 65682 1
13 12 0 13 28073 1
23 29 27 23 39731 1
12 0 7 11 48312 1
21 29 15 4 89242 1
2 13 16 24 60376 1
6 24 29 4 111879 1
0 25 20 21 53979 1
11 7 1 23 68382 1
22 29 27 10 74246 1
5 10 10 2 40782 1
4 9 24 24 88371 1
4 4 10 13 42447 1
9 3 14 17 52264 1
21 4 0 24 91872 1
8 25 14 5 66362 1
15 25 13 6 51728 1
0 10 21 5 69736 1
25 2 0 24 110353 1
21 4 6 22 73975 1
24 4 25 22 54745 1
7 0 6 23 81668 1
2 28 17 1 101489 1
11 2 5 25 77852 1
9 13 0 17 28452 1
23 2 17 12 45902 1
20 13 5 3 65775 1
14 27 5 26 43595 1
13 28 28 15 69112 1
10 22 27 12 65295 1
25 17 1 0 92985 1
21 17 29 8 60410 1
18 26 22 20 28938 1
5 26 29 20 73217 1
19 10 25 16 36559 1
29 22 12 20 50617 1
7 3 0 18 61778 1
28 27 9 13 86074 1
4 26 19 2 92170 1
18 26 16 1 59664 1
1 18 6 23 31961 1
25 22 18 14 42104 1
13 24 12 3 47371 1
17 6 4 0 37822 1
5 12 25 8 69341 1
17 3 6 26 82358 1
1 7 14 5 38451 1
19 28 14 3 78853 1
22 11 16 24 51238 1
17 23 18 6 42636 1
23 26 22 17 43080 1
20 27 7 21 55901 1
18 25 27 20 41199 1
11 3 0 29 91160 1
16 2 7 5 40314 1
21 29 28 20 53107 1
8 19 22 28 72451 1
5 15 10 27 49290 1
3 16 22 13 57773 1
9 15 17 26 43983 1
23 12 17 20 38845 1
0 27 1 12 46063 1
22 27 7 3 111844 1
12 3 23 6 44100 1
28 29 22 12 69467 1
23 28 14 10 79527 1
2 20 23 19 54716 1
6 4 12 16 50526 1
18 10 6 19 56350 1
10 10 7 24 56185 1
2 3 16 8 53476 1
28 3 18 1 44127 1
3 2 21 13 75240 1
2 3 18 12 62495 1
17 4 4 5 43151 1
20 19 27 3 80378 1
8 3 20 7 55199 1
17 19 3 24 45173 1
28 19 11 14 58792 1
14 23 27 29 64468 1
25 3 8 2 64807 1
4 3 6 17 52941 1
14 14 17 29 59764 1
8 23 18 25 39580 1
28 6 26 26 77108 1
19 8 26 26 75654 1
1 1 5 29 97199 1
22 2 2 29 128982 1
6 17 14 19 28131 1
6 15 27 8 83708 1
12 12 21 1 54827 1
18 2 26 28 85283 1
3 1 12 13 53788 1
22 23 12 1 72385 1
15 23 28 26 58052 1
26 1 24 29 90584 1
16 5 8 8 36958 1
21 3 7 28 105687 1
6 8 1 21 58580 1
20 3 7 22 73031 1
21 9 0 16 62448 1
6 10 23 18 76630 1
13 7 11 23 41056 1
22 25 28 16 51051 1
26 27 7 17 75933 1
5 3 25 3 67208 1
17 11 7 12 31930 1
3 21 14 24 35731 1
4 13 1 23 39377 1
11 1 29 26 112587 1
21 24 10 14 52159 1
1 1 4 19 62722 1
15 17 6 8 52993 1
1 9 13 6 38375 1
17 4 8 17 51515 1
15 6 6 14 40361 1
25 21 0 17 66320 1
18 3 9 21 66345 1
19 16 6 24 55597 1
28 12 5 0 86165 1
11 7 28 13 72713 1
2 13 3 22 35069 1
28 27 2 3 127237 1
25 11 3 21 76647 1
9 27 2 0 102108 1
20 21 1 9 74839 1
11 8 20 27 76786 1
3 17 14 19 31752 1
6 2 9 22 79521 1
8 21 1 13 43957 1
29 12 17 12 45806 1
27 7 20 10 40350 1
11 9 29 6 68935 1
9 27 0 15 64454 1
0 15 1 2 37579 1
20 29 19 20 45688 1
9 29 18 2 90187 1
3 25 10 2 88823 1
12 23 8 9 50683 1
20 23 5 15 49995 1
12 1 14 15 39173 1
8 26 14 0 83103 1
2 9 7 27 78449 1
18 19 11 10 42593 1
26 17 14 27 57454 1
8 17 1 11 39455 1
25 3 3 5 73606 1
19 21 13 29 31554 1
4 5 28 16 99366 1
22 14 14 11 39513 1
4 0 6 10 41488 1
1 8 15 5 47185 1
9 12 2 3 52108 1
17 23 10 20 22641 1
23 6 15 18 60751 1
18 8 26 21 54274 1
9 8 4 18 48944 1
20 1 7 8 59234 1
28 19 1 8 98132 1
1 8 24 6 80392 1
13 14 24 3 57370 1
2 24 0 13 44594 1
19 7 9 13 39304 1
3 21 19 3 80284 1
26 8 4 23 92761 1
28 12 8 25 89809 1
9 3 2 13 52740 1
2 0 13 5 36094 1
17 17 27 13 51193 1
27 10 17 12 41955 1
19 9 27 17 51661 1
22 28 3 18 86993 1
2 9 22 14 74956 1
28 22 14 5 74742 1
10 4 11 26 66825 1
18 12 23 22 40589 1
1 29 25 0 133387 1
14 16 3 23 38403 1
16 10 25 3 49327 1
15 0 25 22 67940 1
17 2 0 8 56775 1
29 27 8 1 127383 1
25 5 22 13 38644 1
3 8 25 6 73840 1
2 27 17 29 83291 1
25 18 13 10 52595 1
13 5 28 17 79982 1
18 17 10 9 42854 1
27 7 17 28 89252 1
2 10 26 5 85612 1
16 13 23 9 30989 1
28 28 0 21 91617 1
14 20 10 9 37634 1
14 5 20 13 37324 1
9 14 28 0 93272 1
13 28 22 25 47377 1
15 22 5 26 33699 1
15 8 2 20 60969 1
25 7 9 7 64085 1
1 8 7 3 36985 1
15 5 3 4 36915 1
17 8 24 22 48824 1
13 14 6 6 34696 1
8 7 24 28 98799 1
2 25 12 1 89139 1
28 3 17 2 49840 1
14 18 29 25 71541 1
12 8 3 19 53845 1
12 8 26 26 79969 1
17 2 25 25 66186 1
16 14 16 0 36793 1
0 26 3 1 75492 1
23 2 27 28 91458 1
24 1 5 13 73834 1
10 15 7 1 56854 1
9 3 6 19 69254 1
15 6 4 19 54902 1
21 13 4 13 43241 1
16 18 9 4 61320 1
19 0 9 13 47136 1
17 11 1 22 57358 1
21 6 7 15 64982 1
8 15 11 24 41853 1
4 22 11 1 70099 1
6 22 7 7 66641 1
27 24 5 29 88365 1
10 15 6 1 62086 1
8 18 14 14 36696 1
0 20 26 15 75862 1
25 24 26 10 39791 1
23 2 19 28 93690 1
22 1 0 2 53518 1
0 16 17 12 42900 1
20 5 11 28 73938 1
18 26 6 14 59507 1
26 16 23 7 37629 1
9 0 24 27 98139 1
10 22 20 0 65537 1
25 4 7 9 67344 1
12 7 24 12 50937 1
7 11 22 2 73682 1
8 13 29 14 76433 1
7 17 1 0 62735 1
20 3 13 15 46588 1
18 19 6 20 36193 1
6 14 13 27 45202 1
13 22 10 8 41557 1
28 27 1 3 131422 1
6 29 5 0 104558 1
12 5 27 14 74304 1
19 3 7 15 59778 1
21 3 8 15 69328 1
25 9 8 19 72910 1
2 11 29 13 92227 1
6 22 20 1 76316 1
4 18 28 17 78496 1
11 7 23 24 70927 1
29 12 2 6 91676 1
9 19 3 29 54246 1
11 14 23 17 52065 1
5 9 6 20 41481 1
19 20 25 14 26562 1
24 25 11 19 51632 1
17 10 10 19 36390 1
26 4 22 28 92343 1
14 7 9 26 60788 1
11 21 4 14 37558 1
9 8 26 6 70686 1
21 4 9 12 57581 1
0 18 2 6 37719 1
18 9 2 4 55759 1
5 22 6 13 33161 1
5 3 18 15 65743 1
3 15 16 1 64341 1
23 15 2 16 63229 1
19 15 13 4 44551 1
7 23 29 23 71484 1
22 7 24 29 75177 1
14 28 4 15 47444 1
2 20 17 22 38412 1
11 3 16 26 70218 1
21 21 1 19 57373 1
18 8 8 8 43357 1
14 17 18 25 39211 1
17 16 1 13 39288 1
28 4 21 13 55903 1
27 18 19 21 34891 1
0 13 29 7 94418 1
16 12 11 4 37473 1
13 19 14 9 25051 1
2 7 14 22 66024 1
0 10 24 20 72038 1
22 17 4 19 62064 1
17 23 2 19 45013 1
0 25 18 4 86022 1
10 23 25 0 93050 1
20 10 4 23 70630 1
17 11 10 2 43149 1
8 11 3 27 72373 1
10 19 5 3 65016 1
19 13 22 26 57430 1
14 24 4 16 39408 1
23 18 20 3 69293 1
12 15 29 1 85057 1
26 7 3 28 118307 1
25 28 8 10 88280 1
10 8 5 15 32609 1
19 1 1 10 69129 1
8 21 20 14 60742 1
25 20 2 2 94285 1
7 3 5 11 37357 1
18 4 29 24 90031 1
9 12 1 2 56872 1
28 23 23 1 84267 1
4 7 4 29 73536 1
18 24 4 23 43443 1
29 7 20 21 68120 1
1 16 25 21 61410 1
29 28 19 18 64531 1
0 24 15 29 56300 1
3 17 13 3 51475 1
25 11 11 0 59185 1
0 18 18 14 51139 1
1 20 11 26 41924 1
28 2 19 5 44483 1
28 20 16 28 55988 1
17 6 2 14 52290 1
4 14 12 17 30181 1
0 17 2 26 35233 1
20 13 14 18 37554 1
22 24 20 0 71621 1
22 9 7 17 58122 1
9 22 24 1 85953 1
13 24 2 12 52219 1
24 7 7 24 90738 1
5 18 26 22 64861 1
22 27 20 10 78705 1
24 7 6 18 81366 1
7 0 27 21 88958 1
5 3 15 27 84592 1
3 15 23 15 64895 1
12 23 11 14 28185 1
1 11 26 26 96679 1
22 19 1 20 55181 1
6 1 4 13 49020 1
17 6 25 17 49288 1
6 25 19 4 84418 1
2 13 10 2 52241 1
15 11 5 29 68339 1
24 0 3 29 129129 1
5 13 28 27 93644 1
9 4 21 1 47816 1
22 28 21 11 70537 1
16 27 12 12 53667 1
8 27 1 20 47819 1
2 5 27 28 116790 1
18 10 23 23 51041 1
2 17 4 4 51947 1
4 11 18 17 47203 1
23 24 9 3 88160 1
15 4 27 3 55340 1
14 12 6 28 66056 1
3 5 24 7 71145 1
15 27 17 9 50476 1
21 16 0 19 62444 1
27 1 19 3 33190 1
8 4 14 22 61442 1
16 15 14 27 39861 1
28 2 1 10 104545 1
21 21 0 12 65820 1
12 28 18 8 59269 1
3 12 23 26 83293 1
6 21 0 17 27748 1
3 29 2 13 63555 1
3 26 11 4 85142 1
18 28 3 4 93532 1
4 8 17 11 48097 1
14 16 5 21 32847 1
16 23 12 9 46016 1
3 5 3 24 66264 1
27 26 25 11 48498 1
26 0 21 7 43389 1
18 18 11 12 33821 1
26 23 5 16 65233 1
11 4 14 12 29848 1
28 13 17 19 53352 1
3 4 12 16 52467 1
0 7 13 24 63435 1
14 7 8 12 34729 1
7 2 29 27 129238 1
3 10 6 27 66962 1
15 3 27 7 56994 1
7 11 27 4 81254 1
21 22 6 0 75986 1
29 6 4 27 123650 1
10 29 7 19 42222 1
21 26 9 16 59680 1
12 3 22 13 56839 1
14 2 29 12 79696 1
14 24 20 29 54091 1
23 13 4 24 82033 1
3 15 28 12 82662 1
11 17 22 19 41373 1
23 2 9 23 90069 1
26 28 4 14 84086 1
0 2 20 1 46796 1
28 25 10 2 105119 1
11 15 9 23 32620 1
4 7 12 15 48008 1
25 29 4 20 72178 1
27 7 10 12 71513 1
10 17 8 25 37591 1
29 27 23 2 105188 1
6 6 8 16 44489 1
28 13 11 16 69286 1
27 18 5 0 97696 1
1 16 11 7 49525 1
17 4 19 13 23102 1
20 15 11 19 40983 1
28 8 7 9 74264 1
10 1 21 21 73442 1
17 25 27 10 61961 1
20 0 17 19 43045 1
21 29 13 24 53350 1
20 4 13 9 35584 1
12 11 3 19 44350 1
14 18 2 19 41595 1
3 11 21 26 86655 1
26 4 6 18 92268 1
25 3 11 16 66572 1
19 13 25 17 38995 1
22 7 25 22 53322 1
1 6 18 1 55642 1
25 9 29 15 39499 1
6 23 28 22 62366 1
19 27 2 28 82046 1
7 28 23 16 85322 1
29 23 19 23 45234 1
1 13 24 11 60622 1
25 24 19 13 46540 1
0 14 17 16 40703 1
7 2 16 4 42511 1
24 16 10 11 59613 1
11 2 21 4 42669 1
14 16 7 6 39147 1
25 2 5 3 63972 1
11 2 28 18 91153 1
12 26 13 12 33063 1
18 5 27 20 56698 1
4 29 13 24 47153 1
1 16 6 10 33806 1
11 14 15 27 42318 1
14 1 27 22 80295 1
22 22 0 19 56209 1
8 0 20 3 34210 1
29 27 28 11 74869 1
17 10 29 4 52977 1
10 21 19 17 41020 1
4 12 15 6 42239 1
25 23 15 25 43636 1
14 19 4 20 26909 1
25 15 10 12 58431 1
2 0 29 4 82759 1
3 18 14 11 42337 1
12 15 17 28 50034 1
16 9 23 28 70170 1
12 14 8 6 37512 1
4 16 26 8 79193 1
17 11 4 9 44618 1
29 11 6 0 82960 1
3 7 20 6 57767 1
4 18 12 20 26024 1
27 19 18 10 55996 1
16 29 0 23 60101 1
6 14 6 2 52639 1
0 23 27 14 87735 1
12 13 1 1 60048 1
29 24 14 23 64493 1
26 0 24 29 98272 1
13 20 8 4 55237 1
13 13 7 27 59706 1
3 7 26 29 108732 1
14 25 28 6 97503 1
24 1 28 8 42331 1
15 18 18 5 40541 1
14 22 24 23 32747 1
8 27 19 19 59637 1
5 16 14 27 40452 1
19 24 6 13 57790 1
4 23 20 25 52728 1
1 18 16 25 62598 1
10 6 25 10 57552 1
21 20 4 20 40860 1
13 29 4 13 49148 1
15 19 5 7 60481 1
23 0 11 25 94194 1
0 23 9 20 28661 1
15 12 9 25 50969 1
11 6 1 3 32814 1
15 9 22 17 48488 1
6 28 6 15 54701 1
19 4 3 0 40916 1
2 27 17 25 62431 1
23 9 5 9 57832 1
13 27 26 9 71610 1
22 8 6 29 101169 1
1 23 14 25 43352 1
17 3 21 14 40837 1
10 18 0 7 49717 1
23 19 11 23 40830 1
16 15 10 27 49258 1
2 12 15 1 62380 1
13 25 24 21 38271 1
23 24 16 15 45109 1
29 5 7 21 98990 1
16 21 17 0 46542 1
27 14 25 29 50079 1
1 13 29 8 87840 1
22 17 2 29 94692 1
19 0 9 4 38809 1
21 23 27 7 69018 1
5 27 18 0 88084 1
25 9 19 16 47294 1
14 23 24 2 83400 1
23 7 2 22 87680 1
17 29 29 19 67275 1
14 22 8 1 69682 1
16 18 3 12 49014 1
3 22 29 3 112274 1
6 4 20 28 101994 1
27 22 1 12 83459 1
9 5 14 21 49839 1
2 21 2 8 54856 1
28 29 28 17 54931 1
12 22 1 8 65657 1
25 28 9 8 89526 1
25 20 2 1 92955 1
9 13 24 27 73677 1
4 25 28 13 94558 1
0 7 1 20 39620 1
6 9 20 6 58602 1
23 7 23 27 73970 1
6 10 26 2 88937 1
8 12 20 23 56224 1
18 26 12 8 58326 1
8 9 1 6 28561 1
4 20 0 13 29933 1
10 7 17 29 78199 1
0 26 2 15 38236 1
24 1 6 2 53381 1
24 4 2 9 77226 1
11 6 20 0 33764 1
11 13 0 15 27324 1
13 4 12 24 48119 1
5 13 24 23 69947 1
6 19 7 1 72576 1
29 24 26 10 63394 1
14 7 17 21 41896 1
23 17 25 2 59202 1
4 27 4 7 67670 1
16 21 21 14 41054 1
4 14 15 14 28158 1
27 10 13 22 65013 1
22 5 1 2 67082 1
23 6 29 29 92648 1
6 25 17 5 75001 1
21 16 25 0 71444 1
18 10 18 23 40359 1
29 3 7 22 103480 1
5 26 23 23 57693 1
9 6 29 5 63651 1
7 0 18 25 78773 1
16 20 29 9 63012 1
12 22 27 11 60899 1
15 6 24 1 44409 1
27 19 20 10 53509 1
18 10 14 23 46380 1
27 2 18 26 96792 1
12 29 4 2 90032 1
11 12 2 24 61624 1
27 11 2 19 86339 1
18 6 5 2 49177 1
13 11 18 19 32322 1
29 14 6 23 86613 1
5 1 11 12 54403 1
4 6 25 17 83454 1
28 5 24 23 71168 1
1 27 24 5 110690 1
5 20 6 29 35216 1
16 3 15 15 38270 1
7 20 22 3 81164 1
2 16 29 26 95727 1
23 4 16 19 58088 1
27 16 6 18 73649 1
8 5 18 9 38768 1
6 16 28 9 75454 1
22 17 25 9 37279 1
29 0 6 13 93821 1
25 12 2 8 83116 1
8 16 18 29 55371 1
24 10 12 12 46907 1
3 9 28 12 88857 1
25 8 14 27 78133 1
2 17 13 5 54138 1
26 27 16 4 80671 1
13 24 24 8 67179 1
24 4 2 6 68145 1
16 26 4 3 88944 1
17 14 22 26 49980 1
17 28 26 12 66417 1
23 4 13 15 53382 1
18 4 9 12 49700 1
26 15 19 11 34792 1
14 27 0 9 68857 1
24 11 6 0 66249 1
10 21 12 12 35618 1
17 12 2 9 49266 1
5 26 29 9 103297 1
6 25 3 15 44958 1
25 13 3 1 83154 1
4 4 22 16 83527 1
25 14 24 28 39518 1
18 21 27 14 48531 1
9 18 17 21 32627 1
4 28 21 28 87864 1
11 0 7 7 37898 1
0 5 17 1 47202 1
0 2 20 28 113871 1
27 27 7 9 100134 1
2 12 15 25 66334 1
29 1 18 18 82482 1
29 18 7 0 99379 1
12 24 25 5 78866 1
26 7 8 0 65093 1
15 12 10 23 36558 1
10 12 8 29 67117 1
15 4 24 24 75518 1
25 16 2 7 90204 1
11 29 15 23 32166 1
20 1 2 29 117771 1
23 3 23 15 50163 1
7 15 28 29 92189 1
8 26 25 28 76729 1
28 10 20 8 37658 1
5 13 28 18 73984 1
13 11 16 3 29569 1
22 9 9 14 50610 1
28 12 18 6 58744 1
22 21 22 7 58203 1
6 10 18 27 76403 1
26 15 1 12 84024 1
13 1 29 16 87690 1
18 0 3 0 29185 1
8 3 21 24 88377 1
10 8 0 27 74388 1
11 10 1 14 37228 1
8 17 8 5 54251 1
1 7 21 16 78120 1
1 23 20 15 71305 1
15 29 9 23 38891 1
3 17 3 28 45951 1
25 26 1 2 113554 1
10 3 14 24 62135 1
19 9 17 26 42769 1
2 15 15 28 60666 1
8 4 18 9 46493 1
11 17 1 14 36310 1
15 7 15 23 48222 1
6 14 24 12 56801 1
2 19 8 4 70049 1
29 22 29 6 76767 1
28 18 19 13 54049 1
17 9 5 22 52408 1
2 23 19 8 79715 1
23 8 4 4 73077 1
8 17 27 1 92388 1
13 23 5 15 31701 1
12 23 26 5 77435 1
5 4 28 29 121986 1
13 9 22 29 85286 1
12 15 26 14 63744 1
17 25 26 4 75665 1
8 3 22 0 53311 1
2 6 20 24 85635 1
27 14 20 3 66239 1
0 29 19 15 78551 1
16 19 25 18 30688 1
0 6 20 15 76504 1
9 5 0 1 38544 1
23 8 6 24 86579 1
5 21 23 27 65954 1
8 15 14 23 37802 1
9 11 7 20 39295 1
11 2 9 15 52756 1
26 7 10 6 61048 1
6 26 8 14 61221 1
2 2 22 27 120659 1
15 4 26 7 49543 1
1 20 7 25 35877 1
16 21 12 3 52726 1
14 15 25 8 59785 1
18 22 17 13 21609 1
18 26 20 3 65793 1
15 15 3 10 45108 1
5 17 24 15 67070 1
21 2 22 11 36113 1
5 9 23 16 73683 1
8 14 24 15 68767 1
23 1 4 21 94644 1
18 23 29 20 42128 1
6 26 17 26 51769 1
2 24 18 12 70041 1
2 23 23 5 93471 1
10 13 25 19 48972 1
20 27 12 17 54373 1
11 28 0 11 70182 1
28 27 13 22 62992 1
17 13 11 28 48221 1
4 1 0 23 72917 1
14 3 7 23 61916 1
5 0 25 0 53138 1
14 11 3 14 31225 1
9 5 1 9 34055 1
14 14 0 17 40036 1
0 3 9 15 58933 1
26 4 22 18 68743 1
0 24 10 18 38831 1
9 11 19 24 59637 1
28 29 5 1 124044 1
7 6 13 26 56073 1
26 0 12 4 65301 1
28 15 14 29 77539 1
16 18 27 20 34700 1
24 2 9 26 102584 1
16 9 2 10 52086 1
20 28 12 3 85177 1
19 20 28 17 34880 1
11 6 14 21 40766 1
23 23 3 17 62734 1
21 1 9 19 71930 1
9 14 20 24 57495 1
8 0 13 9 32069 1
18 8 11 24 56926 1
23 17 29 21 34096 1
22 2 11 23 83342 1
24 1 15 7 45437 1
15 17 26 19 43565 1
13 6 3 14 39150 1
10 5 3 11 34541 1
9 29 6 12 71584 1
17 9 25 6 36559 1
22 19 1 22 55120 1
23 1 9 17 76427 1
29 23 15 9 74177 1
13 29 8 23 29817 1
9 0 20 4 35454 1
3 13 8 21 38631 1
7 10 26 10 73858 1
3 22 14 9 51781 1
19 4 15 29 77037 1
27 25 2 3 112669 1
8 6 7 16 43090 1
10 5 27 14 79584 1
24 2 29 15 66868 1
3 22 8 16 29713 1
29 14 12 13 68994 1
2 26 16 6 86606 1
24 5 6 7 59739 1
6 26 4 5 76111 1
22 4 9 6 47049 1
4 7 17 2 46355 1
15 0 28 29 101638 1
1 0 4 8 28053 1
2 19 27 5 95604 1
4 22 8 29 42522 1
20 15 29 26 77057 1
28 18 15 21 44166 1
16 0 21 14 49137 1
8 0 3 20 76160 1
11 25 7 4 78125 1
6 9 14 14 41787 1
24 4 25 27 66140 1
20 27 24 4 90452 1
8 29 9 12 73367 1
0 6 16 6 38394 1
16 4 0 29 95697 1
8 15 29 5 86966 1
0 21 23 24 62360 1
19 20 5 23 38084 1
26 23 7 18 68899 1
2 29 14 9 85836 1
4 13 17 8 36961 1
0 7 23 27 105269 1
0 27 18 3 92030 1
10 26 28 21 63007 1
25 12 2 25 91269 1
5 29 19 3 93642 1
29 11 16 5 53993 1
25 15 23 3 45722 1
26 28 21 1 94915 1
0 3 29 1 79525 1
2 14 8 3 59294 1
10 9 8 19 39557 1
17 0 7 0 19588 1
0 22 3 11 41837 1
17 28 15 6 65078 1
17 6 21 29 76194 1
29 24 16 23 59014 1
12 11 25 23 56105 1
18 20 14 9 34194 1
2 7 18 16 64017 1
18 25 27 18 51466 1
14 1 1 6 41033 1
4 15 8 23 36373 1
0 6 15 23 70518 1
18 26 24 21 37598 1
6 17 15 3 55436 1
7 7 27 17 93041 1
29 29 16 16 75930 1
16 19 29 14 62141 1
1 29 17 7 89515 1
5 25 8 7 76960 1
29 5 17 5 38275 1
19 17 14 3 52677 1
13 28 19 19 34056 1
1 21 22 7 91856 1
23 15 5 12 65060 1
9 29 11 19 41867 1
6 10 9 25 71583 1
7 13 21 25 65092 1
7 26 25 17 73718 1
24 4 16 14 51136 1
6 6 13 3 22611 1
29 16 13 25 63781 1
29 28 8 19 84836 1
15 21 24 27 51096 1
14 28 14 2 64024 1
1 4 21 28 119500 1
6 7 24 24 94345 1
27 9 17 11 38577 1
0 1 14 22 78111 1
5 12 28 17 82975 1
6 23 1 13 46171 1
7 13 21 4 53806 1
1 0 28 1 67415 1
0 20 6 10 48111 1
22 29 6 7 113264 1
13 24 6 13 36442 1
25 24 7 2 94802 1
26 3 4 10 88683 1
6 3 1 17 58811 1
9 4 2 12 53130 1
9 8 22 26 89943 1
10 13 12 1 34906 1
25 15 6 1 83256 1
29 1 8 13 84808 1
5 0 18 9 44979 1
21 15 5 17 51854 1
20 22 9 27 45016 1
20 29 17 20 41188 1
2 12 19 13 44056 1
22 21 5 28 61160 1
24 0 15 2 41883 1
24 26 0 21 77387 1
18 2 7 14 54280 1
20 14 16 27 57787 1
9 18 26 14 68604 1
4 21 0 10 40309 1
8 21 3 0 78607 1
8 27 23 17 75399 1
13 5 24 27 83045 1
20 16 11 1 60792 1
12 28 8 19 36456 1
18 23 9 7 63926 1
27 24 2 26 93848 1
12 7 5 15 38649 1
22 1 24 10 40312 1
6 7 29 29 123646 1
2 25 22 24 72480 1
23 7 8 16 63024 1
19 23 0 1 90265 1
26 28 5 13 82366 1
22 5 5 4 57248 1
20 7 29 3 45440 1
1 15 9 0 58510 1
29 4 22 0 42663 1
8 28 3 18 55023 1
19 6 10 24 64956 1
6 6 22 28 102950 1
17 17 9 27 49566 1
6 2 19 27 98777 1
5 22 0 5 59352 1
10 17 22 27 68462 1
12 12 29 22 69672 1
27 12 5 29 97009 1
26 28 25 18 30300 1
