3108 2850 2858 2607 2199 4089 3517 2318 2125 4447 4299 4192 3544 3320 4442 4787 6998 4286 6734 5664 6775 6421 6543 5590 6178 7048 6473 4945 6454
2831 3246 5049 3401 2797 5229 3812 4356 5291 5284 4762 4141 4759 3439 4100 6398 6703 7434 4501 7182 6843 4987 5981 6056 7116 7414 6977 5785 5627
3567 3640 4074 3807 3164 3448 5327 3711 2966 4066 4391 4555 3861 3544 5790 2885 4398 4136 4846 4202 4658 4216 4257 6122 5798 5162 5903 4155 5711
3941 5386 4018 3708 3726 4567 5479 5752 3939 5764 5780 4126 5620 7565 7580 5707 7299 6296 7380 5449 5577 7188 7586 5452 5102 6623 6060 5543 6560
6957 6427 7007 7178 7960 7337 6929 5171 5563 5980 5332 7666 5682 7530 5754 7595 5763 6622 6511 6126 7178 7500 8094 8563 6166 8013 6476 6458 7517
6427 5571 6611 6774 5568 5583 5650 7700 7152 5812 5636 6990 6233 7682 6892 7303 5873 6749 7287 6229 5303 5186 7358 7101 7163 5208 7194 7106 6879
2261 3554 2183 1800 4261 3893 1846 3836 1930 3780 1721 3361 3057 3358 2005 2509 2809 2529 4685 5329 5285 7111 7235 5174 6762 5498 5594 6151 5410
8879 7225 7173 6976 8036 4742 6063 6260 5190 5519 5085 5796 5262 5384 5607 5891 6351 4144 5283 4668 4544 5581 6227 5161 5800 5523 6626 4612 5051
7529 2778 4217 4208 3953 3261 4362 2186 3192 4860 2250 2897 2582 3390 1992 2962 2183 2718 3675 3448 3986 2500 4873 3484 3562 2272 2231 2357 3920
3876 4909 2746 3364 3403 4068 3511 5385 2712 4606 4699 5101 3864 3604 3726 2686 4282 3475 4520 4025 5849 5992 4320 3369 4759 6213 5884 4005 4571
4883 5943 5301 6275 7118 4894 6813 7222 6115 6125 6773 5176 5770 6775 5405 7684 7315 5744 7761 4938 7803 5237 4883 7765 7798 5508 6787 7673 7648
3052 2858 3126 4103 2479 4054 4219 4233 1621 4523 3462 2223 2219 2668 3882 2986 4203 1851 3878 1841 3893 2176 3696 3169 2443 3570 4419 2182 4413
3709 3886 4003 5420 4181 4303 4777 3440 5409 5068 4983 4223 6276 5672 5761 5925 4151 5769 5158 4638 4208 4681 5446 4854 4656 5907 4512 5519 6287
6012 4874 5992 4381 4441 4588 6427 6776 5979 5687 5219 4242 4042 6827 6138 6851 4445 4142 6967 4794 4832 4850 4373 5873 3191 3179 4840 4252 5151
8515 5705 8491 6749 6990 8379 7125 7674 8278 8239 7467 7745 7111 5883 7499 6769 7616 7343 6847 5730 6604 5690 8228 6630 7076 6354 4256 5726 5045
5507 5793 5305 6554 4925 5735 5645 5039 6441 5953 5654 4877 6897 4681 6664 4570 4726 6229 6334 4506 6587 5115 4355 5768 4606 6300 5164 5169 5449
4412 4616 2633 2944 2556 4666 3958 3784 3068 4424 3141 3735 3359 2607 4023 3734 2573 5390 4351 4960 5210 5166 4506 6456 6210 5168 4448 6937 6545
4421 3171 4447 1633 2999 2088 2953 1957 3401 3736 3610 2615 2542 2759 5460 3528 4722 4207 4724 3761 3866 3406 3406 4489 3607 4025 5243 3986 3680
7556 7596 6395 7905 6933 7850 8546 5208 4349 5726 5347 3730 4585 4340 5281 4316 3929 5259 4197 5011 5827 5238 5818 6523 5941 4552 4258 4306 3965
4004 4800 4107 4955 4447 4516 1112 1136 2620 2105 1886 3571 3270 1767 1302 4041 1336 3069 2254 3465 3120 2827 3556 3336 2975 1127 2906 4012 2208
5508 5079 4824 6501 6784 6397 6054 3015 5073 4115 3395 5136 3643 4913 5100 4816 4592 4744 2545 2401 5082 2756 4172 4387 4551 3529 2334 5264 3142
5661 4095 6171 5384 6187 5722 5958 5479 5914 5142 2564 1578 2841 2098 2078 2409 4029 2693 2322 1555 3639 2557 2174 2839 2694 4298 3341 3685 3599
5442 5296 3752 2959 4271 5066 3746 4899 5076 5504 3507 4466 2400 1736 3205 1657 3197 3855 1666 3115 3851 2263 4020 1912 3003 4145 2173 1817 2630
5299 5936 4457 3981 5048 3141 5502 5076 4205 3351 2391 4872 2413 4383 2848 3506 4125 2837 2207 2899 4302 3912 2279 2473 3678 4284 2667 2730 3028
6270 4643 6866 7384 5257 5030 6386 5078 5100 6803 5740 6252 7009 7564 2269 4368 3426 4320 3858 3916 2661 2851 2782 4946 3757 4112 2320 3109 3183
6504 4941 5670 5906 5938 6740 6371 2734 3836 4996 5586 3344 3378 3250 2825 5571 5481 4662 4521 5045 5213 4672 4938 4635 4330 4931 4548 2694 5622
4002 2037 2742 4153 2036 3795 2458 3178 2992 3123 3135 2102 3921 4491 4423 2570 3877 4251 4327 3780 5553 5605 5422 6550 5111 6326 5910 6579 5555
6469 7368 7763 6573 5336 5886 5941 7256 5723 6618 7326 5702 7087 6199 6779 6532 8157 5348 7607 7718 7507 7811 7135 7186 7323 5469 6498 6438 6634
4924 6739 6147 4415 5188 6272 5560 6517 5326 4979 5661 6811 4935 6481 5758 5988 5243 5227 5606 5288 6385 6265 8625 6836 8253 8048 7128 5849 7096
7250 4742 5030 5049 7199 5918 6556 7201 4570 5150 6819 7043 4556 6039 6257 6613 6614 5296 6156 6181 5478 6734 4930 6133 6709 5489 7003 6976 4725
2064 5009 4134 3065 3514 2105 6238 4925 7928 6499 3468 7557 3515 4979 2515 5842 4458 8132 2939 5230 7101 4624 4452 4035 4405 4076 2070 5132 6019 4724
2841 2647 3631 4110 2807 2300 5924 4729 7512 4976 4791 6334 3009 5841 1973 5947 5832 7797 2798 2680 8434 5471 5346 3438 5505 2254 2709 5839 6471 4866
2163 4128 3209 4287 2729 3296 6516 6047 7582 7482 5269 7478 4588 7201 2072 4750 4407 8324 4853 3255 1583 6903 6810 4563 4079 2507 3244 3863 7471 6097
3355 2407 5435 2536 1129 1806 7524 5341 5512 7179 5636 6560 3445 5751 3248 4600 2535 6306 3022 2886 2315 6808 4182 4320 6390 2974 2703 3483 7084 7359
1466 3840 4563 3579 2932 3830 6801 5990 5356 7838 2762 6030 2295 6099 1929 4162 1077 8621 4473 4987 1430 4674 4910 4894 6701 3943 4409 5441 8540 6107
4313 2886 3736 4329 1961 2795 6884 6136 7100 7078 5342 5226 4309 5894 2667 5844 1465 7709 4581 2437 2383 6475 6368 5068 5646 2735 2119 4647 6927 6003
3094 2657 3322 4270 1416 2117 5645 4065 5317 7853 2852 7310 2913 4354 2527 4787 3031 6809 6713 3613 3002 5789 6534 2381 5797 2300 3376 5345 6837 4998
3281 3107 4850 4513 3792 2940 5258 5747 6156 6550 4214 7773 2466 4406 2513 4132 3048 7079 7791 3680 3896 5902 5898 3489 4474 2248 4664 5080 7534 5627
3756 3075 3373 3943 1363 5233 5692 3884 6880 7292 3105 6806 3560 6470 3261 6220 3454 8094 6305 3059 2135 4856 4034 2367 6774 2354 4775 4513 8596 5261
4022 3352 3308 2197 1747 5561 6907 4814 7715 7154 4478 7457 3959 7242 4409 5213 3172 6360 6246 4058 2594 4950 5782 2734 6733 4408 3686 3793 6360 7367
1917 4421 2836 2592 3097 4106 5548 4811 5373 6224 4128 6778 2388 4711 2514 4235 3857 6221 7461 3666 2776 3375 3954 4497 4676 4356 3018 5058 7374 4977
1503 4107 5187 3607 2471 3704 5554 5304 6104 6131 3961 4933 4774 7008 2131 4296 3769 7173 7452 3108 2382 3761 5485 4925 4009 3397 4300 5431 5921 7357
3539 4150 4082 3056 1606 5146 5928 3981 5814 6411 5509 6263 5135 6789 1962 6982 3598 7664 6420 3227 2286 4823 6144 3851 6121 2593 3218 5096 7829 7458
3268 3236 5672 4846 2529 6485 7457 4257 8033 8195 3522 5437 4828 7094 2343 4856 3743 6170 7273 2559 3722 4875 6123 3013 4770 2430 4562 4974 7195 5767
2207 4656 3081 3748 3247 3827 6006 4239 5995 7513 2935 6460 5860 5682 3883 4224 3584 8108 5336 3236 1872 5598 6527 2886 7617 3599 2980 4673 6070 5014
2761 4498 2884 4665 2102 3895 7162 5581 5592 5532 4625 7557 4786 4548 1848 5568 3528 8028 6036 4452 2441 3438 3846 2800 6193 4633 3431 6059 6004 5358
1576 4034 2886 4496 3330 6428 7101 5530 5887 8163 3137 7491 5326 5628 4557 4095 1043 6097 5874 4590 3965 3524 5658 3501 5523 3957 4289 5433 6867 4726
2791 4031 3190 3685 1614 6244 7461 4308 8045 7608 3808 6867 5053 7006 5935 4564 2407 6470 6713 4014 3331 3590 4053 6820 5380 4726 2146 5666 6339 4772
4135 2263 4323 4421 3225 6305 6747 5759 5107 7144 3591 6662 6077 5819 4027 6603 2764 6222 6431 4472 2973 3305 6184 4667 5395 4198 2884 3837 8241 6998
2113 3118 2959 3763 1817 4922 7361 6431 6371 7813 4207 6811 4616 6757 3545 4707 1737 4766 5327 2495 3096 5059 5620 4915 5069 5001 3839 5515 7157 5086
1807 3388 1551 2435 1723 5720 6744 5987 4704 8066 4137 6583 6545 5850 3913 4424 2139 5134 6992 2568 2628 5598 5228 5916 6465 4243 2640 2650 8523 7262
3624 4140 2077 2697 3971 5131 5022 4529 5843 6098 3704 7630 5238 6199 5852 5383 3188 7076 7797 3702 2446 4388 5243 4465 6988 2194 1840 3701 6391 4783
3021 4855 1870 2453 3050 4777 7137 4509 5461 6649 4261 7765 4911 7266 5536 5580 2583 4178 5159 3929 3248 5456 5289 5485 5453 4637 3604 3616 5962 5317
2320 3845 4034 2691 3396 4099 7092 3738 4591 6604 5027 6705 4025 4953 4718 4929 1542 5840 6793 3094 3453 3357 5788 6136 6094 4160 4307 3901 7325 6309
2887 5163 1798 5118 3369 4107 6361 5160 6576 7872 4405 7801 5082 6788 3570 4625 2342 4500 6526 4098 3625 4711 4157 5471 7374 1765 3705 4032 7508 6115
1899 6125 3430 4306 3220 4610 5716 4128 5207 7596 5175 7483 6361 6582 4822 6490 3207 6188 6292 1934 2048 5903 5807 6654 6732 2634 2685 4092 6910 8066
4181 5662 2782 4618 3220 4710 7353 4996 4758 6622 5688 6159 3703 5193 5533 6373 3365 6859 6648 4351 1319 6036 4034 6952 6553 2785 3167 3740 7164 7247
2772 5330 2281 6680 3634 4469 6502 4421 5054 6381 5771 5601 5166 5065 6214 5301 3488 4645 5626 3337 3149 3549 3627 4227 6404 2038 4014 1277 5864 5320
3952 4982 2136 6723 4836 5177 7480 5699 6158 6643 4460 5739 5577 6046 4896 7929 2022 5219 7554 4584 3902 3327 4828 5997 6603 3878 2203 2948 6048 5935
2 20 23 21 60806 1
18 9 3 24 100789 1
21 2 20 20 56900 1
20 24 14 17 48894 1
1 17 20 6 91296 1
29 3 10 4 60506 1
1 10 9 22 61528 1
11 29 5 21 52050 1
24 18 22 3 60363 1
3 8 16 4 48916 1
6 15 10 28 58398 1
25 7 15 21 73508 1
26 18 28 26 47339 1
6 9 25 3 67578 1
25 6 10 7 65691 1
12 19 29 18 66268 1
19 19 29 10 59958 1
8 5 17 4 25445 1
6 13 14 27 66245 1
5 15 10 0 62843 1
9 23 3 19 32201 1
7 9 25 22 87905 1
11 11 20 29 74525 1
7 12 16 21 50834 1
7 24 16 25 35806 1
17 25 26 24 38669 1
7 11 21 28 87698 1
10 10 26 4 65927 1
0 27 29 14 130610 1
17 19 17 1 60552 1
24 10 8 15 68317 1
21 27 1 4 109689 1
19 29 10 11 74780 1
5 16 8 26 40245 1
7 3 0 24 90884 1
29 0 0 8 100081 1
8 20 18 27 53376 1
0 17 21 20 69418 1
16 23 7 1 97794 1
6 21 27 9 99909 1
11 7 27 9 72503 1
9 25 0 23 37159 1
23 20 9 14 52032 1
3 21 10 17 39118 1
3 24 24 29 84182 1
27 11 15 2 63907 1
12 26 17 17 51031 1
3 4 24 12 80157 1
22 17 14 20 31084 1
14 29 16 19 56877 1
29 3 8 10 85430 1
28 6 18 27 95458 1
0 22 22 27 91191 1
8 3 24 18 81247 1
1 1 29 26 142991 1
6 1 23 12 77647 1
17 13 2 23 73369 1
4 7 29 29 143863 1
26 22 8 1 106902 1
3 20 12 22 31802 1
3 21 16 12 62882 1
0 1 0 17 58592 1
21 13 13 6 56339 1
22 22 17 14 35996 1
18 7 29 16 53070 1
14 14 19 27 49673 1
7 6 2 15 44240 1
7 24 4 4 77167 1
21 4 22 28 72621 1
2 13 15 8 66777 1
20 11 25 22 47002 1
18 0 13 7 42180 1
11 24 4 17 46847 1
3 18 28 27 104423 1
28 8 18 3 50589 1
5 12 17 29 92519 1
11 11 2 16 36332 1
1 28 12 18 73357 1
23 26 16 9 67719 1
27 4 29 18 62229 1
7 27 9 15 46152 1
9 12 23 11 61820 1
14 1 20 12 51280 1
24 12 29 0 58101 1
16 4 19 25 65880 1
18 23 22 8 56022 1
16 10 1 21 75893 1
14 11 7 3 56152 1
12 9 22 12 49919 1
3 17 1 3 62892 1
3 19 4 0 71467 1
8 28 11 13 54079 1
28 22 14 21 58848 1
5 5 28 2 68553 1
26 28 23 17 48461 1
17 16 13 22 36034 1
5 19 8 1 61318 1
13 14 3 18 41245 1
28 8 6 22 112826 1
11 12 18 19 41646 1
13 0 1 13 74714 1
19 0 6 23 107234 1
5 24 19 13 75760 1
24 10 19 29 66627 1
25 23 19 2 77024 1
7 3 17 11 50957 1
17 22 10 12 49856 1
17 3 27 3 35789 1
3 27 29 13 128865 1
0 9 9 27 83645 1
9 12 21 27 72191 1
4 7 9 25 75842 1
28 21 6 24 84277 1
5 2 29 3 76543 1
6 4 4 27 94412 1
2 13 15 21 59832 1
29 19 13 12 73128 1
6 2 24 7 63512 1
22 13 12 14 37669 1
1 5 20 8 63336 1
10 0 1 24 105196 1
15 24 21 5 76988 1
20 6 23 25 64182 1
12 17 22 0 81551 1
21 10 14 26 60239 1
27 26 2 3 126589 1
21 15 16 1 53563 1
18 20 5 18 47511 1
6 27 23 28 68783 1
13 18 5 2 73657 1
7 20 17 22 35341 1
24 27 10 20 60698 1
24 16 8 15 49070 1
17 23 0 19 61572 1
7 25 0 1 95995 1
28 25 1 27 99054 1
11 16 25 10 59277 1
4 25 17 8 91060 1
26 21 4 27 98029 1
7 24 13 0 92822 1
6 16 26 3 91336 1
9 29 21 19 70362 1
14 1 7 5 33886 1
25 18 4 1 101249 1
9 13 11 21 32711 1
22 10 3 12 74156 1
16 24 13 8 80971 1
21 4 23 12 40607 1
21 22 11 12 50498 1
13 0 8 16 61481 1
22 1 13 4 35565 1
11 8 0 4 41472 1
15 12 22 28 62031 1
5 6 22 1 63237 1
24 21 4 14 71043 1
26 9 6 9 81851 1
13 28 26 28 60857 1
8 29 17 2 105721 1
16 27 8 12 70422 1
1 0 17 27 124586 1
17 29 8 24 52020 1
9 28 21 29 60510 1
29 18 23 11 45898 1
12 8 3 28 98251 1
19 29 6 25 54253 1
15 0 19 22 70692 1
3 9 24 8 94092 1
28 3 15 10 61550 1
1 3 13 5 34892 1
8 7 0 14 40801 1
21 6 27 11 44890 1
23 16 20 24 34044 1
4 27 22 3 124299 1
5 6 25 11 90982 1
12 14 12 27 48531 1
3 12 20 10 66315 1
8 1 23 17 82774 1
5 16 29 9 100912 1
6 0 26 17 93725 1
8 27 11 10 59626 1
8 1 21 12 65651 1
19 28 20 12 48979 1
14 19 6 29 58050 1
15 12 28 14 60060 1
0 3 28 8 91043 1
26 8 25 21 50253 1
20 3 10 27 101611 1
1 0 1 29 129130 1
28 3 16 2 39328 1
4 28 13 10 94101 1
22 27 17 20 33737 1
1 2 29 22 131999 1
15 22 18 29 37452 1
19 3 1 24 114563 1
9 12 6 19 29109 1
4 9 2 28 93429 1
11 18 25 16 44021 1
13 23 0 19 52767 1
13 10 1 6 61458 1
7 22 2 2 80618 1
25 20 0 18 77904 1
21 24 2 21 66677 1
29 0 26 14 55070 1
9 20 29 0 112537 1
3 23 19 15 76153 1
13 1 10 16 60770 1
20 19 5 19 49152 1
25 10 15 25 78293 1
19 9 11 24 63972 1
26 18 1 24 95481 1
10 14 0 22 57929 1
23 24 9 16 63343 1
14 28 14 14 64167 1
14 3 0 12 66026 1
26 20 8 16 63016 1
7 20 2 15 30673 1
14 12 18 19 41204 1
26 18 8 23 69606 1
0 20 24 22 81004 1
6 6 15 27 89560 1
17 27 29 27 44371 1
20 17 14 8 51554 1
0 18 28 4 117792 1
22 3 18 16 45007 1
12 23 0 24 50784 1
11 4 19 13 44787 1
24 9 26 25 67285 1
27 8 9 15 82404 1
9 13 2 3 49989 1
16 24 17 9 62299 1
2 28 8 8 86481 1
28 21 28 9 63856 1
25 2 1 11 94449 1
22 25 29 1 93616 1
29 3 2 4 77575 1
18 0 2 10 72838 1
13 9 23 11 46005 1
10 10 14 3 38561 1
9 10 5 23 53499 1
29 28 2 28 110936 1
14 2 0 21 104451 1
25 24 25 2 86290 1
11 19 24 29 66055 1
22 28 10 10 78146 1
29 6 12 4 60509 1
26 27 2 26 85937 1
26 4 24 20 59293 1
23 7 5 10 80220 1
16 13 2 12 47319 1
6 0 23 28 114947 1
9 2 28 23 116147 1
10 10 6 25 58633 1
28 29 20 25 43785 1
3 18 14 11 60895 1
2 26 1 14 58443 1
1 10 17 9 70002 1
8 4 2 26 90185 1
14 20 2 8 71212 1
10 3 21 23 80239 1
5 8 24 16 75392 1
2 2 16 5 42558 1
29 29 0 19 119938 1
9 21 1 5 70707 1
18 10 25 20 45477 1
5 11 25 26 99765 1
23 20 27 3 66154 1
4 15 21 9 73721 1
0 23 1 14 48834 1
27 2 0 8 85919 1
0 6 9 8 41967 1
26 15 11 4 71205 1
8 3 12 26 84004 1
5 12 29 6 102873 1
2 0 6 24 96455 1
7 14 26 5 84359 1
29 12 1 18 108403 1
14 26 0 23 59654 1
19 18 3 11 64891 1
1 22 26 4 121749 1
17 24 18 7 58897 1
23 17 28 29 60911 1
27 27 2 3 130742 1
11 19 24 18 46082 1
18 24 24 15 43915 1
29 24 9 26 74665 1
4 17 20 18 59035 1
14 20 25 6 77484 1
5 10 10 4 32747 1
4 21 22 2 104485 1
17 1 22 21 65437 1
27 21 7 2 107540 1
9 12 28 16 60963 1
28 19 14 26 62971 1
22 8 3 13 87821 1
26 10 17 2 49047 1
5 7 27 1 80269 1
3 0 24 11 91812 1
20 4 19 26 60655 1
0 15 8 10 35005 1
3 11 11 26 68956 1
29 8 17 28 100789 1
21 3 10 9 51878 1
18 19 9 27 55978 1
1 13 18 6 78206 1
3 24 5 11 65725 1
18 16 11 19 31604 1
26 6 22 29 79714 1
17 23 11 0 90827 1
18 24 25 29 39854 1
4 11 19 16 60581 1
2 14 0 2 44003 1
0 5 23 29 124497 1
13 4 4 27 101650 1
2 9 26 10 97034 1
7 22 7 2 71291 1
5 3 4 13 43043 1
10 17 21 7 68839 1
10 15 14 2 59742 1
14 15 3 27 80899 1
5 12 7 2 36242 1
16 23 7 14 54236 1
5 5 21 6 53585 1
22 29 17 6 74656 1
4 28 2 1 121142 1
10 5 0 5 31756 1
29 15 19 6 55036 1
18 18 13 29 61336 1
4 2 19 3 48721 1
0 29 11 8 105787 1
4 15 12 7 51827 1
14 2 1 14 74010 1
9 25 22 26 46544 1
4 13 12 2 58789 1
29 2 23 9 44617 1
14 9 27 4 60602 1
21 17 10 1 74310 1
9 8 25 8 77032 1
23 9 6 25 92314 1
25 10 24 27 64714 1
16 4 5 5 29967 1
1 12 7 21 47449 1
25 14 26 28 62792 1
18 13 12 27 68016 1
20 4 7 12 57575 1
21 3 12 17 65515 1
7 25 0 11 68131 1
26 16 19 19 23397 1
12 29 17 12 77984 1
14 13 7 25 59118 1
13 29 7 16 61366 1
7 27 12 9 73735 1
14 18 19 3 62277 1
26 16 4 11 77319 1
21 10 15 2 40765 1
8 19 13 14 27807 1
20 12 1 15 67552 1
12 26 24 13 75912 1
5 11 21 22 74371 1
18 24 7 28 54909 1
23 7 10 13 70241 1
2 9 20 4 60723 1
9 9 6 1 33187 1
16 27 16 12 60769 1
29 2 27 17 63054 1
6 11 0 26 72345 1
4 18 25 13 80036 1
3 2 13 24 97274 1
10 11 21 15 44874 1
28 23 4 28 111444 1
25 12 14 16 41350 1
10 13 26 9 74020 1
0 22 24 10 104318 1
21 4 16 9 27331 1
29 2 19 29 100517 1
9 5 19 7 38446 1
11 16 29 1 93504 1
21 29 24 2 94002 1
3 21 12 18 36215 1
2 28 24 0 152353 1
26 28 11 4 108541 1
2 7 25 12 99907 1
20 25 1 16 84711 1
16 1 3 15 79097 1
2 19 22 6 99785 1
3 19 26 28 97538 1
18 26 24 1 86491 1
17 13 11 17 30554 1
0 11 10 7 54815 1
6 20 15 21 31252 1
4 22 13 17 51470 1
0 15 14 27 81733 1
5 26 17 15 72623 1
15 9 1 26 101581 1
13 13 25 15 47974 1
1 9 11 8 52972 1
24 19 25 3 63836 1
28 23 6 8 110399 1
5 5 25 26 114340 1
2 25 19 3 112441 1
2 20 20 28 73464 1
22 2 22 12 43246 1
3 1 21 11 75053 1
25 20 11 4 77946 1
17 27 7 0 113542 1
19 11 9 22 62852 1
10 3 9 21 64819 1
22 5 1 5 57536 1
26 3 13 5 45187 1
27 8 28 19 51658 1
12 6 2 27 103045 1
11 16 4 20 29989 1
5 9 22 14 74177 1
27 11 20 5 52389 1
1 2 16 25 112499 1
15 5 22 21 65967 1
14 1 2 19 90163 1
26 22 20 14 43622 1
10 28 23 20 67312 1
21 15 16 26 42669 1
22 25 0 3 110365 1
26 4 6 7 61626 1
28 25 28 9 84056 1
3 17 0 4 58919 1
5 22 26 0 123537 1
15 26 23 21 41299 1
14 4 2 3 30579 1
11 21 19 27 43851 1
22 25 9 19 54188 1
22 26 5 19 68915 1
16 0 17 25 86722 1
24 16 4 6 87659 1
26 28 17 3 94889 1
6 28 12 0 109403 1
4 29 0 7 111601 1
17 13 29 7 71491 1
20 4 29 21 75535 1
29 11 21 25 72370 1
18 16 24 29 52064 1
14 3 6 19 69840 1
24 24 3 15 87446 1
0 29 26 3 159998 1
10 17 0 7 62584 1
6 3 4 29 106677 1
4 17 21 11 64183 1
11 1 6 14 51292 1
14 26 22 8 74523 1
15 18 3 19 46285 1
8 3 10 22 70421 1
13 22 1 6 89424 1
16 25 0 17 72751 1
22 6 5 1 58810 1
22 10 23 19 28723 1
17 2 23 22 69818 1
2 13 20 11 70159 1
2 5 0 24 88320 1
10 25 16 9 67807 1
25 15 23 7 37804 1
21 29 15 16 51845 1
10 26 22 13 68723 1
6 28 24 0 141458 1
24 21 4 8 94644 1
14 25 20 12 62047 1
17 20 6 16 42276 1
14 22 28 24 71913 1
19 14 16 3 37398 1
0 2 1 14 42030 1
16 12 0 1 76089 1
23 26 11 25 41384 1
15 22 25 23 50728 1
24 1 1 16 106722 1
28 11 0 28 143077 1
20 6 1 7 69793 1
29 20 25 13 39458 1
5 8 5 25 71909 1
14 9 12 23 65134 1
14 3 26 12 62746 1
18 24 18 2 73516 1
16 12 0 27 95805 1
2 2 15 4 37900 1
5 8 15 6 52405 1
14 6 24 18 73175 1
13 1 24 13 74444 1
29 15 2 18 91242 1
4 6 20 9 70947 1
1 27 17 4 121363 1
3 26 25 19 89668 1
11 28 3 14 62915 1
17 3 23 9 40005 1
10 0 13 9 44204 1
0 26 24 7 127433 1
11 4 25 8 55821 1
8 22 20 10 67131 1
14 19 1 18 44232 1
26 8 7 21 92536 1
16 19 0 16 61794 1
8 1 14 14 55242 1
10 22 26 16 59857 1
3 21 18 10 76703 1
17 16 22 1 56462 1
11 17 17 10 39217 1
2 4 6 13 36436 1
9 10 4 21 49091 1
8 7 5 19 43371 1
14 28 1 29 74691 1
6 15 0 25 56953 1
7 21 0 5 70276 1
17 20 14 3 67582 1
19 0 17 22 73184 1
2 14 28 17 80112 1
7 3 24 23 97543 1
22 11 17 16 25699 1
14 28 26 16 69515 1
8 18 24 20 52471 1
20 14 18 25 39024 1
12 13 19 29 65870 1
19 12 28 23 63676 1
18 7 22 28 64765 1
25 28 24 8 78236 1
20 27 13 14 55283 1
24 23 11 15 58140 1
28 28 8 4 120102 1
6 13 17 29 85257 1
19 20 6 6 72909 1
23 27 16 24 32293 1
3 10 17 10 56206 1
25 17 14 13 44597 1
12 10 2 27 86856 1
27 4 23 13 43920 1
12 8 5 20 58247 1
11 12 2 8 45901 1
20 17 14 12 36685 1
21 1 1 1 64400 1
22 20 16 6 56976 1
1 15 16 5 72499 1
17 25 8 7 81282 1
9 14 24 23 63779 1
11 9 9 25 57877 1
26 16 23 2 54381 1
24 13 19 6 36974 1
13 17 26 6 70645 1
11 1 11 24 73363 1
27 14 2 18 88280 1
21 9 24 29 65332 1
18 9 9 17 55297 1
0 0 26 0 71723 1
15 1 22 13 58338 1
26 27 0 11 117954 1
2 18 29 16 84629 1
19 3 12 19 68730 1
21 10 20 22 34633 1
13 23 28 7 95241 1
22 26 21 16 30640 1
1 11 21 7 92125 1
3 4 26 10 75689 1
10 3 18 6 34528 1
27 15 10 6 82535 1
12 13 13 25 47811 1
6 11 29 0 94645 1
23 26 9 12 74294 1
13 0 20 6 43321 1
19 10 29 2 48489 1
8 29 15 25 33917 1
11 12 25 13 55671 1
26 5 6 23 110756 1
10 13 5 21 45669 1
29 27 25 20 43143 1
4 6 17 17 76021 1
23 13 0 17 88154 1
9 0 22 22 92812 1
9 12 29 25 88643 1
16 22 9 29 52327 1
17 7 23 1 34907 1
22 6 7 8 63097 1
17 17 3 16 45626 1
16 19 1 21 49906 1
3 15 10 10 38692 1
20 22 5 28 80223 1
9 20 5 8 48356 1
10 15 10 29 53932 1
17 28 3 29 78922 1
3 28 20 29 82375 1
11 19 11 2 55730 1
16 5 0 28 127100 1
14 12 23 20 49554 1
2 15 19 12 62653 1
24 12 12 17 49816 1
7 13 24 13 69455 1
2 26 18 2 120000 1
20 8 16 26 63317 1
0 18 29 0 132690 1
16 8 6 13 51083 1
17 20 1 11 70419 1
24 26 5 23 71839 1
6 2 19 16 67295 1
14 23 2 27 56205 1
11 4 14 28 89432 1
17 15 3 17 51731 1
12 23 6 18 37621 1
26 2 12 22 96730 1
25 16 3 1 93513 1
23 2 5 4 49592 1
12 17 27 21 61741 1
16 20 13 7 61578 1
28 7 5 1 80214 1
15 6 9 2 31467 1
13 9 5 7 47853 1
17 26 4 20 57683 1
29 23 23 15 50212 1
3 11 14 8 61241 1
10 13 7 29 65897 1
9 18 21 28 66336 1
3 27 20 22 79145 1
6 7 22 24 88708 1
14 7 22 1 47747 1
24 6 15 4 34515 1
2 28 19 11 104884 1
24 20 4 8 91983 1
3 19 14 3 80150 1
14 3 23 18 67763 1
6 24 8 15 37389 1
11 12 3 0 57161 1
22 19 2 16 65906 1
29 17 11 18 62717 1
12 17 22 12 40880 1
25 25 17 0 90220 1
3 7 26 23 121249 1
0 1 10 3 35519 1
4 0 27 10 90932 1
12 9 9 16 32936 1
29 23 21 19 41887 1
20 21 9 26 53394 1
22 12 13 3 54088 1
19 12 15 18 30593 1
8 3 19 21 75556 1
13 0 10 27 96947 1
9 1 19 13 60650 1
3 19 20 25 69767 1
28 12 29 1 50524 1
7 18 29 10 100910 1
14 11 5 1 63062 1
19 12 1 14 58836 1
5 23 7 9 59964 1
29 3 6 15 101413 1
20 18 28 2 71922 1
29 11 15 13 72244 1
21 9 11 10 44574 1
21 26 28 13 63404 1
29 19 2 21 84628 1
28 0 6 26 139171 1
24 27 2 4 115071 1
19 21 27 7 64913 1
11 13 4 0 56025 1
19 8 10 12 43886 1
13 28 24 9 91641 1
28 2 7 8 76666 1
21 0 12 2 31792 1
0 14 22 15 64487 1
9 10 16 21 55732 1
28 7 4 10 96982 1
18 11 23 4 35045 1
28 16 10 25 76420 1
1 18 8 14 30370 1
22 24 4 0 106658 1
24 14 13 15 41218 1
10 5 18 8 39426 1
25 1 6 3 60204 1
29 0 8 25 133077 1
8 21 9 11 35597 1
11 4 16 23 77582 1
21 19 7 3 78547 1
10 20 1 22 33558 1
28 15 20 17 32434 1
5 23 17 16 60822 1
6 6 20 28 101287 1
4 28 5 14 72598 1
14 8 27 28 106762 1
22 15 15 20 31555 1
16 5 19 15 38457 1
17 20 0 1 99515 1
14 20 8 12 38845 1
19 25 0 23 75456 1
2 14 26 19 79220 1
7 11 8 24 46055 1
11 15 29 8 86887 1
5 15 9 29 60902 1
1 11 18 6 80234 1
20 4 9 27 98221 1
20 20 14 3 62709 1
28 24 18 2 100804 1
6 7 22 10 69064 1
10 23 0 3 86094 1
20 10 10 18 57995 1
16 26 4 14 69638 1
14 5 8 0 36430 1
11 18 8 27 36132 1
6 25 23 1 117355 1
24 0 5 9 80572 1
20 2 28 20 76359 1
9 28 21 9 91222 1
0 14 24 18 74701 1
10 22 1 14 50209 1
17 16 28 22 50386 1
17 1 0 10 67820 1
2 20 21 11 70090 1
19 3 9 3 33232 1
22 18 26 8 43483 1
16 10 22 1 44628 1
2 23 17 5 96167 1
12 16 28 29 89761 1
11 0 5 28 113333 1
14 9 5 18 61460 1
23 11 2 23 94186 1
13 1 2 7 49655 1
2 23 15 23 48988 1
4 23 0 29 45194 1
13 18 13 0 72704 1
24 27 11 13 71814 1
15 0 11 14 55357 1
13 2 5 18 70882 1
9 9 26 10 75216 1
5 19 1 1 70936 1
8 3 21 16 66188 1
4 23 24 9 103156 1
10 11 27 21 75512 1
18 9 16 26 61470 1
18 5 1 11 76233 1
14 5 5 21 83147 1
16 15 7 8 50339 1
29 7 15 28 111937 1
10 12 26 26 80965 1
2 20 9 4 64732 1
8 5 3 0 28093 1
28 0 22 13 65485 1
15 6 24 18 67350 1
27 25 27 5 86148 1
2 24 12 7 86261 1
28 6 18 14 67408 1
17 17 15 6 48760 1
27 13 0 24 114819 1
28 1 0 4 83767 1
18 5 6 6 42942 1
0 22 12 22 52057 1
28 9 7 25 114760 1
2 13 29 23 108431 1
5 12 24 17 65235 1
21 13 14 26 53256 1
17 26 24 29 29331 1
11 27 29 16 82075 1
5 25 23 7 104330 1
20 25 7 4 92835 1
23 22 26 4 65597 1
16 10 5 4 47787 1
29 24 11 28 74562 1
2 2 21 28 118448 1
8 18 22 14 51746 1
1 10 2 20 45331 1
3 3 2 19 67525 1
26 23 12 18 65676 1
2 0 15 8 63707 1
16 7 14 21 60066 1
12 23 5 18 42202 1
26 21 5 10 90385 1
19 14 0 0 83969 1
25 12 7 15 70037 1
21 18 28 29 59694 1
10 23 22 24 54083 1
22 21 10 27 60949 1
25 3 19 11 38554 1
15 15 23 20 33283 1
10 23 21 13 57819 1
11 7 29 12 88687 1
29 18 27 7 55716 1
10 9 23 21 70236 1
16 8 7 24 77964 1
5 12 11 28 65691 1
25 11 22 3 44194 1
15 3 7 10 48642 1
27 18 18 0 84589 1
11 28 19 25 35538 1
24 12 12 24 72854 1
15 11 28 13 68080 1
9 10 20 4 50470 1
18 22 27 3 82877 1
11 4 21 29 94000 1
4 18 29 20 82739 1
13 0 11 9 34787 1
5 13 10 4 41438 1
24 3 29 16 60676 1
12 9 23 13 57243 1
26 2 10 21 97491 1
11 27 14 20 31756 1
26 3 28 29 112961 1
13 11 23 12 49472 1
9 17 5 7 44805 1
10 6 10 26 71322 1
1 5 27 22 119461 1
2 0 20 5 61235 1
20 7 29 4 48030 1
24 26 28 0 100289 1
6 15 13 2 58454 1
27 19 23 4 65015 1
5 13 3 4 39601 1
6 27 20 7 102063 1
21 5 27 1 34944 1
3 19 22 14 71002 1
13 16 23 5 63753 1
11 24 20 21 42911 1
20 24 6 29 67593 1
20 0 7 21 100558 1
17 7 6 10 51560 1
2 28 26 0 154099 1
20 11 0 26 105786 1
15 2 20 18 57990 1
6 20 14 26 43511 1
22 17 16 1 60158 1
0 12 0 27 79074 1
10 11 13 29 69881 1
18 4 12 23 78000 1
7 2 28 19 106247 1
7 8 19 25 86225 1
25 13 4 6 100359 1
28 19 28 29 64944 1
26 27 19 14 56475 1
9 5 3 28 99083 1
24 9 25 19 46729 1
19 4 22 28 69081 1
20 20 29 23 42960 1
24 25 27 12 57174 1
25 2 6 7 63004 1
17 3 23 12 45043 1
7 21 4 11 48047 1
0 15 11 4 60845 1
20 2 4 14 77485 1
20 6 24 14 46164 1
3 25 3 15 52775 1
6 26 11 0 96914 1
7 18 26 18 70658 1
8 9 4 3 31870 1
9 13 21 8 61872 1
6 22 7 12 41590 1
9 16 12 29 56120 1
8 4 19 29 94295 1
6 8 14 15 44900 1
5 0 2 14 55070 1
5 19 5 9 39329 1
15 1 15 22 86267 1
3 7 18 24 105144 1
0 6 11 5 34303 1
22 17 4 21 64868 1
0 9 24 22 103504 1
13 21 25 8 76933 1
10 29 27 18 92328 1
22 8 17 28 73052 1
20 8 28 19 58647 1
7 7 23 16 71711 1
8 16 17 15 33276 1
12 29 15 20 47580 1
10 11 29 8 94329 1
27 24 21 17 45971 1
18 19 0 15 70829 1
18 27 2 12 92491 1
1 5 0 27 105891 1
21 20 16 25 34419 1
20 25 4 18 74640 1
8 19 7 10 28863 1
6 14 25 21 71158 1
5 26 4 11 73169 1
2 26 26 18 98521 1
0 26 8 2 103389 1
22 21 14 26 39392 1
29 4 4 27 146065 1
2 25 23 22 81475 1
17 2 18 28 80806 1
2 15 24 14 71193 1
24 19 2 3 97780 1
0 14 18 28 93880 1
12 29 14 9 87762 1
28 21 28 9 63856 1
24 6 17 28 89489 1
28 0 24 23 87474 1
1 12 7 2 49579 1
11 14 29 21 68083 1
11 6 21 2 38974 1
28 27 29 7 102690 1
13 10 25 25 77391 1
25 3 12 10 62433 1
18 19 4 14 56579 1
9 29 19 7 94905 1
22 26 22 16 31027 1
22 26 6 9 88491 1
22 4 6 18 79486 1
18 0 26 7 43029 1
1 23 23 11 97624 1
15 12 24 15 40280 1
24 7 12 18 72366 1
16 27 26 7 87505 1
22 8 29 24 82461 1
13 4 21 23 69467 1
16 9 7 24 74896 1
20 27 28 5 92003 1
28 10 16 11 56052 1
25 7 11 28 105051 1
22 22 25 0 80678 1
24 28 5 1 119852 1
6 9 14 17 53632 1
23 20 26 10 39801 1
20 5 20 23 55813 1
5 17 20 29 87071 1
17 6 21 0 28556 1
19 13 10 20 42982 1
14 17 27 11 61346 1
4 2 6 11 33549 1
26 29 9 19 86508 1
13 12 4 25 70573 1
24 26 2 15 94120 1
28 1 17 23 95880 1
1 3 1 27 110366 1
16 14 17 24 41381 1
10 11 15 18 44959 1
1 26 21 8 112084 1
13 27 11 9 63122 1
9 4 22 28 94049 1
8 0 18 27 108539 1
7 11 25 6 87448 1
7 18 22 14 59537 1
17 4 9 18 66372 1
19 3 28 7 42595 1
1 27 12 12 85767 1
7 5 13 22 70753 1
23 19 6 17 62623 1
9 22 25 12 76925 1
2 18 14 19 41897 1
12 2 16 20 74758 1
21 17 8 27 65679 1
28 25 7 28 80776 1
7 14 23 9 67238 1
0 2 8 15 57506 1
11 22 20 17 41827 1
10 0 23 7 59432 1
5 6 12 11 45448 1
24 29 6 17 89674 1
22 12 19 26 43127 1
26 1 20 24 87116 1
11 18 26 2 87617 1
26 4 12 12 71334 1
21 16 27 3 59857 1
23 17 29 26 46982 1
12 25 27 28 62375 1
8 16 25 12 62943 1
13 24 15 15 51887 1
0 11 21 0 86337 1
28 21 17 11 61025 1
20 26 13 7 82276 1
27 17 13 11 64630 1
26 24 6 3 112668 1
3 11 14 22 70074 1
27 27 19 14 60215 1
13 19 24 28 60930 1
12 26 5 0 97820 1
25 26 20 11 59776 1
2 19 27 1 122554 1
17 3 22 12 40132 1
16 22 3 9 83499 1
28 19 29 2 72461 1
3 7 14 14 58704 1
11 21 23 0 96089 1
29 4 10 15 90274 1
11 21 0 28 60582 1
13 26 3 9 84966 1
14 10 14 21 56350 1
11 1 20 10 50354 1
18 25 21 15 36421 1
1 22 14 18 53916 1
0 23 18 15 80461 1
11 25 21 4 83786 1
20 1 2 13 87083 1
24 14 11 15 45248 1
13 20 1 21 36911 1
12 8 29 6 77210 1
19 4 14 28 84550 1
16 26 15 12 61107 1
28 19 10 9 82593 1
15 20 5 12 50405 1
5 29 15 8 110052 1
1 20 11 14 49189 1
6 20 28 19 67675 1
11 2 2 3 30408 1
5 12 9 2 41159 1
24 21 8 11 68914 1
23 10 26 24 61066 1
9 28 11 20 35540 1
25 22 16 20 34809 1
15 8 27 0 61889 1
27 2 11 11 72851 1
28 11 19 14 51348 1
3 20 24 26 76674 1
21 13 8 18 50281 1
2 13 9 23 49204 1
8 15 2 6 48885 1
21 17 9 0 78880 1
