6430 5887 4404 5835 4312 6171 4505 4204 4685 5408 4279 3866 5105 5391 5656 5611 6405 6011 4353 6298 3827 5190 6433 3680 3651 3481 4594 2650 4227
4420 4940 4207 3462 4091 4078 5681 4899 5595 3696 5676 3941 4950 6210 6891 6190 6648 6452 7214 6281 7553 5359 7242 4982 7492 7122 5100 6556 7558
4955 5399 4546 6502 5654 5905 6460 4210 6297 6143 6694 4695 5548 6085 4787 5131 4774 4241 4448 4655 4682 5757 6234 5678 6821 5263 6791 4702 5816
5713 5999 5856 5914 5382 6181 4246 5890 5825 4771 5292 6696 4415 5521 5835 5764 6912 5124 4217 6364 6670 4344 5133 5135 4279 6677 4795 5464 4332
5465 4406 4049 6137 5576 5474 3681 4753 4752 3770 5162 6067 3616 5740 4826 4422 5076 2825 4447 2610 4103 4639 3057 4331 3708 3694 3277 2438 2940
6158 6153 5152 5874 6771 4964 6832 6073 5833 4769 6049 6482 5156 7160 6813 7278 5007 4554 7213 4872 6794 4751 5708 6571 5219 6405 4641 6314 4671
2066 4492 4191 3952 2485 2975 4079 4589 4376 2840 3323 2597 3352 3458 2348 3587 3279 3791 3807 3401 4399 4228 4283 3973 3365 2673 6688 6879 4465
4790 6041 5223 4150 5428 3597 4928 5494 4877 3780 3783 2007 1974 2327 1201 3139 1563 2150 2656 3568 3228 3434 3516 1719 3891 3897 1610 2704 1208
3291 4550 4481 2864 2948 2693 3730 5765 5532 4879 5961 5797 4518 4836 4868 3498 3570 4216 5557 4327 3565 3480 3872 3679 4378 6186 6061 5756 4104
7614 6400 8157 5935 7275 6015 5812 6723 7424 7343 7781 6093 6145 5923 7221 6252 5759 7927 6442 5596 5898 5482 6739 6547 8126 8404 6379 6048 7809
5152 6447 6995 5744 6896 4589 6171 6019 4625 4774 6046 4599 4938 7007 4780 7292 2530 3232 1578 4076 1873 3672 4081 3387 4208 3586 2408 3366 3776
2884 5430 3666 4613 3875 4214 2810 3193 3746 3137 4844 3929 4959 3673 4288 2791 3004 4890 3289 4742 3740 4743 3225 4301 6322 6069 4620 4987 7019
3078 2862 5151 4190 4786 6953 6081 4493 6283 6790 5625 6391 6564 6823 6519 4277 5689 4817 4245 6681 6615 4487 5277 4839 6243 6401 6363 6420 4308
4199 6954 4887 5229 5978 5509 6554 5021 6703 5327 5291 4683 4875 4501 5492 4925 5565 4568 6278 4140 6520 6420 5607 5065 6594 4688 2139 2364 2414
6443 6828 7560 5683 7614 6191 7180 7783 6009 7821 6936 5835 7650 6932 6477 7463 5003 2960 3923 5108 2657 5120 3778 4881 4285 4546 4332 4244 4359
4595 5976 4883 5131 5703 5150 5610 6333 5613 5134 4970 4285 5935 3830 5425 3607 6527 8187 8221 7396 6578 7684 6264 7570 6176 6863 7017 7441 7966
3421 5132 6657 7109 7387 5597 6537 7457 4921 6376 6200 5251 6685 7005 6248 5649 6614 6728 6254 7193 5172 6759 5996 5298 4839 6979 6777 5574 4744
1787 2759 2863 1231 3488 2828 2415 2752 1975 2250 3733 2937 3627 2832 2059 2146 3372 1601 2688 2433 1617 1885 1124 3104 2080 1673 1628 3487 3060
8210 5860 5733 7300 7405 6444 5944 5453 6941 6146 7269 7686 4636 5538 3907 3594 4245 4756 3280 5202 4666 4709 4760 5226 3369 4479 4276 5968 3665
3296 3188 2255 2967 4320 3008 3688 3728 3574 3120 2162 1850 1486 1456 2397 2244 3332 2370 2401 1283 2984 1780 2346 1754 3465 3213 2270 2984 2935
3481 5516 5078 3169 5171 3609 6651 6411 6901 8091 8156 6188 6560 8188 6512 7310 7913 8577 8760 8299 8711 8775 6914 7489 6840 6147 7116 6230 7909
3705 3523 4669 2685 3458 3290 7784 6997 6499 7051 7228 7561 7918 6850 5933 5735 8048 6956 6382 6504 6542 5320 6320 5791 8097 5987 7668 7201 6721
4905 4182 5506 4948 5197 5920 4037 3630 4335 2369 2215 3043 1883 2174 3809 3281 2984 4156 2215 3257 3531 4500 4314 2576 2331 3663 2337 3912 2266
6506 6716 4467 2507 1729 1744 1323 1895 1235 3797 1645 1853 3036 1827 2561 1654 3200 2415 3430 3094 1838 1872 3567 3714 2781 2017 3686 2660 2237
1975 3751 7469 7813 7584 8801 8222 7379 6481 7776 7121 6352 6816 6528 7110 6660 6537 8760 8034 7468 8762 6242 7775 6252 8575 7164 8208 7488 7581
7479 6137 5301 7115 6124 5643 5657 5264 7757 6912 5183 5590 6207 5370 5163 7491 7496 5710 7806 6048 5318 7648 5479 5786 7041 5599 7231 7161 6016
5193 3656 2532 5106 5180 4182 2912 4423 4853 2486 4352 4847 3399 2863 4476 4341 4537 2708 5039 5232 3744 2772 2972 3602 5081 2998 3456 4479 5898
5996 6884 6329 5849 5683 5430 6478 4895 7260 5204 7286 6689 6488 5493 5087 6509 5128 5167 4835 6869 5514 5659 5248 6137 6328 4754 5902 3901 5438
5585 5073 5734 5668 3318 3932 4247 3343 4318 4875 4698 4802 3155 4705 4599 3822 3175 5655 4914 5345 6405 6797 5602 6283 6433 6120 5816 6760 7512
4627 4996 2557 3069 3646 4303 2552 3233 3574 4215 3353 4736 5046 4859 4348 4379 4684 5650 5811 7545 5649 6691 5557 6002 7681 6283 7931 7120 7079
3476 4273 5788 3524 7229 8337 5892 5918 6900 2390 4329 3810 6613 5442 5896 7630 7181 3007 4345 5318 4084 3545 6139 4758 3628 5844 6477 6282 1891 4390
4365 3085 6391 5595 7019 6096 4580 4892 3205 1956 3821 4172 6034 6699 4555 5998 5993 2691 3952 6231 5764 2263 7049 3752 3992 7811 5982 7422 2711 3952
3914 3677 4495 4122 5826 5708 6972 3911 4364 2231 4758 2488 5028 5621 6745 7642 5737 3367 2994 7347 3588 2209 7825 5171 2722 7338 6095 4811 3442 4393
3773 5005 4526 3395 7710 6183 6609 4367 4402 1866 3422 6257 5092 6427 4847 6568 5118 4502 5162 6234 5700 4331 6739 3803 3570 8163 6808 6341 2666 5715
4491 4301 6005 4341 6471 5428 5264 4609 3735 1989 4689 5225 6062 7064 6809 5705 4582 2712 3976 6913 3553 4069 7146 4054 2923 8271 6854 6140 3137 5802
4696 4627 6348 3768 7698 7641 5626 4882 3822 2102 5305 6489 5669 7403 4986 5755 5041 3282 3474 6826 6033 3561 5219 3884 2792 6982 5258 6216 2664 6382
4498 4021 4547 3266 7126 5724 6155 6662 4223 3553 5154 5611 6780 5644 4884 6268 5855 2444 4621 5841 5746 2593 6021 4476 4117 7119 6643 6095 2657 4545
2770 4152 5528 4864 7580 5823 6374 6305 4741 3254 4557 7955 6850 6366 4711 6173 5925 5080 3379 7313 3631 2626 5648 4364 2880 7942 5091 3126 1137 5940
2270 4923 2609 5551 6230 5430 7000 5854 2246 2948 5005 6700 6756 7125 4899 6093 7162 7176 4664 7738 4193 3612 5221 4924 4259 7877 7048 3106 1435 5768
4034 4463 4441 5810 6126 7607 5141 6461 3685 2677 5297 6723 4758 2761 5973 7764 7261 6144 4565 5758 3689 4385 5624 4192 3238 8137 3086 2581 2886 5641
2274 5606 2909 5304 5850 6851 6711 5555 2969 1926 5782 6168 5498 3546 6980 5707 7276 4929 5574 4527 5670 4503 3834 2669 3413 5940 4946 2571 2247 5476
4196 3631 3864 3792 5816 5194 6592 6216 2330 2910 4582 7143 7048 1899 5395 5349 6913 4539 4343 4462 4500 4451 4867 4002 2931 8436 4034 2969 3145 5298
2717 3801 3455 5571 4887 6747 5129 5035 2495 1142 4231 7476 6030 4184 4864 6298 6661 6701 4268 3642 4072 6212 5790 3190 3656 7472 3695 2018 2885 4759
2326 5113 2302 4173 3495 7485 6010 6645 3085 1853 4564 6510 4507 3040 5395 7971 5031 4525 3894 5150 3749 3498 4656 4333 4052 8391 3786 2903 2329 5007
4607 3325 4583 4621 4654 7214 5079 5911 3321 2838 5938 6635 7990 2683 4864 6761 4878 5164 4991 3447 3755 4522 4815 3651 3180 6977 3457 2671 1631 5992
2249 2780 3617 3878 4836 7191 5899 4679 2621 3116 6450 6222 8115 4016 6581 6353 4957 5345 5573 4613 4608 5435 5228 2512 4250 7746 5359 3177 2930 4426
3964 4876 3890 3467 4956 6359 5124 6091 3302 1364 5392 6826 7355 4081 6763 6376 4650 7167 4048 5956 5506 3731 3383 4340 4972 8271 5646 3943 2037 3983
3435 4945 4196 5353 3696 6368 6737 4510 3300 2570 6531 7660 6055 3532 5591 5564 6423 5094 6599 4759 5638 5193 3374 4141 3956 8161 3573 2513 2284 6279
6353 5575 2762 5365 4858 5230 5614 6287 4085 1673 5618 7797 7422 2235 5888 7177 6134 6907 5393 5176 5202 4874 5463 2549 3681 7440 4549 1480 3536 5169
7540 3252 2421 4546 2947 5670 7420 4242 3689 3202 6919 6797 8049 2143 5229 2526 3584 6211 4858 3657 5128 3738 3958 3343 4751 6725 5160 3045 1488 5535
7814 5160 2854 3779 4866 5716 6911 4508 4364 1937 5086 6184 6005 2224 6699 4834 2759 4678 6548 5832 4144 5913 5956 4605 4944 6572 4600 2378 2460 5746
6177 5248 2798 3589 4491 6346 7110 4781 4311 3754 6274 5493 5825 2563 6120 5010 3903 7263 6032 5187 5167 5693 3282 4778 3821 5610 4916 3357 4161 5632
6210 3807 4368 4974 4367 6400 4758 3485 3607 2349 6070 6075 6180 3582 6597 2640 3379 5608 7089 3696 4426 3634 5506 5006 3967 6498 5597 1615 3971 6136
6378 3547 4956 5304 2675 6413 5831 3968 2385 2673 6602 7681 5844 1899 6282 2816 3676 4481 6197 4578 3865 4635 5854 3663 6263 5883 5897 3998 1549 6626
7464 2250 4679 3219 4318 7201 6308 4206 2736 3416 6868 5600 7304 3812 4596 2390 3754 5573 7601 4876 5522 3469 5929 3768 6741 5599 3268 2062 1546 4815
6169 3081 2450 5134 4572 5369 5488 3419 3522 2679 5293 5873 8411 3524 6992 3797 3064 6632 5105 5043 5743 4090 4027 3631 6181 6099 3555 3356 2764 5951
5833 2515 2368 4814 2694 6755 6498 4549 4905 3083 4766 7134 8219 3774 6139 3616 4096 5078 5139 4855 4436 4334 3570 2736 5730 6211 3516 1477 3200 6666
5595 3015 4118 3894 2731 6950 5097 4889 3964 2510 6475 7146 7220 4396 5531 4668 1959 4848 5721 4955 5821 6122 5661 3924 7997 6906 5523 3672 3952 6503
8243 3704 4768 5112 3249 5167 7043 3744 4027 1684 5659 7065 6922 2824 5567 3844 2777 5111 6271 3887 4871 5052 3499 3485 6669 6173 3160 3971 2346 5126
23 11 18 17 31737 1
6 6 12 19 61696 1
5 22 11 7 60025 1
15 9 26 18 51634 1
12 2 15 28 86642 1
19 11 12 25 59968 1
27 10 24 23 55472 1
15 15 15 27 43539 1
18 21 10 9 51351 1
26 23 17 2 77445 1
29 20 0 23 125637 1
4 17 11 26 51826 1
21 17 8 2 81365 1
9 10 13 26 73735 1
20 8 9 6 46083 1
19 20 28 0 74325 1
2 8 8 0 52420 1
25 16 10 10 56768 1
5 12 13 7 42379 1
11 22 5 13 50543 1
4 23 15 11 78947 1
18 2 25 24 79109 1
11 29 19 25 34361 1
26 6 17 20 58900 1
25 1 13 21 86347 1
18 10 11 1 50608 1
19 16 21 1 47053 1
19 14 20 2 36035 1
21 10 7 24 80506 1
2 15 18 10 75920 1
9 29 6 12 59738 1
10 24 29 14 91208 1
21 15 3 29 82400 1
20 3 1 29 119011 1
4 3 19 4 64570 1
11 12 15 2 50192 1
10 23 11 14 33524 1
27 27 21 0 88174 1
2 0 8 12 70052 1
10 6 3 16 64100 1
13 21 12 1 86742 1
14 18 28 24 72786 1
7 0 18 3 44169 1
21 15 24 7 29467 1
3 14 25 13 85259 1
26 14 6 17 78467 1
24 8 15 19 53443 1
1 19 22 11 91620 1
19 16 28 8 43565 1
21 23 12 22 37941 1
0 26 19 8 100762 1
13 21 26 22 58651 1
15 27 15 0 78220 1
13 27 13 13 56756 1
29 1 27 29 103316 1
13 24 8 18 37896 1
19 5 16 26 62643 1
8 27 22 3 96144 1
24 16 8 25 80446 1
18 29 29 17 75018 1
20 12 25 27 58453 1
4 1 10 11 62272 1
14 5 14 27 82015 1
14 24 26 29 46588 1
10 20 7 28 32039 1
10 21 28 26 75704 1
1 11 8 19 53539 1
24 1 11 9 52315 1
0 8 18 16 69892 1
3 18 20 4 85186 1
7 19 15 21 40140 1
2 29 10 6 97690 1
15 21 6 24 45495 1
14 12 2 10 52549 1
23 17 2 24 93885 1
13 7 5 19 61039 1
25 11 1 21 108099 1
3 17 17 10 58992 1
25 25 8 4 107649 1
13 11 7 7 35846 1
6 9 9 20 39525 1
23 28 9 17 74886 1
6 27 20 25 51149 1
29 26 24 10 72025 1
29 7 16 6 50603 1
15 5 14 27 75895 1
9 22 5 15 37994 1
3 27 15 2 110585 1
1 17 16 26 79779 1
18 6 16 22 50442 1
0 20 5 11 60122 1
29 17 6 8 85382 1
9 16 7 2 64995 1
5 10 8 22 44158 1
13 29 21 20 45905 1
19 15 17 6 23856 1
14 28 19 9 54712 1
16 2 20 11 37764 1
18 17 20 2 50915 1
11 1 5 17 67852 1
5 1 29 14 111808 1
28 15 19 16 32566 1
29 2 3 29 130194 1
3 23 27 7 111461 1
0 4 4 26 97243 1
6 0 8 14 55340 1
5 14 14 15 54166 1
9 15 0 4 67302 1
23 22 6 15 87145 1
25 15 1 10 74388 1
3 28 15 9 82819 1
18 28 16 7 59378 1
12 1 14 16 72330 1
24 9 7 0 71663 1
16 19 27 4 67395 1
21 3 5 10 66359 1
19 5 13 26 73458 1
25 25 15 7 81039 1
2 27 15 8 96104 1
2 18 11 22 47343 1
16 4 4 28 95810 1
3 22 9 4 80426 1
28 0 4 27 131896 1
4 21 18 10 74343 1
11 11 7 3 43327 1
1 6 19 8 61717 1
11 10 4 29 77487 1
11 7 25 21 71658 1
11 11 17 19 43489 1
10 23 22 13 59151 1
15 9 22 2 37063 1
12 23 8 14 46798 1
23 26 27 16 42518 1
8 3 27 21 103625 1
0 7 17 15 66442 1
6 11 13 3 52335 1
9 26 8 17 42992 1
16 29 14 5 82492 1
24 19 20 10 41748 1
9 11 29 10 68437 1
9 28 8 4 78641 1
9 8 24 27 84008 1
20 26 5 8 84562 1
24 15 15 4 53827 1
3 4 7 22 71844 1
27 6 0 4 103188 1
27 0 12 20 100826 1
14 27 21 2 82365 1
24 8 23 26 47921 1
16 0 0 9 66177 1
21 25 12 8 70566 1
0 22 27 9 110501 1
16 26 16 0 72869 1
12 16 16 9 46315 1
9 27 2 13 72985 1
20 0 20 13 44222 1
12 7 6 18 47383 1
18 14 25 23 50745 1
25 15 7 13 65574 1
5 24 16 3 89138 1
25 12 9 4 78328 1
3 20 27 28 90418 1
17 6 0 0 75576 1
19 5 28 20 74808 1
23 23 14 15 59117 1
6 6 8 16 40733 1
25 22 0 7 106051 1
18 8 0 16 77487 1
23 12 6 3 72817 1
16 25 2 13 94053 1
15 14 0 2 92741 1
14 19 22 13 41411 1
10 10 0 5 49305 1
14 7 20 3 40082 1
19 24 20 3 57399 1
15 16 25 11 50431 1
22 0 20 15 53523 1
11 9 23 6 33161 1
7 7 17 26 75560 1
5 24 2 0 100586 1
22 18 8 7 67665 1
29 10 11 11 56949 1
7 3 15 29 106052 1
20 29 21 12 57034 1
5 0 16 18 91304 1
13 6 28 2 70492 1
12 17 17 24 40442 1
21 27 27 6 76670 1
16 4 6 22 80639 1
2 12 6 22 57258 1
15 26 9 8 75625 1
4 11 14 11 48043 1
8 9 25 10 49260 1
20 10 3 1 85888 1
24 16 18 10 31346 1
8 13 1 8 37202 1
7 1 18 15 79890 1
27 5 2 12 94137 1
9 24 20 12 67549 1
5 12 17 13 54124 1
3 19 23 3 90362 1
14 18 5 28 61093 1
28 22 17 14 63327 1
18 1 18 15 48258 1
22 8 7 10 45279 1
25 1 10 14 80869 1
23 14 20 6 34713 1
6 21 0 26 39243 1
1 8 16 23 81964 1
21 13 28 17 31911 1
13 3 13 20 78124 1
20 9 4 27 84874 1
10 16 22 28 67409 1
12 27 2 16 65103 1
1 27 17 21 61476 1
10 2 26 21 97758 1
4 27 11 16 58495 1
10 3 18 25 85236 1
11 1 24 29 109966 1
28 21 4 22 105332 1
5 10 27 14 76062 1
5 8 18 15 58518 1
23 1 6 9 64682 1
21 20 23 11 32089 1
2 6 13 28 94590 1
4 28 27 8 104188 1
29 0 0 13 117057 1
1 4 29 0 114723 1
1 20 19 2 101684 1
20 3 6 22 90353 1
3 1 19 5 72950 1
29 24 19 15 62494 1
10 26 6 20 33832 1
4 15 14 3 79355 1
4 8 4 22 58245 1
10 27 11 10 64518 1
10 2 0 16 86501 1
22 6 4 14 79274 1
13 1 7 17 67223 1
26 11 5 28 95472 1
18 8 1 3 70806 1
1 28 23 5 104421 1
10 12 28 17 70432 1
7 8 20 15 48145 1
16 13 5 0 79327 1
24 20 14 20 47439 1
2 25 28 11 124804 1
6 10 18 12 45396 1
28 4 22 12 34892 1
10 15 26 23 86370 1
6 21 15 18 43813 1
4 20 21 16 84173 1
26 29 9 7 101150 1
27 25 4 20 96776 1
29 2 14 15 81615 1
17 10 14 17 36822 1
29 13 28 25 66559 1
2 9 23 21 79161 1
9 26 14 8 79754 1
17 1 29 21 91405 1
24 5 19 12 30984 1
5 24 6 10 48325 1
1 21 14 24 52124 1
22 1 12 11 59493 1
22 18 29 13 36790 1
19 19 8 13 53302 1
24 22 11 1 93010 1
18 7 24 19 51907 1
17 12 25 25 63341 1
29 13 27 4 40638 1
22 28 26 2 80136 1
4 5 22 15 76106 1
27 29 28 20 45698 1
25 8 17 3 36530 1
1 14 10 20 55441 1
22 27 11 2 94199 1
10 10 21 11 42429 1
22 24 2 25 78575 1
0 4 16 28 112305 1
8 18 20 1 80281 1
22 9 14 24 59348 1
11 11 0 15 64578 1
25 3 14 24 80653 1
19 10 27 6 38073 1
4 20 27 25 96776 1
16 28 8 24 34511 1
7 4 2 13 54381 1
5 4 23 8 70503 1
5 0 19 2 52105 1
23 18 12 29 59974 1
10 2 22 23 90352 1
25 20 3 3 112482 1
4 14 13 27 68622 1
21 26 1 25 77909 1
10 2 8 27 90886 1
22 14 7 1 78853 1
14 25 26 27 42473 1
27 29 2 13 124516 1
0 20 8 8 66016 1
25 7 8 24 93198 1
0 25 26 15 111515 1
15 27 4 3 105506 1
21 4 23 21 47134 1
14 14 23 26 63692 1
6 5 20 6 66038 1
15 23 17 3 55845 1
14 6 20 24 65203 1
5 18 22 17 82300 1
15 0 6 22 90536 1
23 17 11 26 65103 1
2 20 28 8 105574 1
22 22 9 14 71343 1
21 11 2 10 64418 1
29 23 6 26 84899 1
29 1 9 10 78826 1
26 22 0 5 118038 1
9 29 4 1 105101 1
5 6 20 1 72717 1
26 28 17 16 46112 1
27 9 7 1 84224 1
27 1 16 29 96519 1
9 18 15 11 48508 1
16 3 4 11 58760 1
10 1 23 7 61115 1
6 22 12 15 44276 1
3 21 6 6 62138 1
6 11 21 16 59045 1
22 4 5 22 94087 1
4 22 23 10 89548 1
15 23 23 18 43737 1
3 24 26 8 102838 1
9 2 20 18 76131 1
26 20 3 8 96047 1
7 17 0 20 37456 1
21 24 6 20 68204 1
23 21 3 8 82755 1
24 6 16 4 39485 1
1 3 7 12 51073 1
8 16 18 10 56880 1
0 11 6 2 48868 1
24 1 11 9 52315 1
21 15 29 1 60541 1
19 4 0 20 103270 1
20 6 11 7 42353 1
8 22 9 13 39144 1
6 3 10 27 84265 1
23 12 8 0 73515 1
3 5 17 2 67081 1
2 10 11 21 63921 1
10 1 25 29 115820 1
18 1 9 12 60582 1
1 22 23 24 93104 1
26 23 11 23 57512 1
6 3 1 21 76022 1
22 2 12 19 81330 1
6 18 27 16 90792 1
26 16 3 9 73447 1
3 22 19 19 74610 1
17 6 4 21 72769 1
1 15 2 24 51224 1
16 0 3 26 114177 1
14 13 20 4 46430 1
14 21 24 17 56126 1
27 27 24 0 84462 1
25 12 1 17 94841 1
16 3 14 19 59417 1
7 1 2 27 110128 1
14 5 7 22 77962 1
6 15 13 28 55418 1
12 23 0 0 114504 1
13 25 22 14 62658 1
10 20 20 27 49846 1
16 4 22 10 33919 1
11 2 3 23 90020 1
4 4 19 27 102064 1
14 23 25 29 45147 1
8 27 4 20 35519 1
28 27 21 12 63511 1
15 27 24 1 85525 1
9 6 2 19 67208 1
9 29 12 3 99576 1
23 9 25 24 49006 1
14 28 10 4 89785 1
26 11 7 2 84805 1
12 6 21 12 52316 1
4 13 24 26 110815 1
5 23 23 3 96310 1
12 18 14 7 59297 1
7 17 16 23 49870 1
16 22 3 25 57798 1
15 11 9 2 52314 1
21 6 8 9 48853 1
8 20 0 28 46130 1
20 27 2 3 114864 1
16 21 11 8 51995 1
10 24 22 24 47607 1
5 13 24 10 72980 1
12 1 0 12 73288 1
0 24 15 28 51239 1
27 7 14 3 59360 1
28 20 14 3 91708 1
3 28 28 28 64697 1
14 5 20 24 71394 1
15 3 17 28 68310 1
23 22 5 6 91515 1
19 12 4 6 56233 1
4 15 12 27 61958 1
8 8 19 0 55073 1
2 21 19 28 66016 1
14 22 0 6 93834 1
25 19 16 25 55421 1
17 14 2 13 71711 1
15 26 0 16 83832 1
18 6 5 1 64291 1
28 13 12 27 78638 1
26 22 29 15 37243 1
16 11 6 17 57458 1
17 26 5 24 46788 1
28 23 20 9 61551 1
0 0 22 5 94441 1
27 25 6 9 102368 1
13 2 8 16 68377 1
13 4 28 25 110668 1
11 28 15 13 56783 1
14 16 3 15 65196 1
9 10 11 25 65939 1
9 19 25 28 72236 1
4 5 23 25 105658 1
29 5 18 17 64832 1
18 13 11 28 52218 1
6 13 15 15 46503 1
25 17 22 7 36242 1
23 17 16 13 29602 1
18 0 13 28 80736 1
7 3 26 6 81267 1
17 23 7 0 87809 1
0 14 16 4 82578 1
9 21 19 22 45871 1
11 24 12 12 51149 1
15 23 8 1 93892 1
12 13 26 13 43518 1
17 7 26 9 28980 1
6 6 28 16 86589 1
17 26 10 21 39307 1
15 25 9 10 77975 1
13 7 11 23 68846 1
27 14 17 5 51580 1
13 28 4 14 68690 1
18 11 9 24 67303 1
16 10 9 2 51702 1
1 23 28 19 121079 1
10 6 19 3 52872 1
29 21 3 11 114695 1
12 26 25 29 44136 1
26 22 22 8 50158 1
18 15 24 2 49675 1
26 28 3 19 90362 1
20 6 0 23 112036 1
20 14 5 25 83645 1
9 25 12 8 72061 1
27 27 16 3 85600 1
3 16 0 0 87330 1
23 7 0 12 72283 1
23 14 20 23 37679 1
25 29 19 21 36994 1
19 14 13 4 45716 1
19 29 3 10 90384 1
11 29 28 21 78733 1
9 29 23 26 48182 1
5 29 23 9 90939 1
27 18 7 12 85891 1
15 4 6 8 50808 1
8 0 13 6 43013 1
16 22 13 0 71807 1
10 8 4 26 70783 1
5 8 23 22 80780 1
23 27 7 7 90950 1
3 4 13 5 61060 1
13 18 23 7 58202 1
7 7 20 20 67871 1
17 3 28 4 43446 1
0 18 29 9 103048 1
26 1 13 29 98564 1
14 19 28 24 69502 1
1 29 2 14 76822 1
15 5 25 3 51030 1
22 21 26 28 29790 1
0 15 0 0 76138 1
0 16 25 9 93786 1
14 20 18 28 32751 1
16 2 20 18 50960 1
3 17 7 9 32714 1
28 1 6 13 89646 1
11 6 26 17 67418 1
0 27 17 23 56452 1
9 23 20 23 38922 1
26 6 17 19 56467 1
16 17 27 21 59905 1
29 10 19 27 72344 1
28 8 12 2 68423 1
15 23 0 1 120107 1
27 8 7 26 100044 1
2 2 10 24 96603 1
13 19 6 15 38277 1
6 19 2 9 40570 1
21 9 3 9 42920 1
11 8 25 6 49046 1
13 24 5 1 99741 1
25 19 6 22 89845 1
13 12 17 29 55484 1
13 11 3 5 57127 1
9 0 2 28 108091 1
22 21 11 20 53218 1
12 22 29 25 76000 1
7 27 27 6 107362 1
1 4 12 0 55412 1
15 22 28 14 67633 1
27 7 11 7 54497 1
8 16 23 16 67719 1
28 26 17 3 91621 1
16 28 15 11 54083 1
28 21 14 10 81181 1
24 25 5 20 85842 1
28 11 26 22 51170 1
0 26 15 29 52073 1
13 6 29 6 66768 1
11 7 5 12 35726 1
16 20 10 13 46086 1
0 17 16 23 71875 1
13 12 29 7 62809 1
14 9 5 3 46487 1
1 0 8 3 40118 1
10 14 23 11 51624 1
20 21 27 25 46635 1
21 25 7 6 93297 1
20 27 2 14 96559 1
22 26 27 7 68215 1
21 17 4 19 86308 1
6 24 15 17 57139 1
25 7 2 25 113807 1
2 27 21 7 106096 1
29 26 2 13 133535 1
13 16 24 24 66426 1
29 23 16 23 49969 1
19 28 6 27 37281 1
1 12 25 5 86334 1
29 11 29 28 85604 1
17 19 2 21 63552 1
15 9 1 0 74618 1
29 1 17 29 99517 1
15 26 8 29 28448 1
28 10 20 28 75792 1
12 23 25 7 75643 1
7 25 27 25 69890 1
3 21 4 1 88114 1
28 18 10 15 81271 1
17 2 27 29 91260 1
0 2 1 14 60207 1
7 2 7 21 65073 1
26 13 5 21 90916 1
20 8 8 16 59670 1
19 17 5 11 62523 1
10 14 23 16 52777 1
17 8 14 22 48581 1
15 28 12 6 78413 1
29 10 22 21 54244 1
9 5 20 8 52098 1
19 12 0 14 75539 1
17 3 26 23 74582 1
3 10 13 23 73429 1
9 20 27 1 106938 1
23 8 12 21 67937 1
6 22 14 2 84740 1
4 1 23 14 91801 1
3 6 5 29 87610 1
4 18 24 8 74170 1
26 25 17 11 67064 1
7 18 2 2 68105 1
13 16 16 27 46664 1
7 9 11 0 45236 1
24 12 24 26 48582 1
11 6 18 13 38068 1
18 10 0 1 87667 1
20 27 21 11 52657 1
6 10 18 10 39137 1
25 3 1 25 126122 1
11 22 25 3 90522 1
16 17 1 16 71952 1
23 20 3 21 88412 1
20 12 27 23 54185 1
29 18 23 29 61471 1
3 10 17 24 75717 1
7 16 21 15 63063 1
16 10 18 24 44506 1
21 15 2 5 82715 1
22 7 6 2 75329 1
9 27 16 12 63841 1
8 0 9 11 53394 1
17 1 28 9 50157 1
22 19 19 0 62932 1
5 2 5 23 81293 1
9 17 2 10 49914 1
25 22 3 19 103575 1
19 0 29 14 69244 1
10 23 15 6 77166 1
4 15 16 11 67803 1
7 28 26 28 46421 1
6 1 28 11 98139 1
28 3 1 19 119969 1
27 22 20 12 53484 1
9 12 19 12 39608 1
11 1 21 19 78442 1
10 2 3 27 105214 1
21 26 11 29 40908 1
3 1 16 2 54436 1
14 10 5 7 41931 1
29 14 25 2 58279 1
16 3 15 13 38800 1
9 4 20 8 54296 1
8 11 29 22 102702 1
14 0 13 18 75981 1
15 6 2 10 54988 1
7 19 21 1 81916 1
4 14 9 5 56954 1
20 2 11 25 93353 1
16 18 0 18 69775 1
29 23 19 8 69369 1
20 6 8 16 70602 1
4 3 3 16 66811 1
16 25 10 13 58121 1
20 4 19 19 44083 1
26 2 20 21 67616 1
5 9 16 12 45958 1
17 4 25 29 81780 1
0 4 20 28 114620 1
11 28 23 15 64914 1
10 16 2 25 55526 1
3 27 20 0 119957 1
17 11 15 19 31831 1
25 1 20 24 73744 1
0 10 14 28 89706 1
6 26 20 1 105178 1
10 10 17 27 62712 1
28 0 20 6 50661 1
3 12 11 1 68621 1
11 1 13 20 82595 1
23 7 29 24 66128 1
4 27 13 22 48777 1
26 26 8 23 68890 1
17 28 14 8 57495 1
12 21 26 12 71059 1
16 2 23 18 56472 1
16 13 25 23 53249 1
3 14 20 18 85693 1
5 10 28 27 105568 1
10 1 17 14 62877 1
19 10 3 29 83112 1
18 23 4 12 84674 1
14 12 14 23 50690 1
15 2 27 28 93329 1
12 17 0 18 53832 1
19 29 17 11 46718 1
11 23 29 12 85339 1
8 27 13 11 72114 1
20 6 22 17 45291 1
0 28 3 16 60033 1
16 16 15 6 42399 1
3 9 29 20 103462 1
11 22 26 14 75387 1
8 23 15 3 87416 1
24 5 15 2 42022 1
20 8 23 23 49306 1
3 7 7 15 36297 1
9 29 25 7 96210 1
16 3 10 22 81238 1
25 7 8 28 91114 1
9 7 15 0 50648 1
10 28 14 22 34056 1
5 29 12 16 65763 1
5 17 26 24 99022 1
16 24 8 29 39469 1
15 11 26 11 45675 1
2 17 24 6 85878 1
12 21 10 2 80763 1
1 25 23 16 102880 1
7 22 23 12 81618 1
25 15 8 24 79252 1
10 22 2 3 86841 1
18 19 29 4 66330 1
11 3 6 24 77418 1
6 17 28 16 88960 1
4 0 28 15 112238 1
26 17 27 26 37664 1
3 19 21 19 86857 1
23 27 12 9 66864 1
1 8 28 20 108373 1
25 12 16 6 47557 1
8 4 20 26 89887 1
14 10 5 6 46754 1
14 21 6 11 57335 1
23 14 21 22 28852 1
16 18 28 1 75082 1
27 20 18 17 51392 1
6 8 20 5 55868 1
0 12 13 26 97593 1
15 13 23 16 30418 1
24 2 9 6 70165 1
23 14 9 8 48659 1
17 25 5 18 65127 1
24 16 2 21 98646 1
18 24 25 8 53173 1
3 13 29 27 124396 1
15 25 9 7 82988 1
8 3 23 18 78735 1
16 18 23 9 40614 1
22 10 8 3 59210 1
22 22 3 14 102479 1
29 19 29 3 67458 1
14 13 26 0 69467 1
5 13 7 4 45145 1
25 27 28 10 73283 1
21 25 7 8 82875 1
23 18 12 5 67410 1
5 1 23 12 86127 1
15 24 2 4 107921 1
22 11 8 29 76981 1
3 27 3 0 116615 1
29 7 16 23 73505 1
9 17 24 23 77438 1
27 22 16 18 55821 1
7 2 14 9 46396 1
6 24 3 4 81196 1
17 12 0 4 72912 1
22 13 24 21 28236 1
5 15 27 4 88556 1
11 11 29 28 91438 1
12 15 15 1 70218 1
2 6 15 2 70461 1
14 27 16 15 41518 1
22 11 8 0 68455 1
19 3 10 26 88572 1
13 2 27 15 72324 1
18 1 3 1 58636 1
27 8 19 18 45371 1
20 24 20 11 39231 1
23 20 9 21 67620 1
20 23 6 13 77048 1
23 18 28 9 36349 1
26 16 10 4 76820 1
1 7 29 2 97495 1
6 10 5 1 38606 1
28 14 23 22 39389 1
3 10 27 25 113096 1
22 29 8 28 37720 1
16 9 7 22 57474 1
1 14 25 15 95165 1
16 1 26 22 83545 1
6 24 20 20 61506 1
4 5 24 12 78956 1
15 24 26 29 43408 1
2 5 12 5 61589 1
28 9 1 5 87824 1
9 3 12 20 81611 1
8 23 18 20 44077 1
6 10 4 20 37820 1
24 24 9 1 110707 1
19 15 4 11 57318 1
25 14 11 26 79140 1
22 27 19 19 27875 1
24 3 18 17 50862 1
27 27 11 21 63762 1
17 20 12 14 40316 1
20 20 1 11 80569 1
25 28 0 14 115707 1
22 10 5 28 81550 1
24 0 13 3 47544 1
25 23 1 7 104481 1
3 1 8 8 47699 1
4 21 16 29 56363 1
16 17 27 8 56915 1
9 18 20 28 59591 1
23 15 27 4 36904 1
17 7 4 25 82340 1
26 8 15 12 44232 1
12 18 1 5 78399 1
14 6 14 16 57313 1
27 13 1 11 83479 1
17 25 23 4 59423 1
29 3 7 14 84618 1
20 24 12 20 39511 1
16 2 29 5 54148 1
14 15 22 21 56824 1
20 7 9 28 79748 1
15 8 12 17 49520 1
10 19 17 15 41388 1
7 18 28 5 89671 1
26 5 7 10 64688 1
18 5 6 20 73583 1
22 22 6 25 67773 1
8 9 11 16 35172 1
26 1 19 26 78752 1
18 10 4 23 82039 1
29 4 18 2 42416 1
21 3 4 19 91419 1
28 1 19 14 54713 1
17 9 23 24 52545 1
3 20 25 24 100738 1
6 24 2 14 54288 1
9 13 19 4 58411 1
13 11 5 8 36963 1
5 4 28 21 119825 1
3 26 20 4 113022 1
21 16 23 5 29852 1
18 6 25 21 63857 1
27 10 12 18 75360 1
5 8 14 0 57736 1
18 6 22 27 67297 1
29 20 21 12 57841 1
28 9 5 12 71856 1
9 8 16 4 40247 1
13 7 2 29 96393 1
13 1 27 2 52705 1
22 6 6 13 64389 1
4 10 18 24 76331 1
23 0 24 17 52176 1
24 24 6 24 71503 1
28 27 10 14 89651 1
4 24 24 8 93010 1
18 8 8 7 35119 1
2 26 12 4 102712 1
28 20 22 4 64304 1
15 21 28 21 60861 1
4 22 28 27 84065 1
6 25 10 2 85844 1
20 22 7 23 51171 1
13 18 11 1 75673 1
1 24 21 2 113974 1
28 2 19 6 43562 1
8 26 26 25 62258 1
10 13 14 29 68135 1
5 17 26 5 86408 1
17 6 28 25 86411 1
6 13 12 8 32546 1
18 22 7 7 70953 1
29 9 18 29 78314 1
18 25 20 11 41530 1
14 20 10 26 36930 1
17 28 2 24 50529 1
1 17 14 13 55864 1
28 23 19 3 80832 1
29 15 7 24 98057 1
27 25 28 9 74255 1
28 4 18 19 63081 1
17 28 1 15 86871 1
2 19 28 29 107956 1
23 11 16 22 45184 1
29 23 27 7 75846 1
21 21 0 5 100659 1
8 10 18 26 70387 1
13 4 6 15 60449 1
14 23 22 25 34794 1
20 6 14 2 35997 1
29 19 0 28 110468 1
12 22 27 17 79832 1
3 11 8 23 57373 1
6 21 26 16 91294 1
23 8 29 20 58117 1
15 3 24 18 63261 1
18 23 0 17 80356 1
19 21 12 14 47419 1
1 13 21 26 109634 1
7 13 22 26 81862 1
9 13 16 28 61976 1
3 28 12 7 84645 1
25 16 9 23 73130 1
9 2 9 14 57357 1
1 21 14 28 55861 1
27 17 20 13 34129 1
29 12 17 15 46445 1
16 19 2 15 68389 1
10 18 19 27 52455 1
19 17 16 0 48352 1
15 4 14 15 59065 1
21 7 11 14 54013 1
5 18 0 4 68460 1
26 28 22 5 69103 1
6 26 6 11 48248 1
27 16 5 6 90256 1
0 23 16 2 111040 1
7 14 5 1 53190 1
20 24 13 2 73903 1
7 28 4 4 84027 1
0 25 5 12 70319 1
21 21 0 25 84514 1
19 8 10 3 48548 1
25 14 23 29 48534 1
29 3 24 14 49674 1
8 3 22 24 94429 1
10 12 16 18 44445 1
6 3 9 23 72287 1
5 16 8 24 33884 1
16 18 18 6 42484 1
21 15 24 2 42225 1
23 7 23 26 47431 1
22 14 2 25 98034 1
17 7 25 22 61774 1
6 17 6 3 47240 1
4 9 13 18 56361 1
16 1 14 16 59256 1
0 27 23 13 94488 1
13 29 29 20 77092 1
17 24 2 26 57589 1
20 23 25 0 77771 1
21 17 2 23 90308 1
13 9 12 27 66672 1
6 12 2 24 53379 1
17 8 1 7 50194 1
23 3 25 11 28617 1
13 0 8 24 92368 1
27 5 6 5 86953 1
9 24 16 4 84040 1
11 4 1 0 53678 1
10 27 26 18 76745 1
6 26 3 8 65535 1
29 9 12 27 85555 1
13 23 5 3 88925 1
6 25 22 21 72103 1
17 26 2 0 116038 1
19 12 4 21 76724 1
26 4 17 25 70988 1
17 14 16 29 37678 1
3 12 24 24 109043 1
1 14 11 2 75092 1
4 4 8 18 57183 1
24 17 11 21 70287 1
27 4 22 16 41937 1
0 29 16 11 93176 1
27 2 16 15 64813 1
3 5 8 24 74577 1
1 17 11 22 48264 1
27 29 15 16 64357 1
19 25 0 5 100353 1
16 25 25 22 49844 1
9 22 3 28 38402 1
8 5 9 23 67252 1
17 10 13 24 51490 1
19 18 22 27 30276 1
26 7 1 1 104464 1
4 5 28 10 85053 1
11 2 9 10 38063 1
20 29 2 16 90406 1
6 23 24 28 60408 1
20 14 14 3 46201 1
8 15 27 26 99751 1
13 21 3 1 104278 1
23 25 16 22 33083 1
7 15 18 6 52979 1
3 12 24 12 78921 1
14 4 10 10 38736 1
8 0 20 12 70159 1
7 0 24 10 79389 1
11 0 15 14 66631 1
18 1 23 17 55536 1
2 16 15 7 72349 1
13 11 16 2 41231 1
15 9 5 10 29972 1
22 3 4 28 104812 1
5 29 2 7 84387 1
22 9 8 9 33910 1
0 0 23 28 141785 1
24 0 24 23 65034 1
8 22 25 13 81432 1
7 1 16 21 91914 1
22 10 25 24 49398 1
2 1 17 21 106578 1
26 14 19 25 50422 1
16 29 9 14 72643 1
19 3 27 25 89066 1
26 26 24 10 59826 1
3 4 14 22 101387 1
11 28 0 13 85146 1
9 26 10 12 59326 1
19 1 8 15 72971 1
26 6 7 17 76500 1
18 5 28 2 45784 1
1 1 14 19 104541 1
20 7 3 24 93262 1
23 24 2 16 101218 1
8 24 27 3 109928 1
10 7 1 1 61011 1
2 27 25 22 84913 1
22 10 15 27 57200 1
12 25 4 3 97127 1
21 9 9 8 32841 1
7 5 25 11 76593 1
16 27 3 28 35974 1
14 10 0 4 64495 1
6 12 26 21 91927 1
25 11 17 16 40824 1
13 23 4 13 67696 1
