2893 3447 4487 3560 4384 4589 3055 3228 4079 4622 3110 3336 3758 4775 3096 3515 4341 4126 3059 3235 3214 3486 3715 4324 2942 2869 4581 3848 3971
6825 6199 7628 5939 6490 6726 6123 7497 6360 6652 6909 6242 7754 6634 7786 6983 7635 5935 6264 7444 6135 7148 6623 7229 7527 7401 6163 7346 6889
5842 5805 7122 7044 7094 5624 5430 7011 6831 6388 6081 6353 6049 6501 7131 5558 5830 6323 5611 6705 6799 6444 5851 6987 5452 7086 6979 6404 5481
6757 7272 6571 6408 6900 7630 7399 6735 8028 7824 6539 6646 6908 7549 6446 6584 6838 7407 7221 7141 6362 8140 6830 6912 7929 6593 7942 7025 6995
7407 8201 7236 6958 8195 7108 7533 7747 7418 8171 7478 7232 7613 8112 7550 6630 7133 7533 8184 7628 8282 7188 6578 7700 6747 8138 7436 6557 6636
5386 4708 4966 3742 4232 4574 3738 4583 3731 3629 4051 3650 4197 5190 4636 4109 5019 3881 4562 4643 4866 3986 3730 4065 5096 5117 5045 4311 5000
4919 3108 4206 3261 4288 5050 5036 5010 3108 3763 4639 4916 3457 4405 4071 4527 3637 3235 3400 4612 4571 4718 4081 3301 4660 4370 4553 4064 4692
5869 4925 5632 5083 5793 4653 5609 5056 4052 4821 5797 4783 4961 5454 5298 5438 4702 5547 5380 5075 4141 4760 4586 4063 4868 4033 5544 5331 4815
4607 5106 4105 4002 3834 3706 5293 4638 4847 3971 5231 5182 4422 4243 3824 4982 3580 4819 4811 4523 3993 5208 5008 4892 5180 5309 4284 5467 5116
5798 6257 5439 6675 6032 6307 5724 5083 4883 6376 6189 4926 5582 5883 6158 4870 5729 6622 4798 5577 4978 6054 5364 6392 6405 5635 5783 6219 5995
6738 5628 6302 6409 7126 5944 6487 5637 7151 6407 6926 7101 6732 7184 5697 6601 6697 6506 7520 6723 6120 5935 6774 7440 7247 7093 5840 6437 5807
2134 2295 2004 2800 1591 2502 2104 2756 3150 2315 2700 2697 2738 1631 2703 1919 1569 2407 3147 2994 3216 1796 1897 2590 3114 2902 2503 3145 1862
4791 4348 4191 5183 4383 4898 4801 4061 4466 4855 5324 4916 4886 5021 5404 5403 4931 4495 5694 5164 5357 4789 4391 4455 4150 4896 4790 5147 5146
1033 1258 1133 1438 1741 1568 1962 2233 1141 1104 2880 2507 2282 2400 1462 1370 2072 1917 2362 1311 2748 1790 1081 2911 1500 1840 1210 2514 2084
7068 7263 8263 7861 8143 7022 6694 7916 7972 7748 7351 7099 6743 7501 7976 7650 8062 7824 7280 7159 6888 7124 8049 7166 8520 6681 8119 7532 7875
3056 1636 2108 2552 3042 1628 3162 1557 1890 2346 3236 1802 2801 1817 3134 1534 2541 2060 1517 2634 3020 2842 1959 2077 2412 2001 1720 2919 1653
2293 2655 3559 3390 3733 2614 2435 3032 3745 2376 3642 3073 2654 2789 1865 2584 2753 2941 2050 3377 2160 2124 1961 2745 2695 2864 3587 2356 3470
7033 5461 5360 6945 5492 6643 6671 6733 6313 5503 7049 6644 6138 6261 5937 7046 5429 6203 6125 5532 5955 6793 7144 6862 5709 7057 5402 5992 6206
2237 1398 1569 2065 2027 2708 3100 1357 2578 2411 2374 3233 2684 2808 1696 2874 2839 2399 1838 2008 1611 1453 1976 1667 1590 2197 1768 1899 2512
5643 4339 5170 5787 5970 5821 4533 5837 5827 4315 4685 5130 4241 4328 6072 4843 5516 5773 5822 5852 5038 4378 4965 4851 6097 5392 6085 5520 4787
6248 6833 6326 5402 6128 6281 5845 6407 5815 6317 5614 6271 6127 7234 6760 5914 6936 5479 5617 6055 6577 5678 6358 6978 6565 5682 5929 6357 6923
2563 2699 2077 2874 2225 3169 2704 1688 2926 1839 2225 1560 1934 2594 3231 2906 2707 1433 1768 3275 2251 2416 1934 2027 1496 1683 1628 1929 1615
6517 4949 6266 6396 6749 6761 6049 6152 4941 4921 5053 6175 5657 6038 5296 6419 5733 5602 5565 4923 6371 6229 4881 6774 5171 5304 6176 5736 6596
5985 7718 6966 6840 7066 5966 6928 6439 5874 7431 6739 6888 7027 7397 6166 6955 6859 6603 7514 7600 6787 5936 5826 5929 6072 6485 7602 6589 6553
5120 4814 4401 5221 4731 5691 4680 5365 4842 5264 4141 3897 5706 4883 5598 5712 4577 3997 5000 4912 4205 4964 5054 5433 4208 5380 5701 3930 4811
6237 5159 6981 6994 5709 6125 5758 5798 6525 6416 6699 6889 6025 5779 6994 5133 6150 6345 6537 6921 6205 6702 5581 5786 6625 5206 6442 5591 5240
6838 5831 5855 6328 7210 6281 5926 5840 7283 6341 6121 6641 7182 6861 6084 6280 5857 6964 6968 6765 6986 6634 6615 6078 6823 6393 6751 5504 5533
8012 8352 7605 7681 7529 7640 8527 8592 7400 8632 8822 7816 8818 7469 7761 7723 8890 8302 8633 8072 8307 7340 8004 8030 7344 7545 7332 8436 8528
5911 5750 4510 5698 5810 5629 4934 5345 5009 4280 4664 4872 4270 4287 4328 4309 5414 4380 5355 4505 5114 4352 4682 5436 5447 5232 5022 5810 5158
6357 7644 6832 7768 7624 6879 6866 7805 6578 6339 6491 6327 6855 7955 7165 7078 6850 7475 6353 6730 7824 6940 6388 6278 6841 7732 7506 6792 6657
2145 2720 4607 1970 3009 5989 6044 4879 5159 7076 2311 4717 6155 4061 3283 5405 4080 4317 6095 2657 5162 5535 8817 5564 3663 3533 7694 5319 6077 5652
3736 2465 4821 1829 3125 4751 7547 6463 4474 6553 1780 5054 6803 3933 2918 4894 2785 3481 6981 1804 4682 5971 7672 7270 3484 2077 8176 6126 5734 5585
2727 1630 3280 3207 4629 6061 6251 5496 3724 6539 2791 4028 6772 3744 3450 4066 3697 3886 5865 2352 4081 7042 7271 7306 3081 2534 7842 5114 6689 5296
2995 2283 4578 1574 4481 5579 6973 6289 4388 6563 2807 3355 7179 5073 4611 4943 4549 3448 7318 2248 4800 5760 7623 5892 3884 1920 8142 6468 7456 4599
2998 1822 3276 2788 4862 4554 7166 4802 5052 6160 3027 4705 6420 3862 3207 5256 2904 4271 6099 2214 5143 5928 7426 6829 3727 3013 6776 6215 6634 5105
3261 1349 4565 3130 3565 5069 7244 5638 3658 5867 2212 4732 5382 4974 3984 5164 3931 4522 6602 2746 4756 5579 7588 6488 2837 3662 7510 6507 5853 5413
3658 3099 3607 1846 4351 6285 7510 5993 4989 6609 1780 3339 6365 3489 3048 4019 3607 2942 6205 2901 4271 6196 7341 5625 3694 3163 8344 5666 6811 4385
3390 1639 4201 1268 4855 6131 7000 4681 4604 6107 1807 4827 6661 4228 4033 3708 3391 3436 6584 1968 4024 6778 8455 6427 4080 3637 8323 6491 7327 4167
2765 3209 4295 2471 3027 6037 5757 5049 4689 6879 2948 3636 5700 5120 4637 4403 4239 3140 6891 1522 4078 5723 7308 7357 3419 1910 6774 5818 5667 4189
3502 2667 3675 2072 4533 6157 7553 6427 4365 5713 1473 4153 6299 4365 2877 4581 3962 3914 5616 2933 4327 6502 8842 7401 4616 3408 8224 5079 6169 5213
3678 2613 4463 2898 4926 5177 7052 5089 5180 5722 1382 4511 6696 4900 4080 4033 4044 2781 6712 2317 4004 5284 8131 5823 3313 2435 7656 6398 5973 4649
3736 2794 4614 2114 3127 4639 6470 6389 4162 5276 1505 3377 5821 4913 4204 4321 2840 4393 5978 3350 5164 6965 7530 6333 3834 2528 7966 4697 5665 3874
2840 2934 4883 2709 3805 6248 6996 5321 4951 6571 2507 4428 6868 4867 2962 4277 3303 3589 6933 1576 5722 5497 8144 6767 3930 3095 7087 5635 6762 5590
2702 2123 4641 2920 3616 5376 6120 4684 4434 6675 3222 3907 6860 5130 3270 4282 4410 3043 7218 3385 4326 5777 7421 6545 3819 2498 7823 6509 7244 3975
2211 2578 4732 1725 3971 5613 7232 4646 4438 5951 2819 3791 7181 3274 4462 5274 3754 4021 6501 2502 4984 5492 7348 6388 3658 3443 8336 5668 5804 5245
3684 2038 3414 3120 4193 4958 6186 5577 4943 6469 2397 4741 6949 3452 4483 5003 4301 2848 5619 2063 4319 6996 7351 7367 3528 2210 8185 4697 6193 4314
1909 2811 4887 1387 4845 5482 6683 5123 4194 6574 2817 4470 6723 4246 3485 4683 3494 2966 6401 1835 5903 6319 8749 6486 3022 2803 8015 4821 7291 5044
2422 2553 3032 2627 4426 5209 7571 5224 3832 7136 2540 3837 5442 3405 3245 4009 2829 3136 5590 2435 4668 6763 7837 5786 3251 3769 8194 6265 7202 5277
2468 2642 4043 2086 3873 5821 7499 6436 4614 6487 2108 3825 5425 3392 2965 4861 3463 4390 6751 1505 5483 5941 8435 6633 2868 3049 8458 6346 6774 3975
2912 2066 3724 2238 4557 4997 7550 6216 4124 5357 2982 3317 6254 4269 3983 4407 4537 3144 7272 1599 5233 6419 8177 5872 2926 2515 8301 5137 7463 4544
2164 1834 4496 2734 4431 4584 6149 5404 3574 6777 3094 4431 6616 5200 2742 4559 4196 4605 7188 2305 4177 6449 8735 6586 3592 1842 8053 4993 7195 4853
3180 3147 4820 1457 3302 5792 5950 4758 4996 7171 2933 4386 5840 4081 2946 4305 3446 3428 6026 1565 4644 6639 8602 7398 4461 2422 7804 4722 6042 5305
3310 1929 3658 2064 3189 5789 6932 6041 4981 5399 2642 4123 6976 3795 4692 4378 3208 4347 7066 2528 5336 5308 8570 5634 4354 1905 7773 6240 6216 5736
3789 2070 4445 2211 3899 6002 6009 4839 3544 5417 1957 4497 6651 5019 3227 5528 3173 3817 5859 2428 4772 6947 7574 7310 4607 1964 6648 4641 7480 4090
2786 1706 4777 3202 3450 5512 7145 5049 3242 7066 3000 3541 5725 3816 2841 3932 2812 2788 6921 1897 5745 7007 7479 6991 3443 2877 7505 6225 7057 4822
2459 2738 3354 2502 4073 4709 5752 6419 4029 6810 1967 3828 5741 4188 4585 5461 3283 3919 5994 2108 5235 5911 8341 7363 4352 3549 7501 5181 5697 5158
2538 1565 3284 2041 4671 5308 7558 5558 5084 6489 1377 5047 6233 3982 4032 4844 4573 2921 5410 2692 5289 6875 7666 7383 3556 2010 6666 5718 6191 5446
3560 2040 3062 3163 4275 6080 6901 4602 4510 7001 3187 5052 7018 3262 4485 3820 3053 4005 5630 2136 4326 6432 6959 7238 4439 2403 8479 5200 6548 4175
3836 2062 4552 2300 3566 6089 6824 4696 4518 6210 2969 4966 6143 3784 3861 5527 4633 3470 6934 2838 5397 5263 7173 6082 4048 2734 8279 5797 7364 4788
25 19 3 20 56963 1
11 1 14 20 44195 1
6 27 22 23 62149 1
15 14 20 22 38533 1
7 5 17 0 37740 1
1 4 15 18 69129 1
14 12 28 25 63759 1
26 11 29 18 48524 1
7 14 24 6 78155 1
13 8 23 9 37230 1
26 10 27 26 68528 1
22 27 14 15 45003 1
28 14 23 5 59028 1
3 21 21 2 88631 1
15 25 29 1 84312 1
5 9 18 2 43778 1
29 2 12 11 63034 1
18 6 8 24 71260 1
9 24 22 5 81453 1
16 1 21 18 51351 1
22 18 26 6 61291 1
22 1 15 14 45623 1
17 27 8 23 42628 1
16 21 25 14 40967 1
4 17 25 5 95111 1
5 27 20 0 96914 1
1 22 15 0 87434 1
19 9 4 25 77662 1
18 22 2 23 63700 1
21 16 5 16 54307 1
3 25 9 19 40456 1
5 28 5 5 100409 1
1 18 15 7 65281 1
15 1 23 9 45423 1
28 27 10 13 80195 1
6 24 10 17 39950 1
7 21 25 17 58092 1
28 9 11 12 52731 1
4 12 15 6 44731 1
29 27 21 1 89139 1
13 14 21 23 36688 1
26 23 2 12 110228 1
25 12 9 14 64009 1
27 26 4 16 85877 1
14 23 13 10 32727 1
24 29 28 19 50739 1
16 15 29 8 57468 1
6 19 27 10 68430 1
0 24 14 21 52916 1
7 0 13 13 42191 1
12 19 6 24 34965 1
26 21 13 16 48257 1
29 19 17 16 33506 1
1 17 27 7 114068 1
26 1 6 17 79995 1
16 4 3 3 34025 1
19 9 19 19 30673 1
20 5 14 1 27857 1
26 2 4 23 109934 1
28 17 17 1 72332 1
6 5 10 20 59866 1
18 28 3 2 88269 1
8 3 14 18 47559 1
12 20 2 19 29359 1
24 1 8 21 78835 1
1 27 24 6 123045 1
29 8 5 24 107871 1
7 7 29 0 78430 1
17 8 16 18 32616 1
7 24 22 4 88299 1
12 1 9 17 43176 1
22 0 29 11 54467 1
22 18 12 28 48426 1
24 24 17 8 59776 1
13 19 21 14 29674 1
0 22 15 16 52528 1
13 14 27 13 56110 1
9 19 13 29 29165 1
25 24 7 11 80544 1
13 9 0 20 54179 1
19 17 4 4 73630 1
27 24 0 26 83763 1
0 19 18 20 44816 1
23 25 10 20 46182 1
1 19 0 4 59730 1
10 18 25 17 49973 1
28 13 3 23 109268 1
27 18 2 6 107311 1
9 5 27 24 99206 1
26 14 4 2 86520 1
21 4 13 7 28420 1
25 27 4 2 107936 1
11 29 27 3 90129 1
14 23 27 18 50436 1
18 6 26 1 27899 1
22 13 17 7 29554 1
29 24 25 4 88773 1
5 19 29 15 76234 1
5 5 19 18 74668 1
26 15 17 4 59479 1
19 0 10 23 69313 1
17 17 3 12 62222 1
0 6 26 12 90554 1
5 28 1 5 107144 1
15 14 28 1 57671 1
0 11 26 18 85815 1
13 24 16 4 50622 1
0 8 25 13 81440 1
7 18 12 8 44402 1
6 27 20 19 55764 1
1 13 21 21 80716 1
18 19 27 28 55267 1
13 15 13 2 23851 1
6 9 22 14 50403 1
3 19 10 22 34986 1
29 16 15 26 60586 1
2 1 16 2 35433 1
10 11 6 22 48864 1
10 27 3 5 90911 1
17 13 29 13 48193 1
10 27 17 6 74548 1
22 11 7 4 58392 1
4 18 18 6 72204 1
18 20 22 6 42882 1
4 8 17 14 51632 1
26 0 13 16 62635 1
23 5 11 15 62367 1
27 25 15 23 35404 1
15 1 13 22 43380 1
22 24 26 17 37864 1
3 3 18 14 58951 1
19 17 16 3 43158 1
28 9 5 28 108982 1
27 26 29 4 99358 1
5 21 1 7 70708 1
13 1 19 28 67993 1
16 5 28 28 93209 1
13 13 10 29 43608 1
27 19 20 3 53735 1
5 29 4 8 97566 1
21 22 6 16 52410 1
17 27 13 6 56213 1
2 11 21 11 54524 1
10 29 29 10 90044 1
16 16 29 22 53921 1
23 10 9 6 56487 1
15 17 29 15 54611 1
22 14 4 5 73661 1
12 13 5 10 24650 1
16 10 24 23 59167 1
14 9 25 20 55820 1
29 13 11 5 73471 1
9 25 0 4 86682 1
22 24 22 1 62070 1
16 0 17 21 58613 1
18 5 18 15 24949 1
0 29 20 9 107979 1
11 5 18 15 43429 1
20 23 20 13 36301 1
15 10 10 17 28791 1
11 5 27 3 41528 1
7 23 11 3 66031 1
15 24 25 23 38328 1
26 6 23 28 87930 1
8 12 4 27 79573 1
28 7 10 18 82764 1
17 9 6 27 76450 1
22 3 9 13 52893 1
6 7 1 2 37791 1
4 27 10 15 63274 1
16 22 10 11 43537 1
23 15 9 7 65415 1
20 19 15 7 35672 1
15 13 4 27 70046 1
18 1 14 10 28903 1
1 27 4 6 102364 1
1 28 8 3 108334 1
0 23 21 29 73165 1
17 2 17 14 35191 1
8 16 18 6 53886 1
14 28 24 7 79389 1
8 10 5 18 40532 1
1 24 2 10 58844 1
28 12 3 17 97001 1
14 16 14 6 29871 1
10 0 14 6 24545 1
26 5 19 0 37236 1
7 16 22 10 58948 1
0 6 11 16 53690 1
15 28 28 8 77846 1
8 26 24 5 94986 1
4 2 26 4 63351 1
28 1 15 28 88890 1
12 14 17 29 47078 1
3 13 1 25 59032 1
25 19 5 7 72856 1
18 21 4 10 53732 1
7 14 20 3 56695 1
9 17 5 10 34254 1
4 9 20 29 84075 1
20 3 24 18 52038 1
1 24 2 7 78024 1
14 26 3 0 84516 1
13 28 16 2 57511 1
7 12 21 3 52226 1
17 25 16 15 28193 1
11 13 7 0 45121 1
22 19 18 1 48932 1
2 21 13 11 56003 1
25 12 7 15 76178 1
23 2 17 6 31916 1
12 0 16 13 34783 1
11 5 7 13 35978 1
10 10 5 25 56715 1
8 12 16 1 40545 1
10 15 4 26 58048 1
16 23 28 19 34655 1
18 24 4 4 78440 1
22 28 23 18 36288 1
10 10 20 22 58280 1
27 23 4 2 116063 1
2 25 4 0 104164 1
2 28 16 15 80764 1
17 13 26 25 48287 1
24 22 3 21 75509 1
4 20 27 24 80880 1
19 25 12 20 32314 1
19 18 16 7 42168 1
3 15 19 2 75544 1
14 15 8 25 36720 1
18 18 22 1 49809 1
13 5 29 12 62729 1
19 26 10 4 71825 1
17 15 27 6 67240 1
6 0 15 19 62591 1
12 11 21 14 37600 1
3 23 14 26 51375 1
27 21 4 4 104731 1
27 23 5 15 93753 1
8 22 22 13 61771 1
28 12 22 19 46132 1
5 1 5 19 71991 1
19 13 10 5 47494 1
13 29 6 25 27824 1
28 9 3 7 81970 1
14 1 17 19 44738 1
0 26 27 3 113878 1
17 24 26 22 43234 1
27 21 7 4 96280 1
23 12 9 27 80864 1
18 26 7 15 55415 1
11 13 20 23 49753 1
25 4 0 26 114804 1
21 21 2 2 86315 1
0 29 19 15 90556 1
19 1 13 20 48886 1
2 26 21 1 101207 1
6 19 15 27 37570 1
14 16 2 24 58859 1
19 19 13 26 26906 1
12 27 18 0 66219 1
1 11 6 20 53356 1
25 17 21 25 30980 1
8 26 16 21 36361 1
10 20 13 7 35654 1
4 4 19 20 77082 1
20 7 1 15 84603 1
1 15 2 4 53571 1
15 29 24 28 45783 1
26 23 2 5 124957 1
15 17 9 4 48177 1
3 18 19 1 78571 1
18 16 25 11 36895 1
24 7 10 16 66514 1
2 25 29 4 117826 1
19 29 21 10 48423 1
14 6 24 17 60874 1
2 29 16 15 86245 1
23 27 26 17 49172 1
24 1 10 14 57227 1
5 14 8 4 49176 1
20 10 9 12 36867 1
29 13 10 18 78556 1
0 19 25 18 63172 1
29 5 26 17 70356 1
4 20 3 0 92639 1
9 23 12 0 64756 1
0 6 1 16 40654 1
20 14 27 5 55172 1
27 15 22 5 55650 1
4 20 23 13 69243 1
15 4 19 13 33062 1
15 19 5 3 54834 1
24 23 20 13 45495 1
24 4 4 28 116515 1
16 14 8 10 29936 1
22 6 28 22 64790 1
0 13 14 4 51899 1
24 1 3 29 122934 1
0 29 24 15 102601 1
1 15 7 21 46584 1
26 16 17 0 62428 1
5 17 26 19 55879 1
6 16 13 10 37643 1
1 26 6 12 72232 1
3 21 16 29 67167 1
28 3 14 25 79755 1
4 14 17 13 50279 1
18 4 7 7 47624 1
8 2 21 14 57848 1
14 28 2 20 56981 1
21 28 0 29 79553 1
16 1 14 10 23539 1
2 11 23 20 78894 1
18 18 4 8 61336 1
8 15 20 29 66405 1
14 5 9 15 38479 1
12 21 17 11 41695 1
27 26 19 16 50312 1
0 28 11 24 45704 1
15 25 21 9 46693 1
28 21 0 18 76249 1
7 16 10 23 38086 1
19 0 5 2 40843 1
14 10 21 18 36771 1
19 17 1 0 84284 1
24 3 14 20 60645 1
2 12 16 2 58027 1
18 13 6 12 45043 1
9 6 1 27 103362 1
7 22 18 7 67035 1
22 13 3 6 77213 1
19 9 4 5 60641 1
2 20 20 18 53773 1
28 12 10 2 71055 1
10 3 27 18 77640 1
8 23 21 24 47073 1
24 7 10 11 55293 1
13 1 15 24 50148 1
20 0 17 8 25673 1
5 20 2 2 85657 1
2 17 21 20 58965 1
4 12 17 19 58772 1
29 16 3 13 101057 1
2 2 22 1 53636 1
23 3 21 26 56386 1
14 5 28 7 63831 1
16 16 9 11 37626 1
16 11 22 16 34519 1
27 19 13 18 33209 1
24 6 8 15 77946 1
1 24 2 8 72063 1
10 16 16 5 44026 1
14 11 7 22 47921 1
24 20 3 4 88779 1
28 16 13 18 49447 1
13 7 16 27 49430 1
15 27 8 10 50070 1
27 10 23 27 61906 1
19 16 19 1 40987 1
20 18 28 13 47800 1
18 8 10 4 35585 1
10 26 2 20 53041 1
2 13 15 27 77780 1
6 28 26 3 105216 1
15 29 20 10 55215 1
17 12 13 3 33063 1
12 26 14 18 28912 1
27 6 3 8 97925 1
7 6 17 11 47710 1
16 13 6 23 56491 1
26 3 3 2 59714 1
24 28 24 14 57611 1
19 16 10 22 43822 1
28 9 3 23 108589 1
3 29 8 14 83708 1
26 12 22 23 59994 1
17 4 15 22 51601 1
7 22 1 5 89576 1
29 4 10 12 72033 1
28 24 24 3 79491 1
4 25 16 6 77290 1
15 9 8 28 67416 1
21 24 17 10 42597 1
19 3 4 27 95860 1
24 5 28 13 49179 1
4 16 2 5 65186 1
23 11 11 11 39425 1
29 13 15 26 72661 1
15 13 25 23 56375 1
8 7 4 22 76078 1
20 12 5 24 79476 1
15 1 18 8 21626 1
9 2 17 11 42702 1
26 4 26 22 83733 1
23 27 11 27 47430 1
20 1 4 25 87833 1
15 0 25 6 46514 1
29 12 11 7 66954 1
4 25 29 22 88271 1
23 29 3 14 94653 1
22 21 3 14 76620 1
9 26 16 23 30692 1
27 29 15 24 56012 1
19 8 27 0 45183 1
1 7 1 26 81403 1
15 4 11 22 49520 1
7 26 15 13 50877 1
29 16 25 0 79884 1
23 27 27 4 85165 1
13 10 12 1 16512 1
17 4 12 17 44936 1
27 19 18 23 25675 1
1 19 16 4 68712 1
21 3 13 5 22016 1
18 2 9 7 38684 1
8 18 26 7 85245 1
6 21 13 24 35591 1
5 2 29 10 76672 1
13 23 3 18 37926 1
29 23 9 14 81024 1
14 22 10 12 40684 1
4 26 8 13 69925 1
16 24 0 27 55211 1
9 29 2 14 81553 1
29 22 21 26 40974 1
3 7 15 2 52592 1
2 21 12 21 47880 1
15 6 3 1 38667 1
23 5 7 4 53883 1
9 11 25 3 52014 1
8 26 9 5 74341 1
16 7 25 23 74694 1
29 1 25 12 60753 1
26 28 15 5 86434 1
10 8 16 17 39542 1
25 9 21 1 39149 1
25 10 5 19 67832 1
20 4 13 17 47665 1
4 5 11 20 60916 1
22 29 18 14 41517 1
28 22 16 7 71989 1
16 16 29 28 69698 1
0 22 18 20 54751 1
29 0 27 28 117128 1
16 4 11 10 25541 1
11 20 21 15 34363 1
2 5 12 28 94321 1
0 11 4 0 53057 1
18 11 1 4 61201 1
14 3 14 25 47198 1
21 5 18 29 56774 1
28 17 28 7 46778 1
19 21 23 28 37531 1
12 28 8 6 71483 1
27 17 29 8 49956 1
15 24 21 4 58834 1
25 16 4 24 78917 1
28 26 12 22 58127 1
2 0 16 8 55801 1
18 8 13 1 25427 1
13 1 18 7 24070 1
11 27 6 17 39288 1
10 26 0 29 51219 1
17 4 24 16 51068 1
22 20 2 24 72215 1
12 28 20 5 78564 1
4 17 4 27 55477 1
13 26 26 2 79748 1
18 3 11 25 59182 1
15 17 27 4 68392 1
29 26 29 5 109702 1
0 9 3 16 36774 1
3 4 19 4 46995 1
10 4 0 5 36508 1
2 18 2 5 70365 1
27 29 7 12 108718 1
24 27 7 23 65445 1
9 24 16 12 49944 1
9 25 13 1 55637 1
29 28 4 20 99003 1
1 10 22 27 83235 1
21 5 2 4 57057 1
12 26 13 11 35704 1
13 26 22 20 37298 1
11 22 20 25 33511 1
0 13 24 19 77650 1
25 11 27 1 50570 1
10 4 27 26 93062 1
14 5 6 9 30549 1
1 8 24 19 82433 1
28 23 10 11 79562 1
19 17 1 15 71881 1
20 0 7 23 83801 1
10 25 13 6 45091 1
11 17 27 11 64646 1
28 6 20 2 40350 1
6 10 29 23 90372 1
22 11 4 13 59964 1
9 29 21 11 73000 1
9 29 16 5 78072 1
13 8 0 3 38818 1
7 17 2 2 74344 1
19 7 29 1 43102 1
0 21 27 19 67884 1
12 22 3 4 73710 1
2 22 11 16 48272 1
8 5 18 12 50689 1
18 15 21 25 27661 1
14 18 17 6 45914 1
13 22 7 28 37413 1
26 26 24 9 65663 1
9 24 5 2 77802 1
11 23 2 12 64075 1
20 17 2 22 70066 1
29 7 13 28 91285 1
10 20 0 25 47909 1
6 15 15 5 51514 1
22 17 0 15 69887 1
22 27 7 19 51630 1
24 17 11 5 67567 1
4 5 15 5 41229 1
20 25 12 23 30172 1
11 12 15 20 29239 1
22 28 11 23 44738 1
19 6 14 20 52759 1
12 13 26 0 62270 1
28 14 11 14 62609 1
18 5 0 3 45747 1
3 15 21 9 70784 1
0 1 23 15 87008 1
5 21 25 26 73127 1
26 4 4 5 67591 1
26 19 19 10 36960 1
21 27 8 13 65428 1
24 12 1 12 76719 1
24 20 5 14 68070 1
5 12 16 22 58178 1
0 9 24 13 73545 1
5 11 16 28 66973 1
16 25 4 25 35002 1
3 23 28 13 109268 1
13 14 24 17 41605 1
23 21 20 0 64759 1
29 0 3 14 96357 1
0 21 20 1 86678 1
29 9 25 17 52297 1
4 9 24 27 91958 1
17 18 10 23 36562 1
16 15 14 28 39150 1
29 18 6 12 84383 1
14 21 23 6 65285 1
28 20 10 22 58551 1
26 15 12 4 68221 1
19 20 3 25 57274 1
1 0 25 27 118906 1
0 12 29 5 98328 1
21 5 19 29 60749 1
23 24 29 15 60010 1
23 29 1 14 99835 1
14 28 21 20 38756 1
13 24 3 15 54648 1
1 21 6 16 35215 1
17 21 24 5 65821 1
4 28 5 3 105233 1
27 27 18 20 45307 1
10 12 15 27 48417 1
21 3 22 29 63342 1
5 16 10 6 54812 1
23 13 28 5 53491 1
5 27 27 1 109971 1
9 28 6 4 86734 1
0 1 17 19 73839 1
22 22 7 4 83227 1
13 9 25 29 77095 1
12 0 4 12 47186 1
9 22 0 2 90128 1
9 26 22 6 81536 1
25 19 27 1 64132 1
14 18 2 8 60246 1
25 23 17 19 39874 1
2 25 29 8 111503 1
7 7 18 23 64071 1
14 27 10 10 45546 1
20 25 27 12 63579 1
5 21 23 1 85373 1
1 15 21 26 82648 1
15 17 14 2 38998 1
24 7 1 16 98070 1
7 8 24 2 60652 1
11 15 8 22 29538 1
14 1 15 18 39798 1
8 25 17 12 56036 1
16 2 6 11 39395 1
5 1 23 14 71812 1
6 19 29 1 85299 1
1 29 4 17 64154 1
4 10 21 12 44405 1
20 18 7 6 71353 1
28 10 5 25 90229 1
0 28 14 23 59169 1
12 8 7 18 44402 1
1 11 12 13 41964 1
3 18 0 6 60006 1
11 9 16 17 31212 1
4 8 26 5 82871 1
14 9 8 24 55798 1
0 23 29 26 93906 1
6 7 9 19 48032 1
26 16 0 3 93414 1
2 14 15 23 66618 1
23 13 10 29 72169 1
8 6 27 22 101729 1
21 9 1 3 62329 1
0 11 15 22 65075 1
12 18 19 21 29050 1
4 21 18 13 61424 1
17 19 10 16 25878 1
17 21 12 4 52612 1
0 12 20 6 72061 1
8 24 16 14 48281 1
26 28 12 21 66273 1
0 1 27 3 65929 1
21 0 10 0 30726 1
3 25 11 17 44309 1
29 2 7 26 107365 1
17 14 3 9 52878 1
7 14 23 26 72719 1
13 14 8 25 33900 1
24 29 22 9 63597 1
12 21 13 7 33286 1
9 1 26 25 86486 1
26 28 13 24 54994 1
21 26 14 19 28229 1
11 13 17 28 53327 1
25 2 24 20 64126 1
5 18 28 3 89791 1
11 6 2 0 37345 1
14 18 25 6 72554 1
19 16 19 0 43050 1
13 17 4 9 40376 1
17 2 4 9 51102 1
5 21 17 1 71202 1
11 13 23 16 48171 1
21 28 22 2 63319 1
6 20 9 28 47678 1
22 14 4 29 92334 1
9 23 0 1 91651 1
25 12 15 20 51751 1
12 16 5 13 35311 1
26 26 17 14 51712 1
26 7 17 10 41473 1
27 25 4 26 71845 1
19 29 17 2 66248 1
13 21 4 20 33158 1
0 22 29 5 123327 1
9 10 25 6 61282 1
15 19 2 10 49378 1
8 27 23 7 89549 1
9 3 29 3 47570 1
28 27 26 11 79291 1
27 20 8 12 75527 1
16 9 5 9 30057 1
13 18 16 28 30418 1
12 7 17 25 51346 1
4 19 9 6 63033 1
5 2 24 17 85389 1
8 29 14 5 74063 1
17 26 6 4 78430 1
14 28 4 15 64284 1
0 11 29 13 88072 1
15 28 10 19 31165 1
0 15 3 5 54449 1
7 15 12 2 50107 1
27 7 28 23 79768 1
22 2 6 23 90722 1
5 21 20 24 55551 1
0 19 11 20 28656 1
18 6 20 23 51744 1
14 4 0 24 81179 1
16 9 12 16 27018 1
3 12 9 23 72251 1
16 8 0 11 45999 1
25 29 12 21 61716 1
10 22 14 11 41342 1
11 16 4 12 40111 1
4 0 21 10 64245 1
18 8 6 14 49603 1
1 25 24 26 67182 1
14 20 16 7 39430 1
22 0 9 10 44532 1
1 0 17 15 75576 1
14 12 26 4 60035 1
18 12 4 10 38043 1
0 3 20 17 79584 1
0 9 17 19 61989 1
26 7 14 3 52945 1
29 16 11 6 78947 1
14 15 11 7 28046 1
7 29 18 9 81052 1
18 18 6 7 58593 1
16 13 29 17 53220 1
8 15 28 27 84300 1
17 23 0 3 84373 1
17 14 20 6 36554 1
16 20 1 13 68888 1
29 28 13 10 89156 1
12 26 11 0 59771 1
7 5 28 16 95572 1
10 11 2 6 50111 1
3 22 25 15 86727 1
25 11 25 1 46267 1
12 16 14 25 23493 1
2 1 3 17 78251 1
10 10 23 1 42693 1
22 4 20 16 36499 1
15 24 24 21 39563 1
5 6 22 7 64485 1
26 22 27 10 65145 1
26 3 14 5 36835 1
17 16 17 4 37105 1
1 21 24 29 93427 1
12 4 6 16 51176 1
1 6 22 27 106574 1
14 18 12 26 28912 1
17 27 8 0 80905 1
5 1 19 9 54100 1
27 1 27 11 58054 1
13 4 1 20 64376 1
12 20 26 26 55781 1
4 18 26 5 103808 1
22 3 9 16 57887 1
4 21 5 8 62092 1
23 14 6 16 64151 1
14 22 12 14 25415 1
26 9 5 16 82266 1
1 6 28 29 136893 1
29 21 2 25 90511 1
1 1 18 11 58251 1
29 19 16 24 38589 1
4 2 20 13 67684 1
21 3 26 11 36045 1
6 21 21 28 60921 1
9 16 15 2 44346 1
6 18 3 7 58133 1
12 7 4 0 42645 1
10 2 25 29 98468 1
9 10 29 2 62593 1
22 23 9 9 67398 1
4 28 22 13 92635 1
15 19 6 20 27066 1
20 12 1 16 80524 1
22 8 14 2 38688 1
3 2 22 29 101971 1
16 2 0 14 64663 1
29 3 6 23 102765 1
10 23 17 11 52791 1
24 1 7 3 41714 1
9 3 14 28 64381 1
24 29 10 14 72346 1
6 14 25 18 67608 1
25 0 6 29 115723 1
15 20 10 4 49380 1
18 22 28 12 57131 1
16 27 19 14 37939 1
4 19 10 24 32407 1
8 5 17 21 70345 1
3 7 24 8 78265 1
14 15 22 9 41856 1
16 0 8 23 72292 1
19 23 14 16 29886 1
22 9 4 1 65537 1
0 25 19 21 64265 1
11 3 21 27 68504 1
26 2 7 8 67810 1
16 0 22 25 68659 1
23 17 13 19 28605 1
28 7 17 27 77999 1
11 22 20 10 51069 1
17 10 15 24 38188 1
16 29 14 4 62506 1
21 2 11 12 41510 1
27 3 5 6 63324 1
25 27 23 10 60148 1
12 12 4 27 72134 1
1 26 25 5 121512 1
5 17 28 5 98876 1
24 21 10 21 49687 1
27 0 27 13 72850 1
26 1 22 28 78830 1
12 3 28 11 57602 1
20 20 2 29 89975 1
6 23 26 3 95261 1
8 14 21 24 57475 1
0 23 29 0 119327 1
24 11 11 22 61700 1
21 7 5 11 48097 1
27 2 28 21 83331 1
7 4 0 29 112579 1
8 22 5 13 46637 1
23 26 10 10 65389 1
7 28 10 4 82760 1
5 28 23 3 102449 1
26 2 17 17 62239 1
7 18 16 29 48935 1
21 9 4 0 65502 1
0 20 29 3 102039 1
8 4 20 3 32369 1
10 13 0 19 43938 1
21 20 9 25 43711 1
5 11 23 10 47219 1
16 9 22 25 50611 1
17 19 8 1 56832 1
8 17 27 15 70898 1
6 5 21 26 84980 1
14 13 1 2 59520 1
17 13 20 28 48005 1
10 23 24 13 65815 1
7 29 17 16 64153 1
29 0 9 13 77249 1
2 4 4 17 71154 1
19 20 10 3 57737 1
16 4 12 25 55217 1
17 25 2 13 79072 1
0 5 27 23 126029 1
0 13 18 7 58675 1
22 7 3 15 80156 1
28 13 9 25 82816 1
6 15 15 3 50722 1
25 0 5 0 59387 1
21 5 6 20 71492 1
23 25 2 10 77749 1
12 2 19 21 58235 1
25 18 0 4 96459 1
19 11 23 4 31015 1
11 12 19 0 38818 1
20 16 1 21 68806 1
1 26 25 20 85092 1
7 2 17 4 35164 1
16 11 28 28 75884 1
1 23 13 10 69054 1
29 4 13 15 67459 1
25 2 4 21 98936 1
23 8 0 2 75837 1
12 10 5 13 25005 1
6 13 27 5 85125 1
0 15 14 7 55567 1
16 28 5 12 70623 1
5 14 11 18 31257 1
5 11 24 12 57214 1
28 9 5 17 84026 1
8 10 28 7 63491 1
4 14 20 22 75849 1
6 20 14 7 49593 1
3 14 24 0 85009 1
17 17 22 22 29326 1
9 11 24 17 63784 1
13 12 27 15 62536 1
20 13 11 5 46586 1
19 11 8 17 49798 1
3 5 18 10 59797 1
23 6 23 20 54090 1
5 1 17 8 48418 1
21 3 15 24 61708 1
18 14 28 13 40427 1
26 18 6 15 66489 1
22 0 16 13 46224 1
19 13 20 0 38513 1
22 22 8 22 59595 1
16 26 25 14 50901 1
2 27 27 0 128235 1
10 23 7 6 64385 1
26 19 17 26 36631 1
25 26 3 10 85005 1
5 26 7 15 53067 1
23 26 5 19 60056 1
13 16 23 4 52290 1
19 15 1 28 92662 1
5 7 11 29 71075 1
18 14 27 23 58300 1
28 14 24 29 73478 1
14 27 28 28 58771 1
23 5 5 5 61704 1
1 4 20 11 68343 1
12 26 16 8 53143 1
27 8 2 4 90494 1
18 15 19 6 29740 1
14 11 23 10 28540 1
20 28 27 21 55431 1
29 1 18 13 51303 1
23 23 24 13 50442 1
18 10 22 20 34642 1
16 18 10 7 45148 1
25 10 29 29 87429 1
0 6 12 27 82592 1
24 14 21 25 36309 1
11 17 15 7 31803 1
3 13 14 7 45609 1
4 2 14 12 50184 1
20 14 24 24 38685 1
15 17 4 27 61020 1
14 6 8 13 37210 1
15 0 14 24 52436 1
25 26 0 4 108180 1
2 21 12 14 50654 1
24 19 25 0 64132 1
15 3 18 28 59121 1
0 12 22 20 78145 1
11 10 23 29 71091 1
16 8 9 12 32541 1
6 27 15 25 35040 1
20 7 4 12 62528 1
19 15 24 9 33306 1
23 1 11 12 46708 1
28 2 26 17 74031 1
2 21 3 6 85897 1
26 25 29 9 72845 1
10 16 6 1 53176 1
7 18 1 13 45528 1
13 14 22 9 39902 1
8 28 15 19 45664 1
14 17 10 25 26721 1
3 2 14 11 47415 1
29 28 26 1 107521 1
0 15 2 2 56513 1
22 29 0 23 78470 1
15 29 2 26 52625 1
8 14 23 23 68480 1
16 4 13 14 31598 1
0 24 11 27 39639 1
22 29 10 5 83359 1
4 10 11 16 29017 1
20 5 29 7 52419 1
20 24 20 13 35334 1
15 16 23 6 52301 1
7 20 29 10 76760 1
18 11 28 14 44469 1
13 28 29 13 80698 1
28 14 1 13 99695 1
3 26 27 12 112672 1
14 1 0 13 54235 1
29 16 26 26 60124 1
3 26 8 14 66057 1
7 12 5 25 60857 1
3 5 14 7 47571 1
26 12 25 3 51620 1
19 20 28 10 47177 1
1 23 26 4 116842 1
18 19 0 24 60782 1
7 3 23 10 52273 1
6 1 15 20 60306 1
20 5 10 27 83664 1
14 27 22 21 40089 1
24 4 14 29 83193 1
24 27 7 11 83974 1
1 27 15 2 95479 1
17 3 0 12 55115 1
20 4 24 21 54978 1
1 12 11 5 47985 1
17 27 22 3 65184 1
28 8 28 29 98461 1
16 0 9 11 35666 1
29 28 9 19 80080 1
24 2 5 8 63131 1
23 24 5 5 93468 1
27 0 24 17 70999 1
0 29 13 10 82777 1
1 11 17 6 59457 1
26 1 15 28 85285 1
0 8 3 16 40853 1
22 29 8 5 92630 1
7 1 1 6 41879 1
0 9 17 24 75543 1
1 25 21 15 71166 1
5 24 8 3 80622 1
11 7 0 15 50614 1
22 24 6 7 78528 1
12 14 4 27 63701 1
25 3 1 12 78128 1
13 3 26 18 65562 1
18 1 15 23 57175 1
5 18 14 20 29512 1
24 12 14 19 47484 1
12 20 18 28 35129 1
4 4 2 19 75458 1
10 29 4 12 77902 1
6 28 7 1 93190 1
17 7 16 23 48207 1
15 4 8 24 65355 1
14 7 22 4 35398 1
20 6 10 14 55143 1
17 5 29 20 70439 1
13 11 23 22 57410 1
29 8 7 3 77568 1
12 3 24 25 69370 1
13 29 29 2 93967 1
24 12 16 4 47046 1
21 8 15 12 25741 1
11 13 0 19 39038 1
9 19 0 4 72592 1
