7616 7793 7414 7090 7584 6891 6556 6705 6582 7857 7677 7433 7166 7371 7170 6786 7778 7229 7629 6419 7295 6702 7305 6727 6681 6967 7299 7238 7701
2588 2234 2410 1769 2927 1654 2003 2141 1989 1588 2717 3008 2764 2255 1504 1980 2992 2683 2550 1889 2432 2902 1740 1529 2872 1576 1470 2826 2675
2259 2293 2238 2341 3188 3025 3343 2379 2248 2374 2898 3396 2325 3628 2179 3164 2933 3600 3083 2470 3657 2790 2635 3408 3714 3581 3593 2419 2568
7513 8327 7711 8778 8405 7407 8301 8483 8218 8412 8620 7977 8135 8587 8138 7484 8690 8516 7345 8728 8282 8390 8005 8378 7639 7533 7998 7378 8051
4707 5755 4759 5755 4752 5076 5513 5679 4333 4325 4423 5560 5365 5400 4998 4257 5393 4229 5783 5126 5055 5279 4752 4595 4237 4416 5630 5783 5525
7238 7898 7607 7349 7791 7439 6871 8354 8350 8343 8121 7390 6820 7048 7630 7272 7548 8071 8389 7279 7857 7191 6816 7979 8230 8094 7994 7458 6846
3329 4168 3676 4160 3631 4414 3514 4519 3218 4347 3370 3795 3865 4790 4413 3434 3757 3497 4326 3651 4364 3264 4548 4482 3897 3998 3437 4480 4286
8331 8196 7982 8775 7567 8674 7476 8396 7673 8119 8741 7673 7483 7924 7461 7357 8046 8573 7506 7428 8732 8396 8429 7493 7930 7900 8305 7495 8805
2090 3160 1879 2137 2552 3180 2366 1915 3110 2142 3305 1829 1920 2807 3203 2185 3169 2397 2371 1977 2092 2360 3329 3142 2672 2663 2059 2450 3284
2347 2426 1935 2567 2677 1743 2044 1185 1984 1339 2114 1197 2093 1480 2764 1527 2088 2132 1951 2381 1577 2024 2413 1685 2667 1766 1559 2091 1781
3503 4742 3529 4540 4209 3887 3366 4421 3608 4393 3969 4428 3297 4436 3522 3399 4790 3376 3640 3877 3629 4400 4324 4411 4656 4287 3374 4237 4474
1636 2681 1487 1612 2937 1845 2067 1946 1790 1736 2497 2032 1590 2200 1956 2860 1782 2994 1451 2847 2505 2337 2834 2246 1669 2624 1663 2050 1729
6650 6627 7465 7533 6736 6460 6450 6956 7043 6758 7572 6941 6993 7599 7189 6185 6976 6792 6644 6707 6234 6615 6865 6456 7644 6272 7119 6611 6958
2234 2096 2325 2965 2999 2792 3073 2014 3443 3384 2701 2627 2411 2841 2910 2544 3078 3387 2201 2234 3543 2591 2168 2900 2878 2673 3446 3268 3209
6627 6179 6276 6828 7225 6349 6479 6548 7309 7519 6657 7522 6657 6252 7208 6490 6820 6024 6874 7098 7382 6888 6427 6333 6722 7361 7038 6553 7323
3314 3574 2674 2939 2442 2212 3454 2792 3420 2711 3632 3610 3398 3148 2772 3295 2068 3419 2699 3357 3649 2577 2931 2454 3026 2380 2161 3210 2828
5438 4308 4717 4123 5022 4869 5672 4785 4626 4614 5685 5255 5021 4369 4532 4635 4178 4151 4234 4834 4695 5083 4824 4762 5326 5407 4167 4288 4181
4191 3462 4473 3632 3990 4901 4208 4715 3587 4767 3419 4387 4711 4466 4385 4072 3619 3588 4486 3564 4982 3744 3487 4892 4176 3723 4466 4024 3483
3574 4292 3735 4137 3530 3817 4346 3736 3240 3147 4145 3482 3165 4273 3574 4409 4428 3873 3851 3503 4221 3283 3115 3193 3715 3546 4301 2990 3336
5581 5846 6088 5534 6085 5902 5385 5922 6204 5272 6029 5928 5138 5677 5271 5017 5876 6125 6270 5207 6254 5467 5607 5460 5020 5661 5410 6358 5168
5163 5625 5369 6257 5034 5534 5297 5637 6218 4946 6014 5062 4982 5371 5603 5895 6148 5926 5537 5352 5524 5949 5384 4972 5539 5064 5869 6441 5152
2650 4089 2625 3599 3054 2744 2963 3128 2750 3135 3280 3696 2973 3805 2802 3229 2887 3668 3489 3253 2938 3525 2594 3280 3885 3375 3360 2878 3542
3617 2812 3292 3321 3996 3748 3304 3748 2964 2908 3147 3413 3986 3547 2627 3879 3240 4143 3492 3262 2836 2879 3851 3373 3540 2983 2914 2691 2611
7600 7400 6841 7846 6663 7377 7545 7241 6762 7659 6834 7780 6851 7543 7485 7129 7204 7977 7031 6573 7085 7724 6725 7541 7805 7103 7560 7503 7178
5183 6279 5555 5347 5803 5478 6208 4970 5578 5204 5535 5215 4972 5865 6059 5297 5538 5006 5038 5986 6387 5872 5887 5949 6333 5495 5496 5625 4993
4686 3648 3566 3183 3643 3372 4027 3776 4485 4363 3201 4635 3778 3325 3586 3355 3755 3824 3638 3875 3642 3384 4527 3864 3429 4022 4571 4193 4368
2723 4302 3235 3947 3891 3881 3461 3755 4201 3291 3856 4145 3088 3555 3574 3930 2803 3635 3050 3200 3813 3055 2791 4215 3395 3723 3948 2823 3245
5885 5497 4897 4567 5632 5982 5251 4966 5762 5560 5474 5965 4575 5558 5991 5583 5082 4622 4646 5442 5375 5659 5725 5714 5529 5079 4783 5488 4763
2652 3416 2908 3038 2509 2906 3838 3401 3772 3872 2544 2397 2714 2646 2993 3718 3818 3453 2406 3859 2809 2516 2608 2853 2307 3107 3640 3251 2423
4304 3961 3774 3946 4075 4839 3522 3549 4947 4819 4225 3846 3828 3867 4407 3401 4586 3435 3614 4486 4331 4322 4246 4408 4782 3373 3455 3979 4062
2666 6557 3411 5423 7050 7310 7892 6594 2223 2969 4990 3959 6223 1846 7725 3175 7706 6174 8406 2546 5280 7201 4177 3412 5235 6319 7177 3383 7160 2894
1202 7085 2839 5851 6698 6854 7964 7084 2249 3513 5065 2713 5395 1827 7496 3685 7003 5547 7996 1806 4546 6056 4398 4121 5205 5573 7568 3563 7323 2125
1460 8008 4086 5686 7128 6428 7559 6589 2176 3512 5197 3501 5390 2384 8494 3873 7772 5278 8304 2060 5670 6773 4082 4661 5866 6869 6904 2913 6640 3019
1465 7048 3176 5391 6538 7625 7229 6958 2945 3386 6105 3559 5529 3143 7874 3174 6572 5783 8442 3258 4904 6132 5005 4663 5371 6442 6474 3836 6896 2182
1403 8070 2623 4957 6208 7098 8710 7513 2662 2501 6296 3139 6485 3144 8141 3357 7589 6180 8166 1857 5294 6319 4338 3694 4563 6096 7486 3727 7158 2111
2111 6665 4136 6093 5833 6580 8561 7505 3069 3108 4863 3213 6532 3217 8405 2833 7271 5827 8756 2223 5862 6856 5017 4572 4805 6965 7100 3825 5795 3202
1962 7860 2826 5057 5910 7806 8175 6819 1739 2974 5692 3636 6492 3019 7738 3290 6818 5636 8668 3276 4717 7368 5324 3924 4589 6945 6627 2977 6503 3103
1140 6583 2793 5278 6821 7633 8204 7521 2593 2878 5982 3317 6279 2766 8161 2574 6932 5266 8749 2978 5000 6296 5349 4759 4734 7033 7137 3670 6922 2975
1357 7191 3872 5288 6821 6900 8109 6942 2470 3577 6298 3185 6232 2291 7966 2657 7293 5238 8164 2152 5882 7078 4128 4346 5175 6590 6631 4007 7032 2249
2671 7211 3468 5632 5971 7479 7545 7122 2849 3125 5613 3711 5896 1733 8576 3312 7183 6071 8289 2280 5314 6894 5088 4047 5465 5877 7068 4076 6943 2834
2420 7942 2969 6001 6255 6733 7892 6581 2774 2202 5980 3893 6484 3325 8524 3483 7398 5380 8706 2572 4810 6113 4939 4739 5412 6280 7729 4293 6653 2092
1610 7167 3400 5973 6965 6991 7492 7655 2688 2955 5551 3272 6147 3026 8197 3322 7272 6289 8186 3108 5520 6054 5183 3389 4846 6964 7233 3642 5871 2607
2247 7517 3507 5663 6944 7988 8549 7829 2463 2275 5667 2726 5499 2146 8390 3702 6470 6171 8089 3156 4828 6916 4481 4722 5511 6339 6956 3568 6800 2150
1726 6631 2616 5523 7053 7362 8757 7570 2627 2622 5480 3064 5975 2372 7638 3838 7070 6633 8811 2162 5513 7373 4748 4274 5097 5906 6526 3905 7106 2853
1255 7786 2683 6104 6960 6769 7733 7749 2813 2429 5389 3357 6091 1811 7172 3264 6533 6064 8900 2790 4511 7033 5335 4704 4610 6761 6797 3679 7292 1888
2151 6911 2644 5931 6584 6715 7594 7468 2046 2511 4819 3283 6311 2628 8259 2641 6646 6727 8826 2625 4854 6313 4675 4406 4804 7018 7577 4013 5934 3047
1208 7209 3538 5183 6455 7638 7409 7886 2433 2092 5162 3472 6273 2361 7999 2677 6519 5693 7373 1904 5067 6062 4027 4346 5860 5532 7551 4004 5852 2351
2164 7922 3596 5304 7189 7781 7272 7522 2674 3193 5197 4099 6018 2785 7554 3014 7733 6136 8338 2791 5944 6679 4989 3997 5958 5612 6674 4382 6792 2019
1564 6629 3105 6204 7309 6639 7424 7756 1740 2394 6130 2826 5751 2152 7892 3576 6717 6564 8511 2832 5282 6962 4877 4350 5720 6367 7225 4449 6360 2839
2373 8036 3725 5774 6938 7626 8396 6794 1765 3569 6379 3845 5812 2038 7308 2675 6996 6009 7593 1958 5510 6370 4507 4575 5640 5600 6925 2937 6964 2132
1416 6524 4143 5144 6026 7291 8523 7161 1587 3602 4847 2925 5176 1790 8332 3555 7647 6048 7621 2864 4588 6656 4139 4388 4869 6747 8001 3165 6204 3083
1163 7635 3838 5201 6429 7471 8603 7719 2050 3604 5714 3945 5751 2098 7787 2866 6586 5709 7342 2198 5177 6085 4164 4638 4631 6820 7584 4451 7037 2542
2354 6580 4130 5676 6870 6476 7886 6547 2593 2207 5041 2817 5714 2469 7617 3193 7461 5900 7665 2203 5825 7574 4654 4106 4793 5481 6907 3974 6663 1819
1989 7404 2941 5931 7072 6701 8426 7905 2797 3172 6065 4094 5034 2691 8318 2462 7856 6495 8386 2647 4548 7191 4855 3848 5315 6627 7622 3911 6646 3176
1271 7369 3506 5084 5930 6862 8039 6556 3078 3463 4825 2999 6397 2891 7953 3118 6973 6310 7720 2781 5519 7105 4021 3972 4517 6383 7097 4318 7097 3086
1441 8080 2974 6312 6655 7552 8395 7444 2199 2233 6323 3514 5956 2769 7537 3138 7492 6440 7437 2142 5097 7484 3863 3344 5210 5793 7456 3456 6535 3189
1223 6715 3899 5748 6767 7181 8018 6838 2632 2975 6061 3843 5839 3265 8557 2726 7475 6665 7902 2749 4451 6273 5366 4169 4485 5715 7184 3898 6106 1877
2521 7408 4055 6348 6423 7563 8765 7803 2845 3578 6030 2570 5221 3033 8258 3234 6580 6577 8728 3013 4446 7217 5120 4356 4703 6327 7319 4327 6965 1766
2473 7933 3058 5398 6999 6447 8317 6704 2033 2293 5257 2774 6124 3263 7299 3461 7553 5694 7772 2207 4651 6035 4908 4058 5118 6536 7595 3306 6201 1992
24 18 2 29 81913 1
26 9 2 0 71125 1
9 19 10 10 22912 1
19 28 11 2 82208 1
0 26 12 4 83289 1
8 22 0 9 50897 1
1 7 22 10 58425 1
25 14 2 27 93166 1
25 17 17 6 56678 1
19 18 23 7 57573 1
15 5 27 10 45327 1
16 20 3 7 68157 1
8 28 21 2 88995 1
24 15 14 21 50807 1
8 17 4 8 33515 1
11 16 21 29 53700 1
19 28 21 8 74384 1
2 12 6 28 56870 1
15 23 1 9 71143 1
6 9 12 21 44372 1
7 5 0 27 77636 1
4 26 18 23 69769 1
7 0 24 17 81077 1
15 13 5 19 36984 1
23 11 17 19 42639 1
21 29 12 21 48175 1
6 17 4 27 45749 1
27 10 1 26 104127 1
11 8 0 0 36068 1
14 26 25 2 103701 1
8 6 0 25 66713 1
9 16 5 22 30442 1
7 2 3 9 33367 1
17 11 2 21 63727 1
7 13 17 4 51801 1
24 14 19 7 38231 1
16 10 6 16 45675 1
1 1 9 24 62361 1
14 8 10 17 31601 1
29 12 6 15 67239 1
6 12 26 29 87534 1
25 5 2 29 109116 1
14 6 28 3 56702 1
29 13 14 2 68197 1
25 17 4 15 70742 1
29 9 3 12 85244 1
13 11 19 18 43044 1
19 6 3 24 95223 1
13 20 20 9 49128 1
28 0 17 25 106824 1
2 0 22 27 106174 1
13 6 22 25 78150 1
0 13 10 14 29806 1
9 15 4 1 42575 1
15 10 22 20 48475 1
24 28 14 14 77745 1
0 20 6 15 33387 1
24 26 26 5 84840 1
29 15 3 13 74063 1
8 4 29 16 81094 1
11 25 27 4 94634 1
2 2 26 8 72305 1
9 1 25 16 71871 1
11 0 0 19 63493 1
4 0 25 18 89770 1
2 15 25 22 81228 1
4 7 10 18 44245 1
9 0 26 3 41283 1
9 29 26 14 76526 1
23 23 2 21 74105 1
25 24 10 25 70521 1
0 29 9 12 57839 1
3 16 29 19 84049 1
2 3 16 25 93679 1
23 3 20 22 75412 1
9 9 2 28 60038 1
15 27 18 11 54357 1
26 17 26 3 51378 1
27 18 27 4 58536 1
28 19 16 20 34916 1
2 5 19 19 73290 1
4 8 19 11 48039 1
28 8 16 26 92562 1
4 10 6 22 53931 1
13 20 2 5 60420 1
16 0 22 11 44646 1
18 27 29 8 90630 1
12 1 4 12 54362 1
28 8 29 29 65698 1
23 25 20 1 91015 1
13 6 19 20 56596 1
10 11 27 2 62983 1
13 13 28 6 57272 1
16 3 5 17 70004 1
15 10 14 22 42959 1
1 16 20 22 71614 1
23 9 7 5 53244 1
16 24 3 21 64639 1
10 21 21 15 49541 1
15 2 3 28 93719 1
2 8 21 16 64384 1
12 16 7 6 42403 1
2 5 7 19 51506 1
24 5 19 25 90929 1
1 25 26 5 105426 1
0 27 21 22 80161 1
28 29 25 17 44739 1
10 3 17 23 70818 1
16 18 16 1 61761 1
24 11 6 16 60774 1
4 5 29 19 100452 1
9 16 11 25 25461 1
29 27 11 16 77155 1
6 17 4 2 57084 1
17 11 28 24 68984 1
26 27 18 19 47765 1
14 5 23 8 32115 1
4 29 7 19 38714 1
4 8 24 2 66744 1
25 25 7 27 69221 1
29 10 7 16 75511 1
19 12 13 8 31879 1
17 15 26 27 66204 1
29 10 6 1 78107 1
18 26 18 10 59776 1
6 22 8 8 42393 1
25 10 7 14 62911 1
27 13 10 0 67568 1
16 2 14 20 61197 1
4 29 18 9 75673 1
3 8 5 16 38900 1
20 21 3 16 72121 1
0 8 8 27 62874 1
27 21 14 2 92152 1
9 27 20 29 30684 1
8 1 5 14 45545 1
27 20 6 3 96288 1
10 13 20 14 30015 1
16 20 28 18 37322 1
29 3 6 3 63299 1
8 24 22 24 62215 1
12 6 27 6 56887 1
21 7 15 3 29212 1
28 9 18 22 66955 1
3 22 29 4 115653 1
23 24 26 14 46891 1
0 29 11 25 36852 1
22 14 7 24 65540 1
15 26 24 22 50189 1
12 23 18 29 32285 1
18 7 14 26 72232 1
20 8 9 20 49432 1
29 3 6 16 88846 1
22 9 10 25 71456 1
25 18 24 7 46355 1
28 8 6 3 71608 1
9 13 17 5 42754 1
28 14 1 19 81581 1
9 27 3 4 73458 1
28 12 3 23 95561 1
9 12 25 2 60803 1
10 0 17 6 37266 1
16 11 27 22 67483 1
21 20 11 12 44276 1
28 16 17 24 58075 1
22 28 28 13 62898 1
0 12 13 23 64213 1
17 27 8 2 83080 1
17 8 4 6 44418 1
26 27 11 26 50291 1
3 9 1 19 30296 1
21 15 19 24 39372 1
0 26 10 14 56259 1
27 11 0 5 88549 1
11 5 24 9 39087 1
10 2 3 29 72054 1
10 20 29 24 70135 1
12 6 21 10 37206 1
11 29 0 12 67431 1
11 11 11 1 20598 1
13 25 29 25 66071 1
6 23 23 13 65269 1
1 2 21 15 76308 1
28 13 11 22 63257 1
26 28 14 23 53291 1
14 5 21 16 53142 1
3 26 12 5 84763 1
12 9 16 28 63283 1
25 5 6 17 78345 1
4 7 13 27 69668 1
26 16 5 18 71519 1
11 4 4 1 25187 1
29 11 6 28 98416 1
14 13 2 9 41231 1
27 28 22 13 67770 1
27 27 6 27 68199 1
19 21 13 1 76027 1
28 11 14 23 72700 1
28 5 17 12 52265 1
29 6 6 9 65777 1
6 1 28 27 117855 1
8 0 26 11 68731 1
1 17 24 22 76569 1
26 4 12 16 73849 1
27 17 10 2 81055 1
10 10 3 14 37137 1
26 25 12 25 66698 1
26 26 16 9 81247 1
7 14 15 10 37712 1
13 25 4 0 72996 1
24 25 0 8 107884 1
6 5 25 24 100081 1
21 11 29 23 60132 1
4 17 14 21 46764 1
14 12 26 6 51642 1
17 8 20 16 39657 1
19 10 6 29 77902 1
17 11 7 29 64964 1
4 25 10 0 77955 1
2 24 9 17 36847 1
4 22 10 1 68976 1
12 5 24 8 40992 1
2 6 21 10 57720 1
20 6 6 13 54119 1
25 15 23 28 57195 1
2 7 24 21 91165 1
28 3 19 28 106428 1
25 22 22 14 35913 1
10 27 11 15 32105 1
6 24 2 16 39323 1
27 12 27 28 60156 1
26 25 12 28 56871 1
16 6 26 1 46566 1
1 13 13 1 53074 1
25 5 3 26 116443 1
26 24 4 29 74481 1
7 16 15 1 56241 1
28 27 2 23 91059 1
11 13 19 9 28326 1
0 14 14 8 52646 1
14 25 19 11 59403 1
18 14 23 26 58482 1
19 19 24 0 70894 1
3 2 21 11 69201 1
4 19 26 26 79691 1
7 13 27 8 57102 1
25 19 17 4 71123 1
1 29 5 20 38171 1
13 24 27 13 64517 1
9 0 22 8 46188 1
20 0 0 11 61468 1
28 3 3 19 96409 1
26 25 29 3 81654 1
4 13 26 27 96098 1
1 11 19 15 59804 1
13 1 19 29 86043 1
29 0 16 6 50060 1
11 26 20 9 62200 1
22 25 18 18 33444 1
17 4 3 0 40484 1
22 17 11 18 37474 1
19 0 22 7 29042 1
15 11 15 23 36923 1
3 1 26 15 90816 1
6 22 29 19 70236 1
13 15 4 8 37241 1
15 8 4 19 48879 1
10 14 28 1 65945 1
9 1 28 15 76326 1
1 1 29 20 107749 1
14 27 15 18 28913 1
7 27 21 10 73807 1
2 10 29 6 78033 1
28 0 22 15 60920 1
3 13 21 10 55696 1
28 22 1 0 107652 1
11 7 25 25 83574 1
29 12 5 13 65767 1
24 9 7 5 56416 1
1 21 12 8 52421 1
6 29 20 25 54813 1
16 17 25 14 39535 1
16 1 7 21 68957 1
21 17 22 8 30607 1
10 18 24 13 47921 1
22 2 12 28 91051 1
20 14 27 28 71471 1
10 3 29 19 85426 1
17 3 28 5 46128 1
21 24 11 10 61142 1
6 3 25 9 67270 1
29 3 26 13 42687 1
22 5 6 12 60189 1
8 27 26 20 66292 1
5 6 3 14 47220 1
0 18 17 17 58456 1
23 9 12 25 74347 1
7 4 0 13 48179 1
0 11 6 22 46178 1
10 13 2 10 30316 1
26 29 17 11 81014 1
27 19 8 27 65841 1
25 20 8 1 84598 1
1 5 14 14 53282 1
22 12 0 22 77203 1
27 2 15 22 94786 1
27 15 20 18 34908 1
6 24 3 11 56526 1
11 13 3 4 50502 1
0 28 12 11 69900 1
22 9 6 2 55115 1
8 8 21 17 52087 1
2 19 29 15 83435 1
3 22 28 7 101036 1
13 17 18 24 35175 1
20 1 6 25 91746 1
13 3 1 22 71629 1
19 17 11 13 38076 1
8 17 27 25 76117 1
19 24 15 0 87508 1
20 15 15 26 46438 1
17 13 6 1 52841 1
7 26 14 2 74743 1
28 15 22 0 56405 1
18 11 9 0 48461 1
24 27 19 11 69040 1
29 18 4 7 93477 1
4 18 26 9 82996 1
7 0 15 11 42213 1
23 8 15 4 27788 1
24 12 3 8 64602 1
4 29 18 6 85212 1
13 13 14 2 33350 1
8 18 24 4 81247 1
9 17 29 1 74383 1
28 19 28 8 34333 1
25 1 18 10 47212 1
23 19 8 27 55522 1
19 13 13 17 25482 1
22 15 5 17 62222 1
23 13 12 27 63286 1
1 13 29 8 78714 1
7 5 3 15 48420 1
20 22 2 13 75685 1
3 6 15 20 71029 1
18 10 24 20 49686 1
4 0 0 25 67566 1
17 29 13 9 63728 1
29 27 0 11 119085 1
29 21 7 14 80189 1
3 25 9 11 58579 1
29 4 9 29 104794 1
25 13 19 0 54624 1
16 9 22 0 39460 1
10 7 4 25 65630 1
22 1 17 21 79468 1
19 18 21 27 37302 1
1 24 26 19 73115 1
7 9 28 7 58003 1
18 1 5 11 56067 1
1 17 10 29 47621 1
21 11 28 16 35242 1
5 12 26 5 77685 1
6 11 8 23 36592 1
29 6 21 25 80645 1
28 21 12 22 57176 1
17 13 8 3 42749 1
5 9 8 23 43132 1
23 12 29 5 46666 1
22 13 7 29 67375 1
10 17 4 24 42750 1
14 23 22 20 37652 1
8 5 29 6 65688 1
29 29 29 4 83716 1
11 13 3 1 47660 1
2 21 11 4 58528 1
23 11 16 17 40645 1
23 0 2 16 78822 1
1 13 14 13 34393 1
27 10 22 17 40663 1
6 5 22 21 79256 1
9 3 9 19 30885 1
14 4 24 0 35843 1
1 3 9 14 40604 1
2 12 19 16 59547 1
14 4 6 23 69477 1
26 22 21 1 79955 1
16 14 22 29 65240 1
25 15 12 11 42746 1
3 9 15 6 41475 1
7 4 5 27 70524 1
20 7 14 28 83234 1
19 28 20 4 92299 1
19 16 10 29 62001 1
16 13 19 24 50384 1
12 25 25 27 58331 1
16 22 3 8 66473 1
3 11 12 28 66344 1
10 20 24 19 39687 1
11 25 3 17 47571 1
16 26 29 27 51495 1
28 2 15 9 52459 1
15 24 6 9 59150 1
11 14 19 8 31329 1
5 4 19 9 56495 1
0 0 6 22 68905 1
2 22 28 25 92448 1
27 24 6 16 84225 1
14 21 27 12 65952 1
10 28 7 14 44775 1
6 3 26 19 88637 1
25 24 12 0 96020 1
7 21 25 6 79476 1
13 12 29 23 72552 1
21 7 26 29 83250 1
10 17 28 20 57370 1
17 11 2 22 66517 1
19 8 21 18 35577 1
13 26 13 5 58393 1
25 4 18 16 59406 1
27 26 11 15 78511 1
8 18 2 26 40278 1
27 26 13 11 84830 1
21 14 24 0 49997 1
0 27 14 29 42386 1
10 26 23 22 65574 1
13 2 6 19 53009 1
6 17 21 24 62861 1
10 3 12 25 60698 1
9 28 1 8 58735 1
24 15 13 22 50088 1
8 17 18 8 43859 1
14 0 23 4 33206 1
28 3 3 23 114187 1
12 21 29 25 73840 1
29 5 18 26 98239 1
15 5 23 23 75549 1
26 19 19 29 48470 1
28 2 2 0 51733 1
12 5 2 18 59538 1
26 8 22 28 76342 1
26 11 19 26 76531 1
23 22 23 1 81778 1
11 27 19 24 44302 1
28 24 3 11 98266 1
22 14 27 0 55772 1
28 29 16 29 29879 1
24 14 7 26 80756 1
1 5 20 23 92805 1
0 26 29 12 108143 1
20 7 8 5 42440 1
5 17 24 10 75893 1
1 20 29 28 94392 1
7 13 5 22 41017 1
19 14 11 0 50814 1
1 10 25 2 71319 1
6 26 13 22 40833 1
24 9 6 26 89194 1
28 12 11 23 68805 1
19 3 14 19 69885 1
16 17 10 8 39148 1
17 0 11 16 43069 1
7 23 19 9 61152 1
20 28 15 8 80285 1
8 26 7 14 38392 1
9 21 9 8 24627 1
2 26 11 8 65861 1
8 11 25 14 47681 1
15 29 14 7 69216 1
3 29 22 11 85372 1
12 3 4 29 75766 1
25 11 8 18 61381 1
12 13 20 28 65811 1
17 5 18 17 50361 1
25 21 25 5 60637 1
6 1 0 15 47696 1
17 8 17 21 51726 1
6 20 18 3 75169 1
22 0 0 21 91346 1
19 17 24 0 69922 1
29 23 13 15 64719 1
9 28 26 12 74278 1
2 18 14 4 69771 1
15 10 4 5 49104 1
2 17 6 2 55371 1
5 11 8 25 45619 1
29 4 2 27 124433 1
9 0 6 15 38416 1
5 23 21 6 79894 1
1 9 28 1 69234 1
23 23 10 10 70049 1
2 5 25 21 95458 1
17 11 13 25 51221 1
4 3 23 16 88648 1
11 21 10 0 46871 1
1 29 0 9 48921 1
3 3 0 23 60436 1
24 18 28 3 64154 1
9 20 23 3 76862 1
2 18 5 27 35338 1
4 18 11 22 30810 1
25 21 5 2 94835 1
9 2 17 23 69194 1
14 3 2 10 52416 1
10 16 25 16 54140 1
15 12 15 26 41173 1
20 22 1 1 96060 1
4 27 6 3 79902 1
17 28 4 14 70656 1
12 23 26 9 75725 1
28 10 10 8 51448 1
24 24 29 15 47202 1
24 9 12 29 81228 1
13 10 15 25 47317 1
5 0 25 14 73862 1
26 6 4 13 71066 1
25 12 12 1 68423 1
0 4 5 16 52961 1
3 9 15 27 75480 1
21 22 21 12 32569 1
1 10 21 18 74838 1
6 13 20 22 63797 1
4 13 15 19 42447 1
5 1 6 14 52325 1
14 27 9 21 31598 1
27 5 9 3 63010 1
6 26 14 2 77382 1
3 28 15 3 94049 1
28 7 16 25 93024 1
19 10 4 22 77577 1
6 26 7 9 55303 1
29 10 9 15 63737 1
9 13 23 0 51302 1
26 11 15 24 66274 1
18 1 9 23 66343 1
25 13 8 29 72451 1
25 25 14 0 103422 1
18 15 28 28 67762 1
10 11 14 24 45555 1
19 23 21 7 60115 1
26 10 12 20 65967 1
2 8 10 0 34635 1
7 14 4 1 51312 1
18 7 7 16 51358 1
2 3 0 26 64492 1
8 11 1 24 47705 1
23 21 29 15 43846 1
20 24 1 10 93470 1
15 20 23 6 66762 1
4 24 29 3 118043 1
26 4 29 29 86163 1
12 8 17 29 62976 1
11 29 1 27 31393 1
16 0 8 8 33293 1
11 10 1 5 34748 1
2 7 16 4 53731 1
21 22 16 3 77445 1
24 18 9 14 53590 1
15 12 24 25 69820 1
25 29 4 6 104856 1
14 29 7 22 35975 1
13 18 7 28 42768 1
12 29 25 4 96171 1
24 17 0 27 87537 1
23 22 14 4 81648 1
1 15 25 28 94645 1
19 2 11 29 82375 1
8 7 27 28 95345 1
21 20 0 21 65427 1
23 10 0 0 71867 1
16 17 26 5 67979 1
21 2 0 9 64328 1
19 13 28 12 25758 1
12 25 3 6 77858 1
17 2 23 21 83573 1
28 1 22 13 54433 1
16 11 15 2 29559 1
11 5 27 8 44043 1
13 20 23 23 41292 1
13 23 1 7 64365 1
9 6 13 18 36946 1
9 22 24 3 85927 1
5 9 20 28 83130 1
3 25 23 14 95566 1
24 22 18 3 81056 1
15 6 1 16 58227 1
13 22 2 21 43415 1
21 8 19 21 51997 1
5 2 29 21 106246 1
14 10 21 6 29856 1
22 27 7 15 70612 1
29 29 18 10 85750 1
13 24 8 17 31472 1
9 2 29 10 69688 1
10 26 4 21 44248 1
4 25 1 4 65926 1
6 11 16 23 57923 1
24 19 5 21 61367 1
18 29 18 5 88689 1
0 20 9 22 32761 1
26 6 8 18 71281 1
4 22 21 8 76584 1
14 10 22 13 31881 1
19 2 3 28 106602 1
10 6 24 17 68077 1
8 22 7 9 33721 1
11 24 18 9 51944 1
27 20 16 18 36205 1
19 1 3 17 83965 1
22 28 17 14 61005 1
4 29 19 29 38320 1
9 2 1 23 61393 1
25 5 13 13 53532 1
14 20 27 21 47839 1
28 20 16 27 63114 1
21 10 28 16 38522 1
4 13 6 22 41857 1
24 24 1 18 81709 1
0 27 16 6 88299 1
21 12 3 18 66171 1
6 15 17 27 62607 1
21 14 14 5 47111 1
7 17 26 7 70689 1
3 27 29 24 93110 1
29 4 10 10 67433 1
9 20 21 18 36912 1
29 13 20 3 57388 1
13 4 28 19 79735 1
12 7 11 21 37841 1
19 21 1 7 80394 1
15 1 20 6 41474 1
14 5 7 14 47233 1
25 1 2 10 70854 1
22 15 4 26 87089 1
11 17 24 9 51672 1
23 9 29 28 76966 1
10 12 7 29 42140 1
14 11 26 10 44745 1
5 23 11 2 62861 1
22 3 15 22 76167 1
24 6 0 15 84039 1
8 16 13 29 39716 1
21 28 9 8 74050 1
18 27 11 9 66843 1
12 3 12 13 29051 1
6 2 26 23 98183 1
1 17 8 28 45435 1
11 28 9 16 31798 1
0 11 29 5 90752 1
14 6 19 24 78506 1
14 0 28 25 100046 1
19 26 14 12 64990 1
26 12 22 4 40127 1
11 5 7 27 55409 1
28 16 27 3 46696 1
3 0 25 12 77183 1
3 15 10 2 46475 1
28 18 7 10 78450 1
7 12 21 18 55048 1
17 8 13 24 54470 1
22 8 13 25 67164 1
23 14 8 11 46317 1
21 3 28 27 91714 1
5 2 17 6 55394 1
16 28 6 9 69710 1
4 28 13 8 70062 1
10 19 17 12 34870 1
17 4 26 20 76465 1
1 8 13 15 44611 1
27 3 7 25 108523 1
9 26 28 28 55204 1
0 21 16 0 81458 1
6 21 23 24 70655 1
28 12 10 19 60854 1
23 27 12 1 102630 1
27 22 9 9 77132 1
21 6 4 2 60001 1
3 11 28 1 79158 1
3 1 22 13 72867 1
24 19 15 22 31605 1
12 7 13 23 49289 1
21 8 22 26 60636 1
28 4 5 12 84719 1
21 29 17 16 54768 1
14 18 22 20 30098 1
4 28 27 6 113313 1
9 6 10 25 42522 1
15 0 6 1 19717 1
2 1 17 26 99915 1
7 2 15 29 73853 1
21 27 10 11 73158 1
13 19 27 16 48860 1
24 13 3 20 69883 1
2 13 16 28 73502 1
18 25 19 14 46438 1
7 19 19 26 60319 1
25 5 9 10 52985 1
19 8 1 22 72119 1
17 22 5 14 59569 1
19 15 21 28 48591 1
20 19 27 15 30979 1
18 2 9 18 57729 1
6 19 5 28 41916 1
1 2 14 17 69770 1
20 8 10 28 71392 1
4 7 11 21 49085 1
5 16 16 0 61930 1
3 18 24 14 76321 1
4 13 8 24 41178 1
4 29 28 16 92036 1
25 14 23 23 41406 1
14 1 27 28 118341 1
17 28 27 26 42117 1
27 25 29 14 44542 1
12 20 5 16 39543 1
24 3 19 26 104268 1
13 2 28 3 39125 1
21 2 29 13 54869 1
12 8 2 1 37147 1
14 1 15 19 59547 1
11 6 25 29 84997 1
0 29 22 11 93410 1
13 20 21 9 50216 1
0 4 27 15 95345 1
6 10 19 24 74728 1
14 18 29 9 70161 1
21 0 17 21 79557 1
4 5 23 12 77113 1
11 9 17 25 61688 1
11 21 20 8 49489 1
27 20 29 12 34430 1
22 8 0 27 90091 1
11 11 18 1 38169 1
16 7 21 29 83328 1
28 27 5 15 91526 1
27 0 25 12 49051 1
22 19 11 3 61683 1
18 10 0 6 60474 1
23 28 15 21 48577 1
23 25 7 7 91037 1
0 3 4 12 37544 1
2 2 7 13 44543 1
14 17 20 5 61244 1
6 27 27 24 79852 1
17 18 0 20 51862 1
21 8 0 8 50585 1
10 1 8 21 47251 1
18 6 22 13 31106 1
23 25 26 7 76990 1
16 27 12 19 34656 1
6 27 18 12 64020 1
5 12 16 3 61396 1
12 26 24 25 62940 1
15 24 9 28 29810 1
10 13 12 29 41152 1
28 8 22 27 75506 1
27 11 10 25 81064 1
25 20 20 6 61939 1
10 19 16 1 56098 1
4 1 23 5 60162 1
24 13 23 27 55700 1
16 28 16 9 64099 1
12 1 27 8 58815 1
9 1 27 16 79827 1
9 13 15 0 36909 1
23 20 22 3 64239 1
14 10 10 29 55640 1
4 25 11 6 67506 1
8 7 24 11 50824 1
0 3 16 21 84711 1
2 21 25 8 83087 1
29 29 24 8 76452 1
23 2 14 1 30480 1
0 25 16 6 88189 1
20 28 25 15 59693 1
6 24 20 7 77063 1
22 24 15 8 66358 1
5 27 20 7 83239 1
29 7 26 0 31715 1
7 23 8 14 27842 1
5 29 0 23 25797 1
6 23 16 20 44120 1
8 18 17 19 25120 1
22 26 15 29 26229 1
23 29 29 13 64764 1
19 6 21 27 76583 1
14 16 20 25 55036 1
21 16 8 6 53481 1
10 8 0 25 62811 1
21 13 4 28 79218 1
6 9 27 1 64894 1
26 7 19 1 43028 1
4 1 17 25 95715 1
12 7 11 22 40178 1
17 15 16 2 47166 1
27 7 5 12 74186 1
10 27 3 13 49670 1
8 5 15 17 44354 1
12 4 10 29 63244 1
23 17 0 25 86068 1
1 9 18 17 68121 1
10 1 12 29 67604 1
22 20 17 12 38816 1
22 27 20 12 54488 1
1 16 8 0 46274 1
22 26 2 20 76238 1
9 18 3 6 49653 1
12 21 27 23 61618 1
21 2 12 21 74958 1
19 19 13 27 37537 1
2 28 23 20 83369 1
24 20 20 5 64874 1
23 25 6 2 100773 1
15 28 1 21 55808 1
25 29 22 10 70495 1
4 10 16 2 52321 1
21 21 26 3 73557 1
23 17 2 16 74195 1
0 18 6 2 61650 1
11 24 0 25 50493 1
8 22 26 16 61082 1
14 8 29 7 38834 1
25 12 17 26 71826 1
7 23 20 6 74654 1
10 18 3 12 42637 1
5 19 28 5 87606 1
9 15 3 8 28449 1
19 26 2 4 105447 1
25 1 21 27 97657 1
19 7 21 28 74076 1
10 11 21 5 41587 1
2 21 5 5 64699 1
0 12 23 23 92735 1
5 18 14 3 69337 1
9 20 25 14 55964 1
22 21 3 6 90942 1
28 2 16 9 50239 1
26 28 8 14 80454 1
20 9 8 11 36005 1
29 9 28 28 59804 1
23 12 4 23 80386 1
20 1 27 22 91000 1
7 7 10 14 26802 1
0 7 25 26 116921 1
14 22 16 9 48181 1
19 15 6 3 65923 1
18 12 9 6 37308 1
7 22 23 19 49373 1
22 1 9 19 64507 1
16 27 2 19 60188 1
15 11 0 13 44736 1
23 13 3 15 54863 1
5 21 28 9 93881 1
15 10 29 6 45674 1
18 16 11 1 52236 1
28 19 6 2 91086 1
12 3 28 14 70996 1
4 22 22 13 70153 1
12 19 15 12 27698 1
2 3 4 21 59680 1
28 20 7 9 77774 1
4 15 11 5 38673 1
29 1 7 19 83596 1
28 3 23 18 70388 1
16 3 16 16 49737 1
0 23 12 2 73081 1
3 20 0 9 36956 1
0 23 20 23 78420 1
22 7 27 28 87739 1
11 20 22 7 54369 1
4 12 23 28 93122 1
6 23 7 14 38598 1
18 20 26 8 59588 1
23 14 2 13 60241 1
13 24 9 7 46406 1
24 23 13 26 56083 1
27 0 5 28 106169 1
24 9 15 11 32401 1
5 10 23 4 71405 1
10 25 28 29 56770 1
23 26 8 21 68010 1
20 14 9 16 37519 1
24 15 11 10 43155 1
6 11 20 16 53804 1
28 15 1 3 92146 1
10 15 22 26 63682 1
17 20 20 28 44792 1
2 5 21 6 60951 1
10 17 19 20 36163 1
11 2 9 27 53768 1
19 21 25 26 44586 1
9 2 20 21 71874 1
2 11 4 20 33762 1
24 2 13 6 43931 1
9 14 25 0 56042 1
5 11 7 28 57599 1
4 3 0 14 48705 1
27 2 0 19 100349 1
24 8 17 29 85857 1
25 10 13 20 58895 1
6 0 26 6 57461 1
27 21 14 27 66185 1
13 18 0 8 55843 1
23 5 28 25 83699 1
15 0 8 8 31142 1
19 8 27 22 66471 1
2 10 28 16 85323 1
28 9 22 21 52194 1
3 9 13 23 58761 1
14 11 3 21 58483 1
14 26 25 27 48562 1
8 12 22 16 44529 1
2 28 24 7 102401 1
4 16 16 14 44622 1
23 11 1 29 93333 1
13 15 3 22 51766 1
9 9 2 14 30335 1
26 14 0 29 100386 1
14 20 13 7 41288 1
3 13 14 19 42800 1
11 3 17 15 40645 1
18 9 25 1 44065 1
11 1 13 27 63398 1
4 18 16 29 55684 1
7 0 23 22 86961 1
25 11 13 24 66896 1
4 19 20 15 54618 1
29 5 14 0 45014 1
11 28 9 0 63220 1
13 17 28 2 78145 1
9 23 20 4 74948 1
22 3 3 8 64104 1
17 11 21 27 62816 1
22 13 23 22 34559 1
1 5 25 19 87241 1
11 0 14 15 40617 1
3 24 28 22 96589 1
18 4 7 18 70434 1
27 14 26 2 49574 1
11 19 19 3 65959 1
23 12 2 16 68520 1
26 26 20 22 37974 1
2 29 15 11 71826 1
28 7 0 25 109526 1
25 25 15 14 61777 1
23 9 4 15 62872 1
27 15 8 4 72150 1
22 16 15 25 46041 1
29 0 16 17 82857 1
18 25 2 3 97017 1
5 24 29 5 109955 1
26 22 24 9 50691 1
20 5 23 27 83650 1
1 4 10 9 33737 1
1 12 4 29 45965 1
10 5 8 13 23469 1
12 2 5 10 40147 1
7 2 0 17 59561 1
24 8 0 12 71327 1
22 1 13 17 64895 1
29 5 29 28 79260 1
2 4 25 24 110421 1
10 26 23 26 54080 1
27 22 15 14 56632 1
7 6 10 27 55772 1
27 4 22 12 44854 1
22 7 21 20 44765 1
7 27 25 4 97723 1
17 20 8 10 45448 1
20 6 4 25 95676 1
1 27 16 29 43938 1
15 11 14 1 35138 1
27 23 21 3 80201 1
8 25 17 26 44375 1
7 0 0 17 54300 1
13 16 8 29 41975 1
3 17 13 6 58486 1
12 17 0 13 43782 1
28 23 26 6 58818 1
28 3 2 2 59193 1
17 20 27 13 49792 1
6 22 16 19 37947 1
16 10 18 21 47904 1
4 20 15 20 37037 1
13 4 26 7 45035 1
13 17 0 15 48059 1
3 2 24 4 67906 1
6 4 18 6 54329 1
10 26 11 5 53241 1
25 27 10 24 59300 1
18 12 26 6 39039 1
14 28 19 0 89333 1
26 26 23 7 78635 1
14 13 20 28 65325 1
4 28 22 28 54213 1
0 15 0 5 32108 1
22 29 5 14 79063 1
23 16 7 3 75386 1
0 2 19 19 83107 1
20 4 11 7 42697 1
