6700 6585 6628 6580 6705 6729 6731 6522 6710 6677 6715 6636 6643 6580 4819 4955 4799 4909 4794 4736 4738 4936 4795 4827 4855 4903 4823 4853 4907
8116 8018 8179 8169 8175 8158 8020 8170 8145 8006 8173 8190 8047 5326 5204 5265 5360 5186 5347 5392 5335 5371 5361 5250 5282 5265 5361 5315 5184
6182 6090 3366 3416 3368 3401 3387 3438 3499 3365 3382 3467 3452 3563 3420 3461 3556 3525 3591 3585 3496 3467 3546 3469 3484 3450 3410 3415 3532
1819 1863 1781 1760 1778 1717 1647 1704 1852 1742 1715 1747 1652 5880 5755 5792 5678 5862 5827 5685 5752 5836 5761 5684 5679 5832 5862 5779 5673
4726 4787 4671 4808 4759 4779 4638 4669 4655 4751 4752 4716 4694 4616 4770 4679 4674 4679 4710 4715 4817 4656 3535 3618 3617 3635 3474 3620 3494
4982 5140 5018 5088 5026 5147 5117 5071 5027 5185 5135 5039 5176 5865 5982 5931 5843 5998 5879 5961 5875 5957 5905 5994 5998 5849 5890 5930 5957
7507 7499 7538 7492 7598 7486 7517 7588 7605 7653 7462 7529 7434 7609 7580 7537 7586 7600 7613 7499 7524 7604 7548 7448 7531 7447 7433 3522 3605
2962 2923 2951 3089 3011 2885 2920 2978 2988 3014 2891 3072 2934 2987 2986 2914 3041 2870 3056 2891 3023 5694 5589 5602 5564 5559 5603 5503 5644
4801 4836 4933 4824 4781 4768 4965 4895 6420 6635 6444 6545 6496 6577 6582 6463 6624 6542 6423 6609 6542 6444 6565 6436 6591 6587 6594 6591 6588
5888 5877 4000 4093 4031 3977 4018 3970 4143 3984 4054 4125 3958 4070 3957 4140 3959 3972 4050 4128 4183 3981 4070 4093 4179 4028 4002 4040 4034
8759 8899 8797 1394 1408 1526 1453 1542 1459 1384 1389 1363 1472 1538 1450 1468 1569 1564 1415 1431 1494 1506 1510 1346 1358 1422 1348 1528 1554
5672 5562 5531 5604 5489 5589 5590 5683 5566 5547 5631 5663 5615 5623 2579 2355 2481 2529 2494 2397 2577 2519 2501 2498 2425 2579 2466 2407 2444
4823 4774 4831 4807 8719 8737 8622 8590 8580 8626 8695 8746 8610 8736 8590 8705 8764 8651 8632 8773 8742 8649 8724 8631 8701 8711 8674 8735 8643
3532 3474 3497 3522 3394 3451 3566 3417 3390 3402 3581 3469 3370 3378 3388 3424 3466 8347 8510 8519 8492 8529 8550 8384 8513 8480 8351 8492 8523
2347 2234 5029 5177 5206 5177 5006 5082 5058 5146 5013 5069 5211 5000 5030 5030 5049 5076 5084 5024 5135 5142 5184 5036 5028 5138 5158 5211 5156
1892 2011 1992 1954 1925 1892 2056 1943 2046 1933 1908 2030 2034 2031 2013 1855 1936 1923 1966 4242 4158 4270 4215 4371 4281 4325 4320 4301 4374
4441 4602 4503 4561 4600 4439 4438 4426 4574 7873 7993 8002 7924 7900 7909 7890 7868 7956 7940 7884 8008 7935 7952 7950 7913 7994 7873 7825 7872
5194 5377 5351 5334 5230 5231 5161 5229 5260 5273 5256 5336 5382 5317 5354 5306 5241 5242 5296 5312 5188 5368 5324 5326 5211 2215 2258 2283 2180
7032 7125 7129 6977 7101 7126 6952 6932 7128 6940 2484 2491 2495 2523 2457 2461 2550 2587 2373 2564 2402 2462 2388 2571 2530 2484 2584 2530 2370
4865 4797 4787 4883 4872 4965 4898 4976 4972 4945 4851 4792 4879 4981 4881 4774 4856 4965 4858 4806 4858 5823 5978 5803 5859 5873 5791 5930 5915
3920 3996 3903 3950 3974 3910 4026 4024 3993 3937 4720 4536 4565 4751 4603 4685 4690 4600 4728 4618 4558 4614 4551 4648 4595 4528 4590 4653 4708
2255 2231 2358 2264 2298 4123 4205 4246 4231 4246 4271 4335 4244 4287 4201 4295 4209 4172 4173 4281 4308 4292 4150 4316 4160 4302 4150 4269 4224
8149 8046 8224 8109 8080 8227 8050 8020 8139 8003 8177 8198 8203 8087 7999 8193 8217 8128 8094 5078 5108 5196 5088 5149 5053 5226 5137 5197 5143
7079 7281 7076 7054 7194 7217 7126 7126 7230 7084 7148 7110 7069 7066 7179 7206 7166 7067 7157 7212 7232 7173 7137 7088 7271 7202 7148 7218 7511
6451 6452 6436 6407 6455 6550 6600 6495 6438 6528 6396 6393 6417 6557 6532 6513 6554 6402 6479 6412 6433 2002 1952 1940 2022 2006 2074 1944 2050
2269 2286 2367 2278 2365 2496 2407 2367 2375 2455 2355 2448 2302 2286 8676 8621 8668 8514 8621 8501 8617 8577 8705 8669 8558 8550 8699 8571 8662
8104 8197 8110 8051 8026 8161 8017 8196 8071 8140 8117 8034 8172 8144 8184 8151 8070 8172 8040 8064 8112 7998 8183 8127 8112 8072 8068 8011 8060
6086 6111 6081 6036 5941 6160 6113 6053 6055 5992 5976 5996 5939 6143 5983 6038 6099 6001 6001 6015 5956 6164 6033 6060 6038 2918 2810 2928 2825
6369 6521 6418 6574 6352 7075 7103 7136 6965 7109 7043 7093 7034 7056 7086 7103 7004 7109 7057 7122 7070 6947 6959 7113 7058 7004 6969 6989 7033
3837 3729 3785 3758 3843 3754 3718 3695 3711 3868 3850 3843 3745 3653 3797 3793 3698 3733 3700 3853 3759 3687 3756 3702 3537 3544 3525 3594 3600
4418 1728 5838 8844 3256 2861 8395 2925 7120 1860 5096 2261 1866 4829 5998 4078 5096 2033 6582 6771 1491 2390 4425 8367 3777 8733 2893 7774 6914 2268
4334 1813 5815 8705 3234 2863 8256 2911 6997 1826 5081 5628 1899 4849 5810 4184 5103 1959 6512 6839 1476 2455 4319 8287 3765 8568 3029 7797 6893 2235
4230 1933 5836 8755 3203 2893 8392 2834 7162 1737 5086 5687 1748 4943 6003 4174 8141 2030 6555 6818 1480 2365 4263 8219 3763 8605 2976 7714 6947 2138
4275 1939 5744 8745 3233 2727 8262 2804 7002 3300 5174 5513 1746 4817 5995 4116 8263 2065 6568 6760 1491 2347 4380 8311 3625 8527 3065 7759 6885 2085
4337 1792 5889 8714 3201 2753 8367 2951 7121 3228 5284 5542 1748 4914 5812 4095 8117 2117 6713 6757 1581 2421 4253 8177 3626 6568 3061 7734 7016 2062
4386 1911 5929 8740 3374 2884 8280 2764 7061 3231 5187 5553 1692 4857 5863 4042 8244 2031 6500 6873 1603 2299 4368 8299 2851 6676 2889 7774 6984 2124
4366 1855 5871 8894 3319 2881 8358 2921 6978 3198 5193 5507 1715 4841 5839 4032 8132 2135 6577 6740 1460 2437 4359 8242 3020 6518 2934 5960 6908 2142
4407 1827 5887 8698 3188 2854 8407 2831 7125 3298 5270 5711 1783 4882 5881 4081 8122 2023 6518 6740 8036 2401 4310 4181 2871 6522 2881 6056 6912 2153
4336 1853 5794 8759 3211 2709 8286 2976 6990 3211 5189 5590 1893 4839 5807 4195 8116 2088 6583 6805 8046 2461 4318 4245 2991 6676 2960 5921 6913 2259
4330 1871 5822 8821 3329 2710 8295 2782 7065 3223 5076 5649 1805 4986 5961 4150 8077 1935 6551 6851 7969 2314 4369 4188 2941 6476 2984 5940 6807 2217
4372 1739 5793 8843 3189 2782 8322 2891 7039 3245 5278 5561 1773 7919 5873 4051 8189 2136 6528 6784 8059 2399 4307 4189 3030 6575 2963 6000 6933 2222
4341 1841 5923 8852 4302 2750 8348 2875 7120 3301 5258 5662 1778 8014 5979 4057 8250 7138 6690 6794 7978 2294 4345 4093 2924 6540 2904 5978 6956 2072
4245 1822 5785 8677 4190 2881 8413 2838 7127 3303 5170 5708 1772 7940 5931 4140 8176 7250 6607 6748 8067 2492 4410 4251 2964 6510 3017 5980 6810 2195
4347 1830 5738 1593 4230 2789 8420 2766 7058 3304 5192 5652 1794 7889 5963 4170 8119 7218 6586 1709 7937 2305 4324 4153 2864 6609 2889 6039 6914 2051
4334 1828 5898 1451 4199 2836 8324 2843 7057 3147 5226 5579 1694 7880 5917 4043 8106 7285 6530 1655 7990 2488 4235 4100 2877 6491 3077 6109 7015 2109
4348 1893 5797 1596 4199 2822 8344 2864 2749 3234 5175 5593 1788 7881 5945 3998 8147 7278 6531 1687 8067 2367 6798 4141 2850 6633 2912 5918 6810 2183
4389 1906 5733 1616 4334 2804 8411 2947 2670 3112 5094 5547 1739 7859 5940 4168 8205 7161 6622 1622 7881 2457 6668 4197 2931 6642 3038 5931 6904 6216
4314 1838 5740 1509 4206 2754 8243 2951 2673 3156 5256 5708 1787 7866 5916 3993 8188 7244 6590 1631 7953 2383 6837 4169 2969 6477 2975 6021 6986 6043
4284 6086 5804 1448 4338 2101 8634 2949 2675 3121 5272 5721 1867 7883 5808 4065 8265 7158 6616 1566 7925 2492 6761 4239 2952 6631 6942 6127 6927 6103
4354 6098 7528 1570 4379 2071 8591 2871 2632 3281 5221 5580 1857 8036 5937 4107 8245 7223 6984 1712 7926 2403 6739 4101 3041 6644 6864 5940 6852 6169
4365 6205 7412 1582 4312 2135 8617 2944 2585 3314 5260 5521 1689 7971 5837 8374 8167 7129 6824 1556 7973 2497 6794 4154 2888 6687 6915 5952 6837 6123
4335 6288 7540 1441 4382 2066 8666 2933 2714 3144 5077 5681 1793 8045 5915 8229 8262 7283 6963 1703 7944 2451 6740 4100 2926 6584 6770 5930 6862 6176
4241 6266 7577 1448 4221 2066 8557 2766 2640 3293 7915 5601 1704 7844 5853 8362 8194 7237 6855 1754 7901 2495 6684 4117 2886 6582 6863 6017 6957 6056
3329 6220 7406 1655 4398 2090 8474 2956 2763 3249 7789 5676 1886 7963 5806 8281 8162 7267 6826 1648 8087 2301 6672 4234 2925 6567 6812 6085 6824 6202
3251 6284 7399 1462 4244 2042 8501 2973 2763 3239 7775 5535 1724 7846 5834 8370 8113 7250 6844 1721 7959 4784 6835 4296 2984 6487 6816 6120 7963 6126
3252 6079 7413 1506 4303 2127 8607 2843 2768 3239 7771 5693 1851 7902 6014 8220 8259 7278 7033 1690 7991 4750 6741 4161 2975 6623 6803 6081 7902 6132
3178 6083 7581 1495 4233 2072 8625 2225 2675 3272 7774 5658 1756 7891 8524 8245 8176 7310 6951 1714 7973 4788 6713 4098 2856 6477 6893 5966 7927 6174
3333 6294 7594 1452 4312 2070 8607 2184 2650 3219 7910 5703 1741 7846 8558 8312 8089 7328 6975 1584 8092 4808 6768 4217 2994 6683 6846 6107 7861 6094
3261 6284 7412 1642 4356 2129 8474 2322 2697 3112 7817 5531 5378 7929 8439 8273 8221 7194 6948 1622 7977 4853 6731 4283 3003 6682 6782 6058 8000 6114
26 6 6 0 56200 1
17 5 25 10 29425 1
24 14 1 25 89042 1
24 4 0 19 84386 1
18 23 13 6 47549 1
9 17 15 2 37922 1
5 12 27 29 88230 1
24 11 1 3 72204 1
26 23 12 20 50284 1
9 11 6 22 36548 1
24 17 6 10 66966 1
27 13 4 4 65708 1
8 19 5 27 44261 1
3 1 25 11 60536 1
22 17 9 1 71781 1
11 19 23 15 58733 1
25 9 8 23 58753 1
11 21 22 28 56627 1
6 8 23 22 75820 1
19 19 24 11 36201 1
10 23 14 7 34924 1
4 4 27 2 59157 1
21 13 20 29 64260 1
3 17 17 22 42468 1
11 16 9 28 27346 1
14 21 7 1 53106 1
5 28 26 12 70321 1
18 15 12 20 33796 1
26 5 18 1 31451 1
5 0 9 11 42721 1
2 19 7 7 46516 1
29 3 16 18 57432 1
11 4 29 3 36480 1
10 10 13 17 25101 1
27 9 29 18 40311 1
13 5 27 18 59196 1
21 5 2 20 67281 1
27 0 6 16 78441 1
16 8 13 24 46158 1
26 27 17 23 42661 1
25 26 20 6 82749 1
11 12 28 20 49506 1
28 13 7 20 61387 1
19 25 17 2 66146 1
13 20 13 7 41110 1
8 21 11 8 30810 1
0 9 8 22 46603 1
0 29 23 11 76801 1
16 3 14 23 54026 1
16 5 27 24 69642 1
2 12 26 19 54989 1
19 25 6 19 54575 1
2 23 9 6 53396 1
15 5 24 16 55109 1
13 23 3 5 53456 1
20 5 14 16 41511 1
9 16 7 3 37091 1
7 1 26 14 64737 1
21 26 10 26 43532 1
7 24 21 12 46104 1
2 1 21 21 73488 1
19 1 27 13 49834 1
1 0 12 22 64735 1
4 19 22 28 78584 1
28 11 17 23 56392 1
25 19 21 13 32163 1
11 14 4 2 44452 1
25 1 22 12 31513 1
13 2 29 16 67776 1
26 12 22 20 43432 1
13 5 16 29 56334 1
15 13 12 1 29204 1
9 17 29 2 61137 1
17 7 28 19 51017 1
1 6 23 10 72200 1
2 16 10 26 33026 1
19 18 23 29 46154 1
28 3 9 20 66154 1
7 1 3 12 26803 1
2 28 23 15 90034 1
25 9 11 21 49703 1
23 7 13 21 60036 1
21 17 19 4 59014 1
26 19 6 25 61217 1
7 20 13 13 31053 1
8 17 3 3 39448 1
9 17 25 15 49341 1
19 10 25 17 50849 1
29 24 19 4 84464 1
26 23 2 18 71225 1
3 1 2 24 63185 1
19 0 7 5 43173 1
12 10 24 3 40704 1
19 7 0 11 54913 1
8 18 14 9 35351 1
18 6 23 20 59775 1
3 25 24 3 85730 1
9 5 12 26 39236 1
29 20 16 25 48323 1
22 11 8 12 33227 1
18 10 14 2 34456 1
2 9 20 0 58889 1
8 9 20 20 45975 1
29 14 5 12 53657 1
4 17 29 22 70903 1
2 17 17 27 52528 1
24 12 29 1 36879 1
25 1 16 23 72451 1
18 20 12 12 26522 1
25 14 10 0 61477 1
24 4 8 26 73257 1
28 7 5 13 59961 1
0 29 4 11 62008 1
2 29 8 23 34169 1
12 0 21 20 59806 1
4 29 18 7 65363 1
0 20 28 17 75746 1
26 24 13 0 79036 1
20 19 22 28 45113 1
14 2 1 9 40179 1
10 7 17 16 35498 1
11 14 20 3 43120 1
21 23 19 8 58182 1
12 14 3 1 46550 1
19 16 12 28 61860 1
22 23 14 26 33972 1
26 29 23 2 103524 1
5 15 19 17 56231 1
6 19 13 22 32831 1
27 22 4 23 76834 1
8 29 24 11 60763 1
29 13 20 26 68147 1
6 0 26 29 110180 1
20 2 2 9 53592 1
16 9 24 5 32080 1
14 5 29 13 48949 1
28 18 7 19 60946 1
22 24 5 16 60372 1
26 5 16 19 52249 1
0 19 10 12 37616 1
2 16 24 6 75695 1
8 8 18 16 41051 1
26 11 17 8 34323 1
20 15 6 10 46409 1
26 12 7 11 37049 1
29 23 29 4 71456 1
11 7 26 22 72720 1
14 7 0 27 73545 1
21 6 5 0 45368 1
21 15 26 1 52117 1
5 1 27 0 51059 1
21 2 10 25 57298 1
2 6 16 8 45155 1
23 5 29 20 61733 1
8 7 27 13 49086 1
24 2 2 22 82712 1
3 24 19 24 48286 1
10 5 5 17 27825 1
27 22 15 24 46896 1
24 28 7 27 66281 1
20 17 14 2 54503 1
27 27 29 8 77911 1
10 27 15 8 38619 1
16 26 1 17 49191 1
16 28 21 13 58924 1
3 4 12 18 45136 1
7 17 18 1 49681 1
16 28 25 27 49274 1
20 26 8 23 48304 1
8 5 20 4 35025 1
12 18 5 9 39149 1
7 20 18 11 38976 1
19 16 6 28 63874 1
2 19 21 7 67234 1
0 22 12 23 40124 1
1 16 17 11 48914 1
29 29 5 0 118574 1
10 28 15 12 32230 1
11 15 29 7 56730 1
26 25 12 23 56756 1
18 8 4 10 44924 1
10 8 9 22 24871 1
22 16 9 22 55676 1
21 16 25 0 52602 1
26 3 14 24 72411 1
25 8 8 15 49083 1
1 24 24 5 90221 1
7 19 21 0 62132 1
0 28 26 17 91875 1
3 24 27 6 89514 1
18 8 11 15 33331 1
18 24 29 11 56922 1
25 11 29 25 61587 1
9 16 16 24 33669 1
1 12 27 11 52277 1
14 28 25 29 61225 1
10 2 18 23 59040 1
17 3 14 19 36312 1
22 18 1 10 68151 1
6 9 0 3 34730 1
8 5 26 16 69117 1
7 25 11 7 42158 1
9 2 16 16 47837 1
25 12 3 0 60152 1
8 8 11 16 27856 1
21 13 9 10 31610 1
22 5 11 5 28009 1
20 10 8 11 37348 1
16 4 5 17 46452 1
24 15 10 14 46609 1
25 23 11 16 52153 1
11 1 16 8 23843 1
25 24 2 10 76922 1
21 11 29 17 40854 1
21 15 3 18 60023 1
16 1 28 10 52350 1
4 0 4 13 31840 1
1 10 24 27 85121 1
29 3 14 22 68897 1
21 13 9 16 36532 1
8 6 7 21 38437 1
29 22 19 7 69838 1
8 28 4 1 69664 1
13 5 17 26 58507 1
13 18 20 15 34957 1
20 10 21 27 64306 1
26 0 28 17 68326 1
11 29 7 4 48447 1
6 0 6 24 67129 1
3 16 29 16 78478 1
24 7 14 18 51129 1
5 9 26 24 79264 1
26 22 17 12 54416 1
2 16 19 14 52428 1
11 25 17 8 45365 1
10 21 29 4 65079 1
13 15 24 4 51583 1
5 16 17 28 54442 1
29 5 2 12 66076 1
21 16 10 17 44062 1
15 21 11 14 26991 1
6 0 17 4 34488 1
17 10 26 5 41375 1
27 28 4 2 112086 1
21 5 11 10 41226 1
28 12 17 19 36945 1
23 4 20 13 41271 1
9 12 26 28 78724 1
25 20 25 1 76326 1
26 9 7 17 50685 1
24 6 13 10 45249 1
26 7 6 0 53658 1
12 0 23 25 84779 1
16 8 22 28 74171 1
26 9 11 10 45172 1
26 16 9 29 75572 1
5 13 23 7 55960 1
4 16 15 17 43180 1
16 29 22 1 84501 1
17 15 19 25 35162 1
16 21 26 25 39444 1
24 23 29 6 73934 1
16 26 25 9 60638 1
23 2 28 21 81049 1
10 12 27 11 36248 1
14 21 20 26 32232 1
5 14 11 28 46939 1
18 26 24 0 79086 1
3 18 26 8 66799 1
20 23 15 15 30776 1
15 15 24 7 38885 1
6 6 18 21 58639 1
15 8 28 26 76731 1
10 5 20 16 44573 1
0 26 21 3 86034 1
13 17 26 1 64260 1
26 29 12 1 93721 1
11 15 16 21 26779 1
29 0 24 26 98485 1
23 11 13 20 46975 1
22 24 14 1 66410 1
7 7 0 17 43392 1
22 11 3 0 63036 1
22 3 18 15 41238 1
7 6 25 15 58555 1
14 12 11 26 30623 1
4 12 13 25 45830 1
28 17 0 10 88009 1
14 26 16 9 50232 1
9 4 1 16 46093 1
25 5 12 2 32296 1
23 6 14 22 69632 1
20 5 6 23 72205 1
1 23 29 24 86722 1
16 8 12 25 49235 1
15 29 14 6 59135 1
16 25 24 28 39477 1
22 28 8 6 90176 1
8 8 29 8 64058 1
17 22 24 10 53748 1
26 24 13 22 45653 1
24 20 10 18 44597 1
4 4 26 15 74948 1
9 25 2 9 44206 1
10 6 19 23 50154 1
6 20 17 13 41540 1
4 18 18 12 38630 1
1 23 7 4 66845 1
28 24 15 29 52536 1
1 17 0 26 39494 1
1 3 13 1 38220 1
11 27 18 4 63255 1
14 20 2 6 55389 1
22 7 1 10 65141 1
9 9 21 18 43875 1
17 17 6 11 47179 1
13 12 23 1 47639 1
9 27 24 27 56895 1
9 23 8 8 37595 1
26 23 11 19 48810 1
16 7 26 28 80832 1
22 22 1 26 68145 1
27 29 6 22 83269 1
28 29 23 23 38602 1
24 27 4 10 79214 1
16 4 7 17 42286 1
9 22 0 8 48995 1
19 19 26 23 31515 1
0 12 14 21 40786 1
6 24 6 6 55750 1
8 5 21 29 83994 1
2 6 1 25 67907 1
0 22 29 15 86171 1
22 1 6 11 60756 1
19 23 17 9 44970 1
17 28 29 11 69452 1
4 6 0 12 21715 1
22 11 12 11 33383 1
14 21 19 3 48502 1
3 15 2 0 38642 1
18 20 4 10 50177 1
8 28 1 4 68758 1
10 6 22 0 39943 1
28 2 10 14 55706 1
12 26 6 21 22622 1
9 26 21 0 66190 1
4 28 29 8 88492 1
0 27 11 28 36109 1
29 4 25 16 51029 1
21 5 1 17 63186 1
2 27 29 10 92767 1
24 21 15 23 30331 1
7 29 19 17 53741 1
13 20 21 27 49406 1
23 17 29 28 57160 1
3 2 6 19 51872 1
21 17 25 9 35601 1
19 23 0 19 53791 1
10 15 29 16 56819 1
9 19 3 15 31885 1
25 22 28 14 57173 1
24 3 22 24 74444 1
14 6 3 3 39435 1
1 24 10 19 36217 1
22 5 12 18 58224 1
17 24 5 19 44025 1
9 24 25 12 47349 1
13 14 17 21 31570 1
8 29 4 15 43634 1
18 11 15 26 46263 1
29 22 12 12 53527 1
5 23 14 19 43423 1
7 13 7 0 38618 1
21 0 3 29 82678 1
23 29 8 28 66782 1
0 26 26 18 82355 1
23 6 5 21 73968 1
2 4 28 19 73644 1
27 23 10 7 70760 1
6 1 19 13 50216 1
1 0 7 22 68342 1
18 19 9 20 30648 1
18 17 11 11 30501 1
14 6 29 4 37072 1
17 28 14 15 41580 1
29 21 11 12 51618 1
16 3 23 8 30215 1
4 20 18 10 46104 1
2 8 1 17 31599 1
24 11 29 18 41128 1
25 15 12 13 44968 1
2 11 4 28 59021 1
6 29 5 10 52806 1
4 27 21 21 54902 1
10 1 28 25 93814 1
13 22 4 23 36197 1
26 18 9 6 62836 1
9 26 23 26 57631 1
28 25 29 8 70209 1
23 28 2 24 81585 1
29 0 13 4 39339 1
26 21 12 26 54516 1
0 13 29 4 76216 1
13 9 11 18 26147 1
21 26 6 16 65620 1
8 24 15 18 32638 1
5 12 8 19 30935 1
9 15 23 4 54372 1
15 5 21 22 49156 1
8 20 12 13 36879 1
17 24 21 9 51067 1
23 16 8 14 66333 1
26 1 13 15 57370 1
23 6 25 18 64122 1
11 26 25 18 54537 1
22 4 3 14 62379 1
18 26 28 28 54002 1
4 2 23 2 48245 1
13 16 3 9 36469 1
8 6 6 29 51604 1
21 28 23 7 86044 1
3 23 13 9 55663 1
24 3 15 6 19636 1
22 6 24 21 74776 1
3 26 10 18 32256 1
5 15 15 27 52291 1
11 22 0 11 42850 1
23 15 10 5 54465 1
8 0 23 26 94312 1
10 4 4 8 26281 1
5 6 26 24 85495 1
28 20 9 13 57042 1
11 2 18 21 58237 1
25 0 25 23 86289 1
6 11 21 26 71299 1
18 14 24 1 50021 1
29 21 14 20 37501 1
3 6 5 19 47696 1
17 0 12 26 65904 1
20 1 8 10 51184 1
24 19 4 15 60626 1
27 27 28 11 72013 1
23 24 6 22 58314 1
0 24 7 20 29135 1
26 20 3 9 66509 1
2 27 26 22 83704 1
6 14 18 21 45915 1
29 7 20 15 44289 1
3 5 22 12 45837 1
20 2 7 26 67508 1
3 5 22 10 57727 1
18 5 22 21 55695 1
21 5 12 14 44662 1
11 25 11 5 36116 1
22 9 12 16 51947 1
0 27 21 26 78027 1
7 23 21 21 42207 1
15 14 10 0 43120 1
17 5 28 20 61902 1
10 5 21 23 58425 1
5 24 28 6 85437 1
20 29 12 15 62130 1
18 9 7 8 38522 1
29 9 16 1 47637 1
20 20 7 18 43458 1
12 23 3 14 44613 1
22 11 7 25 61659 1
15 14 15 26 39555 1
28 2 9 29 79886 1
13 22 24 12 50222 1
11 10 26 14 45277 1
25 16 5 10 67592 1
18 21 29 18 26936 1
12 0 25 19 62351 1
16 0 1 6 49444 1
17 14 29 6 48746 1
25 10 8 9 42018 1
2 3 6 24 62489 1
19 4 4 19 66765 1
3 14 4 23 43120 1
23 21 18 12 34750 1
7 1 25 12 54135 1
14 4 21 18 47637 1
2 10 6 20 40588 1
16 21 29 28 54385 1
15 4 18 26 51832 1
16 28 25 29 53274 1
0 26 12 13 62376 1
2 2 5 19 60568 1
2 18 12 23 36288 1
13 29 18 5 62461 1
0 1 0 18 52881 1
19 27 9 26 35470 1
9 19 2 28 42060 1
1 12 14 21 38920 1
8 9 10 19 21046 1
20 6 24 13 38725 1
15 23 2 10 54794 1
26 20 27 3 74376 1
16 22 2 3 68584 1
5 24 3 9 50023 1
26 17 24 9 45504 1
26 10 16 26 65954 1
24 0 9 5 46127 1
16 3 28 17 68795 1
1 24 11 16 43813 1
14 26 13 14 43376 1
6 8 29 13 64950 1
3 20 17 16 55800 1
6 7 3 29 58662 1
4 9 29 12 58257 1
22 9 14 3 34580 1
25 20 22 5 69420 1
17 5 10 22 43152 1
21 27 8 12 65087 1
23 14 18 2 55509 1
28 6 18 17 51361 1
29 22 19 16 42682 1
29 3 0 21 85211 1
4 10 0 26 65371 1
7 15 15 23 38368 1
12 26 23 24 37615 1
11 1 6 12 38606 1
1 13 12 16 41547 1
18 8 0 6 59678 1
14 28 6 21 34881 1
22 1 0 29 93352 1
14 29 14 13 45841 1
28 19 7 11 52710 1
25 7 25 29 83687 1
8 13 17 29 52374 1
17 7 17 26 54745 1
14 3 13 12 22626 1
3 9 18 7 45019 1
8 19 28 2 76828 1
25 11 11 29 56288 1
28 14 17 16 48732 1
16 4 17 16 39482 1
9 24 11 1 52114 1
15 8 9 4 23872 1
6 8 19 2 50397 1
16 27 2 24 53556 1
11 22 6 1 50389 1
27 17 8 11 64818 1
26 12 3 22 64413 1
25 23 20 5 72913 1
1 19 14 1 68742 1
6 3 27 25 99924 1
5 21 0 1 62475 1
29 4 23 10 35458 1
29 9 2 6 74108 1
8 7 4 28 54319 1
7 18 27 0 71590 1
22 7 7 29 70732 1
7 29 22 20 52337 1
11 4 2 10 35643 1
0 20 29 14 77711 1
7 3 19 28 80700 1
11 24 5 29 21135 1
2 4 25 24 85479 1
26 9 0 8 66861 1
27 11 10 4 47772 1
6 13 16 1 45650 1
16 4 22 27 78240 1
25 11 21 1 29693 1
10 13 21 5 38778 1
3 4 22 13 55818 1
12 0 29 1 43242 1
6 16 24 1 76026 1
26 28 9 23 70472 1
3 16 4 3 41022 1
4 26 20 16 66298 1
26 0 17 23 75671 1
22 16 2 24 79328 1
17 27 4 8 69142 1
22 10 18 23 46358 1
13 19 23 12 31346 1
5 2 28 9 66865 1
21 13 25 25 55576 1
15 12 11 22 27130 1
13 26 26 0 81426 1
9 8 21 10 39646 1
0 11 1 1 34221 1
27 13 7 27 71162 1
9 5 14 24 42371 1
8 8 4 23 52915 1
9 14 23 14 46141 1
13 21 22 27 46644 1
22 7 5 8 54017 1
11 26 23 15 67855 1
26 5 15 0 27992 1
17 2 26 11 42257 1
2 29 18 0 85323 1
1 29 2 17 44205 1
29 12 23 6 35781 1
23 17 13 2 65441 1
15 7 3 20 47166 1
6 25 26 21 67074 1
18 22 4 17 39880 1
12 14 28 23 67760 1
8 4 19 2 35743 1
18 5 10 18 40060 1
26 7 16 4 30681 1
7 11 20 2 46693 1
1 11 27 3 68051 1
2 3 7 29 64505 1
20 1 29 15 58954 1
10 16 0 25 49190 1
20 1 0 28 93699 1
27 24 14 12 54706 1
28 7 27 24 72162 1
6 11 20 5 49231 1
18 1 8 4 32399 1
12 4 18 29 69079 1
27 27 8 8 90579 1
26 29 22 22 37733 1
0 15 12 6 54352 1
23 26 23 1 99188 1
3 24 15 2 68178 1
12 8 21 19 46371 1
29 4 15 27 89756 1
22 9 5 16 59086 1
24 19 7 14 48850 1
4 23 24 18 63093 1
1 9 22 28 93465 1
12 3 8 22 47416 1
9 14 19 1 51195 1
24 2 17 26 77062 1
18 25 27 11 54486 1
16 16 4 0 62665 1
17 15 22 9 32877 1
2 7 27 12 54228 1
26 29 15 28 62532 1
20 6 12 10 37620 1
5 19 29 14 74355 1
14 19 3 29 46263 1
11 8 21 14 40703 1
16 28 20 0 87764 1
24 27 25 1 87766 1
4 16 18 1 60638 1
23 24 21 11 54274 1
24 17 2 23 73029 1
17 2 29 23 78273 1
3 1 10 8 31221 1
12 8 5 18 42969 1
13 17 20 10 38808 1
0 23 16 9 64938 1
15 0 10 20 44300 1
13 0 6 27 75683 1
13 7 19 25 55365 1
28 22 2 25 92912 1
11 3 0 5 38336 1
16 0 29 21 72510 1
4 0 4 11 29166 1
2 29 27 4 93015 1
23 29 5 13 83370 1
29 18 25 7 45145 1
26 2 18 11 46173 1
24 6 14 20 59844 1
16 27 4 26 42797 1
1 5 23 8 65747 1
16 5 6 1 27170 1
18 4 7 9 44414 1
20 10 20 23 48582 1
8 3 1 24 69581 1
4 18 26 28 86541 1
28 10 20 23 67606 1
26 1 11 29 79752 1
7 2 19 18 61225 1
1 0 25 15 81980 1
2 7 11 18 36138 1
15 3 5 19 56084 1
29 19 0 17 67691 1
11 2 18 26 70166 1
13 18 22 17 37276 1
7 5 11 24 39182 1
24 19 15 23 30597 1
7 19 11 13 25916 1
8 20 23 8 62784 1
9 22 22 15 59775 1
14 10 17 21 35211 1
4 11 24 2 62151 1
10 5 11 16 20982 1
9 24 14 1 53033 1
27 16 9 11 60285 1
5 20 25 10 56871 1
9 18 29 21 60794 1
13 12 6 27 45058 1
13 28 13 3 65430 1
24 8 4 21 66775 1
16 20 6 7 50787 1
2 18 18 22 46637 1
4 21 9 5 40560 1
22 3 11 22 55579 1
18 27 1 20 52791 1
17 1 12 18 53152 1
2 12 13 11 22922 1
2 2 9 9 37541 1
17 28 12 6 67409 1
4 27 1 16 48343 1
27 15 18 29 64088 1
2 2 6 10 34975 1
12 27 5 5 56104 1
9 26 21 8 56239 1
6 28 13 5 55878 1
6 13 27 10 55480 1
11 2 0 16 58560 1
25 26 28 18 43349 1
19 20 25 10 41141 1
22 1 13 17 58399 1
25 13 8 0 59411 1
21 8 2 6 58390 1
15 1 21 25 65816 1
19 4 2 19 68587 1
18 25 29 24 34960 1
16 2 21 26 72214 1
18 17 21 5 46295 1
15 21 29 4 65025 1
29 21 7 28 73878 1
19 12 4 8 41533 1
9 3 8 27 52027 1
17 20 6 3 63253 1
17 29 0 13 68559 1
17 12 0 0 56200 1
13 25 15 8 51922 1
7 24 8 2 54387 1
18 22 9 6 48874 1
0 2 27 11 79995 1
13 3 26 5 25141 1
2 22 23 0 87152 1
16 15 21 27 50498 1
13 27 25 0 86525 1
26 21 12 2 77850 1
17 26 11 13 47790 1
17 3 2 2 37022 1
10 4 4 11 26876 1
8 16 25 29 72491 1
28 25 16 14 64944 1
25 1 18 4 22236 1
17 4 0 23 80099 1
6 15 29 1 73854 1
7 0 17 2 26749 1
18 19 26 22 35183 1
28 11 19 3 43145 1
23 2 4 11 61136 1
27 16 1 9 75504 1
28 18 21 10 55170 1
12 20 11 11 31955 1
1 12 8 21 34205 1
2 12 16 12 24729 1
25 2 2 14 65337 1
26 24 13 6 69191 1
11 9 21 16 43946 1
29 23 14 14 53875 1
18 9 21 19 34195 1
2 29 1 16 49289 1
11 3 21 22 64476 1
4 29 24 14 74997 1
2 0 27 2 56569 1
24 14 19 25 61586 1
18 27 2 5 74301 1
18 25 26 17 44479 1
10 3 26 23 72443 1
8 16 16 5 43585 1
5 5 18 19 51663 1
4 20 15 23 35306 1
15 24 24 14 61525 1
5 20 22 16 63063 1
21 20 7 26 46852 1
8 16 17 1 52444 1
21 28 8 21 57143 1
28 3 0 26 96493 1
15 26 4 24 35930 1
19 18 5 13 47997 1
17 3 5 7 38382 1
7 24 0 2 70313 1
8 2 25 20 75491 1
13 15 19 20 27205 1
19 7 13 29 61844 1
14 25 5 9 54870 1
9 8 5 14 31431 1
15 19 2 17 40489 1
26 29 2 4 104849 1
5 26 23 17 68456 1
11 11 12 0 42272 1
10 1 26 1 39122 1
19 2 13 13 35501 1
10 11 28 13 40390 1
27 12 8 20 54970 1
25 22 16 25 42158 1
17 3 15 19 34657 1
14 10 2 19 48236 1
8 26 11 12 28260 1
29 1 16 16 62703 1
1 14 15 25 61877 1
12 1 14 13 34075 1
18 17 16 9 26905 1
12 21 20 16 36754 1
29 25 3 8 87511 1
27 25 5 2 104257 1
26 26 21 2 91210 1
17 20 11 6 46808 1
21 6 12 7 30178 1
19 8 14 1 26368 1
23 4 23 15 51317 1
6 15 8 6 35678 1
3 16 19 2 65023 1
16 24 29 7 69827 1
17 21 26 10 49889 1
13 13 12 26 35103 1
28 26 3 3 105669 1
21 29 25 14 76927 1
10 16 27 21 55619 1
29 17 21 28 59097 1
14 8 1 26 69669 1
4 11 17 22 50923 1
19 20 11 4 48594 1
8 6 4 19 47075 1
22 20 1 21 55636 1
19 16 29 19 31383 1
23 13 9 27 57633 1
27 0 3 28 100865 1
12 13 8 1 42837 1
10 15 22 21 37969 1
17 0 8 4 35755 1
9 14 15 27 42664 1
23 28 24 17 46490 1
12 24 23 3 62425 1
4 23 1 0 75569 1
5 10 21 0 61408 1
24 20 12 7 53356 1
5 12 25 4 52991 1
21 21 0 3 82424 1
11 10 22 4 46385 1
9 2 9 23 43551 1
12 19 4 14 40405 1
6 11 0 21 47578 1
27 23 2 5 91022 1
17 24 10 1 64804 1
8 26 26 28 73662 1
27 28 15 1 89396 1
2 27 1 16 42342 1
12 25 1 17 40644 1
16 19 21 24 24521 1
24 27 9 6 73047 1
9 16 2 3 45653 1
9 24 3 8 40142 1
3 25 19 3 78034 1
24 2 26 29 104539 1
27 3 28 13 36929 1
14 13 18 21 29510 1
19 24 20 12 36509 1
17 9 10 12 21028 1
11 11 26 13 40558 1
24 12 16 5 32740 1
14 16 28 9 49973 1
22 11 2 25 75941 1
15 4 16 28 66252 1
18 2 23 12 42891 1
6 14 17 24 51532 1
1 21 16 11 51335 1
25 17 3 28 85233 1
17 12 13 5 22960 1
14 1 23 29 84013 1
7 14 24 7 53020 1
18 18 27 6 50774 1
11 23 23 29 56793 1
25 18 0 4 83767 1
20 14 1 12 43194 1
28 20 7 5 69668 1
6 7 16 10 36571 1
2 29 10 18 33092 1
20 27 17 17 44221 1
12 14 0 7 44674 1
10 29 4 2 60542 1
29 10 19 7 38179 1
6 15 0 5 40581 1
29 28 3 6 101525 1
14 10 19 26 52205 1
6 22 17 5 58863 1
18 2 27 11 48184 1
20 8 2 21 62573 1
20 7 26 24 73838 1
10 23 26 17 56729 1
14 9 3 19 50869 1
4 25 13 0 75628 1
28 2 9 14 61667 1
13 20 4 16 38584 1
6 6 4 15 40622 1
4 28 9 6 55361 1
4 25 11 14 41734 1
16 18 6 3 59197 1
9 2 14 21 45837 1
0 9 14 12 30126 1
12 17 25 16 65301 1
9 6 16 20 46077 1
11 15 29 9 55256 1
25 8 10 2 49202 1
25 10 23 21 52073 1
28 3 25 14 30587 1
11 3 4 12 30953 1
16 1 16 22 56043 1
15 29 16 9 53538 1
1 23 1 11 53891 1
24 29 13 3 75024 1
20 6 7 22 63550 1
19 23 16 10 41866 1
18 20 2 9 49396 1
18 26 7 2 71610 1
3 22 20 5 71088 1
28 24 3 22 74043 1
23 12 9 29 50225 1
0 18 19 5 65922 1
0 21 14 19 43539 1
2 26 16 13 62816 1
4 21 22 19 45021 1
21 5 2 25 83718 1
1 15 4 28 55845 1
4 16 4 5 35356 1
24 21 3 12 59496 1
5 21 7 12 30794 1
26 9 14 15 38452 1
6 23 7 10 48478 1
21 27 14 15 50543 1
27 2 10 19 61383 1
23 26 15 5 68845 1
24 5 4 12 54164 1
28 22 7 27 81471 1
6 21 19 19 35330 1
28 5 21 19 57972 1
5 29 24 29 69228 1
17 11 12 6 35792 1
27 10 7 0 63694 1
25 17 3 23 81223 1
23 5 18 26 68402 1
4 18 20 6 61784 1
13 14 1 5 42333 1
12 18 17 8 40999 1
7 22 2 15 34050 1
2 27 15 24 44599 1
2 22 20 5 71084 1
5 15 25 11 51555 1
22 2 24 20 71722 1
15 16 3 7 37886 1
25 22 18 2 76677 1
19 8 13 21 45635 1
14 5 4 26 59570 1
13 11 28 2 50842 1
5 19 18 15 51186 1
27 10 28 24 66970 1
27 1 9 24 77722 1
12 4 0 12 36910 1
21 26 16 3 67711 1
11 21 2 28 34683 1
4 10 6 22 50722 1
28 3 16 20 60796 1
0 18 12 17 34599 1
18 17 19 27 31072 1
8 11 0 26 60458 1
1 25 12 26 37911 1
1 16 18 29 66310 1
20 6 1 11 60504 1
18 18 24 25 29894 1
14 19 3 21 36329 1
18 4 21 24 68438 1
21 20 11 6 52242 1
7 4 13 8 26136 1
19 2 20 29 84498 1
6 17 29 3 63598 1
16 25 17 11 50769 1
28 8 2 12 58501 1
21 8 3 24 72400 1
8 27 19 21 41357 1
7 24 28 5 76383 1
20 15 2 17 53693 1
8 18 6 9 35128 1
19 14 24 19 28175 1
21 0 22 20 64165 1
6 16 20 3 57501 1
22 29 21 15 60933 1
3 4 20 1 45333 1
10 5 3 16 37685 1
24 19 1 2 78924 1
26 0 0 8 77350 1
13 18 15 2 44587 1
14 13 9 20 32204 1
23 0 28 19 73515 1
10 7 28 27 86833 1
1 25 24 26 79790 1
29 6 4 9 72823 1
7 1 11 18 42377 1
11 29 18 7 54628 1
28 7 5 4 66395 1
19 15 2 9 44988 1
17 13 1 11 40945 1
8 5 13 22 42609 1
2 25 21 24 61462 1
7 25 5 3 65163 1
8 22 12 7 36497 1
3 28 1 20 36160 1
