7014 7488 5282 5319 6259 7282 6609 7183 6036 6429 7545 6243 5914 7127 6448 6397 7184 5285 5659 5806 7386 5854 6885 6038 5222 7454 7157 7226 5558
6775 7176 8450 6646 7169 7554 7097 7561 6504 8369 8241 7297 8510 7853 6149 7962 6699 7124 6136 6389 6763 6193 7070 7719 8492 8276 7518 6518 7810
6347 6637 7283 6393 7433 6735 5267 5865 6131 5496 6730 5149 7013 6128 6779 7489 7099 7604 6102 6879 5886 6117 6079 7526 6617 6579 5182 5185 7623
2490 4010 2794 3187 4429 4263 2204 3006 3575 3608 4091 4564 2485 4629 2889 3604 3611 3947 4310 2973 2553 2514 3603 4099 2735 3602 4123 4140 2373
7039 7524 6211 7671 7110 6342 7152 8357 7061 5992 7488 6558 7507 7923 7124 6167 7574 6212 7420 6231 7506 6168 5848 8221 5910 8161 7668 5975 8218
6050 4584 5920 4655 5820 5236 5823 4422 5019 5237 4833 5661 4625 4474 5631 5743 6397 6222 5768 5627 6306 6360 3981 4955 4311 4543 3941 5546 6548
6617 7014 5972 6069 6871 5666 5958 5705 5855 6832 6831 7000 6348 6049 6212 6341 6851 5481 6413 5467 6513 5251 6953 7029 7205 5066 7058 6206 6412
7426 5761 7347 6336 7597 5559 6892 6545 7001 6963 7455 5521 5855 6579 5559 6616 6767 6404 6309 5871 7468 6081 5514 5442 7964 7093 5716 7515 7452
7516 7372 5201 6126 6445 5271 6405 6421 5607 7635 6677 5916 6559 7334 7276 6476 6699 5938 6670 5170 6140 5638 6288 5896 5877 6942 6910 7015 5853
6760 6798 7525 8049 7580 6446 8780 6905 7332 7807 6856 6536 7206 7075 7742 6823 6639 8694 8235 7094 8734 7634 6686 7128 8322 6418 6220 7668 7646
5671 3764 5041 4832 5123 5608 4572 3842 4866 5222 6127 4048 5734 5095 4910 4734 4052 5298 4477 4544 6047 5237 5463 6072 3619 4541 4607 4007 5480
3288 4272 4483 3997 2881 2201 3166 2502 2013 4103 2596 3565 2089 4490 2181 4316 2431 3479 3335 2899 4490 2003 2213 2234 3212 4174 3911 4344 3336
5579 4362 4303 5705 4527 5002 4493 5190 5573 4231 3421 5658 5952 5082 3545 4670 3846 3612 4240 3620 4261 4245 3754 5192 5682 4951 4414 5910 4702
6751 5822 6242 5027 5032 6724 5832 5183 5874 5800 7078 6465 5923 6971 5101 4653 5604 7062 7120 4843 6906 6805 5986 5942 5821 6587 5189 7079 6193
3918 3695 3714 4536 5600 4493 3489 3747 3999 3789 4223 5371 4066 4655 5870 4549 3502 5044 3371 4241 5247 3991 5065 5585 5914 4634 4796 4773 4808
3381 3125 3533 5684 4209 5025 3387 5319 4254 5182 5587 3095 3161 4503 4746 5057 4032 4509 4397 5016 3284 3979 4766 3637 3560 4795 4199 4993 5570
3078 2407 1987 1764 3550 1759 3217 2691 2742 1986 3530 3498 1888 2761 2762 2238 2636 2533 2358 2840 3426 2851 2815 2376 2853 3187 2477 3910 3946
6269 7447 7284 6818 5771 6091 5733 6410 6945 5781 5716 6876 7825 6833 8123 7590 6889 5825 6145 8355 7578 8369 7382 8318 7691 6479 6926 6903 7045
7043 5000 6492 7371 6038 6840 5902 5224 6859 4847 4949 6248 6118 7046 7209 4810 5109 5444 5447 4870 7215 6828 7317 5180 5862 5592 7240 5954 6529
6452 7687 6563 7527 5757 6180 7201 5992 7420 7188 6421 6110 7052 6357 5334 5986 5495 5371 7070 6419 6635 6651 5299 5731 5837 6872 5703 5544 5210
5759 5189 7237 4956 6864 5879 7404 7011 7075 6414 6168 5503 7303 6280 6865 6193 5016 5566 5329 6606 5798 7458 5620 6961 6812 5593 5737 6156 5194
8675 7861 8146 7800 8226 8126 7062 7648 6081 8175 7681 6229 6085 6787 6443 8570 6756 6151 7193 7146 6275 6998 7459 7651 7005 7440 7810 7321 8492
3308 4134 4622 4517 5786 5656 3916 5093 4456 4047 5798 5716 4577 3243 4649 5001 3185 4660 5166 3846 3441 3466 3516 4652 4883 3224 4622 4638 4973
5001 2556 2683 4100 2456 4178 2401 3632 3240 4944 3793 3810 3177 4342 4856 3603 4863 4053 3735 2700 4439 2602 3601 4131 3393 4540 2429 3112 2702
6821 6874 6524 8344 7743 8340 6557 5945 7081 6711 6178 8429 6180 6453 6789 6891 6974 6056 8297 7447 7591 6293 7040 7518 6452 7671 8445 8130 7440
4133 5648 5195 5736 5917 6494 4785 4869 4253 4582 4295 4687 6074 5799 5862 4404 4735 6130 5272 6307 6372 6273 6415 4339 6090 6367 5518 4575 6065
8662 6817 7562 6828 7223 7291 7114 7194 6707 8010 8022 6331 6546 7505 7220 8323 8084 6729 6609 6145 6582 8023 7002 7854 8114 7704 6298 6439 7764
6022 5820 5864 8358 6315 7766 7938 5801 7952 6331 7887 7753 7457 5967 7230 7706 8332 6427 6738 6577 7420 6440 6393 7021 7938 6929 8243 8129 7688
4416 5095 5604 5320 4920 5232 4725 5092 4508 5735 4379 5994 4587 4896 5357 4780 5887 3610 4313 5531 3901 4316 5859 5580 5949 3524 5509 4983 4613
4487 5081 5008 4780 4775 4898 6521 4528 4760 3953 4362 4228 5010 4802 6314 5745 6480 4786 5320 4956 5853 5083 5580 5388 5564 6043 3901 6509 6318
3698 5949 3698 3284 2848 8685 6378 6777 2372 3477 7042 6366 6786 4006 2038 5498 6287 5222 3772 4497 4044 3097 4594 5151 5156 6612 7867 3199 6991 3404
3386 4734 2901 3812 3422 8550 7798 5590 3399 5012 5964 5706 6148 5307 4482 5693 6450 4933 4799 4226 5992 1367 4329 3736 5654 6746 7395 1843 7972 1737
2185 5091 2862 2052 3475 8032 6119 6373 2445 4425 7532 6138 7915 5277 3666 3530 7884 3614 4144 5468 4940 2581 2872 4624 7053 6980 8412 3020 6604 3247
2248 4716 3245 3446 4030 6531 7459 5495 3149 4424 6653 6839 6140 4753 3135 4215 6475 4217 5132 4876 5035 3880 4682 4821 6829 6817 6659 2872 7237 3428
2340 6560 4559 2710 2701 6778 8237 7025 1786 3418 6597 7081 8153 3166 2551 5632 8042 5580 5301 3487 5888 3041 2702 5681 6910 8774 6390 1767 5700 2369
2576 4349 4169 2172 2183 6104 6554 5248 1960 4940 5850 6634 7618 5038 2187 4739 7388 3238 4713 3043 5276 2841 3660 5312 7114 8820 6879 4227 7128 3566
2508 6030 3580 2260 4048 8331 8156 5639 3488 3840 7502 5493 6002 4813 2018 5266 7421 4728 3828 3810 4189 1605 2741 3944 6316 6386 8444 1712 7974 2332
4292 5867 3402 1841 3085 6112 7081 5363 3908 3567 5187 6352 6706 3207 3425 5023 7913 4609 5667 4925 5616 2850 5046 5410 4872 7643 7040 3333 7125 3846
3874 5341 3051 2050 4225 6436 8193 5819 2639 3513 6388 5019 6626 3870 4354 4396 8567 5013 4609 3600 4651 3986 3737 5520 7358 6522 8592 2250 5935 1969
2679 5375 4031 4037 2915 6260 8389 5501 2754 4573 5958 5396 8185 4080 4240 5944 6786 4030 5846 3515 5198 3606 4802 5178 6431 6250 6394 4297 5569 1709
4234 5787 3331 4001 2881 6601 6087 5527 3763 5214 6130 5933 6765 3343 2092 4500 8309 4897 5376 3397 5508 3546 4274 4758 6879 8611 6514 1691 6410 1754
4413 6396 3739 3495 2665 8728 8334 5502 1558 3674 6754 7326 8232 3895 4275 5643 7436 5308 3679 3917 4974 2914 4480 3928 6907 8768 6912 2381 5525 3550
3040 4957 3724 2276 4051 6458 8164 6652 2644 3354 7320 5655 7522 3113 3354 4424 8448 4777 4106 4095 5739 1343 3155 4153 5469 7332 7869 1907 5484 3684
2648 5572 2971 4122 2070 6676 7028 5222 3208 5578 5801 5482 7013 3583 3040 5064 7411 5148 3695 2969 4441 3714 4173 4502 7411 8831 7824 3170 5776 2893
3462 4834 3173 2505 2951 8607 6871 5466 1691 4102 7470 6762 6571 3362 2843 4019 7043 3238 6070 4300 3733 2820 3469 4609 5363 6479 6620 3713 6132 2232
4074 4776 4394 3029 2954 8109 7272 5270 1995 3528 5500 6136 6405 3067 3924 3649 7564 4318 6035 5082 5510 2952 5190 5734 6004 6616 7697 3520 6775 3978
3943 4862 3264 2116 3547 7325 8471 5998 2631 5178 5878 6336 6575 4538 3102 3490 7598 5216 3857 4586 5446 3659 3999 4137 7087 6362 8101 2056 7332 3077
4094 6468 2364 2372 3555 6635 7416 6748 2644 5417 6368 4865 6978 5390 3842 3594 8071 4727 5463 4186 5078 3598 2906 4044 6087 8707 8342 2146 7001 2167
4330 5362 3721 2236 2115 6300 7718 6111 3896 5090 7483 5544 7808 4097 2036 5162 8421 3944 4424 4440 4519 1446 4898 6192 7143 7042 6302 3031 5700 2047
4767 4604 2494 2496 2953 7136 6902 5476 3554 4448 6435 7000 7690 3270 3486 4770 8801 5188 5781 4759 5362 2349 4933 4433 6175 7658 6578 2159 5377 2765
3639 4978 3396 3387 3946 6255 7532 5936 2431 4235 6393 5707 6050 4682 1872 4251 7395 5219 4680 5082 3676 1921 4494 4832 5814 8268 8633 2383 6157 1705
2208 4294 4303 3138 2129 7858 7717 7264 2522 3890 5828 6581 7980 3880 2026 5619 8938 3300 5382 5107 5330 2203 4210 3652 6679 7721 7844 3200 6097 2010
4290 4795 2331 3090 2118 8600 7610 6439 2224 3763 6822 6213 6343 3972 1993 5854 6357 3870 4610 4557 6104 1834 4621 3987 4892 8505 6685 3577 6603 4022
3295 4858 2981 2198 3202 6400 6016 5407 2392 5534 6648 6375 8238 4017 3019 4485 8433 4345 4974 3420 5112 2030 4402 6033 6520 7138 7823 2569 5730 1930
4392 6621 3325 2065 3214 8592 8079 7612 2744 5582 6209 5773 6664 3988 2337 5326 8491 3687 5205 3348 4261 2738 3744 5328 5352 8716 8489 4265 6139 2275
4352 5716 3846 2914 2550 6999 6479 7155 3206 4327 6547 6797 6130 4036 4348 4621 8839 3151 4937 4611 4562 2364 2648 3599 6683 8104 8822 2089 6759 3765
3535 5208 2808 2842 2377 8028 6407 6002 2451 5493 7172 6123 8087 4192 2290 3575 7872 4384 4349 4917 4985 1343 4043 6127 5528 7745 6813 2446 5779 1786
4510 4646 4165 3476 2591 8254 6935 7443 2396 2980 6656 6583 7553 2826 3024 5114 8425 3399 5243 3918 5127 3768 3743 6007 6267 6967 7367 1776 7462 4259
3993 4687 3438 2046 2602 7043 6881 7103 3453 4508 6604 6533 7054 3296 3219 6007 6477 4561 4851 4496 4142 2923 3666 4752 6480 6659 7258 3348 5469 2840
3 7 20 8 50274 1
24 6 19 19 73988 1
27 0 3 8 92173 1
0 19 9 10 76452 1
7 15 12 0 69729 1
20 28 24 3 101319 1
18 24 0 28 73819 1
27 5 23 14 53631 1
13 9 2 14 51539 1
29 16 4 24 111742 1
4 24 23 18 81977 1
24 13 12 22 60583 1
3 24 5 16 40193 1
0 24 1 15 55887 1
13 18 3 23 49981 1
11 19 7 26 42423 1
14 6 17 24 61249 1
23 12 14 10 47163 1
23 28 27 10 91987 1
23 22 5 10 93750 1
26 1 18 7 55793 1
21 14 23 1 49331 1
27 7 4 25 130560 1
24 10 3 22 100532 1
17 0 10 7 41645 1
8 24 22 6 101196 1
29 3 4 6 86321 1
26 5 1 0 91125 1
1 6 2 16 55987 1
3 24 22 29 68054 1
20 29 4 5 120216 1
25 23 0 11 123874 1
28 2 19 24 111797 1
23 11 23 26 57845 1
11 8 7 15 38526 1
21 28 24 3 104867 1
24 0 13 17 82096 1
6 21 4 11 52166 1
20 8 4 24 102016 1
29 17 12 2 99289 1
25 28 2 3 131845 1
3 29 10 26 31578 1
15 27 19 2 79594 1
23 1 12 20 86053 1
23 4 8 17 84400 1
17 21 18 1 64453 1
1 29 12 15 77915 1
12 0 9 17 67914 1
28 23 19 9 87069 1
9 8 25 6 52305 1
10 28 17 7 80835 1
28 28 12 13 87918 1
8 0 18 17 82657 1
2 5 8 19 78959 1
27 4 8 3 58985 1
10 3 17 6 34972 1
16 1 4 17 85650 1
13 26 20 1 99349 1
12 29 18 14 62939 1
27 25 22 16 58249 1
28 21 12 27 58122 1
17 16 27 6 73437 1
19 28 4 20 72060 1
9 11 2 1 67058 1
29 14 15 27 75466 1
3 14 19 29 91937 1
2 15 24 5 96886 1
20 29 10 23 50892 1
18 12 1 0 88249 1
10 19 18 25 49418 1
9 3 6 27 95517 1
4 9 15 21 76195 1
19 13 9 29 76523 1
18 6 8 22 80158 1
8 26 24 4 116378 1
5 0 17 8 60680 1
8 5 27 10 83240 1
17 15 1 27 77783 1
8 11 23 9 59298 1
16 15 29 21 48207 1
10 13 25 7 58712 1
13 2 16 13 38844 1
20 27 8 15 75484 1
15 28 29 26 47459 1
26 11 29 19 53234 1
22 0 5 15 94689 1
22 26 10 19 59446 1
17 6 26 26 99909 1
15 7 12 18 49362 1
12 6 20 26 86107 1
2 0 29 7 100626 1
10 18 19 1 78693 1
28 7 13 29 106899 1
27 21 7 14 75825 1
15 7 27 6 51748 1
20 6 1 17 99745 1
25 1 16 15 65620 1
26 22 4 12 100098 1
0 12 27 13 100983 1
12 10 25 10 53215 1
23 4 8 9 57439 1
9 17 4 26 64380 1
21 14 1 28 97911 1
18 19 28 8 70795 1
26 10 2 9 82963 1
15 26 3 26 41642 1
0 7 12 8 40404 1
15 11 3 10 54754 1
25 29 19 2 104645 1
26 17 0 22 95117 1
7 19 2 2 79274 1
5 11 0 29 79910 1
3 7 12 0 52541 1
29 4 21 0 34783 1
16 10 28 5 52868 1
19 15 20 0 68306 1
27 17 6 8 90302 1
2 27 25 23 84266 1
14 3 12 28 88492 1
6 6 7 21 76764 1
12 27 27 29 46432 1
13 17 6 1 79506 1
7 2 11 23 79248 1
21 7 4 9 60849 1
17 7 1 12 71941 1
29 2 21 26 118290 1
24 24 12 13 68543 1
23 10 11 24 72465 1
25 19 29 28 57605 1
14 24 16 5 62274 1
11 21 3 28 44036 1
27 20 8 21 57786 1
26 9 11 25 92221 1
8 5 13 23 81450 1
28 13 11 25 80469 1
15 9 7 4 37211 1
0 0 22 14 99407 1
26 8 18 2 44037 1
19 23 15 6 65852 1
25 16 13 4 69576 1
4 13 22 9 75113 1
14 29 17 0 90219 1
12 27 6 7 84372 1
22 1 21 11 49021 1
5 7 16 17 58071 1
3 18 28 11 104341 1
17 7 7 29 92095 1
12 25 25 13 78007 1
24 8 27 23 75255 1
8 20 10 28 40723 1
12 12 22 0 69211 1
5 22 19 10 88353 1
20 11 13 26 82357 1
0 23 29 23 101541 1
26 21 2 27 80561 1
16 13 4 0 73261 1
3 9 29 13 95919 1
5 10 3 1 39084 1
8 28 23 28 48117 1
15 0 16 24 67767 1
15 29 6 26 39612 1
0 6 19 17 94479 1
5 23 10 16 49357 1
6 9 16 26 82546 1
17 2 7 2 35080 1
27 27 12 28 48141 1
19 22 20 3 72053 1
1 6 20 22 107378 1
5 6 13 19 71367 1
7 3 1 11 50795 1
29 24 11 10 95027 1
14 19 18 9 46167 1
23 25 8 3 101581 1
7 6 7 18 78157 1
9 2 4 29 111551 1
27 8 14 24 85302 1
20 0 5 10 77451 1
28 11 17 3 60731 1
0 28 27 5 153123 1
25 5 10 8 56045 1
23 22 13 0 85447 1
17 4 11 12 38137 1
7 10 25 13 81206 1
21 20 5 1 106869 1
7 2 21 5 59603 1
23 14 6 23 78690 1
2 16 1 26 56856 1
2 0 29 16 124612 1
16 20 17 9 34208 1
15 0 8 10 58021 1
0 23 29 27 99955 1
11 25 4 10 77299 1
9 21 1 14 50238 1
9 21 29 25 74662 1
17 22 10 15 46043 1
23 7 14 20 64549 1
4 1 27 19 130532 1
14 17 26 4 72143 1
24 27 22 16 45247 1
22 7 21 20 64453 1
0 17 23 13 88010 1
21 26 5 9 105969 1
5 15 13 18 44139 1
12 6 0 25 108874 1
18 4 26 15 65073 1
4 29 1 7 90861 1
13 21 8 13 42525 1
20 17 1 18 88109 1
19 24 11 26 44247 1
21 5 1 12 98811 1
19 26 24 3 98707 1
14 26 1 27 39266 1
24 7 1 27 121699 1
1 16 16 13 64273 1
27 16 13 14 55094 1
26 16 23 28 58002 1
28 8 26 0 48449 1
18 6 26 19 81548 1
7 14 1 21 37726 1
28 16 19 0 88298 1
25 21 9 11 77335 1
22 21 3 29 75079 1
25 29 4 24 80477 1
24 1 25 12 49817 1
22 25 15 20 37929 1
15 2 0 16 95999 1
3 27 13 27 26437 1
16 5 1 25 108640 1
19 11 18 27 64446 1
14 25 23 6 85123 1
3 23 23 4 111993 1
28 2 16 8 50915 1
8 20 11 2 69510 1
12 14 4 12 37738 1
15 14 4 14 34379 1
17 28 22 8 78394 1
1 1 3 16 62267 1
6 11 28 9 84528 1
3 24 3 3 74144 1
5 9 27 3 76462 1
14 8 19 1 34644 1
14 12 15 29 60442 1
22 6 28 12 45038 1
18 27 9 8 73572 1
9 7 17 13 42384 1
23 9 27 19 57472 1
16 6 6 8 33556 1
1 3 6 22 83350 1
15 19 17 4 48778 1
16 26 17 14 35977 1
6 10 12 25 83605 1
6 9 13 25 84741 1
17 7 13 28 77928 1
7 22 1 27 36810 1
18 5 16 13 35271 1
6 28 0 16 70484 1
24 6 16 9 34693 1
11 0 25 12 80741 1
15 26 19 11 65464 1
28 27 13 8 90348 1
9 15 1 26 81116 1
22 23 17 14 44053 1
16 29 10 5 85179 1
16 29 24 23 44133 1
8 20 28 26 84786 1
7 8 4 19 56572 1
17 14 26 3 58500 1
8 2 17 26 98120 1
17 27 25 8 78851 1
13 4 2 2 38601 1
11 18 24 15 57541 1
11 25 18 22 33161 1
5 25 2 11 64848 1
5 22 0 14 43971 1
7 8 9 0 46767 1
3 23 20 21 56267 1
6 2 25 27 122862 1
10 1 28 7 75604 1
22 10 8 20 84270 1
26 24 6 17 96418 1
22 7 22 19 55277 1
23 8 11 15 52035 1
5 23 22 1 114908 1
21 12 8 29 90365 1
9 19 15 15 38378 1
11 3 2 11 55606 1
11 27 24 18 64108 1
4 6 6 29 96060 1
11 26 29 24 69155 1
2 6 28 21 110323 1
6 29 0 7 98790 1
3 0 11 21 88260 1
10 18 4 22 38728 1
18 22 6 27 48587 1
18 17 12 23 39928 1
25 7 3 27 118504 1
21 15 20 25 60157 1
10 2 14 22 76510 1
2 27 23 5 121730 1
29 6 21 29 111788 1
16 3 8 19 69187 1
10 27 25 23 60788 1
23 4 18 20 73876 1
1 16 22 19 90590 1
28 14 21 4 55238 1
9 14 24 8 58578 1
22 27 11 24 40963 1
14 2 3 27 109669 1
1 20 14 19 53525 1
9 27 23 16 74038 1
7 5 27 10 87527 1
2 11 10 19 60957 1
27 1 15 27 108556 1
11 27 21 26 34276 1
12 1 11 22 70897 1
17 10 9 15 47616 1
11 15 20 5 62384 1
6 17 2 29 57254 1
27 14 7 20 84343 1
14 0 4 7 63315 1
12 6 1 12 63397 1
21 19 15 6 62686 1
25 22 16 12 51200 1
3 10 7 25 74875 1
25 17 16 27 56528 1
28 3 5 26 133210 1
22 12 10 10 58345 1
19 10 14 16 46292 1
28 5 26 26 115710 1
6 19 25 0 114684 1
26 20 21 7 73445 1
29 19 2 6 123322 1
20 25 26 29 34274 1
0 27 0 2 104921 1
1 26 17 13 91872 1
6 27 9 4 89563 1
4 9 10 22 74734 1
24 29 3 9 116171 1
4 1 29 18 132629 1
19 21 10 11 58864 1
28 11 14 14 55619 1
2 9 8 17 56278 1
15 27 8 2 96016 1
21 29 10 10 89130 1
28 14 27 29 77971 1
16 6 25 28 87626 1
1 3 3 17 56009 1
22 9 6 2 67853 1
28 15 22 11 35904 1
6 24 28 26 84509 1
4 19 5 7 55546 1
21 11 18 19 54514 1
13 1 2 8 57756 1
11 20 13 8 41699 1
23 12 0 25 114655 1
16 24 18 4 61559 1
19 4 4 24 109725 1
17 24 15 15 34809 1
4 24 1 16 46074 1
10 23 7 6 77462 1
29 9 13 22 90438 1
13 8 6 27 77219 1
21 4 3 24 111845 1
22 20 2 10 101854 1
13 20 22 13 48658 1
1 28 5 8 83831 1
24 4 4 8 66176 1
0 14 14 8 60454 1
4 23 20 25 76354 1
16 25 2 11 88942 1
8 11 6 23 75230 1
2 20 24 12 98280 1
21 28 15 19 46907 1
20 24 0 1 134107 1
16 16 26 23 51201 1
7 18 14 23 45934 1
21 22 9 17 56844 1
15 5 0 9 60531 1
20 27 0 0 127787 1
21 6 18 24 84091 1
20 27 11 25 32168 1
1 4 20 8 67536 1
9 12 4 4 59365 1
1 16 5 28 59890 1
13 28 1 19 69412 1
11 8 25 18 72345 1
1 21 26 26 93378 1
21 28 25 11 84959 1
13 24 5 16 65354 1
13 10 28 3 62586 1
29 29 13 3 115615 1
14 3 21 14 49258 1
6 3 17 2 34867 1
28 28 22 10 88400 1
28 2 24 18 81521 1
10 4 22 25 91618 1
20 8 28 16 55638 1
5 8 6 29 88326 1
7 14 10 27 56680 1
5 26 18 19 67739 1
26 24 10 10 98149 1
0 13 26 13 92299 1
18 18 3 22 59556 1
14 12 27 21 57534 1
9 17 26 8 76051 1
25 16 26 28 63752 1
17 27 4 19 65524 1
10 8 25 5 56045 1
20 11 25 23 70389 1
25 4 9 18 91577 1
5 5 22 5 63879 1
29 4 6 25 139088 1
15 6 6 24 94468 1
3 7 27 8 68244 1
7 2 24 11 82395 1
2 29 25 24 86398 1
15 16 16 28 39976 1
5 8 19 25 96327 1
28 12 24 6 43915 1
0 22 22 28 86410 1
28 26 22 2 110807 1
20 27 4 25 58851 1
29 7 5 1 93495 1
7 28 25 16 95040 1
5 18 13 6 75738 1
4 7 29 28 133062 1
29 11 12 1 82905 1
18 5 22 28 92997 1
13 29 1 0 126492 1
2 4 12 0 45120 1
7 23 10 11 64290 1
19 20 10 25 46029 1
14 14 6 21 49393 1
16 8 8 19 56206 1
15 17 13 8 35253 1
1 0 7 13 68047 1
21 10 4 28 116415 1
27 29 10 8 100738 1
21 12 13 23 65333 1
25 27 19 5 103334 1
27 0 18 3 40161 1
0 0 18 8 71913 1
21 23 20 7 78211 1
20 19 2 26 85057 1
9 28 5 11 85221 1
23 1 22 20 73812 1
24 27 16 14 56473 1
10 22 18 12 57015 1
7 18 20 14 63783 1
25 27 3 4 125057 1
25 29 6 29 49945 1
12 26 24 14 73452 1
26 2 18 14 64321 1
13 5 22 2 35138 1
0 21 14 24 54784 1
13 28 9 17 52244 1
14 26 4 16 78948 1
29 9 15 11 55698 1
23 6 3 21 100231 1
2 28 27 20 94509 1
3 24 0 11 63573 1
8 27 23 1 111741 1
23 19 14 22 33912 1
4 19 12 6 71616 1
16 2 7 27 92987 1
25 13 0 15 87584 1
19 20 29 13 65907 1
28 20 18 19 37982 1
1 17 20 10 97670 1
8 4 3 22 79302 1
29 21 29 11 53494 1
2 17 4 6 49339 1
18 10 23 21 59726 1
23 12 14 18 46112 1
22 27 29 15 70545 1
29 25 15 12 81549 1
11 24 18 8 60666 1
15 3 2 17 83153 1
12 1 8 20 77187 1
5 28 21 3 115092 1
19 15 2 10 78758 1
23 10 9 0 72885 1
1 5 21 27 124130 1
21 1 7 8 61138 1
14 27 4 13 74292 1
15 10 22 26 70887 1
29 26 1 5 151301 1
23 10 21 29 75913 1
25 2 16 13 54449 1
14 17 23 12 41068 1
7 16 16 21 53262 1
16 21 7 5 77747 1
15 26 0 28 52807 1
23 15 25 29 54108 1
3 4 12 15 63494 1
12 18 13 2 61211 1
28 6 28 27 104032 1
23 6 18 17 57880 1
0 21 23 7 104875 1
21 2 8 23 98820 1
24 24 14 22 43627 1
28 8 24 0 43491 1
8 22 4 1 95303 1
10 0 15 6 41245 1
13 20 26 4 86002 1
15 24 20 12 58749 1
6 9 20 14 62137 1
5 0 9 8 47901 1
29 19 21 21 29279 1
25 17 22 27 47232 1
10 4 5 12 52893 1
0 18 13 15 63012 1
23 5 1 18 107061 1
15 20 4 19 44732 1
6 26 8 6 102057 1
6 7 18 16 64414 1
28 28 11 26 55282 1
6 0 26 16 114397 1
21 22 29 9 78351 1
24 14 15 0 62308 1
28 12 7 3 91194 1
17 22 27 19 41959 1
1 15 20 9 85866 1
27 3 26 14 59796 1
21 17 3 22 77063 1
5 22 22 23 60405 1
20 24 27 1 114046 1
13 12 20 8 40369 1
24 25 16 7 75764 1
27 20 7 28 83241 1
14 5 27 1 53567 1
19 15 27 5 68342 1
3 0 6 14 57208 1
18 27 0 29 55934 1
20 29 27 16 73073 1
9 13 7 3 48180 1
17 17 26 8 57501 1
7 15 20 11 68519 1
5 29 0 19 52703 1
4 26 7 3 97728 1
3 11 17 20 73929 1
8 12 11 19 37438 1
11 3 19 17 63771 1
6 29 5 15 67397 1
20 21 20 1 78250 1
23 29 21 17 48607 1
7 25 15 1 108455 1
0 27 6 19 45670 1
24 21 28 4 80186 1
26 9 12 2 62542 1
27 18 23 28 52273 1
13 1 16 20 62794 1
1 28 18 27 52423 1
21 25 11 27 41716 1
0 29 25 26 81657 1
26 19 22 12 42302 1
19 18 6 29 72908 1
24 29 1 18 100732 1
23 25 28 14 56994 1
17 20 13 27 35834 1
21 1 18 16 68039 1
17 24 3 9 88445 1
8 0 25 21 105649 1
13 21 27 23 47804 1
27 26 8 28 68108 1
19 26 26 21 44850 1
17 14 20 7 39243 1
1 12 23 5 93365 1
16 15 21 7 41971 1
12 27 14 1 89991 1
26 24 13 6 98302 1
16 20 2 26 65027 1
15 26 5 14 72975 1
12 21 17 8 48658 1
11 19 3 2 74371 1
22 27 1 4 121543 1
25 2 13 5 42595 1
0 18 9 21 40754 1
23 22 11 2 85136 1
27 7 22 12 38724 1
2 17 21 21 69468 1
28 17 10 26 80701 1
13 27 6 16 66366 1
27 5 0 18 129958 1
6 9 4 28 85569 1
2 11 10 26 85299 1
11 27 15 19 36838 1
16 21 22 1 72680 1
11 18 9 5 51993 1
27 29 9 21 71576 1
20 29 1 8 110056 1
17 1 20 17 65353 1
9 19 29 22 65279 1
29 11 4 16 102228 1
1 9 14 12 60587 1
13 2 25 16 75584 1
16 25 18 4 64412 1
11 7 1 0 49342 1
19 9 9 29 90534 1
19 8 17 27 62984 1
24 20 0 8 104518 1
5 9 11 15 44568 1
18 8 2 29 103623 1
25 25 5 9 114427 1
19 5 7 9 55617 1
15 12 28 25 78739 1
27 26 19 24 49343 1
15 9 23 4 37829 1
10 28 12 9 67093 1
1 7 8 24 92283 1
2 1 11 21 90861 1
9 8 0 0 52582 1
29 27 25 0 123438 1
25 16 9 4 78026 1
4 1 28 15 113501 1
29 20 22 25 38637 1
28 25 3 2 137024 1
21 27 20 11 78540 1
0 29 16 19 74557 1
28 4 8 4 59009 1
22 16 29 2 72265 1
18 0 9 18 82071 1
1 4 20 2 61858 1
26 6 0 7 91113 1
16 3 2 24 104546 1
0 8 12 2 54208 1
5 0 22 8 75727 1
12 16 3 28 65897 1
28 20 12 10 82864 1
25 9 10 20 82926 1
21 29 13 1 102396 1
3 4 25 29 128242 1
25 24 11 22 54258 1
21 29 7 15 90732 1
6 29 5 13 70599 1
10 18 15 28 49174 1
11 17 21 25 67360 1
6 19 27 27 86859 1
18 0 12 8 38028 1
24 11 1 25 120629 1
22 29 5 0 131433 1
18 4 16 15 37486 1
13 25 18 17 52193 1
18 24 13 3 76862 1
20 1 29 18 97478 1
5 6 18 10 56827 1
26 20 19 0 98742 1
5 21 19 20 47515 1
15 1 7 20 89131 1
12 3 10 21 63775 1
19 25 19 12 72703 1
11 10 21 11 54305 1
19 29 7 15 86262 1
29 6 12 28 117570 1
5 16 27 14 77477 1
14 15 3 10 56310 1
3 7 18 8 42824 1
13 3 26 16 81561 1
23 16 10 25 67491 1
12 6 8 15 47118 1
13 5 19 14 47476 1
1 23 8 11 70516 1
12 16 1 23 61693 1
25 5 8 26 122782 1
13 12 5 23 69037 1
7 0 10 8 45632 1
5 6 11 12 41034 1
29 1 1 18 134394 1
5 20 28 22 72052 1
1 25 29 3 148330 1
17 15 3 24 68835 1
17 24 15 1 72478 1
15 5 14 19 54040 1
22 4 8 21 89541 1
4 2 1 25 96644 1
21 28 19 0 103673 1
0 15 8 6 66703 1
22 23 13 27 42759 1
0 15 27 14 88423 1
29 0 1 12 125185 1
9 20 27 4 101756 1
22 12 17 27 61592 1
2 15 7 3 57048 1
23 5 9 9 53009 1
3 16 15 8 58452 1
9 9 20 28 90201 1
15 14 8 2 61068 1
18 14 26 1 71138 1
3 29 22 19 82366 1
7 19 18 7 71630 1
29 3 13 5 49147 1
13 26 28 14 84319 1
4 16 13 14 41787 1
20 5 24 23 91262 1
14 28 17 12 58582 1
25 10 20 17 49558 1
10 20 20 19 46275 1
3 1 12 29 114747 1
12 3 21 2 29158 1
14 6 29 26 101625 1
25 22 27 11 69187 1
1 9 19 24 107773 1
19 2 27 19 92686 1
11 8 24 8 33390 1
8 27 15 15 59168 1
22 3 12 29 101126 1
26 14 13 11 52170 1
21 24 28 16 55604 1
16 29 25 27 30441 1
18 17 15 7 41298 1
10 24 16 3 75251 1
10 27 26 2 112790 1
20 26 14 5 82301 1
15 10 0 23 94696 1
20 1 23 28 105421 1
6 8 22 1 65130 1
29 9 8 0 89977 1
1 5 3 22 75408 1
10 24 9 7 68422 1
28 4 10 23 103429 1
19 4 1 19 102443 1
1 16 5 29 62015 1
25 10 2 13 92016 1
24 7 7 6 65836 1
6 23 17 10 77888 1
4 25 25 10 122227 1
14 11 12 28 72199 1
27 10 29 21 62814 1
26 5 12 29 120169 1
22 21 11 23 33135 1
4 10 13 16 61403 1
16 14 21 3 41993 1
9 13 25 22 73755 1
2 25 14 25 53742 1
18 28 9 11 82272 1
19 13 3 20 75781 1
4 8 23 24 93936 1
27 12 10 22 82588 1
19 23 28 18 46245 1
2 3 16 8 50127 1
4 3 24 1 63430 1
9 26 25 13 88792 1
22 27 16 0 87185 1
0 14 10 8 52822 1
24 0 0 29 148840 1
12 28 7 23 42688 1
24 17 0 17 101335 1
25 16 1 5 110982 1
12 0 20 14 62548 1
23 4 21 27 91695 1
1 20 22 14 84966 1
7 17 24 18 79353 1
9 8 4 19 63119 1
28 27 16 7 86145 1
24 29 18 10 85571 1
10 22 15 0 79745 1
21 1 22 17 68343 1
0 6 14 29 122228 1
15 5 28 13 70402 1
21 23 7 15 80366 1
2 8 18 4 55307 1
11 6 9 15 37149 1
19 28 8 17 71222 1
1 25 27 22 97700 1
7 12 0 8 44745 1
17 26 14 12 54232 1
13 3 6 7 42775 1
9 2 25 7 67595 1
14 13 13 29 61501 1
29 28 18 9 101164 1
29 29 24 4 110789 1
29 25 18 20 53725 1
26 5 6 26 134558 1
4 5 8 24 94882 1
1 7 27 0 105578 1
29 26 9 11 111062 1
11 21 4 28 42999 1
13 8 14 20 47909 1
8 4 17 14 51374 1
17 27 10 22 36765 1
23 25 19 8 75106 1
13 4 7 26 94487 1
25 5 11 19 86880 1
17 15 3 10 63459 1
9 9 22 24 84904 1
25 8 4 7 64789 1
8 25 17 20 52335 1
28 5 20 27 109289 1
23 2 13 18 74835 1
25 6 20 11 41624 1
8 24 18 26 54100 1
14 29 24 20 57186 1
16 0 12 26 88934 1
4 8 23 27 101703 1
14 6 28 0 65207 1
17 2 2 26 115031 1
13 6 8 16 57570 1
18 26 23 14 65151 1
12 11 15 28 71361 1
13 25 27 12 93661 1
21 3 24 26 100085 1
23 26 15 6 81176 1
27 4 13 24 103393 1
20 26 20 9 84277 1
11 14 20 28 68336 1
4 17 9 11 51492 1
15 4 20 23 73499 1
18 28 6 0 117386 1
14 26 22 10 82890 1
13 0 13 27 92797 1
25 29 21 10 86119 1
6 4 13 17 65773 1
5 24 24 21 66223 1
15 14 28 4 65843 1
22 28 0 25 79126 1
16 2 27 7 51464 1
13 22 14 11 51356 1
1 2 14 1 48376 1
7 11 27 0 100138 1
3 28 24 2 130217 1
13 13 18 21 38823 1
10 10 4 24 82351 1
3 11 8 24 67604 1
10 0 14 12 55816 1
28 4 21 16 68939 1
27 14 12 18 58388 1
22 0 11 2 44985 1
3 26 4 11 58957 1
13 0 19 14 56022 1
17 22 29 4 90164 1
26 22 4 14 87502 1
10 13 25 13 52636 1
6 17 29 17 101057 1
0 6 10 19 83450 1
16 20 8 25 46889 1
13 21 7 9 61098 1
17 23 18 14 35540 1
11 28 2 4 104371 1
15 15 4 29 76155 1
0 13 26 26 127876 1
6 10 25 28 121816 1
19 5 8 0 52634 1
11 8 25 18 72345 1
22 12 8 29 87339 1
18 27 29 23 51739 1
24 0 4 23 127346 1
28 3 1 13 108761 1
2 5 20 17 95164 1
24 15 11 27 76138 1
25 28 24 17 51377 1
5 8 0 1 41767 1
11 18 0 4 77826 1
18 27 18 12 57756 1
9 2 17 27 91501 1
27 10 4 4 88862 1
23 12 7 26 93206 1
6 10 12 14 46319 1
10 2 13 14 49046 1
5 11 4 24 61378 1
15 17 23 20 36924 1
0 12 9 24 84520 1
21 17 22 26 40154 1
18 15 13 9 36717 1
11 22 28 6 93852 1
11 3 2 20 83879 1
6 5 27 7 81473 1
6 6 26 2 77816 1
17 20 9 22 33694 1
1 6 22 7 76441 1
21 0 0 27 137885 1
18 3 4 19 88940 1
6 20 12 5 75555 1
0 28 8 8 97094 1
24 25 20 0 107490 1
29 12 21 10 50500 1
3 23 0 14 40190 1
19 10 17 2 42011 1
10 28 19 18 59316 1
12 22 2 13 63410 1
2 25 11 18 56010 1
17 14 4 5 70054 1
1 2 28 12 110339 1
24 24 14 15 57563 1
24 4 14 18 71423 1
18 15 8 28 69618 1
24 12 3 14 74334 1
26 12 29 1 69424 1
7 11 17 4 57272 1
22 9 13 26 89483 1
4 9 24 4 72827 1
29 3 16 18 73931 1
6 0 14 8 51787 1
21 19 1 19 80712 1
16 20 7 21 31157 1
28 20 1 20 82963 1
8 7 23 21 78881 1
12 1 25 11 71454 1
19 8 10 7 27872 1
25 26 20 11 86274 1
27 18 22 10 55646 1
23 9 9 6 54382 1
0 23 14 12 86664 1
13 15 29 3 78670 1
18 5 24 9 40740 1
10 10 20 0 60929 1
3 22 20 28 70550 1
14 20 22 14 40974 1
6 19 17 13 59436 1
11 25 3 2 91422 1
9 26 5 17 66637 1
8 11 26 21 84718 1
20 1 9 0 47067 1
4 25 11 4 97263 1
4 26 13 4 104145 1
24 18 15 6 67812 1
19 15 8 22 56836 1
23 24 4 10 106579 1
13 15 29 2 83678 1
25 8 27 18 58653 1
17 26 19 4 77815 1
1 16 10 19 50759 1
28 23 9 5 106452 1
9 14 0 8 48838 1
9 9 19 7 38059 1
18 14 15 28 50809 1
21 7 16 21 58002 1
15 8 21 25 76607 1
14 3 29 25 107480 1
28 5 16 19 77072 1
25 21 22 8 58547 1
3 0 11 16 71626 1
26 12 4 19 98761 1
27 15 8 21 81255 1
28 0 23 9 48617 1
26 23 13 18 58684 1
26 23 3 11 109317 1
1 0 28 3 85139 1
3 25 0 7 75189 1
7 7 17 20 67923 1
10 20 5 13 46473 1
0 29 6 10 90593 1
12 27 5 19 49807 1
19 26 10 11 79656 1
11 11 23 2 54307 1
24 15 6 13 66792 1
0 19 15 23 64608 1
11 29 26 6 115299 1
26 15 20 20 46989 1
24 3 13 13 57670 1
13 18 14 7 47769 1
10 12 17 5 44781 1
16 28 22 19 42932 1
26 14 16 5 52133 1
3 17 2 5 50561 1
4 17 17 10 73314 1
12 1 13 27 90929 1
14 21 0 19 53043 1
3 4 7 11 44910 1
5 5 16 19 74021 1
13 4 14 13 39265 1
3 8 11 26 79270 1
21 13 2 20 86509 1
1 23 8 26 43740 1
19 10 4 11 75304 1
4 4 3 28 89587 1
12 18 26 28 73423 1
6 20 22 12 78826 1
13 17 6 1 79506 1
11 27 6 1 101371 1
20 13 6 1 83672 1
13 25 28 7 104474 1
25 16 18 19 44500 1
2 3 21 17 98462 1
6 28 27 26 72344 1
24 4 5 10 74646 1
8 3 19 2 36851 1
21 2 10 6 44850 1
29 26 26 9 98000 1
26 6 11 6 57935 1
5 14 10 26 61797 1
2 17 29 15 98064 1
10 27 18 5 89766 1
26 27 24 5 97785 1
8 12 24 7 70311 1
24 6 7 5 68407 1
21 3 21 28 96441 1
23 0 0 25 147240 1
11 1 23 8 54500 1
1 26 6 20 48635 1
4 0 16 12 71373 1
5 13 11 22 47924 1
18 2 8 11 56752 1
6 27 6 15 65126 1
25 23 0 2 129701 1
11 28 28 29 51481 1
4 14 0 2 55431 1
3 24 26 5 132281 1
29 8 9 17 84351 1
14 15 26 29 72594 1
20 26 23 19 42732 1
