3302 3492 3222 3523 3503 3460 3460 3373 3248 3544 3422 3493 3219 3278 3393 3475 3553 3422 8819 8854 8865 8841 8791 8909 8696 8629 8676 8681 8583
7587 7575 7629 7669 7595 7716 7612 7820 7646 7755 7869 7682 7888 7657 6066 5826 6069 5942 5952 6044 6165 6022 6083 6088 6050 5998 5907 6091 5885
1189 1169 1275 1377 1133 1387 1170 1321 1244 1373 1174 1324 1380 1267 1217 1127 1306 1095 1163 1180 1386 1156 8033 8026 8287 8134 8340 8298 8108
5003 5074 5322 5278 5020 5043 5059 5950 5950 5826 5913 5887 5741 5717 5788 5712 5839 5690 5761 5960 5917 5677 5777 5857 5887 5770 5813 5774 5989
8792 8864 8785 8572 8648 8668 8555 8717 8689 8639 8832 8602 8775 8773 8592 8795 8668 8615 8799 2526 2327 2447 2282 2248 2393 2535 2528 2541 2387
8613 8584 8771 8777 8653 8533 8720 8661 8629 8569 8558 8762 8698 8632 8840 8796 8823 8805 8658 8632 8771 8576 8762 8703 8609 8605 8556 2321 2304
6003 6273 6070 6165 6249 6133 6199 6038 6074 5968 6001 6177 6293 6176 6182 6244 6036 5986 5977 6288 6052 6141 6083 6210 6245 6056 6099 4160 4156
1713 1865 1750 1920 1748 1769 1652 1896 1706 1933 1718 1690 1862 1766 5520 5557 5258 5487 5528 5448 5363 5302 5502 5384 5452 5451 5439 5224 5328
5221 5429 5119 5323 5232 5212 5135 3900 3840 3653 3684 3675 3586 3809 3863 3591 3667 3606 3591 3751 3611 3795 3663 3651 3663 3693 3837 3688 3638
5506 5387 5376 5351 5221 5459 5518 5292 5506 5474 5287 5277 5495 5393 6531 6700 6613 6737 6504 6593 6431 6735 6692 6427 6737 6627 6431 6711 6753
8285 8037 8155 8216 8294 8085 8026 8144 8316 8112 8213 8153 8329 8062 8180 8230 8132 8177 8322 8096 8105 8258 2011 1790 1768 1872 1803 2026 1755
5381 5426 5450 5306 5569 5271 5254 5468 5328 5291 5368 5334 5253 5351 5272 5411 5297 5379 5390 5490 5344 5417 5384 5258 7791 7599 7727 7743 7699
6919 6797 6801 6792 6668 6868 6911 6679 6849 6924 6603 6910 6722 6658 6758 5909 6004 5939 5810 5756 5845 5709 5894 6007 5932 5874 5802 5948 5825
6890 6758 6666 6747 6838 6793 6820 6949 6933 6770 6875 6722 6734 6770 6852 6909 6884 6843 6698 6784 6885 6740 6798 6879 6226 6045 6091 6060 6069
6985 6749 6954 7006 7017 6962 6979 7666 7612 7703 7527 7541 7622 7653 7551 7590 7702 7705 7721 7518 7681 7607 7606 7671 7602 7813 7761 7605 7761
4732 4793 4748 4892 4782 4824 8604 8696 8799 8667 8779 8658 8629 8884 8848 8663 8688 8765 8723 8578 8570 8653 8665 8768 8716 8588 8785 8620 8817
5935 5971 5872 5927 6069 5998 5984 6039 5855 6073 5935 6041 5959 6087 6137 6019 6069 5969 5951 6036 5822 4584 4705 4683 4896 4838 4744 4609 4788
7305 7351 7386 7221 6955 6786 7066 6957 6869 7024 7063 7053 7068 6892 6940 6927 6767 7011 7012 6781 6818 6984 6921 6926 6780 7051 6922 6909 6924
2740 2804 1458 1485 1602 1667 1785 1474 1728 1515 1634 1466 1627 1521 1763 1693 1448 1734 1594 1623 1460 1557 1576 1783 1510 1769 1665 1730 1604
2365 2225 2109 2157 2261 2174 2246 2169 2109 2157 2408 2136 2286 2199 2281 2366 7957 7917 8107 7887 8086 7979 7949 8026 8075 7850 7915 7899 8010
4816 4777 4698 4625 4891 4862 4742 4833 4604 4768 4766 4840 4630 4820 4903 4795 4634 4840 4737 4935 4658 4735 4641 4884 4686 4672 4884 7096 7184
8387 8438 8420 8374 8387 8674 8619 8644 8411 8541 8574 8375 8641 8499 8379 8645 8545 8521 8697 8651 3165 3107 3266 3032 3089 3283 3282 3110 3160
5847 5945 5892 5859 3274 3327 3389 3516 3247 3478 3354 3347 3321 3245 3430 3396 3511 3468 3544 3499 3294 3441 3415 3558 3332 3247 3502 3505 3249
7278 7233 7303 7380 7320 7312 7189 7164 7408 7236 7283 7316 7146 7173 7435 7218 7307 6350 6513 6278 6509 6489 6325 6469 6465 6251 6344 6480 6455
3748 3828 3699 3732 3745 3812 3916 3883 3848 3871 3779 3863 3702 3918 3992 3921 3735 3992 3810 3714 3753 5891 5984 5995 5850 5735 5822 5726 5737
7747 7994 7799 7849 1571 1764 1678 1542 1852 1620 1663 1566 1832 1847 1567 1692 1866 1660 1740 1858 1750 1763 1578 1601 1620 1822 1781 1538 1616
8407 8328 8405 8327 8127 8298 8171 7246 7236 7103 7254 7292 7038 7154 7138 7200 7201 7164 7049 7095 7151 7015 7093 7231 7138 7232 6967 7220 7081
4255 4097 4157 4142 4215 4259 4076 4102 4279 3984 4053 4209 4165 3974 4274 4066 4197 4048 4150 4282 5046 5240 5061 5305 5285 5195 5212 5284 5296
8640 8678 8828 2623 2478 2578 2561 2577 2616 2404 2394 2473 2494 2366 2646 2465 2634 2639 2454 2600 2680 2533 2450 2651 2646 2658 2623 2445 2587
5753 5718 5575 5701 5677 5769 5712 5680 5597 5524 5454 5598 5477 5729 5772 5454 5694 5769 5633 5494 5618 7188 7289 7473 7462 7440 7465 7223 7261
5652 1498 2839 7625 4532 5690 2410 5151 5942 6038 3724 1294 3600 6198 6818 5011 2046 2272 5139 2909 2314 8070 6498 6562 3425 2575 8641 4776 5590 5524
5573 1799 2807 7645 4547 5552 2281 5081 6254 6211 3468 1279 3599 6242 6761 4934 2203 2449 5103 2923 2300 8299 6429 6345 3616 2388 8658 4896 5651 1639
5407 1765 2962 7394 4678 5687 2222 4994 5968 6251 3651 1284 3740 6370 6870 5007 2105 2290 5037 3130 3731 8264 6527 6327 3659 2595 8886 4921 5424 1798
5492 1512 2785 4436 4433 5567 2283 5122 5989 6040 3542 1288 3487 6410 6865 5101 2149 2213 4964 3120 3675 8252 6462 6509 3697 2590 8821 4832 5568 1750
5501 1481 5564 4367 2384 5393 2309 5232 6126 6086 3508 1392 3569 6164 3874 5036 1975 2204 5030 3005 3576 8299 6517 6431 3655 2352 8775 4632 5507 1610
5489 1525 5560 4377 2401 5642 2446 5319 6164 6461 3621 1454 3480 6121 3865 5064 2158 2476 5005 3031 3655 8165 6605 6497 3524 2638 8918 4610 5573 1683
5477 1596 5469 4361 2642 5483 2501 5262 6006 6577 3457 1221 3568 6293 4062 5177 2151 2315 5075 2830 3718 8000 6624 6312 3414 2328 8837 4894 5655 1658
5506 1536 5268 4678 2651 5630 2371 5259 6199 6528 3043 1415 3768 6279 4008 5111 2172 2420 5013 2992 3767 8017 6383 6323 4258 2385 8737 4742 5557 1815
5465 3228 5462 4433 2407 5552 2357 5173 6218 6605 2998 1332 3574 6398 3953 4988 2119 2530 4994 2954 3723 8039 6648 6551 4418 2529 8781 4924 5578 1514
5580 3214 5508 4439 2413 5378 2339 5293 6123 6723 2765 1333 3434 6418 4070 5023 1889 2455 5185 3102 3669 8038 6672 6448 4317 2472 8649 4632 5380 1517
5529 3523 5516 4601 2466 5549 2291 5230 6158 6613 3013 1181 3457 6378 3819 5035 1866 2393 5170 2838 3607 8212 6662 6317 4282 2629 8937 4894 4737 1665
5713 3204 5240 4604 2473 5508 2238 5154 6114 6515 2825 1472 3648 6414 3836 4888 1988 2512 5004 2913 3845 8244 6416 6381 4448 2599 8752 4787 4809 1645
5562 3499 5351 4475 2667 5408 2371 5255 5949 6482 3003 1199 8519 6388 3936 5176 1951 2461 8672 3165 3728 8141 6583 6364 4254 2576 8932 4845 4631 1520
5421 3360 5301 4585 2441 5574 2394 3685 6070 6494 2891 1396 8725 6375 3770 5004 2018 2457 8725 8249 3748 8169 6653 6537 4305 2581 8770 4606 4608 1837
5696 3431 5359 4659 2510 5662 2290 3759 6223 6636 3072 1410 8749 6179 4063 5015 2175 2414 8798 8341 3514 7997 6600 6612 4224 2557 8735 4838 4538 1665
5692 3435 5413 4609 2597 5637 2474 3771 6260 6598 2805 1173 8702 6186 3900 5013 2009 2250 8782 8351 3597 8063 6377 6451 4217 2459 8616 4788 4801 1744
5693 3197 5358 4659 2552 5531 2348 3767 6270 6605 3071 1446 8567 6296 4002 5112 2164 2307 8785 8196 3605 8072 6629 6441 4315 2612 8671 4859 4708 1699
5400 3289 5339 4616 2492 5395 2279 3461 6290 6628 2787 1316 8609 6233 3836 3183 2094 2269 8634 8270 3595 8296 6513 2974 4273 2480 8692 4782 4794 1760
5477 3219 5298 4506 2430 5491 2202 3494 6118 6633 2895 1303 8500 6132 3919 3467 2129 7264 8628 8323 3771 8281 6391 2961 4314 2339 8663 8021 4829 1582
5538 3380 5438 4656 2379 5642 2353 3458 6357 6752 2959 1403 8816 2484 4074 3255 1972 7194 8646 8380 3760 8016 6391 2860 4479 2346 8714 7919 4606 1683
5458 3210 5385 4571 2586 4798 2187 3659 6055 6761 2982 1170 8741 2445 4094 3436 2043 7070 8776 8252 3829 8304 6702 3007 4502 2552 8612 8115 4567 1776
5493 3463 5268 4430 2508 4806 2522 3681 6262 6715 2921 1402 8755 2456 3799 3437 2165 7128 8653 8146 3619 8199 6667 2973 4346 2532 7862 8106 4585 1618
5634 3263 5561 4442 2504 4849 2450 3644 6198 6550 2741 1459 8750 2440 3988 3477 2079 7080 8828 8281 3753 8305 6656 3038 4374 2500 7894 8160 4616 1563
5547 3450 5264 4493 2450 4832 2225 3438 6107 6585 2737 1441 8558 2726 3880 3383 2125 7221 8577 8243 3550 8280 4181 2881 4487 2334 8151 7886 4574 1802
5436 3536 5301 4506 2439 4772 2371 3507 6123 6511 2985 1341 8658 2604 3923 3388 2709 7297 8867 8198 3707 8301 4186 3009 4312 2402 8081 7912 4737 1732
5607 3222 5390 4692 2400 5088 2456 3546 6255 6487 3036 6459 8726 2512 3964 3370 2572 7178 8746 8356 3686 6083 3992 3057 4214 3698 8089 7935 4580 1799
5465 3526 5247 4643 2514 5070 2421 3642 6155 6693 2863 6671 8492 2746 3961 3352 2396 7122 8878 8118 3525 5938 4106 3014 4428 3822 8000 7976 4704 1513
3858 3525 5376 4673 2652 4859 3741 3765 6293 6491 2746 6470 8597 2570 3913 3466 2473 7287 8677 8191 3518 6160 4120 2847 4357 3817 7951 8005 4591 1694
3683 3462 5318 4401 2538 4779 3726 3560 6322 6697 2970 6702 8554 2685 3856 3386 2664 7128 8794 8279 3625 6061 4224 3029 4226 3529 7853 7911 4719 1532
29 10 3 24 75575 1
28 1 13 25 77088 1
27 18 2 9 55095 1
26 7 6 20 66750 1
8 20 26 24 66716 1
2 10 18 26 46610 1
14 27 8 0 84443 1
5 21 17 20 52947 1
20 11 5 22 53774 1
0 16 12 27 56156 1
23 15 8 22 57476 1
22 9 26 0 47563 1
2 13 6 3 28046 1
5 18 15 14 50428 1
17 10 29 6 34639 1
18 3 19 24 38049 1
4 16 2 29 41640 1
8 21 20 22 54021 1
4 27 6 2 60404 1
12 18 24 24 53356 1
4 0 20 9 57442 1
23 16 23 4 29917 1
21 20 17 12 32972 1
5 29 26 21 52880 1
20 8 4 22 58885 1
8 20 4 6 42525 1
22 20 12 18 40027 1
26 27 18 8 49874 1
3 16 27 23 64386 1
3 9 10 4 32735 1
15 23 26 5 59654 1
6 13 11 0 44684 1
13 23 19 27 37249 1
24 16 21 28 34777 1
21 4 4 22 63351 1
17 2 22 12 28312 1
24 22 12 0 77128 1
21 9 11 14 43543 1
1 17 11 2 47499 1
11 0 11 15 61279 1
24 16 14 3 49145 1
29 2 13 27 88554 1
1 17 8 10 21470 1
8 21 14 3 71952 1
2 28 18 0 84003 1
13 17 21 24 33101 1
14 18 5 25 58143 1
20 10 11 0 50168 1
25 11 29 20 29897 1
27 3 10 28 74678 1
10 19 2 24 37100 1
23 17 29 21 38650 1
28 2 15 19 73630 1
20 12 17 20 25610 1
27 17 13 23 64394 1
25 25 7 13 51684 1
14 22 16 1 67243 1
7 25 11 14 51940 1
13 8 3 28 78483 1
3 23 11 9 48464 1
20 26 13 5 58426 1
19 16 24 25 30931 1
27 26 0 9 77025 1
11 29 26 18 51039 1
28 1 15 23 76972 1
25 18 6 26 64877 1
11 4 0 15 43037 1
17 0 12 6 31312 1
24 12 11 14 37391 1
10 7 16 23 63324 1
22 7 15 28 60695 1
29 6 18 20 44687 1
3 23 13 15 49022 1
15 9 5 4 45649 1
21 7 16 29 49544 1
8 23 8 2 63824 1
0 3 12 7 44308 1
16 23 25 7 44673 1
1 24 26 22 73992 1
7 8 29 5 53879 1
12 15 25 24 47358 1
22 11 18 24 26123 1
11 27 13 3 82077 1
28 5 11 6 43900 1
19 25 17 2 44381 1
29 8 27 17 32850 1
2 8 17 5 40301 1
3 24 15 0 81695 1
19 20 29 7 48949 1
2 13 24 0 62671 1
17 17 0 0 52321 1
4 1 5 13 36718 1
6 27 8 12 56196 1
15 16 11 7 44121 1
1 7 19 19 52674 1
5 25 19 27 44300 1
18 8 24 1 32215 1
6 12 28 20 55722 1
16 3 1 25 81212 1
11 19 25 10 48139 1
23 16 6 9 43359 1
14 18 4 26 58326 1
5 23 15 23 56202 1
27 1 3 29 92724 1
22 12 25 21 24966 1
25 19 1 27 69178 1
12 19 17 12 42568 1
7 1 29 25 80612 1
19 5 22 17 32402 1
24 14 2 16 46314 1
5 21 8 7 48242 1
7 7 27 25 62905 1
20 9 9 16 37662 1
8 13 18 12 21985 1
2 22 11 6 38503 1
1 5 9 14 33139 1
24 4 19 18 43528 1
28 0 2 24 97604 1
19 0 12 28 67864 1
7 26 29 7 86394 1
7 17 9 8 39427 1
19 14 20 1 31630 1
2 8 11 6 23610 1
16 6 9 16 38987 1
27 7 20 2 34011 1
11 18 24 2 62646 1
15 28 12 13 63394 1
11 23 1 6 63304 1
27 7 1 8 54741 1
26 4 10 17 52190 1
23 11 10 0 55217 1
23 22 17 13 43366 1
14 2 26 1 46816 1
3 6 12 1 31147 1
23 10 3 23 58590 1
14 21 18 6 44597 1
1 11 23 17 48356 1
12 12 24 21 47457 1
6 8 12 28 71209 1
21 0 6 26 92305 1
17 20 1 27 58744 1
8 20 8 6 42671 1
26 3 5 14 59854 1
27 14 9 14 50101 1
14 17 25 5 38396 1
10 29 26 25 35746 1
24 19 4 22 73957 1
6 21 15 29 50181 1
7 29 2 6 51386 1
29 2 8 9 61969 1
2 21 20 1 57463 1
23 12 23 22 36586 1
1 13 17 0 55550 1
13 0 27 24 81235 1
1 0 21 22 71853 1
13 13 12 22 57545 1
10 8 24 14 50244 1
4 14 14 29 66381 1
3 23 13 3 66790 1
8 24 13 17 38019 1
19 8 23 27 55010 1
2 11 18 27 47101 1
6 10 29 24 65881 1
22 4 26 26 52934 1
19 9 5 19 46314 1
23 1 9 23 86496 1
15 22 13 0 77759 1
22 3 19 20 45407 1
22 20 3 3 68333 1
24 24 24 8 37890 1
25 19 9 23 57674 1
19 2 28 8 36223 1
17 6 29 15 39558 1
22 1 28 28 70391 1
5 29 3 15 41582 1
17 21 21 1 51141 1
26 15 29 23 29224 1
13 23 28 5 77147 1
26 2 0 22 87509 1
11 12 20 9 26184 1
21 24 5 0 75286 1
22 20 29 25 33845 1
1 22 18 25 60733 1
28 27 14 5 74223 1
8 25 3 11 41149 1
26 15 9 4 51854 1
13 13 2 22 41628 1
22 25 2 11 53436 1
16 6 28 24 54570 1
21 15 22 2 49594 1
10 24 20 28 33208 1
4 25 22 29 39982 1
22 28 20 17 39696 1
29 8 7 15 56680 1
5 18 17 5 59643 1
20 18 11 28 51426 1
29 21 26 5 50220 1
12 11 20 17 24745 1
21 12 6 22 69924 1
11 18 24 12 43608 1
22 12 25 1 36512 1
19 26 27 7 55928 1
1 9 9 21 50650 1
25 27 8 10 54004 1
26 14 10 22 62792 1
12 9 29 22 66569 1
26 26 2 8 68473 1
4 23 13 8 60670 1
13 11 21 27 42898 1
13 2 4 0 38356 1
11 11 10 20 44048 1
4 14 12 28 68849 1
18 5 24 13 25324 1
6 5 5 28 63853 1
17 28 20 16 28344 1
14 1 2 28 90824 1
24 16 7 16 34958 1
0 9 6 16 24241 1
9 2 27 12 63835 1
8 6 20 8 36120 1
26 6 10 1 54720 1
15 25 9 20 38349 1
4 23 14 12 49029 1
6 16 28 19 54986 1
12 21 5 27 44624 1
18 25 6 27 35123 1
21 22 4 14 62948 1
16 6 12 13 34335 1
13 3 28 16 56208 1
8 20 21 29 49416 1
25 6 12 11 25814 1
28 12 16 23 51057 1
25 1 3 11 58471 1
19 15 11 27 47758 1
15 11 26 20 32768 1
13 8 21 13 37973 1
13 22 15 2 74839 1
29 25 21 1 74027 1
11 20 21 15 43217 1
16 22 13 2 68038 1
20 8 25 29 51648 1
26 22 1 22 73994 1
14 28 26 14 55801 1
21 12 5 27 67721 1
29 3 5 5 72271 1
27 18 1 11 53827 1
9 24 0 5 61471 1
12 29 9 17 47628 1
14 5 5 16 51411 1
23 16 9 17 33354 1
12 0 25 14 59046 1
24 6 12 10 34788 1
29 11 5 11 45599 1
25 18 0 13 52146 1
6 17 10 24 39138 1
0 23 5 6 45771 1
6 15 27 5 57245 1
3 18 26 21 68045 1
27 24 26 0 69682 1
8 13 19 18 40399 1
1 24 28 27 68482 1
5 3 17 2 46609 1
22 11 12 10 19821 1
15 15 23 12 33738 1
20 10 9 7 38898 1
3 7 25 5 51056 1
10 27 23 6 66289 1
13 24 16 9 54835 1
25 14 5 6 43289 1
4 27 22 27 41673 1
5 1 29 15 64894 1
0 29 9 2 81517 1
10 10 7 0 26758 1
27 11 1 9 51204 1
14 12 29 12 41793 1
7 21 21 3 77307 1
9 24 15 29 21873 1
24 15 5 25 63564 1
24 16 7 10 36974 1
29 3 16 11 38561 1
25 26 0 4 74474 1
20 14 15 25 32686 1
29 3 10 28 80212 1
18 8 12 29 44225 1
24 14 4 12 45667 1
17 7 22 24 44233 1
21 6 8 21 61447 1
8 19 2 25 31266 1
9 18 17 13 40913 1
9 8 2 19 34292 1
9 26 24 25 44195 1
7 25 15 3 74172 1
28 3 23 21 51273 1
3 4 20 1 51830 1
11 5 14 19 63985 1
13 14 13 0 64939 1
6 15 17 10 34656 1
24 4 7 16 54163 1
2 2 26 29 74781 1
27 26 14 8 74361 1
23 18 28 2 57274 1
24 29 19 14 37853 1
23 22 21 6 45431 1
22 20 11 5 59249 1
18 22 13 14 32443 1
4 17 25 4 54645 1
17 26 19 18 29262 1
5 8 12 17 47864 1
18 11 6 5 30830 1
21 9 14 29 54184 1
6 9 28 26 72012 1
18 5 27 15 32856 1
17 1 14 17 39199 1
18 11 24 3 27380 1
15 8 27 26 69871 1
27 27 16 17 49829 1
12 20 27 9 57321 1
0 9 17 4 44748 1
26 14 9 7 51086 1
19 10 26 2 40774 1
12 23 11 6 74089 1
14 12 29 10 35683 1
12 14 3 26 65310 1
12 29 3 10 58085 1
21 13 3 13 41040 1
2 9 17 24 48977 1
16 7 22 12 22204 1
29 14 12 3 60423 1
9 24 5 6 60134 1
23 7 10 10 40310 1
4 3 13 25 74679 1
23 0 19 14 48844 1
19 23 24 6 42268 1
4 3 2 23 43643 1
10 26 20 23 31479 1
19 14 27 17 26905 1
27 9 16 24 50498 1
20 11 29 12 26201 1
12 17 25 9 36478 1
28 23 23 1 58475 1
11 27 15 1 78406 1
5 29 17 21 43212 1
28 28 2 2 80575 1
2 26 5 5 65110 1
1 14 18 12 33510 1
9 9 29 1 68193 1
12 29 21 26 24818 1
15 21 17 3 51342 1
25 22 10 3 67704 1
27 6 17 1 33492 1
12 25 25 2 74000 1
13 8 18 27 53108 1
12 13 2 22 40605 1
16 3 13 28 66062 1
21 9 0 0 58727 1
23 13 18 19 23576 1
17 1 17 19 41557 1
4 27 17 17 50134 1
21 15 28 25 40176 1
1 1 5 18 37555 1
11 14 25 19 45570 1
12 8 23 7 44043 1
2 28 2 2 60212 1
11 17 21 11 30064 1
8 13 4 28 53081 1
2 5 10 23 56093 1
11 28 25 9 61494 1
17 4 29 20 53313 1
0 8 22 15 52720 1
8 6 20 3 35893 1
8 14 2 25 49196 1
20 24 6 29 36178 1
4 15 14 1 57362 1
6 13 19 6 34856 1
12 13 4 8 42752 1
11 1 23 13 54953 1
7 7 25 20 47073 1
25 25 27 0 57195 1
28 6 26 14 26182 1
7 20 16 19 39234 1
19 26 6 22 58934 1
7 4 1 18 32880 1
10 5 24 17 59224 1
12 3 1 20 51622 1
9 14 26 20 56785 1
29 25 14 4 69538 1
14 11 26 28 48525 1
11 2 13 10 47922 1
15 4 22 12 27671 1
11 1 14 25 73030 1
7 2 17 6 30660 1
1 6 24 18 58185 1
15 23 25 18 45284 1
15 14 9 9 39039 1
11 25 27 23 44161 1
13 19 19 23 32397 1
8 29 14 6 63216 1
8 25 1 15 39611 1
29 19 20 5 56923 1
1 9 29 26 85034 1
6 0 27 3 66746 1
2 3 7 24 48541 1
6 28 18 17 43800 1
14 6 25 25 50986 1
25 27 2 20 67336 1
4 6 17 19 51950 1
9 17 7 0 42647 1
28 7 1 14 59193 1
10 22 21 17 55036 1
11 1 4 13 47487 1
15 8 24 9 39525 1
13 23 4 28 40549 1
0 6 14 25 64748 1
13 0 0 18 61360 1
27 2 8 24 85934 1
10 5 10 21 70949 1
29 13 6 6 49509 1
4 23 7 5 42834 1
25 8 0 7 50399 1
18 15 29 2 47751 1
15 27 6 28 34921 1
19 5 13 20 45040 1
10 7 25 9 47649 1
4 1 5 12 28020 1
5 0 11 10 39792 1
28 11 2 29 78224 1
1 3 19 14 47060 1
23 5 5 27 81046 1
13 3 12 20 67000 1
12 16 22 25 36465 1
0 23 29 4 85300 1
25 18 13 24 47830 1
14 19 27 0 76958 1
10 17 28 11 50802 1
0 28 15 16 67314 1
14 20 0 1 66012 1
24 23 28 11 33125 1
2 28 1 15 48504 1
23 28 24 12 41300 1
3 6 12 29 61764 1
13 22 19 29 40942 1
27 14 3 14 54302 1
7 12 16 28 53384 1
11 3 1 18 48123 1
5 15 29 1 80805 1
12 20 27 20 54987 1
0 26 7 15 58719 1
1 25 13 28 38260 1
26 10 17 16 24382 1
11 12 26 21 47726 1
23 23 6 20 63548 1
24 19 24 3 39829 1
13 28 9 7 76255 1
27 4 22 21 46536 1
19 6 5 9 41700 1
19 28 26 12 52159 1
1 11 8 6 19194 1
13 21 24 12 51454 1
21 27 3 0 76688 1
0 11 17 14 32335 1
25 11 4 27 66056 1
17 24 3 9 55228 1
1 1 17 14 44184 1
9 25 15 1 72393 1
25 7 28 26 44269 1
26 28 0 21 83857 1
29 5 27 26 60985 1
6 25 15 28 34319 1
11 15 0 24 53306 1
22 14 3 5 49859 1
2 1 11 16 37522 1
19 0 29 22 67793 1
18 19 10 2 58255 1
1 2 23 13 49959 1
26 14 5 17 53596 1
8 2 25 9 48835 1
15 7 25 1 45276 1
22 17 1 1 55624 1
23 14 14 24 48927 1
16 4 10 24 61065 1
29 6 2 27 96508 1
24 21 21 5 46622 1
11 25 22 5 60946 1
4 11 6 24 37520 1
24 6 22 16 26143 1
29 27 26 9 57896 1
24 14 6 6 44766 1
18 23 11 14 36074 1
20 29 12 16 36729 1
0 22 19 24 70285 1
22 13 9 14 39898 1
23 4 1 18 58943 1
2 14 25 5 44921 1
3 8 24 5 55128 1
16 24 12 5 58593 1
21 13 5 2 52448 1
0 11 15 28 65707 1
16 10 5 2 44967 1
22 25 25 9 34459 1
28 24 28 3 53316 1
24 13 22 24 32411 1
14 18 19 27 41237 1
27 4 10 27 72562 1
23 0 10 19 80715 1
15 15 29 26 67093 1
7 25 1 3 55304 1
14 20 0 19 48979 1
27 13 29 2 37744 1
9 6 13 20 60834 1
6 22 1 1 50783 1
6 5 12 13 36522 1
1 4 16 23 63138 1
2 20 0 3 31381 1
3 4 27 20 67150 1
18 10 5 18 46079 1
15 20 25 8 39920 1
25 25 21 9 41728 1
12 20 27 23 53180 1
0 3 25 22 70294 1
16 27 5 0 79794 1
9 15 6 7 30692 1
25 21 14 13 47405 1
7 27 1 7 58563 1
29 28 12 24 52033 1
16 18 17 8 31230 1
24 7 2 22 54616 1
0 17 10 27 45641 1
21 13 10 18 42571 1
23 17 9 9 48452 1
15 15 2 17 36685 1
27 26 0 29 64903 1
23 29 10 5 72251 1
14 16 17 27 30943 1
15 3 4 12 49649 1
0 0 14 2 42791 1
29 15 17 24 45562 1
0 7 21 3 60964 1
14 25 2 9 56322 1
5 25 16 29 29884 1
0 19 9 27 48272 1
4 1 14 28 80278 1
26 12 20 17 30411 1
28 16 17 11 26780 1
2 24 18 16 56328 1
5 12 29 14 50378 1
3 8 1 18 23578 1
24 4 14 17 42406 1
26 23 10 24 45544 1
28 13 17 3 38251 1
25 27 1 28 49314 1
7 28 5 13 66672 1
18 22 21 5 39837 1
29 5 14 25 66312 1
23 1 4 18 73671 1
11 16 13 0 63223 1
0 17 22 20 60388 1
18 5 19 15 19647 1
22 26 8 2 71404 1
22 23 9 24 41672 1
0 17 21 21 59934 1
22 3 9 15 60017 1
15 11 10 6 26710 1
25 10 6 21 64242 1
1 29 25 15 64160 1
10 2 25 25 78868 1
14 1 21 24 61426 1
4 2 15 24 72163 1
11 9 22 4 41379 1
10 29 18 16 34588 1
8 5 18 9 33580 1
2 27 12 22 48167 1
3 24 20 7 66081 1
3 17 0 29 45533 1
4 20 22 3 66944 1
19 1 13 22 66479 1
27 12 0 29 82521 1
18 20 0 7 50214 1
19 22 9 11 35803 1
28 8 12 12 39697 1
7 25 26 26 53157 1
26 0 24 27 74175 1
15 9 2 22 48424 1
13 11 24 28 50078 1
1 8 4 0 27155 1
17 3 18 25 39861 1
17 27 11 3 65014 1
7 1 4 24 48271 1
6 25 26 11 68540 1
25 6 19 20 36114 1
19 12 11 5 33240 1
1 3 7 19 42819 1
1 21 24 12 52877 1
3 2 29 12 64635 1
13 14 8 9 34080 1
21 13 1 3 49790 1
23 6 14 27 64906 1
23 23 9 22 50866 1
3 26 12 13 65526 1
4 2 13 20 66479 1
24 12 14 27 57097 1
17 19 5 25 50624 1
10 23 22 19 50415 1
18 2 13 25 49392 1
13 15 20 21 35957 1
22 25 13 16 34514 1
11 26 0 21 57514 1
18 1 7 22 73899 1
9 0 21 10 52552 1
18 2 29 8 42600 1
21 1 12 18 56531 1
6 16 11 28 52760 1
27 2 18 28 61941 1
2 12 15 13 35988 1
3 3 1 23 43686 1
3 28 15 24 46650 1
18 3 20 25 39930 1
9 23 6 16 36558 1
7 4 14 16 41033 1
5 29 13 21 47613 1
27 0 6 24 99034 1
0 14 29 25 81857 1
26 18 25 28 25797 1
28 7 1 22 68491 1
24 23 14 19 44142 1
0 17 15 13 47006 1
23 1 13 26 74731 1
5 28 17 26 37717 1
10 2 11 12 42925 1
28 7 1 15 58583 1
9 2 8 26 74211 1
3 9 24 7 49813 1
25 3 7 22 85805 1
12 12 25 23 45088 1
12 28 24 27 37537 1
13 29 10 13 64205 1
1 15 3 2 24538 1
7 23 17 27 46931 1
7 12 25 10 27545 1
5 3 15 0 42080 1
12 1 29 10 60160 1
27 9 19 12 21898 1
16 18 18 4 31468 1
20 18 22 2 54704 1
20 1 15 28 65528 1
1 11 7 20 30693 1
19 23 16 7 35602 1
3 27 15 13 74721 1
2 5 23 15 51079 1
2 16 16 4 44076 1
14 21 21 17 43080 1
2 17 10 0 43973 1
25 18 11 14 43830 1
0 21 7 29 47524 1
21 10 0 26 79903 1
8 2 8 29 74386 1
15 19 9 10 51045 1
2 0 26 10 49342 1
11 27 12 16 54430 1
17 0 0 26 95543 1
2 3 13 25 62849 1
8 7 21 27 63342 1
12 5 5 0 36347 1
4 22 18 28 41850 1
25 19 15 0 55094 1
21 8 23 24 51701 1
29 9 26 24 45336 1
1 14 14 24 65643 1
20 4 24 12 28255 1
6 29 29 12 75084 1
22 17 14 23 45290 1
29 23 17 11 43501 1
7 23 25 28 52585 1
25 16 21 26 28487 1
11 12 4 21 38026 1
5 9 10 15 39889 1
12 19 4 22 30965 1
5 2 19 9 47662 1
29 21 3 24 81109 1
12 16 16 3 42646 1
4 28 17 4 68739 1
9 6 20 23 53189 1
29 6 11 15 58098 1
24 13 14 25 45919 1
29 27 17 22 47855 1
10 22 15 8 72114 1
3 26 19 10 63545 1
8 2 6 29 70913 1
1 13 4 3 30955 1
5 13 17 2 50326 1
28 26 1 5 81644 1
9 25 28 18 64065 1
14 28 8 22 37862 1
21 14 1 27 76492 1
12 12 4 8 36030 1
6 17 21 4 55545 1
18 1 7 8 37182 1
12 1 24 24 73514 1
7 23 28 6 86842 1
27 16 29 29 33699 1
8 22 25 7 66560 1
28 12 4 15 59847 1
28 11 7 18 62138 1
10 24 26 14 58991 1
29 6 24 1 29377 1
25 12 16 13 25847 1
9 24 8 0 74297 1
13 7 27 0 59815 1
22 14 9 21 60177 1
29 11 10 23 74657 1
19 24 27 29 27660 1
18 18 11 27 40081 1
14 2 25 3 45735 1
2 28 7 23 36750 1
28 23 18 17 37803 1
28 16 9 23 67447 1
8 0 8 11 26129 1
14 6 25 10 28709 1
22 26 6 1 69597 1
22 14 2 22 50104 1
22 3 13 5 35192 1
29 3 12 8 61981 1
22 23 26 5 44854 1
2 6 9 26 55303 1
24 17 21 9 32736 1
12 28 25 26 32741 1
8 19 21 15 42323 1
2 5 17 14 37431 1
22 14 3 5 49859 1
15 14 0 14 50227 1
19 24 28 19 42334 1
10 21 26 1 93478 1
9 19 7 2 46690 1
6 9 5 26 57986 1
1 3 28 26 86247 1
8 8 28 11 46656 1
3 0 23 26 81406 1
22 19 20 9 38106 1
15 16 25 16 21489 1
21 10 18 17 19170 1
28 7 11 7 49137 1
13 1 22 25 65988 1
24 27 17 2 64661 1
25 2 0 10 63687 1
7 16 22 14 37580 1
28 0 29 12 51796 1
29 4 19 29 62018 1
14 27 8 13 65575 1
1 5 23 2 70876 1
21 15 8 1 50701 1
3 0 29 0 88098 1
0 29 28 8 88013 1
14 6 28 5 36897 1
3 5 1 29 58696 1
25 25 29 13 31055 1
19 16 26 10 24183 1
11 19 3 22 34514 1
12 16 16 7 34060 1
21 22 5 5 67628 1
28 7 11 15 55029 1
22 24 11 10 49201 1
3 19 1 9 21767 1
27 0 19 16 52739 1
18 25 23 14 33408 1
5 2 20 24 71432 1
0 26 16 0 99824 1
18 29 0 0 69657 1
20 19 24 0 62972 1
6 12 20 22 49455 1
5 15 5 2 43097 1
15 20 2 21 49227 1
1 25 15 14 72249 1
26 28 9 29 33004 1
10 8 0 2 44240 1
18 12 1 14 33510 1
14 8 8 1 41594 1
6 24 18 18 47555 1
11 0 22 8 53981 1
15 28 8 16 54025 1
0 6 2 27 55951 1
11 16 29 27 65157 1
28 27 3 14 81887 1
24 10 19 20 30197 1
3 27 8 9 55110 1
29 29 27 16 33699 1
4 9 14 12 37812 1
18 25 26 14 36730 1
0 14 26 8 54784 1
1 23 13 8 61262 1
11 4 14 28 72889 1
27 25 25 3 50999 1
9 12 26 15 36904 1
14 4 16 24 50989 1
26 22 2 1 66587 1
13 29 8 10 54770 1
4 28 20 22 46242 1
19 10 8 6 29660 1
11 23 17 7 62535 1
17 5 17 19 36314 1
18 28 4 28 27323 1
16 14 9 20 46509 1
29 0 25 7 34119 1
25 6 3 1 53574 1
10 20 18 5 53511 1
24 26 27 16 28541 1
4 3 8 23 64816 1
21 1 29 29 72799 1
12 2 18 26 64381 1
21 10 28 0 46834 1
12 15 23 15 33502 1
21 0 21 19 68167 1
9 10 17 27 47784 1
25 4 23 12 21788 1
27 9 9 25 66385 1
6 12 22 0 56157 1
22 6 12 27 66696 1
15 19 24 26 47599 1
27 29 8 21 55832 1
12 4 7 19 55468 1
24 3 28 22 49220 1
29 21 8 13 65051 1
0 25 11 26 35080 1
24 8 25 19 25028 1
23 28 27 2 63295 1
12 8 3 17 43659 1
2 16 11 7 36471 1
26 28 11 11 52592 1
22 15 20 27 40231 1
19 10 29 28 53633 1
25 26 27 0 59017 1
1 3 17 6 46776 1
1 8 18 27 57146 1
11 15 2 3 40489 1
21 5 14 28 66103 1
12 11 10 0 40540 1
22 8 23 21 43714 1
26 21 18 23 30153 1
9 18 1 6 38702 1
8 26 18 8 56419 1
14 13 2 4 39932 1
23 10 10 1 51981 1
15 23 0 18 69290 1
3 24 15 14 68896 1
10 3 16 22 69672 1
0 5 18 7 42096 1
26 7 13 6 33319 1
24 13 18 5 25324 1
11 22 19 19 46339 1
20 25 11 27 33663 1
29 5 23 11 27112 1
0 3 21 20 67463 1
25 21 14 7 48006 1
2 11 6 4 21703 1
0 24 15 3 79607 1
23 17 27 5 38136 1
8 16 6 4 31844 1
23 14 4 15 55787 1
16 13 4 3 51358 1
21 22 29 8 57536 1
15 24 9 14 56965 1
14 3 14 23 70102 1
15 2 6 18 71417 1
8 25 24 11 56027 1
22 7 19 18 38753 1
18 7 15 14 22703 1
26 3 16 17 46030 1
27 24 15 6 55718 1
2 3 12 9 37078 1
10 29 12 3 76114 1
21 24 9 6 59228 1
29 21 15 25 47739 1
23 20 11 5 62205 1
20 17 26 3 46676 1
6 24 28 18 77552 1
1 1 4 9 24166 1
18 22 0 27 56908 1
2 16 29 18 67158 1
25 16 9 6 46329 1
23 29 10 12 55548 1
24 24 15 0 67956 1
4 27 8 10 46625 1
20 17 29 15 29047 1
22 22 10 29 38812 1
21 28 5 2 79118 1
13 14 5 8 45685 1
28 3 27 29 55888 1
18 17 15 24 24132 1
29 1 17 16 55670 1
19 0 29 22 67793 1
10 12 25 13 31120 1
23 22 10 26 46822 1
22 27 21 14 45747 1
14 29 21 11 39867 1
3 23 3 10 30730 1
3 7 28 14 54529 1
14 12 22 0 49112 1
17 14 28 20 40282 1
29 26 18 0 74856 1
13 18 29 24 63220 1
4 1 18 7 41191 1
0 25 12 11 53682 1
29 22 28 12 29735 1
5 24 12 9 58323 1
22 11 5 22 56346 1
11 4 4 17 41122 1
8 16 8 28 44216 1
27 29 17 16 38215 1
27 4 2 3 57614 1
23 7 9 29 66692 1
23 22 11 12 51773 1
13 21 1 7 66356 1
24 12 8 6 37990 1
29 26 21 5 68979 1
21 19 18 3 47370 1
16 11 9 19 42509 1
27 14 1 26 87194 1
16 11 8 22 50712 1
17 29 27 8 56227 1
15 21 23 17 43461 1
19 6 12 10 24881 1
14 27 27 8 70400 1
12 11 12 23 57499 1
9 29 11 11 53587 1
22 19 16 29 36591 1
1 9 15 20 55336 1
16 8 5 13 45740 1
14 0 12 11 45429 1
20 27 5 5 73068 1
11 19 16 6 49720 1
10 6 29 28 79349 1
4 2 23 13 52899 1
4 15 15 9 50119 1
7 22 19 26 53043 1
3 1 29 4 66718 1
10 3 26 6 49674 1
28 4 3 3 67660 1
24 24 9 5 69916 1
23 4 20 23 48695 1
22 19 27 26 35536 1
2 12 0 21 23214 1
6 3 3 12 29945 1
5 29 9 15 56737 1
2 21 14 21 53394 1
11 16 23 23 40230 1
5 9 18 16 39432 1
9 15 18 14 28310 1
7 14 25 3 49049 1
22 25 9 23 40268 1
20 13 6 8 34245 1
19 4 10 19 53630 1
11 24 29 7 78709 1
26 17 3 15 58574 1
16 4 7 20 63174 1
19 1 15 11 24261 1
21 11 11 11 13288 1
26 2 17 4 35471 1
6 12 11 0 40097 1
0 5 21 12 47996 1
26 9 7 7 41215 1
16 28 2 29 28209 1
21 17 6 3 56135 1
21 17 12 18 36234 1
12 21 0 23 64312 1
3 24 22 27 52826 1
4 14 12 3 48743 1
6 11 28 5 44964 1
18 13 27 28 46394 1
28 14 24 29 36477 1
13 14 29 10 46982 1
4 27 27 24 57035 1
4 22 11 2 60668 1
21 29 29 8 59062 1
14 11 2 22 29568 1
5 0 20 2 57072 1
0 3 23 4 63501 1
16 25 21 0 61134 1
29 22 17 18 52765 1
14 3 1 19 56387 1
19 9 7 0 40211 1
21 14 1 11 38683 1
29 4 20 2 31914 1
28 3 2 1 65333 1
9 3 6 24 64418 1
15 15 3 29 61065 1
16 25 7 15 47379 1
23 3 15 11 35127 1
15 15 2 16 35379 1
23 2 6 16 69009 1
5 27 13 3 80742 1
10 17 14 8 56768 1
8 26 26 3 83478 1
8 14 26 4 47608 1
25 18 27 29 21979 1
20 19 1 25 63122 1
25 19 1 12 49524 1
3 13 27 28 78270 1
28 19 26 11 30131 1
3 8 12 7 38727 1
28 11 7 29 69725 1
6 11 1 16 13936 1
18 3 26 12 32701 1
