2631 2790 2557 2696 2298 2260 2503 2375 2305 2599 2278 2232 2343 2649 2385 2776 2375 2684 2262 2485 2667 2232 2227 2778 2823 2381 2312 2204 2653
4127 4168 4072 4242 4054 4437 4297 4280 4463 4161 4251 3984 3957 4342 4065 4051 4027 4575 3987 4530 4006 4218 4197 4256 4407 4411 4228 4197 4062
5509 5683 5745 5345 5473 5431 5592 5245 5231 5224 5329 5769 5644 5298 5337 5574 5697 5426 5623 5564 5591 5223 5453 5623 5182 5394 5494 5615 5376
6748 7087 6634 6625 6740 6702 6609 7001 6643 7043 6866 6683 6761 7054 6821 6684 6881 6522 6962 7100 6556 6721 6863 6962 6915 6920 6960 7157 6662
5708 6138 6206 5589 6080 6171 6057 6237 5839 5730 5881 6121 5786 6109 5878 5985 5878 6220 5624 6062 6145 6102 6202 6141 6146 5751 5784 5769 5910
3867 4094 3726 4125 3646 3510 3894 4047 4026 3480 3869 4106 4111 3596 3637 4019 3936 3571 3518 3809 3838 3802 3784 3731 4125 3894 3984 4043 4087
6574 6663 6704 6467 6982 6822 6731 6634 7082 6851 6716 7077 7059 7111 6814 7033 6789 6914 6716 6670 6511 6768 6530 6972 6522 7028 6952 6723 7010
6313 6681 6630 6593 6612 6772 6804 6564 6800 6710 6622 6506 6638 6284 6663 6394 6784 6519 6676 6562 6930 6748 6293 6424 6328 6745 6676 6633 6691
8413 8537 8430 8208 8320 8091 8437 8553 8215 8503 8630 8121 8537 8515 8385 8203 8053 8046 8382 8283 8023 8160 8608 8267 8588 8420 8592 8100 8576
7356 7554 7277 7099 7615 7609 7400 7306 7369 7682 7547 7117 7200 7039 7471 7217 7205 7255 7673 7401 7507 7681 7396 7416 7157 7171 7111 7167 7571
1450 1428 1662 1122 1736 1770 1588 1614 1787 1564 1644 1384 1185 1760 1188 1612 1540 1320 1358 1317 1540 1684 1353 1132 1418 1539 1281 1617 1525
2727 2312 2548 2884 2435 2705 2671 2896 2438 2329 2344 2662 2903 2761 2706 2423 2888 2496 2592 2895 2753 2472 2937 2564 2842 2419 2849 2356 2574
3286 3223 3690 3684 3652 3768 3542 3245 3724 3389 3308 3517 3649 3189 3367 3538 3329 3543 3331 3562 3789 3684 3718 3216 3300 3711 3541 3578 3311
6767 7039 6977 6688 7080 6975 6754 6670 7169 7251 6612 7266 6833 7211 6937 7004 6721 6735 6822 6812 6866 7010 6890 6692 7003 6778 7172 6751 6766
4486 4245 4671 4153 4389 4070 4388 4280 4366 4384 4645 4439 4679 4408 4579 4312 4042 4411 4446 4624 4214 4453 4542 4307 4489 4488 4669 4125 4179
4572 4012 4098 4125 4241 4451 4250 4508 4527 4002 4627 4052 4121 4137 3998 4316 4381 4487 4033 4177 3989 4481 4590 4455 4583 4575 4128 4112 4655
8324 8206 8287 8190 8228 8032 7888 8181 7887 8227 7909 8415 7935 8082 8119 7874 8147 8372 8027 7982 8460 8231 8070 7939 8082 7964 7941 7869 8422
3524 3429 3745 3319 3574 3519 3302 3628 3705 3661 3688 3758 3875 3280 3285 3883 3759 3823 3754 3493 3388 3387 3498 3357 3348 3281 3513 3802 3458
4086 4148 4126 3985 4328 4195 4321 4021 4035 3898 4013 4312 4113 3896 4167 3896 3770 3847 3929 4002 4345 4184 3865 3918 4416 4049 3931 3964 3873
3552 3589 3704 3559 3331 3393 3504 3344 3281 3400 3619 3480 3451 3346 3826 3393 3874 3387 3889 3698 3342 3878 3933 3535 3379 3337 3566 3284 3547
1877 1451 1512 1313 1594 1891 1584 1608 1783 1705 1389 1773 1548 1599 1842 1527 1730 1976 1906 1569 1637 1535 1567 1828 1358 1637 1850 1362 1580
8509 8100 8072 8126 8355 8208 8062 8003 8506 8317 8534 7957 8280 7927 8542 8255 8484 8388 8111 8015 8008 8427 7975 8585 8301 8063 8206 8414 7987
3587 3712 3655 3710 3251 3555 3570 3607 3738 3278 3224 3136 3205 3759 3424 3139 3654 3365 3492 3228 3630 3726 3363 3531 3656 3173 3714 3396 3757
7673 7492 7707 7557 7728 7730 7617 7418 7520 7619 7340 7546 7289 7543 7166 7524 7253 7659 7120 7628 7310 7305 7417 7707 7452 7701 7548 7143 7637
6310 6421 6261 5860 6048 5990 6108 6019 5826 6121 5985 6159 6199 5998 6075 6212 6386 6407 6056 5964 6226 6357 6035 5909 5866 5970 6396 6270 6015
3308 3457 3415 3046 3347 3545 3202 3385 3325 3218 3599 3552 3415 3442 3591 3626 3523 3057 3251 3370 3072 3218 3262 3612 3415 3123 3173 3141 3190
2015 2548 2210 2271 2119 2315 2666 2421 2297 2250 2238 2526 2475 2326 2244 2348 2305 2437 2496 2613 2300 2044 2130 2037 2421 2047 2168 2222 2607
7746 7960 8051 7520 7496 7879 7980 7796 7849 7909 8124 7797 7959 8090 7918 7788 7912 7584 8019 7961 7917 7924 7956 8092 8090 7600 7828 7835 7516
2593 2858 2961 3008 2799 2708 2816 2462 2609 2420 2637 3020 2963 2995 2702 2945 2796 2886 2990 2594 2972 2654 2437 2645 2781 2747 2386 2575 2754
4963 4662 4758 5106 5219 4680 4858 5114 4902 4972 4870 5225 4916 4752 5115 5051 5116 4740 5188 4929 5060 4988 4885 4923 5056 4954 5091 5187 4876
6438 7296 2399 1948 6354 8753 4423 5021 4008 6611 6630 2788 6321 4519 2994 3784 6398 6827 6500 2397 3707 4692 3386 8492 7322 4426 4081 1991 8565 7388
6165 7273 2833 1773 6173 8811 4641 4991 4214 6632 6640 2957 5983 4620 3499 3381 6920 6358 6605 2806 3947 4673 3404 7910 7266 4835 4672 1709 8523 7475
6561 6681 2506 1747 6082 8564 4490 4899 4211 6432 6466 3173 6275 4455 3086 3692 6956 6747 6439 2483 3464 4439 3808 8047 7092 4617 4368 1851 8101 7626
6087 7183 2410 1961 5874 8369 4707 5307 4264 6441 6770 2760 6274 4661 3344 3422 6790 6694 6518 2802 3785 4499 3309 8144 7009 4849 4569 2132 8035 7438
5977 7162 2653 1760 6397 8689 4891 5203 4086 6828 6166 2563 6284 4546 3545 3606 6572 6829 6663 2374 3619 4113 3354 8400 7160 4791 4616 1582 8455 7467
6209 7042 2531 2125 6481 8888 4726 5435 4344 6656 6102 3066 5822 4758 2998 3647 6546 6286 6847 2494 3522 4642 3301 7890 7571 4208 4552 2014 8400 7505
6317 7249 2578 1870 6303 8372 4747 5195 4200 6744 6226 2605 5813 4597 3441 3474 6607 6826 7039 2627 3466 4600 3861 8455 7412 4555 4156 1756 8287 7443
6395 6774 2522 1776 6342 8670 4723 5287 4146 6636 6145 3101 5914 4252 3301 3407 6800 6700 6462 2323 3904 4360 3280 8155 7574 4491 4354 2032 8121 7222
6103 7086 2894 2118 6388 8655 4594 5441 3957 6295 6370 3032 5768 4121 3517 3430 6431 6234 6693 2285 3382 4193 3486 8485 7376 4291 4243 2179 8309 7263
6016 7015 2956 1924 6443 8826 4553 4946 4276 6277 6709 2760 5860 4683 3042 3900 6613 6730 6757 2850 3887 4486 3571 7965 7142 4565 4682 1631 7979 7828
6028 7205 3020 1825 5940 8262 4480 5279 4153 6500 6681 2897 6170 4259 3033 3411 6338 6808 6847 2644 3906 4062 3566 8406 7459 4427 4292 2089 8021 7738
6029 6814 2899 1926 6266 8617 4465 4879 4091 6246 6717 2919 5891 4690 2997 3572 6415 6271 6967 2713 3720 4615 3315 8191 7425 4434 4566 2084 7954 7581
6224 7286 2964 1773 5832 8298 4246 5433 4010 6464 6745 2568 6111 4528 3243 3336 6898 6650 6609 2191 3714 4263 3290 8148 7009 4279 4177 2157 8149 7532
6255 7163 2617 1884 6205 8512 4780 5264 4309 6712 6177 3086 6311 4383 3210 3834 6622 6735 6930 2790 3417 4535 3380 8146 7238 4620 4196 2104 8109 7233
6558 6904 2559 2140 5909 8349 4530 5156 4051 6877 6248 2813 5916 4112 3380 3556 6710 6688 6841 2236 3457 4068 3443 7990 7198 4637 4541 1928 8284 7543
6175 7015 2427 1908 6012 8630 4654 5366 4200 6780 6557 2567 6096 4518 3097 3587 6546 6325 6687 2528 3569 4620 3816 7857 7207 4278 4505 1949 8220 7875
6068 6890 2753 2309 5936 8584 4297 5261 4424 6675 6151 2811 6202 4496 3412 3676 6948 6883 6661 2398 3697 4668 3870 8360 7032 4836 4584 1589 8275 7705
6535 7254 3022 1817 5842 8403 4251 5142 4385 6512 6367 2722 5950 4603 3341 3454 6345 6689 6691 2460 3755 4505 3639 7876 7139 4479 4621 1572 8552 7590
6395 6944 2664 1824 6022 8784 4362 5042 4279 6294 6756 2554 5902 4202 3470 3935 6594 6233 6443 2524 3442 4197 3686 8114 7368 4216 4092 1938 8620 7333
6229 7116 2792 1907 6038 8696 4387 4896 3978 6657 6471 2632 5724 4590 3230 3624 6477 6772 6621 2764 3775 4135 3545 8431 7335 4787 4230 1803 8157 7510
6202 7205 2867 2088 6040 8502 4407 5459 3893 6671 6506 2796 6225 4397 3457 3622 6612 6837 6502 2440 3904 4071 3422 8079 7059 4573 4382 1639 7970 7218
6184 7063 2932 1992 5873 8569 4583 5466 4043 6550 6289 3108 5976 4669 2962 3515 6901 6611 6945 2774 3628 4041 3603 7920 7421 4306 4085 1857 8592 7713
6218 7301 2674 2133 6025 8258 4754 5383 4259 6522 6503 3077 6101 4377 3472 3383 6827 6316 6694 2241 3964 4406 3701 8173 7599 4524 4213 1796 8387 7538
5934 6868 2718 2284 6169 8791 4625 5407 4498 6463 6377 3149 6197 4392 3099 3883 6462 6715 6463 2631 3594 4228 3265 7936 6966 4526 4439 1969 8605 7314
6532 6748 2806 1996 6488 8614 4585 5292 4031 6673 6755 2888 5968 4652 3150 3823 6374 6266 6862 2829 3774 4146 3852 8260 7147 4370 4557 1807 8554 7216
6447 6913 2682 2414 6086 8880 4451 5158 4239 6406 6340 2961 6205 4741 2988 3617 6382 6226 6792 2566 3840 4077 3800 7964 7512 4308 4083 2147 8466 7516
6578 6835 2975 1834 5949 8302 4851 5076 4410 6446 6405 3157 5988 4520 3333 3976 6376 6589 6453 2606 3835 4521 3334 8319 7396 4774 4091 1651 8358 7506
6267 7064 2770 2377 6441 8761 4338 5102 4288 6332 6703 3008 6133 4436 3376 3876 6707 6467 6412 2267 3834 4465 3374 8299 7163 4485 4692 1586 8438 7293
6108 6719 2411 2391 5916 8911 4419 5496 4403 6696 6769 2713 5716 4229 3432 3482 6879 6674 6637 2733 3597 4170 3451 7914 7076 4462 4430 2064 8132 7760
13 25 0 1 70105 1
13 2 1 9 49841 1
16 17 6 26 53233 1
23 1 4 4 53952 1
10 15 7 24 33425 1
13 27 2 5 67865 1
11 17 23 1 63854 1
10 24 0 5 55194 1
22 0 2 7 71045 1
0 26 17 24 45231 1
2 4 10 19 44798 1
18 27 28 28 20768 1
3 21 24 23 78853 1
9 25 29 2 78984 1
2 12 14 25 66380 1
4 4 15 1 34820 1
29 14 9 8 71029 1
3 21 2 0 76957 1
12 9 12 21 35394 1
5 28 20 24 37713 1
29 16 17 29 61459 1
27 6 24 20 45590 1
2 13 29 28 90770 1
12 25 29 25 46339 1
19 11 10 4 35934 1
26 11 21 23 46267 1
22 3 29 21 60938 1
15 15 2 19 43777 1
7 17 6 27 39515 1
5 18 22 2 66893 1
25 22 14 3 61248 1
9 11 15 26 39861 1
27 14 13 23 67654 1
27 2 0 14 82945 1
12 9 6 13 32735 1
21 25 13 8 61771 1
18 16 6 21 52002 1
15 13 27 3 49067 1
18 1 7 11 45574 1
28 9 7 11 65663 1
26 28 24 19 25377 1
25 2 13 22 70796 1
4 9 13 1 55953 1
1 18 24 26 71165 1
0 15 13 17 54419 1
15 23 25 28 38801 1
13 20 28 2 69798 1
12 24 20 15 44999 1
11 4 28 15 66698 1
19 0 9 29 74657 1
15 29 3 25 46259 1
23 24 11 9 69505 1
1 28 27 16 82372 1
17 9 9 23 52216 1
24 19 22 1 47877 1
8 22 25 11 65532 1
11 9 0 7 43180 1
11 16 26 18 48557 1
11 3 16 16 48738 1
7 1 11 19 43531 1
11 18 16 13 31998 1
22 6 4 6 59086 1
0 26 7 4 69036 1
16 2 20 9 21819 1
9 27 21 25 28904 1
4 26 25 13 77735 1
9 20 5 11 31115 1
2 4 25 22 89282 1
3 29 2 10 70055 1
27 23 18 4 67371 1
11 11 8 22 25842 1
13 15 20 28 47148 1
14 9 1 26 64224 1
17 2 5 15 53710 1
29 14 17 17 49766 1
25 22 10 27 44866 1
6 25 17 13 59016 1
14 27 12 1 54365 1
15 14 27 10 48092 1
9 5 25 14 64924 1
11 13 22 23 53189 1
13 2 20 6 23837 1
26 21 13 14 52515 1
22 19 8 0 67954 1
17 2 13 9 41838 1
5 16 22 9 67369 1
20 25 14 1 56929 1
9 6 27 26 72048 1
7 12 13 26 49764 1
25 9 3 8 83672 1
23 14 2 28 71858 1
4 25 19 15 65238 1
0 12 7 28 57047 1
7 22 1 13 51123 1
25 11 2 6 78728 1
2 19 11 21 27157 1
24 17 24 28 43124 1
21 7 5 3 40967 1
10 15 1 2 39468 1
13 28 6 17 48060 1
26 0 14 20 65982 1
18 3 23 12 31739 1
22 25 21 8 41044 1
15 10 25 9 39748 1
5 27 17 17 45953 1
3 5 16 23 84492 1
13 2 7 7 32126 1
25 0 23 15 50822 1
9 29 4 3 57979 1
23 0 17 6 36788 1
10 22 22 4 55816 1
2 0 14 9 60977 1
25 23 9 16 61916 1
1 21 11 26 43260 1
24 12 16 3 39013 1
21 26 26 13 45150 1
7 7 0 4 37690 1
8 23 24 12 77411 1
10 7 28 2 45608 1
10 4 18 0 29064 1
15 28 14 1 66234 1
29 20 1 13 92926 1
12 1 23 17 62350 1
6 12 0 28 62267 1
23 8 25 20 44646 1
7 1 29 27 87880 1
6 6 13 10 41810 1
0 23 21 24 60288 1
26 23 16 2 63382 1
11 8 29 10 63510 1
13 27 12 11 34757 1
15 7 0 5 50611 1
22 12 23 2 31892 1
1 13 16 13 58633 1
15 1 8 17 52116 1
24 11 18 27 42753 1
18 6 11 17 55154 1
24 29 7 9 83595 1
4 16 20 2 66616 1
3 2 13 6 36421 1
28 24 6 24 68823 1
23 20 14 18 31762 1
19 18 8 8 50948 1
9 14 4 3 31769 1
12 5 14 18 47041 1
1 28 9 10 52047 1
17 4 5 24 70811 1
21 26 11 18 40709 1
1 28 14 4 68080 1
14 12 25 14 41598 1
0 4 29 1 68163 1
12 18 20 14 32203 1
11 28 4 5 63123 1
11 6 6 15 32405 1
11 0 7 13 37862 1
18 28 29 10 66314 1
8 22 22 7 66934 1
19 5 2 24 90979 1
6 1 8 22 55045 1
18 9 28 27 54431 1
14 29 17 19 39812 1
12 28 16 5 69731 1
5 29 4 10 63361 1
3 27 3 6 70776 1
15 19 1 2 57872 1
5 2 20 17 55738 1
17 18 24 22 30234 1
18 18 8 5 60671 1
9 26 0 23 34651 1
10 7 23 14 48989 1
0 12 7 27 50414 1
12 1 18 25 67740 1
15 20 6 4 55078 1
18 7 5 22 71737 1
4 19 26 4 73616 1
28 10 17 11 34689 1
26 11 17 24 54346 1
25 13 16 26 54954 1
21 25 6 6 76698 1
13 11 17 0 45672 1
18 9 0 25 76475 1
25 10 0 27 83589 1
2 29 19 18 63805 1
11 1 18 4 22602 1
13 18 12 27 29807 1
14 4 28 19 63180 1
3 14 10 10 29161 1
4 12 15 1 53731 1
10 27 29 13 73438 1
8 26 17 22 39047 1
10 14 29 3 55976 1
29 21 6 22 74077 1
24 26 28 0 74589 1
14 13 24 15 40583 1
7 26 14 9 55108 1
10 11 3 19 29102 1
4 17 16 22 51848 1
11 20 25 10 58017 1
21 0 9 13 50432 1
11 2 14 25 54749 1
27 8 15 22 66372 1
18 26 6 21 45449 1
22 3 6 17 69768 1
9 29 8 19 27369 1
9 15 11 27 23083 1
11 25 19 18 39244 1
8 24 22 13 65951 1
10 10 8 20 21577 1
26 29 29 4 72031 1
27 5 3 16 94824 1
23 25 20 15 30036 1
21 2 5 29 76870 1
28 4 8 11 58056 1
2 26 13 13 52700 1
3 6 17 9 65504 1
5 22 27 4 86652 1
18 17 29 8 58200 1
11 24 17 7 59298 1
2 27 23 23 60133 1
15 18 23 12 45172 1
17 26 24 5 68136 1
8 9 12 3 25940 1
19 18 23 4 45253 1
21 6 26 19 41858 1
26 7 2 19 86001 1
21 25 14 1 61502 1
3 15 11 24 44324 1
14 18 2 2 59982 1
1 19 27 20 70221 1
26 0 9 16 65560 1
14 4 5 17 55401 1
13 11 5 27 40607 1
0 2 16 15 61197 1
18 0 3 21 80952 1
10 26 14 6 47498 1
4 11 15 28 54212 1
9 23 2 4 58657 1
7 3 12 26 48831 1
10 23 21 6 57286 1
15 4 19 27 55442 1
13 4 28 24 80901 1
21 27 7 7 65746 1
7 24 17 6 75944 1
16 18 15 5 62544 1
5 7 13 23 62914 1
19 15 16 29 44022 1
2 11 24 9 74865 1
10 26 24 27 27755 1
13 3 27 10 49440 1
28 8 22 18 46747 1
8 11 14 22 35231 1
21 12 27 21 43268 1
1 9 22 10 71126 1
9 21 19 10 47246 1
16 3 16 14 39097 1
16 2 8 13 40271 1
15 10 1 15 56386 1
15 1 16 24 74141 1
9 14 27 2 57601 1
10 10 3 16 38731 1
21 28 8 9 66936 1
10 1 24 20 65171 1
19 10 6 22 58642 1
7 15 26 1 66057 1
9 4 25 22 76221 1
2 22 17 4 73767 1
13 15 5 23 41973 1
20 28 2 26 41246 1
11 27 27 10 70628 1
25 12 5 4 64688 1
3 8 24 28 89623 1
28 17 25 5 42347 1
3 12 1 25 54945 1
12 5 23 14 50576 1
26 9 8 6 60084 1
28 20 17 18 34450 1
18 15 29 6 55828 1
4 16 4 27 50146 1
22 7 27 14 36582 1
3 29 27 2 99986 1
19 24 5 29 45434 1
3 2 25 10 69399 1
15 1 23 24 70902 1
23 15 10 25 51351 1
20 16 6 2 53081 1
25 25 22 6 59305 1
11 6 7 28 47763 1
13 11 8 27 34805 1
9 29 22 14 58564 1
19 4 29 17 63466 1
2 11 22 25 75267 1
2 24 22 11 83246 1
18 17 13 26 45689 1
25 6 23 21 52844 1
20 28 8 7 60182 1
22 18 0 22 66779 1
6 17 28 8 92929 1
27 18 0 29 80358 1
3 16 8 0 66571 1
6 21 3 12 50534 1
29 11 5 23 91597 1
9 1 17 21 58658 1
23 27 25 7 57204 1
5 13 24 14 65298 1
12 8 3 27 49176 1
15 12 13 21 45082 1
0 12 6 21 42625 1
25 19 4 1 81326 1
2 7 22 4 64225 1
1 7 18 7 66191 1
6 14 29 7 83713 1
6 4 4 26 66569 1
18 16 23 4 44854 1
17 16 25 21 38441 1
7 1 8 16 49713 1
9 8 5 16 36665 1
28 1 15 2 36800 1
21 1 28 22 65510 1
7 12 25 24 76002 1
15 4 5 24 67400 1
0 15 29 6 97290 1
2 2 14 25 71402 1
22 6 27 1 30936 1
21 5 9 24 69062 1
7 29 19 4 75567 1
5 4 20 6 38049 1
0 7 17 27 74873 1
29 9 17 14 50858 1
20 0 11 16 48329 1
15 2 4 15 53452 1
0 22 11 8 53320 1
7 0 4 16 68819 1
4 3 17 5 32231 1
12 18 25 2 63898 1
21 10 16 20 36734 1
14 21 26 22 46186 1
17 2 10 11 30335 1
12 1 21 21 56520 1
19 5 17 19 37498 1
9 15 20 2 43067 1
23 5 2 2 59638 1
29 23 1 23 86326 1
10 7 28 20 66152 1
14 4 21 25 56893 1
4 1 29 6 71695 1
5 20 14 9 48234 1
27 29 27 1 79422 1
29 5 13 14 70761 1
6 22 13 8 47335 1
17 3 25 17 50215 1
28 11 17 0 53257 1
16 8 22 3 29136 1
14 13 18 1 49200 1
8 19 19 15 41146 1
20 19 9 16 36079 1
1 5 27 11 78666 1
2 12 19 19 62660 1
3 26 8 19 36685 1
24 18 2 10 81126 1
2 12 14 0 62464 1
8 11 28 8 65171 1
7 1 19 18 67260 1
26 28 14 9 65447 1
11 14 4 29 44188 1
20 7 28 3 23500 1
5 28 27 28 53569 1
25 12 2 2 71776 1
4 9 18 25 74801 1
17 1 2 12 62593 1
12 11 24 14 39663 1
18 7 21 18 34920 1
6 10 7 19 37019 1
24 27 1 11 75102 1
18 14 29 8 47833 1
28 2 12 12 58216 1
14 19 16 2 50583 1
9 5 2 0 43902 1
8 29 18 24 46101 1
1 5 23 27 85291 1
1 18 19 16 60665 1
29 14 15 10 52102 1
12 0 14 20 52915 1
16 2 27 28 72496 1
26 28 13 25 37993 1
16 6 11 15 44280 1
15 9 11 18 38854 1
13 24 21 14 55265 1
14 27 19 15 34523 1
25 16 21 23 37133 1
17 17 4 6 72855 1
1 16 17 23 66899 1
10 8 13 21 32139 1
10 1 25 25 73103 1
23 29 20 4 56623 1
12 27 21 26 21272 1
4 22 13 6 58129 1
14 7 15 26 62939 1
19 26 27 22 30721 1
10 28 16 12 48659 1
20 23 28 10 46990 1
16 15 8 5 52248 1
26 12 2 12 76903 1
24 17 6 19 57882 1
20 0 21 24 46803 1
0 21 17 26 51043 1
4 13 17 25 63417 1
2 3 18 24 78585 1
23 28 1 16 78545 1
14 21 16 10 55075 1
17 20 5 21 41219 1
29 10 21 8 40106 1
4 4 29 6 66527 1
29 29 4 1 103558 1
29 0 10 28 88004 1
25 29 28 8 59226 1
14 29 24 11 58095 1
5 4 14 18 52894 1
29 5 13 17 86384 1
22 5 16 28 62267 1
22 13 5 22 66447 1
22 26 23 12 48063 1
29 29 5 28 59447 1
27 7 1 29 103501 1
20 23 1 2 73515 1
10 27 17 10 45960 1
17 15 5 9 51899 1
6 13 19 10 48778 1
12 21 26 17 47656 1
25 22 10 18 49181 1
7 12 20 4 48850 1
17 6 26 15 47361 1
4 9 19 4 59643 1
23 28 17 3 57732 1
17 0 0 29 83633 1
1 9 21 18 79432 1
21 14 16 4 36047 1
4 1 7 26 69764 1
15 12 16 2 42251 1
18 18 22 26 28815 1
26 0 5 0 60493 1
7 0 26 6 61953 1
16 4 8 10 43906 1
24 19 10 6 54878 1
28 20 19 4 54441 1
25 9 9 5 61340 1
16 23 10 3 57593 1
9 22 20 29 32449 1
13 14 29 16 60212 1
8 25 29 27 47405 1
4 1 1 22 68633 1
16 2 21 12 32911 1
4 1 7 26 69764 1
9 16 29 24 70411 1
15 22 23 5 66070 1
17 0 9 23 62494 1
24 27 21 19 22682 1
0 8 9 29 69568 1
2 5 28 13 88406 1
24 18 1 24 78268 1
28 4 6 1 58714 1
13 0 19 9 46657 1
21 0 1 9 69960 1
10 7 7 20 30446 1
0 29 20 16 61540 1
23 29 6 15 68705 1
3 28 26 27 50911 1
8 8 23 9 59725 1
26 5 20 26 55196 1
27 12 4 2 74865 1
11 6 27 7 52866 1
24 28 12 8 68594 1
28 6 5 1 62579 1
21 18 6 9 70068 1
18 24 14 1 67190 1
10 13 17 19 26278 1
18 18 19 5 38967 1
1 14 19 6 74127 1
11 3 11 29 44280 1
3 3 8 22 49304 1
6 10 19 27 58235 1
16 29 22 3 64107 1
5 7 4 16 40463 1
17 20 3 19 38748 1
23 11 8 19 53032 1
28 9 18 8 42335 1
25 26 0 15 78256 1
10 24 20 20 33843 1
24 22 23 2 55485 1
2 28 27 1 100041 1
5 16 0 6 43408 1
3 5 17 12 63143 1
0 8 12 5 42221 1
22 7 18 27 47043 1
18 6 11 29 65754 1
24 28 12 15 56821 1
29 21 16 25 51215 1
20 29 25 20 32208 1
22 20 16 1 54822 1
8 27 19 11 51358 1
27 5 5 7 69900 1
27 12 19 24 53571 1
4 24 14 16 59952 1
27 4 23 20 54716 1
2 4 20 4 41252 1
26 10 18 17 42204 1
17 18 27 6 60105 1
15 12 9 20 34886 1
15 15 12 4 43486 1
21 17 3 27 56239 1
10 4 19 21 52574 1
24 16 0 21 83595 1
24 1 14 16 64897 1
1 27 5 18 38276 1
27 23 17 22 42962 1
23 3 14 16 51986 1
4 26 21 24 48095 1
8 23 12 10 40677 1
28 19 4 20 65609 1
16 13 28 6 57125 1
25 24 25 5 56656 1
19 1 4 6 50684 1
0 13 17 11 53041 1
25 6 17 16 52681 1
10 21 4 7 49372 1
13 20 19 7 48233 1
28 4 15 14 54463 1
15 21 6 27 35796 1
7 11 6 25 46586 1
20 25 17 4 45129 1
7 6 14 25 59618 1
23 27 16 6 57540 1
15 6 24 23 68688 1
14 22 28 17 52970 1
17 21 3 26 54570 1
9 23 23 7 74578 1
14 11 22 23 45129 1
29 24 14 4 83558 1
25 16 0 16 80756 1
10 17 12 6 25811 1
20 19 0 10 67678 1
4 3 5 23 61569 1
6 18 10 9 31356 1
17 14 6 25 55736 1
6 22 7 11 38979 1
1 23 16 2 80240 1
9 16 4 4 43729 1
14 28 25 0 75326 1
28 18 13 27 49208 1
2 14 16 26 63551 1
18 10 9 25 50752 1
18 5 6 23 73336 1
7 29 27 7 97522 1
19 10 0 15 66970 1
22 0 13 17 71160 1
13 9 1 23 70319 1
26 15 15 1 57034 1
0 3 10 6 23630 1
26 6 13 26 76377 1
8 16 17 23 48528 1
26 6 2 28 95153 1
4 6 12 0 39766 1
7 19 3 29 45867 1
9 6 10 25 32541 1
2 3 5 28 64372 1
24 9 19 21 45478 1
2 15 15 3 56468 1
18 24 6 10 68693 1
15 11 5 13 37064 1
2 4 8 9 42815 1
25 14 12 16 49428 1
15 25 28 7 78708 1
19 17 28 25 42606 1
24 6 11 18 65535 1
21 3 5 15 57601 1
7 11 19 19 42724 1
5 0 23 11 62661 1
19 25 8 25 35989 1
27 29 1 9 99803 1
27 19 2 20 69137 1
0 20 20 15 60313 1
17 25 9 0 66686 1
6 19 20 12 47461 1
12 0 26 15 64920 1
26 27 7 5 81878 1
13 5 21 13 48142 1
15 16 29 28 60259 1
11 15 6 7 36406 1
18 0 22 6 28990 1
3 17 16 15 58365 1
18 26 7 20 40523 1
20 7 26 12 26990 1
26 4 14 18 61302 1
4 0 25 28 94335 1
15 15 25 14 36258 1
7 6 24 26 77548 1
10 6 24 1 43065 1
13 5 17 12 45767 1
22 29 17 23 29461 1
24 10 15 22 55313 1
25 19 13 4 60160 1
10 27 3 8 56879 1
8 11 22 22 54153 1
3 10 22 20 71790 1
10 20 14 28 22506 1
29 18 12 10 67237 1
28 23 18 28 32716 1
17 7 23 0 40090 1
11 16 3 14 30210 1
26 11 11 0 55921 1
17 18 2 23 59218 1
18 17 7 26 50998 1
17 17 15 25 37162 1
28 27 7 17 65582 1
5 16 21 24 64047 1
25 25 13 28 34998 1
27 24 8 8 80299 1
16 16 23 7 50409 1
16 16 22 11 34510 1
25 0 16 4 35476 1
6 23 3 6 77754 1
19 13 8 29 65597 1
26 19 4 25 69956 1
19 27 8 10 54443 1
13 26 5 29 29633 1
11 23 16 1 59495 1
23 0 16 14 52068 1
6 26 24 24 59062 1
26 4 4 26 86905 1
17 25 11 13 44770 1
1 4 24 14 71386 1
25 9 3 0 82093 1
4 9 3 20 55881 1
28 26 3 14 77521 1
26 0 13 7 53849 1
14 17 8 27 34269 1
5 15 16 7 58858 1
16 22 1 25 53058 1
9 12 6 21 36319 1
13 22 9 10 34412 1
7 20 15 11 38120 1
23 26 14 5 71026 1
3 8 22 4 64206 1
5 24 14 28 34174 1
22 15 0 18 67227 1
26 9 17 1 39718 1
12 8 22 18 54781 1
16 1 24 5 40017 1
12 7 18 1 34751 1
6 15 1 1 57847 1
27 6 15 16 64056 1
0 17 9 14 37261 1
24 12 13 15 50717 1
0 16 9 17 42170 1
14 6 28 4 44643 1
14 25 8 13 43786 1
11 28 3 17 46948 1
2 12 14 23 62810 1
3 0 0 26 80743 1
19 7 25 29 53662 1
0 14 7 10 33758 1
25 17 20 9 34894 1
10 16 15 4 33627 1
11 29 13 3 47979 1
9 28 22 17 53063 1
22 17 18 23 27908 1
10 17 9 3 23418 1
1 9 0 0 28581 1
12 15 22 2 51949 1
0 10 11 8 40231 1
29 21 5 11 81249 1
1 24 17 25 50626 1
27 6 16 27 68486 1
19 20 1 0 79775 1
15 16 19 4 46946 1
11 1 19 24 64587 1
4 10 8 3 38665 1
19 21 9 14 39584 1
16 7 18 27 57031 1
28 9 18 19 48390 1
6 24 24 26 60114 1
19 2 15 19 43746 1
10 18 12 26 20199 1
3 26 4 14 56119 1
13 0 16 10 56719 1
27 21 6 24 75040 1
28 28 4 16 77680 1
4 29 17 0 82772 1
12 28 25 15 56964 1
18 15 6 2 58877 1
20 27 25 2 53657 1
16 2 19 28 56882 1
28 23 5 10 85268 1
14 26 25 11 57348 1
7 14 17 25 48836 1
5 12 16 23 63438 1
21 14 8 19 42821 1
14 29 16 5 78718 1
13 2 20 19 45807 1
0 20 13 5 67636 1
27 9 21 5 44369 1
27 23 18 21 41959 1
1 13 19 20 67315 1
11 16 26 23 55148 1
29 26 11 22 50770 1
0 21 10 11 41940 1
29 6 0 29 108535 1
0 22 8 14 46074 1
10 16 28 23 59706 1
6 11 11 22 30952 1
13 17 29 6 85190 1
4 14 10 1 40088 1
17 1 8 3 24981 1
22 6 13 16 56491 1
11 4 11 25 41752 1
3 24 4 1 89030 1
21 4 11 17 53730 1
12 18 4 8 50039 1
17 15 17 25 35690 1
21 0 29 11 50766 1
21 25 3 23 65021 1
12 12 2 23 57850 1
7 4 20 6 36522 1
13 27 11 6 41618 1
19 25 14 7 61956 1
20 27 1 16 66110 1
7 21 23 6 76625 1
28 16 2 22 86785 1
10 5 9 26 35979 1
17 13 5 4 54057 1
18 6 7 20 64752 1
7 16 22 0 69396 1
23 13 25 24 44935 1
5 7 2 15 41592 1
20 24 5 22 48280 1
25 9 28 25 49891 1
29 29 8 5 93838 1
22 1 25 21 57148 1
7 21 1 2 61194 1
1 3 20 13 52555 1
16 13 17 1 45626 1
8 14 27 10 65079 1
0 27 26 4 88804 1
2 17 19 11 67571 1
3 29 17 27 41045 1
5 6 14 26 67254 1
20 27 16 6 52248 1
4 2 28 12 75536 1
29 6 3 19 91292 1
25 4 12 2 32791 1
8 18 12 25 30822 1
8 25 20 18 44454 1
2 15 15 5 64834 1
15 26 9 9 46586 1
11 25 15 11 38501 1
29 7 22 0 40819 1
2 27 13 12 52438 1
5 0 1 25 79534 1
2 24 15 26 45737 1
2 12 0 1 36175 1
16 21 29 24 56268 1
10 2 29 26 77579 1
25 10 11 3 48972 1
22 4 8 23 71481 1
25 27 15 7 66601 1
18 21 11 16 33639 1
13 26 0 5 71186 1
26 26 2 13 82450 1
20 2 3 7 56323 1
7 13 0 24 54062 1
1 18 11 17 34763 1
2 1 13 21 66678 1
28 19 20 1 50085 1
10 23 20 0 54219 1
8 27 28 19 56358 1
3 16 21 29 77603 1
20 0 13 10 43504 1
8 16 26 4 67489 1
27 14 16 28 58396 1
13 24 19 11 59360 1
22 10 25 19 35944 1
23 14 19 3 29585 1
9 28 1 17 51668 1
12 19 26 16 42610 1
4 9 19 17 69845 1
21 5 20 24 40499 1
28 5 3 8 79341 1
13 14 27 22 57893 1
10 19 16 10 36106 1
28 4 9 22 71723 1
0 29 7 0 82198 1
9 10 3 3 31424 1
10 18 16 7 45472 1
14 10 2 4 49566 1
15 12 0 11 47140 1
27 22 13 6 79003 1
13 3 2 22 62207 1
5 11 1 18 38185 1
3 7 13 12 55919 1
9 27 7 3 42885 1
19 20 2 6 81884 1
13 6 9 15 30805 1
26 3 13 20 62626 1
25 5 8 26 79279 1
22 16 20 24 23861 1
4 14 7 23 47130 1
0 12 13 29 72242 1
1 23 29 5 113314 1
1 13 13 19 48681 1
24 24 16 26 38709 1
9 25 13 1 54456 1
15 5 28 12 58162 1
23 20 3 24 76166 1
19 8 21 29 45897 1
28 1 18 8 39184 1
1 12 15 7 60118 1
22 15 12 13 38551 1
21 17 11 4 50095 1
15 17 9 24 35262 1
24 2 13 11 44755 1
5 29 21 21 50801 1
7 14 22 5 57368 1
20 21 6 15 48495 1
13 18 29 2 73780 1
18 24 6 18 55933 1
6 11 3 3 37384 1
17 16 1 13 63655 1
1 27 0 16 29217 1
18 20 14 10 43431 1
21 4 26 14 41642 1
10 7 16 14 29898 1
7 19 23 1 68420 1
22 15 28 29 47038 1
12 26 3 28 28197 1
8 9 24 12 61638 1
28 13 10 25 70707 1
6 13 19 2 54157 1
28 26 7 0 94515 1
29 28 2 4 96978 1
9 26 9 1 48942 1
14 26 7 11 44607 1
15 15 5 22 45579 1
7 13 23 29 70498 1
22 7 25 25 58666 1
13 18 5 29 43376 1
14 2 28 27 70623 1
1 0 18 21 81900 1
3 29 13 21 48492 1
6 11 12 24 41201 1
8 3 28 28 75718 1
3 18 6 27 43579 1
18 19 6 22 38699 1
11 9 15 18 35524 1
29 14 29 27 41031 1
23 18 1 25 72294 1
21 26 18 4 49997 1
9 28 11 0 53646 1
29 19 9 12 64158 1
17 24 7 29 43208 1
12 29 14 18 37110 1
25 0 13 16 72972 1
19 26 7 5 72426 1
18 22 26 28 28908 1
23 2 26 17 43217 1
13 27 21 14 38302 1
0 2 29 11 80596 1
29 10 27 24 51345 1
2 13 3 24 56077 1
10 11 4 2 29017 1
15 15 2 2 57077 1
24 23 16 28 43037 1
28 11 19 6 36600 1
16 5 27 1 45525 1
10 20 26 14 53876 1
12 6 25 8 53684 1
28 28 3 7 99326 1
15 19 5 0 58246 1
24 21 5 29 63476 1
3 4 19 24 81711 1
18 28 19 1 55347 1
17 24 25 29 30854 1
3 3 26 6 52459 1
1 8 11 0 44554 1
19 25 11 11 49821 1
16 16 9 26 46686 1
16 17 20 25 31702 1
16 8 25 5 41942 1
14 29 23 3 65045 1
4 25 11 11 47789 1
15 4 28 0 39420 1
16 26 17 15 43555 1
19 10 2 2 58288 1
28 18 22 0 63723 1
23 16 3 22 76503 1
25 13 2 21 85204 1
20 20 6 20 42773 1
16 21 0 6 75788 1
21 1 15 9 43951 1
9 26 0 21 39110 1
16 4 7 27 60924 1
6 14 27 11 66335 1
8 3 27 0 49613 1
4 0 18 25 86365 1
5 7 14 15 49635 1
25 15 6 22 69352 1
25 15 4 19 65566 1
27 24 25 1 64603 1
9 8 23 28 63530 1
27 6 3 25 106342 1
20 26 12 14 45375 1
28 24 2 0 109233 1
25 20 15 15 41700 1
17 0 29 22 75039 1
24 20 19 12 33852 1
22 25 12 2 64393 1
13 23 22 10 60039 1
11 5 4 0 34621 1
6 12 21 25 68459 1
28 16 20 0 54111 1
3 14 14 17 46883 1
7 25 13 29 34761 1
18 11 23 25 41984 1
16 20 20 0 46546 1
7 8 9 21 36064 1
11 25 8 8 37446 1
4 4 1 20 58230 1
19 22 28 23 34333 1
18 7 0 0 59391 1
22 1 0 27 84649 1
19 24 5 8 76221 1
1 26 5 0 78050 1
28 19 5 8 82867 1
8 8 21 2 39755 1
6 29 12 18 41283 1
20 1 15 15 40868 1
17 4 2 19 61494 1
2 24 21 18 71849 1
6 24 28 12 97467 1
15 28 2 3 65191 1
3 9 16 28 76587 1
2 21 28 13 93656 1
6 22 14 6 56254 1
23 11 12 3 37410 1
8 22 26 7 77361 1
22 27 8 19 39108 1
17 28 17 11 43905 1
23 9 1 16 88024 1
16 23 3 2 76195 1
5 7 7 18 55446 1
25 9 15 14 43305 1
29 17 6 14 78471 1
17 1 13 20 57744 1
14 16 8 12 34226 1
5 21 12 11 37389 1
29 4 12 10 62543 1
15 12 18 4 37921 1
19 14 29 24 52943 1
27 29 23 21 37633 1
10 3 20 13 35501 1
26 7 19 26 56447 1
7 28 21 4 74577 1
15 14 23 27 43804 1
25 7 15 9 49902 1
27 22 15 0 74987 1
8 27 22 22 38288 1
26 6 14 16 62757 1
14 10 22 23 49774 1
21 10 20 25 31290 1
0 13 20 4 63517 1
27 22 3 27 57891 1
27 21 15 27 37434 1
26 15 17 27 43361 1
16 7 19 23 52528 1
12 6 3 13 49130 1
25 10 2 23 95497 1
13 21 4 23 41679 1
15 21 18 0 62810 1
9 9 20 11 37054 1
3 3 28 23 90626 1
26 0 22 22 58214 1
21 5 29 8 46723 1
3 9 19 0 71997 1
26 29 18 7 59349 1
5 17 13 23 41270 1
29 8 0 28 103389 1
7 9 15 1 44667 1
19 25 1 7 90096 1
25 24 8 8 73831 1
1 13 9 26 55798 1
6 23 29 4 93369 1
5 24 3 2 72329 1
20 24 23 16 30688 1
20 17 12 3 38448 1
17 29 4 22 48736 1
8 9 10 25 35571 1
26 20 12 11 53748 1
24 12 23 24 58449 1
0 16 25 5 86900 1
2 15 20 22 64397 1
7 26 19 16 56801 1
4 11 29 4 73880 1
