3594 4122 5034 4244 4066 4031 4753 4504 4111 6787 3661 6183 6611 5776 6870 4620 6065 7168 6271 6788 6608 4536 6192 5224 4021 5353 5547 4827 6693
2986 4240 4105 2724 5932 3811 6063 5528 3519 6281 3768 5816 3162 3025 5643 2739 3992 3820 5789 2675 6263 4716 5508 4842 3768 5791 3801 3803 5905
3402 4252 3495 3478 4725 2573 3681 4480 2370 3209 3351 2439 3682 2509 2833 4671 2695 2112 4816 3036 1983 2039 4667 4944 2541 4786 1126 2999 3470
6804 6489 5493 4864 5603 5526 5732 7323 7112 6966 4563 3281 4674 3879 5264 6658 4722 5694 4784 4919 5181 3880 6214 6581 6374 3234 3567 3529 6357
3977 6559 4179 4264 6675 6045 5591 5414 4363 5281 4928 7025 4681 6336 3677 4569 5790 5344 7527 4029 6971 5803 4346 5848 4745 4264 3269 2140 2906
3736 5456 6485 4518 4956 3047 3288 2844 4447 3609 6355 3103 5417 6339 5412 4132 7272 6542 4712 3998 4635 6351 5176 4132 5181 7326 4497 5067 7765
6467 4447 6270 5855 4965 3171 2479 3943 3905 1266 1383 3243 3352 2051 3551 2181 2053 2780 2298 2142 3274 3576 3871 2376 2514 2806 4934 1271 2791
4207 5242 5254 5271 4372 3646 6112 2968 3461 3498 6109 5886 5918 7585 5335 5035 7373 7983 5019 8073 4534 5152 5236 5676 7140 6725 5561 7253 6534
6728 6182 8115 5021 8694 8422 7624 8511 5151 8929 5486 5653 8498 8504 6117 5865 8685 5835 5123 6849 7467 6322 5089 8418 5085 5765 5413 7904 8446
6509 8432 6618 7063 7278 8088 4953 6568 7269 7094 5069 5085 7072 6847 5553 8083 4989 5909 5146 7318 7893 8167 6142 5246 5791 5181 5108 5626 4127
4574 5628 7077 7340 6775 3451 3829 4487 1803 4437 4782 3289 2552 5695 5419 4659 5065 1897 3764 5506 5266 2721 4815 5464 3572 2041 2757 3053 3780
4926 2832 1458 4127 2142 3229 2178 3951 2709 2968 4122 7049 5095 7036 4636 4589 4441 7580 3696 5442 5867 4425 6793 6339 4268 5392 4121 5265 7336
6418 7223 7507 4498 7426 5094 8217 6576 8274 7846 6860 5462 4637 8266 7910 6823 5096 7021 4941 5597 6470 6280 6954 5451 4951 6375 6639 1836 2134
3036 5430 2725 4701 1900 4876 3957 1716 2110 2644 4748 2608 3147 2675 4599 3413 2567 1998 5431 2628 3436 3185 5119 5189 3225 4444 4504 4253 1940
7229 5494 5629 7110 4426 5567 7228 5478 5790 3986 7332 6084 5922 6816 4748 4917 7396 4726 6552 5697 7068 4118 3747 3775 6633 7496 7041 5142 5922
7565 7997 6334 7612 7939 5321 5469 5331 5667 6874 4608 4815 6620 8127 7390 7020 7060 5578 5504 5304 6397 7815 8165 8182 6074 6398 7821 6704 7466
6676 7143 7730 6594 8426 5139 7394 7509 7821 6608 5920 3242 4699 3588 6692 4089 6108 5403 3835 4857 3518 4176 4142 5592 4573 5932 3023 3446 6016
6921 5424 7618 5750 7289 7352 5253 5119 5085 7990 4485 6309 4430 5394 5729 4200 5035 5547 6422 6662 6265 4074 4340 6513 5218 4155 2990 4711 3184
7427 5638 7084 5212 4823 7395 6621 5294 7033 7259 6713 4609 6620 7751 5412 5819 4591 7140 6298 3837 6106 3937 7170 5724 3910 5579 4276 5452 6590
7554 5935 5118 4402 5144 8190 6881 4538 4820 7614 6740 5515 4431 6565 4930 7105 5422 6183 5981 5496 6805 5270 4693 5223 5345 6460 7164 4610 4726
3768 5754 3146 3440 5289 2277 3727 4495 5511 5548 5281 2497 4638 2568 4055 2463 5828 4453 2320 4813 2738 5870 4443 3815 4797 2314 3733 5790 4777
6696 4944 7130 5675 5540 6937 7100 7601 6670 7312 7333 5225 7326 4032 3941 1673 2176 2533 4662 3268 4826 4680 5016 1732 2703 1796 5169 5457 5414
5377 4837 4348 6035 5197 4328 6258 6454 7388 7774 5215 6286 4987 4783 6419 4952 4076 4689 7321 7451 7845 6284 4291 4597 6295 7013 8363 4971 7101
5107 5424 6787 5265 6006 3446 4021 3896 7240 4435 5056 5175 6102 7020 6343 6727 3433 5615 5601 4023 5464 5909 3521 4658 6530 5271 5829 4063 4343
4093 3878 7151 4543 5209 3987 6147 5307 5173 6383 5758 7727 5391 5212 7497 7436 7740 7048 7568 4715 5193 4401 5471 5808 5451 4895 7656 5280 5608
4831 5730 4237 4980 5413 4742 4217 2779 5036 4662 4575 4691 4191 2426 1851 2204 2366 2166 5202 1545 4890 4498 4115 2960 3952 3500 3125 2582 5016
6330 6959 7022 6297 4160 4489 5526 4612 4965 4950 4934 4647 5247 3892 6958 5807 6858 6960 5434 6752 7239 5425 6635 5354 5455 4936 4060 3508 5024
4951 3678 3928 5337 5100 6840 5481 5772 3669 5688 4697 4639 3811 4029 6033 5833 4695 5555 5775 4125 7394 3543 6352 6691 5317 5461 3881 7359 7071
3309 3892 2406 3533 5266 3452 4166 3160 3820 2152 1859 3369 3604 4471 2880 6351 7427 4223 5644 6210 7189 4232 7044 5942 7949 5497 4795 4196 5320
5643 3617 3715 4695 4054 5670 4200 3789 5353 3738 4696 3714 5337 4948 4588 3241 3576 2733 2833 2273 5078 3955 3298 5483 3516 5220 4320 5813 4868
4848 6057 1596 2736 6441 6699 3115 3585 5037 4918 3932 8069 3910 4058 6490 2085 6991 3739 8188 1552 5218 7116 4395 6779 5635 5994 5326 4344 6271 5075
7654 8220 4203 3484 5849 6368 5962 5505 6385 7566 4752 6937 4272 4433 5898 7444 4827 5729 8030 3349 2428 5104 3510 4751 2151 3008 3490 4089 5395 4377
5350 7871 2196 5605 6540 6317 5646 4426 8297 7067 5147 6290 1434 3415 5351 4357 3614 4591 8232 4134 6074 7982 4424 4753 2818 2315 5211 3828 4369 3077
7383 8002 4225 2604 6449 4502 3939 5211 7992 5134 5265 6125 4760 5755 5400 6908 3723 5197 5119 4441 5432 8530 6371 8417 5261 4161 4669 5467 4020 3883
6559 6171 2945 2924 3400 5630 5458 6468 7073 7092 2095 1553 4775 5483 4187 5124 3774 4187 7271 4405 6119 6939 5135 4567 4528 4930 3439 5345 3506 5700
5858 5706 4748 5321 6047 7573 4163 5007 5969 4023 3461 4561 3700 5791 5646 5509 4272 3319 6273 5103 5795 7806 4090 6894 3821 3381 4090 7065 7082 3829
7293 6056 5397 3709 3341 5967 2811 4243 7347 5444 4660 5085 4739 2082 5876 5963 5287 4828 7150 1807 4031 5204 6865 5143 2920 3117 6082 5661 6128 4918
4261 5187 4751 4818 4857 5224 5015 3511 6608 7803 2436 2071 5233 4207 6010 7105 4935 5880 7976 4992 3660 7889 4567 6885 3794 5388 5921 6749 5975 2157
7751 8015 5266 6293 6236 6501 6017 6487 5696 4002 5999 1526 3033 4937 4084 3910 7516 5199 7643 1536 2554 4775 6825 7337 1971 5058 5774 5133 6028 1882
5251 5251 2561 5266 4357 4470 5494 6852 6216 6447 4724 3811 1963 2905 4186 6632 3765 5594 5753 2504 2416 8289 4641 7654 2447 3268 3262 6421 3829 4903
7153 5700 4134 6155 4710 4091 2912 6483 6602 6466 3244 4296 1411 5090 4762 5617 5625 5145 7097 2866 2588 8038 6369 5790 2619 8396 2499 4469 6212 3196
5372 6205 2548 6931 3961 4392 2793 7134 8126 2642 5483 5087 2352 5344 4133 6740 7433 3692 7776 2607 2412 8393 6896 7911 2069 5971 4495 6517 3859 5484
5704 5924 4058 7506 4889 6045 2926 6013 8430 2335 4967 2841 1540 2780 6913 4886 7116 2174 5282 2313 3945 7253 5095 8291 2541 4800 4673 5862 5504 3913
4898 7761 4842 4657 4334 5810 3959 4186 7378 4314 5294 4245 1507 6961 4918 5953 6090 2418 5900 3344 3074 5600 5006 5854 2850 8604 3513 3794 6035 2628
8021 5206 1979 7801 6379 4039 3001 5714 7046 4338 4500 4750 1844 4037 6497 3860 6901 2370 3645 2616 5944 2680 4539 4939 3706 5919 3202 3529 7561 4278
5999 5347 1790 5125 4843 5023 3729 6029 5192 2436 5289 3703 3771 4306 3791 6336 6787 1847 4390 2103 3742 6202 4300 5633 3956 8054 3231 2462 6605 2465
4714 7697 4321 7463 5517 5246 2681 3691 4106 4940 5814 2501 1457 7027 2741 7436 6116 2369 5077 2308 4093 3640 3063 7370 3283 5593 2667 3124 7745 5244
7057 4830 2029 7751 6010 4836 2806 6089 6969 4848 5399 1777 3851 5345 2654 3768 4164 3138 6124 3835 5550 4684 3980 4253 3092 8475 3606 4781 4594 4607
5721 6653 5421 7145 6428 6470 2729 5148 6094 3640 5530 3545 4849 4261 3655 6475 3693 5544 5055 2148 3385 5021 5712 6238 1907 5561 4464 3470 6047 3161
5800 5688 2250 4639 4496 3959 3338 5783 5242 5417 3370 1787 4088 3916 1841 5223 6319 3755 6309 1900 2617 5206 2194 6446 1873 8010 1985 3097 8243 3475
8070 4707 1887 8342 6248 3879 3375 5972 5237 3677 4142 1715 2249 5188 3627 6417 4811 2082 4690 5126 4230 4123 3281 4751 1866 5925 3718 3720 5023 2455
6132 5248 4425 6033 3154 5973 5683 5806 5895 4423 4448 2587 4263 6415 3587 6175 5317 3762 6183 3053 4785 3101 4000 4329 3892 7994 2395 3170 8015 5493
5018 5682 3646 5565 4115 4526 7513 6851 5421 5291 2782 3523 4596 6049 3063 5545 5315 4710 6559 2571 5481 5777 1931 3987 4960 5500 3026 1377 5511 2810
7307 4653 3051 4669 5822 1683 4991 5706 4702 5424 4237 1695 4207 3935 2350 6389 4340 5664 3610 5359 3001 6376 5384 4181 4778 5101 3731 3776 5236 4207
4195 4761 4815 4464 3478 3202 8051 3203 6505 5597 2460 3776 4422 4183 3639 6257 6167 3168 6233 3002 3974 3384 2943 6113 3914 4973 2619 3754 4837 3462
8015 5991 4075 6787 4984 2321 5064 3557 7082 2642 2316 1824 4247 5597 1433 6467 6422 4085 6656 5314 3173 4105 2943 6482 3695 6530 4735 4714 6196 3281
7286 5161 2280 7970 4206 3288 5849 2351 3902 3395 2885 1760 5127 5038 4164 5260 4715 5667 4436 4832 3360 5388 4476 7511 4699 6090 5152 2645 6834 4118
7544 6746 2001 6803 2479 2913 7037 2574 3307 5867 2813 3380 1727 6737 4089 5108 4948 4677 5908 4100 5054 3296 4467 5059 2991 8339 5220 3892 5482 2780
5132 8323 5415 8139 3246 1711 4510 2026 6621 4283 4209 5261 2503 6981 4326 4362 6973 2888 5427 4409 2761 3765 5028 3670 1803 5634 2963 1494 6361 5051
23 5 27 11 34480 1
19 13 12 16 42660 1
27 3 14 10 74372 1
23 7 20 28 93447 1
5 3 21 19 93174 1
13 15 18 0 70432 1
0 17 11 10 62443 1
10 5 27 12 71084 1
20 19 28 28 57944 1
18 18 8 24 51708 1
21 26 19 15 45889 1
9 3 8 15 65241 1
11 21 0 26 62211 1
22 10 12 25 80370 1
17 12 4 14 42449 1
20 5 24 14 49169 1
0 11 26 5 110774 1
2 5 16 9 68618 1
23 6 29 22 74778 1
21 19 10 7 69013 1
26 15 15 21 61191 1
5 5 24 23 108561 1
25 25 5 26 70074 1
22 7 16 26 99748 1
16 15 9 7 53054 1
22 0 3 7 98099 1
18 3 2 24 119956 1
20 6 4 1 75279 1
21 8 5 2 79234 1
27 25 13 17 76422 1
14 10 21 28 85383 1
3 27 29 28 99932 1
19 23 21 12 48311 1
1 27 2 12 52529 1
11 10 26 11 49478 1
27 27 1 26 93225 1
5 21 2 10 50721 1
10 9 17 23 69658 1
8 23 0 5 90464 1
23 14 15 21 47290 1
24 22 3 15 89805 1
26 1 16 10 76444 1
9 22 24 18 62416 1
3 14 25 16 85891 1
23 16 28 5 51443 1
23 18 16 10 50737 1
26 29 4 2 144679 1
25 20 8 6 95825 1
29 26 5 16 101876 1
6 12 12 27 63387 1
25 18 28 29 51564 1
7 2 28 7 90953 1
4 26 25 8 112398 1
6 22 24 20 63645 1
10 0 15 24 96877 1
16 19 1 13 63648 1
5 5 1 15 49975 1
12 15 22 1 80634 1
18 15 25 1 80145 1
7 10 17 14 39949 1
25 16 16 24 53298 1
19 25 0 18 85487 1
10 23 10 13 44807 1
6 4 29 4 92661 1
26 3 27 19 74032 1
6 1 7 19 61000 1
3 18 17 29 83500 1
19 17 10 23 49490 1
22 25 22 11 62326 1
17 20 5 3 86807 1
3 19 16 4 90964 1
27 17 14 16 55557 1
0 24 25 26 81378 1
22 21 11 21 47881 1
16 7 6 19 66655 1
5 1 29 12 108357 1
24 17 7 22 71134 1
28 4 5 12 88080 1
5 11 12 21 51342 1
8 1 7 18 71120 1
26 19 12 7 81508 1
11 12 1 24 66826 1
12 20 21 0 98108 1
18 20 14 13 45687 1
24 25 20 7 86161 1
2 15 25 17 90223 1
7 24 19 24 34235 1
22 26 0 5 128600 1
21 11 10 27 80675 1
20 5 29 24 96428 1
23 28 10 12 88015 1
2 5 1 17 44222 1
24 20 25 2 71257 1
16 28 0 1 131991 1
5 16 27 1 109768 1
12 6 23 17 66898 1
7 17 1 3 65536 1
11 1 15 7 31936 1
4 14 21 12 57486 1
27 2 16 10 67605 1
13 18 15 7 42125 1
10 6 3 23 84142 1
3 24 19 9 98003 1
0 14 23 5 107200 1
10 19 19 23 45848 1
19 13 23 25 58510 1
12 24 4 14 53755 1
19 13 24 19 36079 1
13 10 17 4 38276 1
24 10 16 17 50464 1
18 29 23 2 124053 1
5 23 13 27 38487 1
19 1 9 28 124170 1
7 6 29 17 102174 1
24 3 27 17 66446 1
26 11 18 3 62423 1
21 16 8 7 70778 1
14 3 22 14 67431 1
16 3 27 27 130612 1
23 26 12 12 75894 1
27 25 17 13 75318 1
19 7 4 6 63375 1
29 4 21 10 44456 1
1 23 19 4 120873 1
27 1 7 3 79061 1
13 27 19 20 51203 1
9 8 21 3 62777 1
25 14 3 8 88065 1
29 3 26 18 62584 1
3 3 24 27 130821 1
19 5 23 25 92527 1
20 28 10 21 57530 1
8 15 20 19 51967 1
22 26 0 5 128600 1
0 0 2 8 35838 1
11 9 3 6 44647 1
4 3 5 17 52334 1
20 10 23 22 52301 1
2 5 20 19 91917 1
22 22 29 8 66899 1
28 1 19 15 70440 1
28 21 8 10 94486 1
1 6 13 17 74487 1
27 8 29 29 86031 1
13 17 0 29 78869 1
29 27 10 12 101877 1
28 14 14 17 51220 1
27 3 21 28 109871 1
24 24 22 14 44763 1
24 15 13 14 46221 1
20 8 24 16 50256 1
26 2 0 17 131644 1
15 28 16 9 90675 1
5 25 10 0 99030 1
12 22 20 2 92352 1
1 21 22 14 85317 1
28 5 11 21 97525 1
16 19 25 13 41901 1
10 8 25 13 61766 1
17 26 0 6 115424 1
21 28 4 21 77294 1
25 6 5 23 109564 1
20 0 19 20 84454 1
15 9 1 29 103292 1
26 13 18 23 59707 1
23 11 5 28 98545 1
5 7 24 29 118433 1
3 5 27 14 99514 1
8 17 10 6 54905 1
14 13 13 27 59374 1
18 13 8 17 55935 1
26 28 1 18 109464 1
15 17 13 0 61640 1
22 20 20 1 80836 1
10 18 15 27 50603 1
23 22 6 7 91170 1
1 10 28 5 101979 1
17 28 8 13 82786 1
29 23 8 0 143908 1
0 23 11 19 52943 1
2 5 15 5 62028 1
5 0 1 14 62818 1
7 3 0 24 90038 1
26 22 23 12 42911 1
15 9 23 24 79773 1
0 18 10 20 44058 1
23 14 4 26 88262 1
18 25 4 3 108490 1
22 18 1 26 90888 1
16 3 3 1 63463 1
12 22 28 4 102283 1
23 29 28 7 86904 1
1 18 9 11 50687 1
17 8 10 12 35728 1
27 28 26 4 100892 1
14 16 24 29 80972 1
29 1 21 25 102708 1
29 1 9 1 78233 1
7 13 2 5 42206 1
9 10 4 22 53477 1
27 22 4 4 124282 1
23 17 20 6 54154 1
2 14 12 7 60426 1
3 23 17 8 98127 1
25 14 29 0 60316 1
14 16 27 20 57759 1
1 15 12 11 54932 1
4 14 20 14 60170 1
9 20 26 21 61894 1
15 24 10 14 54073 1
15 26 1 9 97484 1
18 4 18 27 108445 1
0 13 18 24 91505 1
28 22 7 27 88123 1
25 1 8 8 84982 1
25 7 6 27 112582 1
24 21 29 7 54897 1
28 19 15 24 60733 1
5 5 17 18 72171 1
19 3 25 9 48863 1
7 14 17 26 72621 1
7 25 14 13 65199 1
6 13 0 22 47752 1
10 16 28 24 85270 1
4 15 5 1 63757 1
25 20 5 19 62638 1
24 26 28 16 53898 1
4 28 23 14 93671 1
3 6 18 10 68924 1
7 17 28 20 79028 1
10 22 0 29 58987 1
23 3 8 16 97191 1
20 25 29 9 78561 1
17 25 20 15 48833 1
5 24 13 0 96411 1
4 29 7 20 38292 1
11 9 2 15 49465 1
26 21 20 13 43163 1
8 8 20 9 55091 1
28 25 3 8 138982 1
24 29 11 9 106239 1
4 18 8 24 37795 1
16 0 20 14 75176 1
21 24 16 14 49025 1
27 14 26 24 41089 1
5 19 26 28 88853 1
19 18 7 10 62069 1
14 1 27 26 132912 1
5 20 10 6 61277 1
28 8 6 7 79595 1
8 10 23 25 97689 1
20 12 15 28 78307 1
23 9 14 11 34797 1
7 4 18 0 60377 1
7 17 0 3 68272 1
20 23 25 2 98653 1
8 3 0 28 106904 1
19 9 26 19 59848 1
4 12 13 22 54615 1
22 2 1 11 103863 1
6 12 14 24 54716 1
7 29 18 24 47534 1
2 6 26 2 101631 1
25 9 21 1 51134 1
20 7 16 21 68223 1
25 9 11 29 111389 1
12 4 17 10 42958 1
16 27 7 4 99552 1
22 15 0 13 86365 1
26 14 11 6 67501 1
26 14 27 4 43454 1
3 13 15 26 79927 1
21 21 27 15 45744 1
29 28 17 17 79189 1
15 28 22 5 117495 1
13 5 25 17 71646 1
10 28 21 29 44431 1
24 14 2 27 100976 1
19 22 0 22 80395 1
17 5 9 2 42745 1
27 23 10 15 85240 1
8 26 26 6 124537 1
9 27 12 18 47787 1
26 26 0 3 145660 1
6 15 14 6 49330 1
3 12 24 28 110905 1
17 15 16 6 52351 1
3 23 15 3 109420 1
5 12 11 28 65835 1
13 29 7 23 39483 1
27 21 18 24 37218 1
27 19 24 27 41452 1
28 15 3 10 87412 1
21 18 1 24 77707 1
23 3 0 16 121226 1
28 23 2 8 130057 1
21 9 8 12 44779 1
13 13 29 12 48870 1
6 10 0 27 69777 1
4 21 29 6 113862 1
8 29 4 13 62818 1
22 25 20 16 43891 1
13 19 27 23 62069 1
3 27 20 28 76747 1
24 27 25 13 48554 1
8 26 26 25 68531 1
5 27 12 4 92312 1
7 22 16 1 100411 1
4 19 14 13 53837 1
4 14 29 3 103173 1
26 7 13 3 66778 1
25 14 3 17 83944 1
20 3 23 13 54670 1
26 3 26 20 68604 1
5 0 27 10 107921 1
11 27 18 22 44645 1
26 5 23 12 38845 1
14 28 5 11 79778 1
10 14 16 24 58029 1
28 22 0 15 110974 1
6 24 18 8 87786 1
23 28 29 22 44139 1
0 3 14 12 69553 1
10 6 0 1 59159 1
11 2 15 29 103117 1
24 24 13 23 41352 1
20 22 14 17 37067 1
12 15 4 21 56431 1
16 5 28 0 64226 1
6 7 11 27 70610 1
24 21 12 16 55829 1
23 1 17 16 81878 1
5 7 0 24 74925 1
2 4 16 24 103875 1
10 2 12 12 40132 1
1 0 8 11 61462 1
16 5 25 6 42975 1
21 5 6 6 56367 1
15 20 6 10 52781 1
20 23 10 11 68540 1
6 21 3 14 33512 1
26 19 13 6 79452 1
3 29 4 19 43243 1
12 19 2 5 71350 1
23 17 15 24 51166 1
20 23 25 9 67249 1
7 19 8 2 62397 1
9 20 25 14 61527 1
0 29 25 29 96679 1
5 23 19 17 61998 1
11 8 0 9 58179 1
1 2 7 10 50357 1
11 20 13 10 40171 1
13 1 26 17 90487 1
21 25 29 12 65702 1
15 6 7 0 49796 1
21 27 12 9 86437 1
4 29 25 28 84035 1
22 26 21 12 52759 1
16 19 3 12 58189 1
27 5 28 20 57625 1
18 24 6 19 50487 1
29 6 13 22 90530 1
24 19 21 3 77547 1
15 9 13 23 56850 1
29 21 3 13 108904 1
12 25 3 29 45818 1
17 14 1 17 71726 1
11 0 2 4 50954 1
16 5 21 27 98760 1
27 29 11 20 79581 1
13 23 18 12 50628 1
20 10 2 21 85049 1
3 29 1 11 67362 1
24 8 1 25 119256 1
16 16 19 6 58278 1
21 4 26 13 55491 1
25 7 3 1 108935 1
28 1 3 3 95834 1
8 14 21 21 66788 1
27 26 2 2 146676 1
28 24 16 21 54860 1
22 7 4 27 119364 1
10 12 21 11 26992 1
8 4 22 9 70469 1
16 2 22 10 56044 1
4 20 25 11 83707 1
15 23 23 3 107947 1
6 5 23 6 69953 1
20 19 4 25 62943 1
26 13 23 23 41895 1
28 8 23 29 83744 1
26 21 25 12 30946 1
2 7 24 4 96645 1
22 22 13 25 36110 1
7 5 26 12 80207 1
5 14 16 8 58592 1
16 23 19 6 83606 1
6 29 10 19 40394 1
6 27 0 10 72902 1
5 25 9 7 67163 1
0 18 27 10 106034 1
0 9 21 29 130868 1
11 8 29 2 77918 1
15 4 18 20 77145 1
2 24 16 11 78931 1
9 11 28 28 111627 1
13 19 20 23 36118 1
15 4 29 22 115357 1
0 7 9 21 78154 1
23 10 13 2 63984 1
8 2 27 9 93384 1
26 21 1 19 87962 1
10 13 26 17 60927 1
23 2 12 16 85086 1
16 24 9 14 62215 1
11 10 8 25 68286 1
6 5 2 16 45908 1
12 6 29 4 60996 1
28 10 11 16 67341 1
8 24 19 20 51329 1
11 13 2 27 72587 1
5 11 7 19 26876 1
11 20 1 26 53923 1
6 20 22 15 57900 1
1 12 27 25 124595 1
24 14 1 3 104237 1
25 3 21 20 78604 1
10 19 1 4 76451 1
23 11 5 28 98545 1
3 21 8 12 52196 1
10 6 8 26 85363 1
18 28 28 8 95404 1
12 27 20 22 45840 1
18 1 3 8 85770 1
27 14 1 13 90537 1
10 12 15 6 30046 1
22 27 26 19 42806 1
2 10 16 8 63885 1
19 6 12 15 51995 1
8 24 20 5 97337 1
17 7 0 12 76568 1
10 6 11 23 75776 1
21 3 8 26 122662 1
12 9 19 22 69534 1
5 21 21 23 59314 1
7 27 23 28 70650 1
1 24 13 5 93377 1
10 8 27 17 78353 1
7 8 28 22 107932 1
1 15 15 5 81106 1
8 7 27 26 121832 1
1 17 26 1 134464 1
4 27 23 20 80668 1
6 4 17 1 54048 1
11 22 5 7 63155 1
0 17 28 4 121424 1
16 13 28 25 81876 1
24 15 10 27 84223 1
29 29 9 1 154898 1
27 10 0 18 106034 1
0 27 6 5 84541 1
27 22 5 26 78333 1
4 12 18 15 54962 1
9 16 9 4 59300 1
17 13 29 5 58428 1
19 0 2 6 90847 1
19 21 20 0 89815 1
1 29 28 5 143483 1
4 28 14 11 77250 1
18 7 5 3 67449 1
13 15 21 2 66486 1
19 11 28 17 47241 1
18 8 7 12 51179 1
17 25 23 2 110465 1
7 25 19 29 58688 1
17 8 24 29 99334 1
10 10 21 13 44188 1
12 12 16 5 35151 1
24 25 10 12 87328 1
2 10 21 25 97561 1
16 18 20 12 38092 1
23 18 20 8 51547 1
14 24 18 0 105618 1
8 14 14 10 34341 1
24 5 17 18 75384 1
18 22 5 29 62760 1
1 10 5 17 40907 1
24 18 9 19 48505 1
13 5 11 28 89702 1
23 7 0 22 117582 1
5 12 25 26 94369 1
4 4 26 16 102618 1
19 26 3 12 93453 1
12 11 9 20 43268 1
8 23 20 9 90054 1
27 26 27 6 85774 1
5 10 10 5 37706 1
24 14 6 12 59198 1
18 27 22 14 56611 1
25 24 23 4 80007 1
21 16 16 4 68625 1
12 24 24 5 102922 1
17 19 28 21 45762 1
21 22 29 15 52015 1
2 23 26 5 127969 1
4 1 0 20 80781 1
16 3 6 1 49503 1
1 28 18 7 122779 1
24 7 4 3 96117 1
5 3 14 17 69512 1
8 5 17 24 93561 1
12 18 29 20 60512 1
12 22 2 16 55067 1
29 9 18 17 58376 1
3 13 19 15 67569 1
0 1 26 4 107407 1
24 29 20 9 85494 1
16 15 9 22 48462 1
24 25 25 10 56605 1
9 5 8 27 90103 1
29 29 1 12 135563 1
0 11 3 18 40681 1
4 28 26 2 144726 1
4 25 25 15 93672 1
19 16 24 9 44201 1
12 19 23 7 73987 1
11 28 23 24 53995 1
13 8 22 26 83438 1
15 20 29 9 73448 1
20 24 9 23 35589 1
29 26 23 22 37326 1
24 14 21 21 32079 1
11 18 26 6 89119 1
15 23 10 3 85926 1
15 22 28 10 76457 1
7 9 26 7 79043 1
14 15 1 22 66638 1
26 15 2 22 99216 1
8 11 3 29 68951 1
10 0 1 9 74627 1
1 7 28 5 108665 1
5 22 26 26 72236 1
6 29 17 7 99901 1
7 20 18 4 89250 1
11 11 19 14 34995 1
0 9 7 27 85350 1
4 15 23 12 70022 1
22 7 9 12 58373 1
27 25 25 14 45508 1
26 4 3 14 104899 1
13 25 7 9 66427 1
14 29 22 9 101646 1
8 22 19 25 49293 1
16 19 19 10 47540 1
9 1 23 13 86818 1
13 18 10 11 26991 1
25 23 6 1 130120 1
25 0 8 18 120132 1
5 23 0 28 38452 1
14 20 7 24 35444 1
26 28 0 8 139476 1
29 25 10 24 64010 1
6 10 24 18 77830 1
26 25 18 21 45607 1
29 14 13 21 67614 1
7 17 18 12 49080 1
10 22 26 14 68531 1
3 2 10 9 57161 1
10 9 22 0 69751 1
2 24 7 4 76981 1
13 13 2 15 47111 1
28 13 8 13 62521 1
1 25 29 24 91935 1
19 23 13 6 79675 1
9 24 21 12 75490 1
11 17 0 28 73357 1
29 13 17 24 73030 1
10 10 27 8 64282 1
14 15 4 17 50571 1
16 25 2 18 71359 1
4 20 20 5 92740 1
5 14 23 29 97263 1
8 14 26 21 84765 1
0 16 15 3 98688 1
8 18 12 29 55655 1
21 2 8 27 125797 1
18 21 9 16 46426 1
27 21 0 15 103627 1
3 13 8 21 49243 1
8 23 6 8 52954 1
2 24 25 9 110941 1
0 4 14 14 80038 1
2 4 6 13 44849 1
20 27 16 15 62149 1
28 14 3 24 104698 1
5 11 26 24 102441 1
6 12 20 29 93944 1
20 0 12 17 82275 1
14 5 4 13 60569 1
7 6 15 20 67185 1
29 26 19 29 45295 1
12 2 11 27 97821 1
0 26 15 19 70727 1
18 21 9 28 52672 1
23 2 24 15 67923 1
13 2 22 1 33781 1
18 19 26 22 37035 1
4 27 24 14 93881 1
14 10 19 1 56240 1
10 5 16 19 61758 1
4 17 18 16 55371 1
13 24 25 15 66014 1
10 15 3 6 55932 1
0 19 21 9 94156 1
18 27 20 19 39090 1
17 24 9 22 34859 1
11 4 12 22 67047 1
12 29 24 8 112200 1
18 9 20 0 45598 1
24 28 19 12 72320 1
21 8 4 28 111547 1
20 16 28 3 63889 1
9 14 15 26 66717 1
13 27 27 15 88794 1
17 16 8 24 52672 1
2 27 0 19 28741 1
12 3 29 18 101759 1
14 8 8 19 55144 1
7 14 5 26 43388 1
4 8 29 29 136448 1
29 1 12 8 84200 1
10 6 26 7 63932 1
12 18 14 0 69030 1
14 13 1 14 52828 1
24 26 12 14 79928 1
6 7 19 7 56233 1
25 23 23 9 55107 1
23 28 12 27 42449 1
10 20 29 26 82117 1
7 6 0 19 60072 1
3 13 9 27 71947 1
1 29 17 17 82798 1
3 10 14 0 74616 1
11 10 21 14 44585 1
12 19 13 3 55403 1
8 24 20 5 97337 1
9 29 20 2 124173 1
18 15 20 27 57985 1
11 18 18 28 60750 1
27 16 17 11 46905 1
0 29 23 11 117514 1
25 6 4 18 99078 1
27 4 19 0 48766 1
5 20 13 6 62620 1
17 20 0 2 105823 1
18 0 3 10 89278 1
1 15 23 26 96133 1
28 24 18 12 75212 1
13 3 0 4 59513 1
27 15 23 2 65005 1
10 23 26 25 61167 1
27 16 20 23 53786 1
24 14 7 15 71751 1
20 17 29 19 41428 1
26 10 23 24 58555 1
25 16 9 2 87774 1
17 7 14 21 68940 1
17 18 1 18 62639 1
22 28 10 27 52686 1
19 4 26 22 88211 1
11 8 20 16 50504 1
7 23 27 7 108705 1
8 25 12 8 80659 1
14 10 24 0 73096 1
13 27 6 19 45773 1
15 19 29 22 56331 1
14 20 16 0 83947 1
19 5 25 0 41009 1
17 21 9 26 42452 1
11 9 7 29 79469 1
5 17 5 1 61351 1
6 3 9 12 40734 1
27 13 18 6 55959 1
5 8 21 15 66020 1
2 17 23 18 75602 1
2 16 19 1 103454 1
11 21 21 18 40116 1
28 9 1 11 88561 1
20 24 6 3 102743 1
20 23 6 12 73009 1
19 15 0 29 106400 1
8 8 23 0 83823 1
6 26 7 11 47153 1
3 7 18 26 104639 1
27 15 3 19 91742 1
1 24 11 12 66826 1
29 1 15 10 74582 1
19 11 26 25 67338 1
4 23 27 11 96317 1
26 11 8 16 68029 1
20 11 16 19 39013 1
18 26 5 13 78193 1
2 20 8 29 49838 1
7 16 15 9 53708 1
15 19 0 28 76297 1
5 16 2 7 40655 1
21 2 2 3 70843 1
28 27 1 4 152391 1
25 24 10 4 107946 1
23 8 28 29 93661 1
26 10 23 29 75707 1
2 13 16 4 78737 1
12 15 23 9 52015 1
26 18 7 23 83238 1
17 8 16 26 90507 1
29 21 23 26 38900 1
16 20 7 12 52282 1
4 15 18 23 70641 1
21 17 19 26 36919 1
28 19 3 25 100461 1
22 21 2 10 90379 1
5 18 23 15 69874 1
20 14 10 20 48946 1
14 8 3 26 89145 1
2 21 9 10 58154 1
28 24 18 1 119809 1
26 18 21 26 46790 1
21 29 17 12 76647 1
21 5 14 2 33544 1
21 4 0 6 90190 1
5 2 8 19 64453 1
5 22 27 12 91475 1
19 0 17 27 122974 1
2 29 22 17 92859 1
21 23 24 9 67766 1
3 5 22 16 92209 1
0 15 19 19 67144 1
18 25 21 0 109634 1
29 5 14 23 102386 1
9 11 12 21 49224 1
23 26 12 29 44501 1
9 9 12 23 69386 1
14 6 22 3 39169 1
18 16 29 26 76009 1
23 21 17 5 84213 1
5 15 27 10 74648 1
19 17 18 2 72189 1
18 14 23 6 47090 1
8 23 9 8 70258 1
17 15 24 1 79183 1
11 11 28 3 77904 1
0 22 25 4 134299 1
19 26 3 21 72436 1
5 9 19 20 68234 1
6 29 19 14 85886 1
28 12 3 3 99441 1
5 20 29 0 127115 1
27 10 13 5 63936 1
0 16 13 11 59578 1
18 29 21 9 89887 1
23 5 2 24 123878 1
5 14 21 13 60497 1
1 24 2 6 61668 1
25 8 13 0 73432 1
2 24 24 16 93646 1
10 25 13 1 91603 1
7 3 25 29 133711 1
27 0 1 6 117715 1
17 14 11 7 39787 1
6 0 5 14 58443 1
14 0 21 26 114282 1
26 27 2 28 91215 1
16 1 5 26 109288 1
9 17 8 27 54143 1
21 3 6 28 121061 1
0 21 25 19 91312 1
13 6 21 3 39614 1
16 16 20 4 63503 1
14 16 19 1 78226 1
21 11 7 11 37637 1
13 13 9 25 54309 1
1 4 10 16 78293 1
0 6 2 24 68594 1
29 5 6 12 80825 1
15 23 26 7 93718 1
20 24 27 13 56824 1
5 4 22 29 127694 1
19 9 25 20 56079 1
21 7 3 9 84704 1
24 19 6 10 75880 1
11 20 29 17 70082 1
13 11 4 21 59019 1
4 26 24 2 132175 1
2 27 28 0 152601 1
7 23 3 15 43564 1
1 9 3 28 71738 1
16 19 3 3 83385 1
5 12 24 13 66044 1
4 14 8 8 36641 1
29 18 6 17 82067 1
1 3 20 23 120529 1
19 16 9 9 59986 1
3 1 27 23 149262 1
11 27 14 9 76092 1
2 1 28 3 98299 1
20 0 3 27 136924 1
27 7 22 14 40889 1
19 22 6 12 70260 1
7 5 19 0 68366 1
13 1 0 11 84174 1
7 8 12 26 72041 1
2 11 14 11 44232 1
12 2 29 23 120622 1
12 11 20 18 47744 1
22 22 10 24 40114 1
22 21 9 21 54911 1
14 18 24 24 56685 1
19 8 7 5 58601 1
3 3 23 2 75720 1
9 9 19 6 44102 1
13 26 18 15 56662 1
1 25 10 7 85059 1
22 10 19 24 61093 1
17 15 26 27 74142 1
11 19 12 4 58198 1
4 25 9 3 87549 1
5 20 26 1 125725 1
1 9 10 18 64103 1
7 20 5 28 35735 1
1 29 28 12 127860 1
17 23 2 3 108944 1
24 0 17 18 98058 1
18 7 8 3 54211 1
8 12 21 25 77436 1
22 25 6 0 131980 1
27 19 0 9 120332 1
13 17 15 28 53186 1
13 12 29 8 53881 1
29 18 3 25 104697 1
17 12 5 21 58051 1
2 12 27 11 71794 1
10 15 10 0 60849 1
27 28 25 15 55241 1
3 2 2 14 42188 1
16 23 20 5 82545 1
25 29 29 17 56190 1
3 24 14 28 53080 1
4 17 28 12 82548 1
2 0 6 25 89793 1
25 0 4 15 116900 1
11 17 28 14 59504 1
26 10 16 19 57541 1
29 7 2 21 113045 1
8 21 2 14 47318 1
5 20 10 11 41939 1
13 13 24 2 70334 1
6 3 28 1 84985 1
15 12 6 25 58004 1
28 4 1 26 141825 1
11 1 6 15 58310 1
24 20 20 6 65525 1
21 27 14 19 47680 1
16 9 1 1 80212 1
13 12 25 8 47410 1
13 16 19 4 63856 1
7 13 0 25 58538 1
20 2 5 16 88219 1
25 11 16 10 28826 1
17 29 1 25 69837 1
4 16 29 24 102042 1
6 12 19 15 49660 1
15 15 4 12 48094 1
23 16 25 3 62274 1
9 11 21 12 35967 1
17 27 25 14 66433 1
5 1 5 15 59307 1
1 23 13 12 70851 1
17 20 16 10 52526 1
9 12 3 1 60937 1
28 22 14 16 72500 1
13 16 17 6 44987 1
2 9 0 19 37218 1
22 7 18 1 42777 1
7 26 25 23 70674 1
28 10 5 23 97251 1
16 12 22 23 58855 1
25 29 29 23 36846 1
11 15 19 28 78015 1
4 19 7 4 54822 1
12 29 8 22 40645 1
29 27 9 0 149389 1
22 4 26 28 102523 1
6 5 25 8 84590 1
2 0 1 23 80849 1
29 10 16 5 66266 1
2 18 16 8 78868 1
16 3 4 28 117106 1
27 29 13 23 62114 1
23 3 20 15 60366 1
1 8 4 1 41797 1
26 18 17 19 37742 1
3 15 14 8 63943 1
8 6 16 21 77374 1
22 1 24 17 76736 1
24 23 14 2 108146 1
20 14 1 6 84386 1
12 1 19 10 65396 1
1 14 24 22 99970 1
25 10 17 25 75171 1
29 13 20 15 39281 1
28 7 24 24 64974 1
12 3 3 4 47856 1
13 12 20 15 30355 1
27 15 8 9 82456 1
27 21 3 2 133541 1
26 17 23 4 58716 1
5 28 29 22 97025 1
13 2 23 9 63569 1
0 1 21 5 91136 1
25 1 29 17 69403 1
14 3 19 16 69645 1
1 15 20 8 87356 1
6 14 23 10 56310 1
25 21 8 10 82153 1
5 5 18 6 51354 1
17 27 27 11 81325 1
20 5 24 18 65656 1
5 1 14 6 52896 1
20 27 10 20 56755 1
9 17 16 8 61291 1
25 14 16 9 46742 1
10 17 26 0 114630 1
22 12 17 7 38797 1
23 2 9 19 98256 1
25 3 2 2 87522 1
29 14 4 5 102470 1
20 11 28 0 57275 1
16 26 28 18 71178 1
20 19 25 1 86963 1
23 14 16 19 33486 1
10 21 18 28 52806 1
28 5 21 27 91332 1
13 12 0 6 61201 1
13 17 28 3 84043 1
22 2 12 5 44315 1
16 23 22 14 47116 1
27 24 16 18 59539 1
25 11 7 15 66094 1
8 5 17 2 42327 1
1 6 7 1 44063 1
21 22 29 17 45198 1
3 13 15 11 46346 1
2 27 28 7 126577 1
12 18 7 11 39629 1
25 8 1 9 96569 1
10 11 24 10 43844 1
1 23 26 18 100897 1
21 26 3 25 60379 1
5 2 2 25 85695 1
7 6 28 29 130601 1
15 10 4 11 39921 1
2 0 0 11 48010 1
22 7 0 9 104962 1
14 15 23 6 67353 1
7 12 13 8 27642 1
3 29 22 10 106677 1
10 19 14 0 76965 1
18 5 27 17 78045 1
10 6 11 22 69521 1
8 16 17 27 72622 1
13 13 9 1 51388 1
18 9 26 14 45341 1
18 26 2 19 75346 1
16 14 27 12 40594 1
24 7 27 26 80699 1
27 15 16 10 50922 1
21 29 12 14 86816 1
1 19 18 21 64206 1
27 9 11 13 56226 1
18 3 18 24 100786 1
1 7 2 26 68668 1
0 14 25 13 94041 1
18 20 8 10 61236 1
27 19 5 3 117194 1
6 5 12 27 82777 1
5 17 23 16 66036 1
24 29 23 5 95638 1
20 3 18 22 82318 1
6 23 11 29 31907 1
24 12 14 1 79003 1
7 24 7 8 51222 1
12 22 29 26 71646 1
13 9 12 22 48174 1
24 15 20 27 60625 1
21 8 15 12 37799 1
16 26 7 11 76950 1
11 29 13 9 79015 1
10 20 26 28 75394 1
7 12 5 29 56298 1
