3765 3047 3578 4780 3312 3233 3610 3276 2876 4164 4431 4453 2932 4083 3463 3955 4804 4262 3434 4979 5050 3659 5108 3840 3062 4955 4749 3549 3719
7155 6079 6212 7028 6697 5745 5788 6221 6892 6509 6609 7747 5826 5929 7591 5883 5636 6453 7661 6967 7429 6435 6007 7569 6081 6245 6911 6788 6401
4566 3093 3738 4434 4598 3518 4713 4852 3858 4198 3447 4426 2884 3262 3470 4936 4319 4766 3085 3741 2934 3354 4833 4232 3411 2921 5018 3035 3496
2158 2358 1998 2349 3471 2348 2284 3188 1619 2915 3151 3170 2457 3301 1699 2765 2296 1450 2804 1887 2008 1959 2716 2295 1945 3341 2186 2568 2898
6929 7425 8235 7362 8148 8320 7796 7349 6591 7154 8186 7021 7955 6407 7334 8145 6528 7155 8110 7451 6953 6187 8108 7627 7429 6759 6137 6569 8079
7783 6187 5760 7405 6575 6895 6293 7739 7595 7558 7144 7358 7185 6977 6961 6332 6558 7781 5964 7511 5813 6320 7336 6355 7296 6190 6592 6329 6300
6759 7063 6485 4978 6225 7037 6575 6097 7048 6900 6723 5636 5069 5127 5203 5593 5852 5248 5104 5557 6897 5110 5502 6320 6618 5298 6941 5925 6290
2780 3012 1023 2832 1458 2026 1129 2966 2938 1390 1662 1476 2820 1164 2523 2187 2949 2611 1768 2325 2249 1378 1480 3122 2794 1127 3072 2100 1769
5940 5465 5818 5110 5420 6211 6204 5519 6099 6463 4665 6098 5114 5481 6488 6403 4488 5384 4568 4846 5001 5988 5237 6224 5494 4916 4530 4840 5423
5579 5837 6950 5373 6326 4995 5311 6181 6391 5491 6439 4683 5562 5997 5854 5034 6245 6624 6754 5779 6459 5501 5019 6150 6885 5705 5018 6783 4855
5100 4498 4849 4613 3649 4372 4797 4710 4253 4657 4473 3391 3932 4895 4996 3086 4603 4078 3552 3030 2967 4698 4459 4774 4880 3657 3927 4518 3138
4688 3678 4429 4271 3071 4371 4988 3201 3912 4336 5054 4587 4138 3462 3911 4485 3256 3619 3507 5034 3023 4069 3358 4872 3310 5083 3586 2937 4807
4671 5592 5252 4301 5223 4320 4357 4914 4227 4168 5253 4491 4642 4321 4591 5326 5640 5190 4746 5445 3595 3944 5002 4772 4018 4835 4910 5543 4068
4756 4309 3983 4283 4765 3387 2794 3816 3958 2679 3303 2735 3671 3826 4356 2996 3595 3722 3544 3047 3460 2970 4690 4365 3009 4639 2799 4860 2658
4817 3351 4241 4427 3185 3390 4058 4228 4573 5034 3268 3369 3493 5004 4748 4071 3329 3785 5230 3075 3694 5123 3999 4037 4828 5211 4111 3813 3900
6661 5688 7205 5560 5469 5130 5725 6753 5676 6531 7188 5124 5392 5752 5620 5239 5267 5219 6473 6991 6006 5617 6773 5068 6487 6831 6953 6654 6877
3487 2458 2285 1574 1644 1693 2306 1499 2409 1566 1592 2616 2786 2898 3423 2549 3113 1610 2385 2033 1598 2504 2972 2369 1736 3569 2045 3201 2538
7503 6286 6562 7173 5694 7674 7134 7406 7723 5774 6458 7462 6275 6589 6614 6839 7613 6312 6606 5912 6049 7113 7861 5955 6676 7080 6627 6124 5715
3288 3638 3180 3064 5190 3436 4914 5177 4848 4884 5218 5230 4838 4032 3924 3332 3607 4424 3741 4385 3513 4033 3511 4344 5154 2998 3916 3075 4172
3628 4332 4920 4071 3574 4023 5190 4831 4384 3213 3435 3115 3204 3524 4662 4693 3091 4706 3047 3430 3521 3116 3475 5026 4500 4126 3492 4001 3781
8042 6382 7615 5890 7418 7061 7004 6697 7129 6830 7104 7233 5986 7990 7523 6452 6425 6118 7252 5927 6052 6396 6150 7674 6637 7582 7819 6960 6648
3187 2322 1537 1924 1992 2561 2809 2789 1765 3297 3199 1726 2309 1284 1311 1390 1991 2088 2669 2276 2622 1963 3321 2838 2955 2660 3101 1344 1564
3331 3649 3325 4448 4618 4667 2573 2792 3328 2731 3052 4044 3519 3163 2854 3750 3184 3374 4110 4348 3429 3067 4452 3596 4100 4549 2992 2440 2877
3186 4464 3652 3736 3344 3272 3526 3412 3259 2767 2754 4097 3445 3073 2910 4321 4033 2887 4594 4145 2911 3064 4449 3358 3168 3849 2895 3820 4244
6753 8319 7738 6650 7443 8791 8639 6637 7375 7114 6607 7666 6977 7491 8696 7244 8234 6773 8280 8746 6941 7692 8419 6913 8128 7048 6905 7245 8541
4777 5325 5653 5665 3791 3876 4475 3648 5259 4162 5790 4254 3764 5490 5090 4769 5446 5758 5089 5619 5410 4420 5098 5669 5508 4962 5579 4810 4848
5790 4924 5479 5921 5048 5658 5941 6668 4794 5418 6441 5858 4938 4580 6586 6826 5802 5819 5415 5812 6756 4797 4713 6719 5556 4687 5413 6413 5580
6481 6750 5951 6914 5496 5924 6406 6075 6158 5191 7167 5280 6384 6738 5156 7370 5237 5386 7015 5151 6146 6935 6623 6915 6368 7353 6466 5709 7199
7637 7625 6862 8770 8912 7674 8172 6994 7213 8459 6946 8670 7993 8404 6986 8614 8768 7192 8903 7748 7748 7710 7433 7737 8338 8572 7333 6920 8907
6623 6843 6539 5547 5388 5691 6322 5334 6727 5396 6366 6857 5717 6922 7074 7243 5893 6924 6869 7371 6154 7137 5534 6118 6124 5775 6770 5242 5421
7415 7588 4998 3195 4953 2537 5653 3094 4852 3173 5616 6180 3809 1708 4429 7568 7085 7036 4495 5003 4831 2440 5611 2369 6140 5140 6295 4767 1714 4369
5426 7889 6780 3361 6138 4108 4321 3189 3353 3531 5008 4857 4372 1200 5981 7869 5921 8438 4515 5911 4204 2141 6137 3378 5836 4955 5154 4734 2374 4188
5457 7228 5904 3612 4431 4444 4379 3171 4044 4911 4212 4902 5396 1234 6667 6806 6622 7400 3159 4804 5471 2803 7349 2060 6499 4799 5983 3788 3095 4558
6323 6603 5641 1587 6026 4096 3868 4585 3188 4078 5601 6109 5273 2678 5019 7490 6262 7371 2396 5196 4540 1552 6697 1498 6491 3969 4871 4560 1656 5208
5427 6703 6556 1654 6141 3383 4753 5073 2807 5084 5124 4256 4734 1758 6095 7589 5655 7496 3531 6205 4897 1976 5812 3283 6901 4842 4578 3221 3176 3933
5325 5801 6071 1698 4425 3955 4643 4941 2908 3186 4298 5410 4432 2570 5503 7558 6970 8058 4261 4403 5432 3360 6512 2606 7023 4192 4591 4694 3068 4568
6239 6767 5888 2677 4183 3648 4773 3347 3224 5312 4922 6273 5128 2306 5022 6527 5870 8548 2991 5287 4638 1612 6390 2192 7427 3211 4497 3004 2170 4687
6286 6029 5555 3130 4717 3577 4385 5002 2662 4344 6148 6107 5437 1861 4742 8087 5579 6750 2947 6361 5378 2033 5653 3378 6827 4949 5163 5096 3755 5091
6386 6270 7198 2272 4423 4774 4498 3493 2806 4866 4373 4549 5097 2798 4799 6888 5923 8750 4250 5795 4350 2100 5482 1813 6532 3275 4762 3499 2286 4648
6257 7720 6372 2552 5795 3310 6072 4663 2758 4924 5259 5096 5649 1546 5029 8035 5388 8732 3630 5771 5522 2671 5326 3074 5429 5116 5877 3588 1900 5283
7053 7856 5957 2326 4658 4049 4982 3274 3380 4323 4617 5351 5620 2719 4590 6983 7256 7047 2693 4852 5288 1895 5679 2553 6536 3652 5406 4753 3898 3777
7381 5981 7179 3396 5435 2762 5876 3542 2948 3367 5393 6093 5496 2978 4634 8028 7429 6838 4400 5881 6293 2193 5475 2582 5665 3392 6060 4912 3853 4133
5858 6522 6116 2348 4741 4461 4919 3822 4856 5197 5474 4332 4469 2507 5859 6263 7219 7945 3196 5088 5951 1509 5283 2257 6250 3717 6119 4826 3026 5814
5451 6913 5679 3411 5077 4549 5503 4318 3385 3859 4783 5653 4276 1523 5776 7597 5864 7337 3081 6062 5054 2486 7307 3247 5440 3908 4735 2882 2376 3909
5521 6756 5197 2590 5399 2963 4953 3519 4148 3378 5808 5575 5122 2360 4626 6551 6937 7321 2332 4916 5970 3184 5661 3324 6744 3749 6046 3514 1672 4346
6144 6317 6972 1651 5365 4742 4071 4476 3929 4701 5907 6215 3999 2909 5405 6050 6116 8454 4122 4405 4324 3369 6583 1704 5885 3756 5208 2908 3253 5726
5324 6053 5594 3098 4670 2815 4941 4796 3379 4216 4068 5257 4069 2400 4638 7270 7472 8706 4053 5008 5171 1893 5981 1442 6678 4474 6071 3134 2003 4095
5984 6003 5987 1787 4412 2665 5697 3433 3094 3215 5004 5705 4267 2866 5011 7524 5526 6975 2537 4791 5899 2390 5224 1892 6650 3218 5235 5093 3875 3879
6428 6900 5640 3336 6141 3453 4852 3199 2935 4151 4477 4133 4321 2675 4860 7165 7016 6994 2898 6038 5862 1756 6865 1368 6200 3417 6300 3424 2417 5603
5787 5909 5487 2876 6122 2962 5454 5111 4767 5083 5452 5683 5141 2154 4520 6898 7320 8831 2977 6493 5574 1373 6952 2703 6566 5408 4347 4906 2608 4676
5801 6247 6726 1573 5678 4619 6072 4416 3569 4037 6264 5083 3789 2405 5975 7017 5945 7194 2319 4479 4889 2718 6327 2157 7270 5086 4526 4868 2985 4418
7425 6506 7130 1623 6003 2615 4801 4908 3800 5315 4738 6303 5358 1888 6229 8014 6573 8667 3748 5762 4349 3197 5797 1985 6152 4200 5092 3872 2375 4846
6138 6149 6335 2380 4874 2865 4446 3334 3636 3963 5913 4905 4341 1685 6311 6122 7391 8133 3426 5556 6096 2480 6018 2711 7221 4162 4232 3658 2513 4623
7181 6320 5266 3037 4991 2881 5180 3358 2943 4917 4142 5448 5885 2098 5676 7747 7425 7730 3051 6193 5517 1608 6805 2241 6976 3417 4968 3339 2016 4275
7459 7216 5410 2125 6405 2879 4249 4421 3091 4375 5280 5984 4013 2424 5488 7695 6608 7799 4387 5689 5343 3152 5984 1482 6192 3795 5066 4232 3329 3874
7453 6523 7194 2401 4683 4523 4054 3798 4267 3493 4075 6108 4240 2239 5302 7714 7629 8372 3575 5345 5947 3216 6769 2347 6245 5039 4910 4836 2304 5547
6512 6974 6864 1664 4299 3287 4776 3245 4274 3699 6007 6273 4289 2436 5447 6257 7023 7782 4295 4721 6069 3127 7140 2526 5575 4425 6421 3353 2994 3909
6553 5656 5507 3487 6030 3071 6005 4292 2828 3732 5725 4887 5656 3301 4909 7324 5904 8157 3532 5902 5250 2501 5409 2568 6020 3305 5635 3696 3385 3752
7264 5897 5851 3370 4948 2737 4005 4871 4651 4522 5970 4850 3891 1758 5067 6628 6649 8365 3138 4540 4436 2349 6738 3410 6671 3421 6256 5107 2960 5156
29 1 14 28 106162 1
14 12 18 27 51793 1
7 29 21 22 50375 1
26 12 12 4 61758 1
26 3 15 3 25887 1
15 29 25 4 87147 1
14 9 22 20 46497 1
4 16 26 28 86994 1
6 19 10 7 41711 1
26 26 7 19 68654 1
10 20 25 24 46729 1
23 12 4 1 79991 1
6 20 25 1 93864 1
2 20 15 14 54852 1
0 17 29 18 99919 1
24 1 5 29 115868 1
25 2 27 18 69735 1
26 23 8 16 64599 1
8 4 6 16 34326 1
17 24 26 8 65023 1
12 17 7 25 37410 1
1 16 24 4 94421 1
5 5 16 21 63226 1
25 24 21 6 52897 1
28 11 28 21 64233 1
21 21 8 2 74180 1
8 2 6 14 33461 1
15 24 6 17 44735 1
5 25 5 14 43314 1
20 17 3 27 68243 1
24 2 26 22 71373 1
14 13 25 9 43697 1
12 27 10 8 71049 1
23 3 17 27 71704 1
16 5 13 16 34437 1
22 10 9 19 63967 1
7 13 19 15 37328 1
13 6 26 13 50409 1
17 13 29 12 33646 1
1 13 4 23 26817 1
0 15 21 20 67710 1
6 1 14 9 48440 1
24 15 22 24 43799 1
22 17 12 26 53605 1
5 28 21 26 49590 1
23 8 21 0 26557 1
29 16 8 17 88342 1
19 21 24 28 29177 1
2 14 6 4 35856 1
23 20 8 29 62091 1
27 6 15 17 74908 1
18 25 4 28 50300 1
28 20 8 2 101209 1
2 2 2 27 70742 1
15 26 26 21 41381 1
7 2 22 0 49297 1
7 3 0 25 65619 1
14 4 19 27 73812 1
4 2 25 19 96427 1
5 16 17 2 67479 1
16 26 6 2 79848 1
14 1 28 29 103609 1
2 8 26 10 86136 1
13 3 23 14 46483 1
20 27 4 19 70365 1
8 23 15 19 32740 1
0 25 13 24 44310 1
19 23 29 15 57600 1
10 27 20 28 32773 1
25 23 7 18 51113 1
11 2 28 28 102739 1
23 24 19 8 49601 1
21 16 4 13 44320 1
0 21 13 1 78673 1
11 29 18 22 38293 1
27 2 21 11 39517 1
12 29 9 3 77937 1
18 17 13 28 42727 1
19 5 10 19 62369 1
15 27 24 14 55426 1
28 4 6 1 72635 1
1 0 14 6 55450 1
6 11 24 9 65823 1
14 19 17 5 44559 1
14 24 26 1 85882 1
24 15 13 2 61123 1
25 21 13 17 39840 1
27 9 11 5 68640 1
22 26 21 13 34460 1
22 29 23 9 55701 1
19 7 12 12 37837 1
8 8 19 21 58203 1
1 20 4 4 56329 1
8 23 19 9 65355 1
1 27 19 3 97609 1
28 26 4 15 104004 1
1 6 19 5 60311 1
3 5 23 28 101980 1
22 15 11 14 36144 1
0 17 9 4 56764 1
3 21 21 4 78148 1
16 8 29 28 79158 1
25 24 7 8 78502 1
27 6 13 19 78646 1
19 7 4 25 83519 1
11 23 16 3 57884 1
19 17 11 25 46982 1
26 6 4 9 85373 1
28 7 17 20 70666 1
26 1 9 25 106881 1
10 16 29 1 93797 1
6 14 12 27 56395 1
5 1 5 28 75106 1
17 6 4 17 67660 1
17 17 12 5 53871 1
4 9 24 16 75933 1
21 21 3 9 69973 1
3 22 25 19 63495 1
15 25 18 10 49012 1
3 19 9 11 38531 1
8 11 18 28 73767 1
27 0 16 2 47367 1
3 28 19 29 48165 1
28 27 12 4 104823 1
5 0 28 12 96841 1
3 5 1 17 45591 1
19 23 5 27 46447 1
14 25 15 11 48312 1
4 25 8 12 45397 1
12 10 22 11 43926 1
24 26 0 6 112665 1
29 5 3 5 78556 1
25 22 1 29 79704 1
22 22 9 24 40890 1
16 23 15 2 53626 1
21 27 12 0 90169 1
28 4 29 24 96161 1
13 29 14 3 71890 1
17 14 27 12 35431 1
20 5 19 24 55875 1
18 14 17 25 40415 1
7 24 24 2 90233 1
17 24 7 17 43140 1
21 25 24 8 49383 1
3 0 12 16 60967 1
2 3 16 29 91949 1
0 8 6 13 30004 1
24 19 3 25 67173 1
4 21 20 26 56279 1
19 4 0 0 64142 1
22 24 7 2 81429 1
19 5 2 20 77409 1
24 16 2 9 80504 1
7 7 28 5 69828 1
13 29 4 17 60469 1
8 22 24 27 56658 1
28 22 24 15 51952 1
1 9 12 16 55172 1
20 18 28 8 47518 1
24 27 26 17 52604 1
2 28 11 9 71447 1
6 12 23 11 52191 1
29 21 8 13 69101 1
29 0 14 18 92494 1
5 24 12 10 58075 1
14 21 27 13 45084 1
14 1 24 23 71870 1
14 20 22 3 62002 1
23 9 2 24 82566 1
15 8 16 20 32909 1
4 15 17 29 75543 1
8 26 22 16 64507 1
29 22 17 18 47065 1
21 0 8 16 72055 1
22 0 14 2 33080 1
10 4 2 15 48995 1
20 13 4 4 63910 1
5 2 8 15 42606 1
12 2 26 23 79118 1
12 17 3 9 51881 1
25 22 8 24 49857 1
12 28 1 10 74474 1
26 27 1 19 89835 1
0 7 13 2 47529 1
5 23 11 18 26702 1
2 4 21 22 86388 1
10 8 22 3 45655 1
6 23 27 19 64697 1
22 27 22 9 51044 1
1 22 12 22 34715 1
24 4 26 25 78226 1
27 23 6 1 98919 1
26 2 6 17 87972 1
3 7 29 5 83188 1
7 16 14 27 48111 1
29 24 10 7 94222 1
11 3 21 28 79394 1
12 28 5 8 64959 1
29 14 10 15 62138 1
15 14 22 11 30254 1
25 16 13 15 50918 1
7 28 7 5 49256 1
15 24 26 16 58993 1
9 1 28 25 114041 1
7 18 20 17 49234 1
26 1 14 16 73416 1
24 28 24 16 52614 1
5 24 24 26 64686 1
27 7 23 22 60829 1
17 25 2 20 49606 1
1 15 3 5 36967 1
11 25 25 0 101064 1
9 24 15 5 71185 1
16 26 23 13 41724 1
24 17 29 27 66820 1
0 0 21 4 66444 1
23 12 16 6 34292 1
8 18 22 22 47123 1
2 24 19 2 90532 1
24 23 5 27 58244 1
24 14 22 22 34217 1
24 18 19 8 38921 1
15 10 8 17 47443 1
5 12 17 17 53697 1
19 28 0 26 59865 1
28 9 3 15 84865 1
26 15 10 10 60792 1
3 0 14 17 67911 1
12 5 12 15 42223 1
13 27 25 7 78914 1
17 0 5 6 52962 1
23 25 5 28 60362 1
0 20 13 28 54725 1
8 7 25 1 68936 1
17 29 9 21 42336 1
23 16 15 4 49853 1
23 28 16 2 73171 1
22 22 29 2 72892 1
10 13 20 11 34939 1
3 4 6 17 48033 1
11 0 12 14 59496 1
5 0 16 20 78288 1
0 27 12 15 73927 1
21 10 28 17 48504 1
13 21 1 24 36966 1
25 20 8 28 65877 1
23 12 18 24 38505 1
26 25 17 21 36562 1
4 12 0 24 42262 1
10 5 20 16 62423 1
0 18 24 14 79015 1
14 16 17 29 44613 1
28 20 12 5 88342 1
12 1 21 8 45589 1
14 4 20 17 53027 1
22 14 15 24 42194 1
8 25 6 7 48098 1
13 11 2 1 57820 1
15 29 28 29 47930 1
23 4 9 12 62198 1
20 2 21 11 28599 1
5 1 29 14 95471 1
17 1 11 6 35905 1
4 9 14 1 52968 1
27 15 3 27 94069 1
9 20 18 23 31935 1
19 20 24 26 32935 1
12 4 1 26 86001 1
29 27 4 2 129105 1
10 17 19 3 60482 1
4 28 21 6 88582 1
8 21 21 0 76585 1
2 21 21 25 53448 1
11 8 21 16 46720 1
22 21 10 0 81182 1
22 10 29 17 53688 1
2 13 22 13 46135 1
28 21 10 8 81027 1
20 6 26 24 62366 1
17 4 26 11 56411 1
14 15 21 6 45415 1
12 2 2 12 53055 1
8 24 9 7 51983 1
22 23 5 6 79910 1
4 24 27 3 103128 1
21 1 4 7 61011 1
19 26 14 2 71606 1
27 1 2 15 96765 1
18 27 20 7 63056 1
19 4 6 10 55629 1
12 14 21 9 36651 1
13 17 20 7 50572 1
24 7 13 20 63840 1
15 29 26 9 81082 1
26 1 7 14 76689 1
9 4 17 22 71426 1
15 10 3 8 48765 1
12 9 16 18 37970 1
27 20 9 2 95966 1
12 11 20 2 52005 1
13 3 6 29 76026 1
17 5 0 12 56869 1
25 28 19 3 72866 1
5 14 12 27 61898 1
24 17 4 0 99913 1
18 25 2 25 54347 1
11 29 0 9 76761 1
14 19 28 28 59804 1
28 29 10 7 107510 1
25 27 0 4 122926 1
20 29 12 4 86281 1
23 4 2 9 71871 1
4 4 22 23 88727 1
7 15 19 4 53862 1
28 28 12 4 99215 1
26 10 11 17 65869 1
29 14 0 6 97117 1
8 17 20 14 52759 1
5 10 0 15 31191 1
8 15 13 20 38037 1
26 26 9 11 87930 1
2 6 21 10 73199 1
27 3 13 0 46600 1
27 25 9 12 82094 1
8 26 18 15 60473 1
25 23 0 19 70684 1
2 9 15 17 65671 1
29 9 14 24 80916 1
25 18 8 24 63803 1
12 11 17 17 38219 1
29 25 2 10 106565 1
15 23 28 2 80131 1
22 9 3 10 66494 1
18 7 23 23 53422 1
3 21 4 4 48839 1
13 23 26 0 90882 1
3 29 4 11 49854 1
7 10 22 22 61554 1
16 10 10 20 44206 1
28 28 13 11 78427 1
19 28 24 15 56709 1
22 27 12 1 89370 1
1 6 10 12 46722 1
9 9 25 5 65047 1
5 13 22 22 60472 1
21 21 4 19 49161 1
29 13 12 7 58932 1
6 20 22 29 61389 1
3 26 21 5 87674 1
6 4 2 26 64221 1
6 6 23 1 59554 1
29 5 9 20 94199 1
14 16 28 5 74168 1
22 5 1 25 96702 1
24 25 0 5 109922 1
21 27 16 17 34218 1
28 12 3 27 93469 1
6 8 19 7 47023 1
16 22 28 7 69014 1
3 14 4 28 33575 1
12 29 24 22 52233 1
27 9 24 18 49822 1
26 6 12 21 74252 1
18 5 27 29 87328 1
5 15 12 27 62935 1
14 9 26 16 57465 1
23 4 9 8 54529 1
23 13 6 23 55824 1
10 19 0 5 67135 1
10 4 29 5 61779 1
24 4 20 24 65016 1
22 5 22 29 62135 1
19 24 28 23 25746 1
11 11 14 3 42209 1
1 5 8 9 35781 1
8 3 24 9 60903 1
7 11 23 4 60486 1
27 3 1 5 71564 1
17 29 11 7 76783 1
10 14 10 24 40243 1
4 12 23 19 68122 1
0 11 14 24 64036 1
27 4 16 2 35099 1
16 29 10 13 55539 1
3 18 26 24 69036 1
22 19 5 27 62901 1
25 5 29 29 92805 1
22 20 2 2 86722 1
22 20 27 2 60910 1
7 14 28 11 64186 1
23 12 1 5 79504 1
24 21 6 10 67497 1
18 15 22 0 51489 1
29 20 1 10 103063 1
25 19 3 2 91777 1
5 17 20 1 88934 1
4 23 8 2 55990 1
1 25 17 8 79756 1
29 29 3 0 129150 1
10 20 11 0 71319 1
10 23 23 4 75423 1
5 25 10 15 44297 1
6 14 18 9 43378 1
6 18 24 1 86420 1
2 2 16 22 77383 1
10 8 20 24 73779 1
26 7 26 22 67293 1
24 1 26 17 74880 1
6 0 20 5 51843 1
3 15 28 13 64084 1
3 24 7 4 50373 1
20 28 6 6 87543 1
26 1 12 24 92121 1
23 25 28 14 56554 1
18 0 9 29 97514 1
29 8 25 0 53230 1
2 6 4 19 42674 1
15 3 13 29 69300 1
13 27 23 21 39546 1
13 13 2 13 24955 1
28 21 12 28 57374 1
2 29 12 26 41083 1
3 14 9 26 43235 1
22 8 26 24 54496 1
12 3 29 7 62383 1
18 15 27 26 66336 1
17 29 20 1 84351 1
19 21 1 23 45354 1
8 10 10 2 33690 1
14 5 18 24 56935 1
7 16 11 1 44958 1
29 11 0 6 102769 1
5 17 29 18 89620 1
19 5 1 3 50416 1
3 13 13 20 42571 1
21 28 16 20 29534 1
4 13 6 26 38808 1
7 10 6 28 40977 1
9 13 23 9 45678 1
17 22 27 14 50243 1
26 10 25 23 55312 1
6 25 22 3 84940 1
21 23 18 5 52404 1
24 25 12 16 59254 1
4 8 2 20 37996 1
9 2 9 19 57793 1
13 19 2 18 37266 1
7 27 12 17 41609 1
16 2 4 19 71994 1
0 6 26 18 98617 1
16 15 29 11 49224 1
29 22 5 12 89906 1
24 10 15 14 38814 1
20 29 18 13 47029 1
13 5 22 29 80286 1
16 24 29 14 57597 1
14 12 11 20 37775 1
16 14 2 10 45402 1
16 2 3 16 60248 1
21 11 25 21 30103 1
15 25 15 14 35453 1
17 8 23 2 32420 1
18 4 27 7 41399 1
14 24 2 23 34580 1
27 23 13 13 53499 1
14 23 7 20 24011 1
0 23 10 10 56021 1
6 10 20 6 63693 1
0 12 29 19 94172 1
26 21 12 10 63759 1
9 5 29 9 84253 1
27 10 12 19 71926 1
7 2 4 22 52631 1
1 0 18 14 76209 1
14 28 8 12 60918 1
15 27 12 3 67397 1
13 18 5 21 27424 1
16 0 8 21 66931 1
16 24 20 17 32444 1
26 0 7 11 80506 1
7 18 29 1 98459 1
13 14 16 3 30303 1
20 20 15 0 64457 1
9 21 4 29 34163 1
17 27 11 7 70083 1
15 13 0 19 54718 1
1 23 28 5 107652 1
23 23 13 9 57291 1
27 4 22 16 55026 1
29 29 28 8 98245 1
14 14 3 18 41759 1
21 17 6 6 58831 1
25 14 7 25 69560 1
29 25 4 0 126790 1
18 0 11 9 46618 1
21 9 8 14 47852 1
3 18 17 23 43431 1
6 12 3 3 30621 1
12 15 9 3 46913 1
16 16 25 0 66145 1
13 6 1 10 50846 1
20 5 20 17 38244 1
21 19 29 22 33665 1
3 4 13 8 39786 1
16 12 5 28 62074 1
17 7 9 25 72413 1
15 12 16 2 23183 1
10 13 16 29 55539 1
7 12 16 7 36489 1
25 25 17 16 51683 1
7 24 17 16 45631 1
29 29 8 26 72819 1
0 3 14 11 61275 1
1 15 14 7 61922 1
16 4 20 28 67019 1
11 16 16 11 29537 1
20 11 13 24 52235 1
22 19 26 12 31194 1
1 16 10 4 59852 1
27 21 23 29 39950 1
1 8 5 24 54730 1
12 26 17 21 31439 1
1 7 27 6 88636 1
16 21 1 26 50991 1
7 25 28 17 81117 1
5 23 22 10 66829 1
1 5 19 25 97412 1
4 1 5 28 77359 1
4 3 10 8 24666 1
26 26 14 23 42318 1
24 28 4 18 73279 1
2 6 7 13 32264 1
4 23 15 7 66860 1
9 3 24 17 75521 1
23 20 19 11 34332 1
14 5 16 14 27070 1
24 9 3 7 79543 1
24 23 14 21 28528 1
23 23 7 24 41312 1
15 13 9 1 53655 1
27 10 14 24 71143 1
11 7 15 21 55123 1
28 6 12 21 85033 1
12 7 23 8 42814 1
7 28 4 5 60242 1
26 1 2 3 69543 1
6 5 20 24 79700 1
3 5 17 4 43356 1
17 13 3 2 53912 1
26 8 2 24 95963 1
27 9 20 1 48102 1
14 19 18 25 30225 1
16 23 3 24 35806 1
4 24 17 29 58625 1
29 29 12 7 102213 1
13 7 0 15 53457 1
8 8 25 19 74414 1
16 0 25 22 70903 1
6 19 28 1 103249 1
3 25 23 12 70896 1
24 5 1 11 85230 1
29 20 19 8 64047 1
19 27 11 16 56868 1
13 22 19 9 51760 1
2 4 19 20 83869 1
25 5 13 18 64078 1
22 23 17 10 46462 1
5 12 28 2 87362 1
14 3 25 26 80737 1
12 15 3 27 60638 1
2 3 24 5 59851 1
24 17 10 18 51606 1
23 4 6 13 63601 1
11 24 15 12 49856 1
27 12 15 10 44555 1
12 21 12 0 75357 1
7 26 18 0 83554 1
15 29 6 16 62185 1
27 16 1 15 90882 1
10 27 25 3 96545 1
0 2 28 1 88912 1
28 22 13 22 45820 1
9 9 22 17 62615 1
23 0 11 3 41371 1
6 2 21 21 76940 1
12 25 14 13 48776 1
25 20 16 15 39265 1
4 1 2 27 74351 1
13 7 21 9 33321 1
25 28 15 0 90605 1
3 0 28 19 110817 1
21 27 3 12 77073 1
17 23 23 28 25906 1
19 3 22 12 31869 1
21 25 7 9 67269 1
12 20 7 13 32263 1
25 0 2 29 127615 1
23 2 9 2 45549 1
7 17 1 8 38633 1
5 24 18 14 61811 1
4 3 6 19 45215 1
17 13 8 20 44506 1
22 23 0 20 59271 1
27 0 15 13 67676 1
20 13 4 9 52226 1
1 11 21 20 69423 1
10 25 28 9 92277 1
27 2 7 22 91891 1
11 27 3 20 40357 1
25 17 2 14 75943 1
0 9 24 21 85687 1
6 8 15 27 70703 1
10 2 23 0 48546 1
18 23 9 21 26117 1
17 1 10 6 39152 1
10 28 24 12 74123 1
25 13 11 15 40245 1
26 28 2 16 87354 1
14 4 1 22 82214 1
13 9 29 28 87369 1
14 8 23 23 57157 1
19 12 29 0 71084 1
21 25 5 19 56409 1
24 18 2 29 80725 1
12 7 6 1 38221 1
1 24 25 3 105062 1
29 5 8 5 72520 1
22 7 14 2 34923 1
23 22 20 29 28025 1
8 27 23 23 53401 1
22 5 18 11 32440 1
17 21 11 26 33748 1
26 14 9 2 72323 1
24 4 22 25 64866 1
22 17 2 20 60496 1
1 5 24 8 80788 1
8 20 2 1 59661 1
10 28 1 23 35173 1
24 0 5 25 109995 1
21 14 2 17 61518 1
25 25 25 10 61252 1
8 4 7 21 40358 1
17 26 29 11 74625 1
4 7 16 6 49393 1
6 4 24 10 73040 1
7 18 14 5 54621 1
12 22 9 14 39373 1
9 11 8 20 35809 1
20 14 20 28 41489 1
18 4 20 18 45603 1
26 17 14 14 54843 1
6 18 3 10 30477 1
17 5 16 16 28152 1
5 18 10 7 41908 1
1 7 10 11 43284 1
0 12 29 0 110034 1
28 28 16 19 50483 1
9 4 5 29 70878 1
29 10 24 25 72323 1
9 11 11 28 59592 1
25 12 29 19 51726 1
27 23 15 28 39027 1
22 2 19 27 71052 1
28 29 2 28 78850 1
20 16 15 5 43639 1
9 18 3 10 36721 1
11 25 27 28 55205 1
23 18 11 4 65090 1
1 21 23 26 64867 1
18 28 26 5 78041 1
26 29 7 19 71941 1
23 18 16 6 42512 1
28 15 3 20 89112 1
13 13 29 12 42838 1
23 25 6 27 57835 1
24 1 5 26 108760 1
10 26 23 21 49128 1
24 18 14 1 62307 1
12 20 27 19 52350 1
17 26 23 11 55337 1
8 14 21 23 57706 1
20 6 3 28 95939 1
22 26 11 19 49381 1
29 24 10 6 99019 1
21 22 2 24 52262 1
5 7 25 23 84087 1
12 4 8 28 75278 1
21 10 11 22 49805 1
11 9 17 26 66574 1
25 5 12 6 48314 1
0 4 27 28 125818 1
11 15 29 11 62553 1
22 13 19 21 21610 1
2 28 27 24 78710 1
15 18 20 3 48497 1
0 7 15 14 59099 1
25 28 8 2 102595 1
28 9 12 29 94644 1
1 27 13 10 72620 1
16 16 2 2 65734 1
18 26 28 22 42017 1
25 0 11 12 73690 1
3 14 5 29 43051 1
3 22 5 2 56122 1
2 5 18 25 90873 1
2 22 7 28 28687 1
11 22 18 6 61802 1
27 15 10 9 68613 1
8 12 21 2 58346 1
6 1 10 23 60398 1
8 20 0 29 42708 1
7 14 17 25 51981 1
14 8 5 11 40468 1
15 18 3 3 66276 1
7 7 2 1 25504 1
25 26 19 22 31731 1
3 27 25 6 103294 1
0 14 26 8 81271 1
1 2 22 4 63218 1
4 16 3 1 45335 1
12 1 9 28 83955 1
0 6 12 18 68019 1
3 9 29 1 92690 1
8 1 9 26 68363 1
4 7 17 15 61366 1
9 13 23 0 64202 1
4 28 8 20 30521 1
6 18 1 6 49183 1
0 2 3 14 43999 1
15 19 22 16 31880 1
22 11 1 12 60724 1
24 12 3 19 69976 1
15 6 23 20 54799 1
27 2 18 26 83191 1
15 8 23 10 35135 1
4 28 21 4 93135 1
10 21 3 5 54646 1
3 28 29 4 121738 1
9 16 9 3 43475 1
2 12 5 26 44033 1
23 22 1 21 53755 1
21 8 21 22 29890 1
29 19 21 22 37118 1
12 23 22 20 32004 1
0 1 1 14 51329 1
28 10 18 6 57266 1
10 28 5 13 45666 1
25 7 21 0 30553 1
14 4 3 0 37992 1
19 3 25 26 73131 1
28 28 13 29 42763 1
15 19 22 28 38347 1
14 22 27 13 50207 1
20 10 6 7 59642 1
14 0 6 4 38859 1
25 28 27 3 81647 1
16 13 0 1 66307 1
20 25 8 11 74605 1
7 14 26 1 76689 1
9 19 29 15 83820 1
25 1 2 0 76076 1
19 24 8 3 75044 1
9 0 11 24 76508 1
0 5 13 20 74792 1
27 16 21 24 48794 1
29 2 14 7 54508 1
3 14 0 22 25952 1
19 19 3 5 77562 1
8 24 1 9 58890 1
22 28 13 21 39350 1
11 17 19 4 56365 1
17 1 0 16 76637 1
4 10 23 28 92216 1
20 5 6 24 78709 1
0 4 1 23 63856 1
13 22 26 12 53042 1
15 7 1 3 49958 1
11 11 16 5 36252 1
7 0 17 7 42504 1
23 11 15 20 42705 1
23 0 12 13 56959 1
26 9 25 22 59909 1
29 28 22 15 61108 1
0 29 9 8 69204 1
15 21 8 14 39425 1
14 18 24 11 45865 1
11 23 19 17 38800 1
9 17 23 22 53310 1
20 13 28 20 45065 1
28 14 6 11 68687 1
3 4 12 7 37384 1
23 27 6 24 59972 1
12 5 23 11 56173 1
19 27 4 2 100897 1
6 15 17 18 48978 1
3 25 3 4 51728 1
19 13 6 25 58903 1
26 3 1 22 102777 1
7 19 26 23 51692 1
27 13 5 0 85547 1
24 4 22 28 70458 1
12 25 1 12 60018 1
23 13 15 19 33211 1
9 22 17 0 75656 1
15 1 0 24 93806 1
27 26 3 27 80251 1
12 2 4 20 69679 1
5 8 23 6 65557 1
22 3 24 15 43297 1
9 12 19 29 72185 1
17 20 8 22 32164 1
22 3 11 15 53628 1
26 4 8 17 86616 1
12 9 13 18 36080 1
14 0 25 19 76600 1
19 29 20 3 69131 1
22 18 12 3 53997 1
23 12 10 25 62443 1
2 28 12 29 32154 1
1 11 28 10 92681 1
0 15 28 6 103425 1
18 20 1 3 82298 1
11 0 19 18 68957 1
14 2 14 28 71097 1
19 28 8 25 44845 1
24 3 12 29 89203 1
8 13 19 10 37035 1
26 17 1 10 92082 1
6 24 14 10 55208 1
25 1 6 1 67291 1
7 23 18 26 38727 1
6 1 11 24 67823 1
29 23 21 14 38901 1
21 23 20 8 36780 1
9 6 21 15 59560 1
8 12 17 15 38045 1
3 26 13 23 32817 1
10 24 25 21 45724 1
11 18 3 0 59781 1
13 16 11 5 44744 1
21 18 8 7 60019 1
27 25 5 20 73712 1
29 16 14 25 75992 1
22 25 14 4 70453 1
4 28 0 6 66440 1
26 26 24 11 65206 1
2 19 22 16 66642 1
3 6 2 27 55224 1
4 7 9 24 58549 1
20 14 20 4 35384 1
20 7 26 3 25268 1
5 0 0 5 35173 1
27 26 21 19 44110 1
18 5 14 27 63173 1
16 16 5 22 43471 1
6 15 1 24 45181 1
0 18 18 24 61836 1
26 1 14 1 46472 1
0 24 9 6 65124 1
20 17 9 2 70579 1
0 24 3 6 53316 1
12 26 25 26 55048 1
28 11 11 22 71892 1
18 4 3 1 43597 1
14 14 10 0 60127 1
22 27 11 20 46228 1
1 3 29 26 126701 1
5 17 12 12 41816 1
25 20 13 10 60479 1
22 6 24 27 63681 1
9 15 16 12 31179 1
14 6 25 10 53457 1
15 16 25 21 37422 1
4 25 28 6 116571 1
4 3 6 15 36940 1
8 15 29 26 95815 1
0 16 21 1 82370 1
6 9 28 0 93848 1
25 17 26 28 57098 1
10 14 10 0 54198 1
12 25 11 4 78012 1
2 15 28 27 102290 1
22 27 2 7 98159 1
17 9 23 26 60878 1
25 25 1 19 77896 1
2 4 19 18 79375 1
19 27 16 3 66140 1
27 25 4 9 101633 1
11 9 28 3 61014 1
13 19 3 1 68763 1
10 16 16 8 38942 1
5 11 8 23 39991 1
23 14 29 4 54371 1
21 6 14 15 45415 1
24 2 10 4 45926 1
26 27 15 26 43292 1
7 25 13 8 56246 1
18 23 28 26 44680 1
19 15 24 21 32638 1
18 25 1 28 57425 1
6 19 6 4 40537 1
12 15 9 24 49533 1
18 2 28 29 94927 1
6 3 16 20 62586 1
12 24 0 27 50807 1
1 11 10 4 50608 1
14 6 14 16 41846 1
16 27 20 11 49314 1
4 9 17 14 49667 1
15 28 27 24 45942 1
13 29 25 15 72031 1
17 14 27 16 48311 1
3 28 25 24 69496 1
4 26 18 20 52803 1
16 9 19 25 47873 1
2 21 19 7 74176 1
18 10 4 8 52858 1
18 18 17 8 34531 1
1 10 1 27 58173 1
21 4 8 2 40958 1
1 20 18 20 47677 1
17 14 27 9 49397 1
2 11 10 17 41641 1
26 6 27 16 59345 1
11 17 18 12 37495 1
28 27 16 22 49956 1
24 4 11 6 50509 1
7 23 20 17 48897 1
25 0 17 12 58558 1
19 24 29 0 95264 1
14 2 2 11 57125 1
21 16 17 9 28877 1
3 6 21 21 77064 1
7 18 15 7 49579 1
27 1 8 23 101333 1
17 24 23 12 42008 1
21 0 3 11 72333 1
2 4 11 12 48155 1
24 17 4 26 79702 1
22 7 6 16 64333 1
2 25 8 1 70013 1
26 15 12 7 62603 1
3 27 22 0 105464 1
29 17 22 2 73459 1
22 21 21 12 21137 1
16 10 8 0 49468 1
11 9 22 25 70840 1
11 9 0 24 67664 1
28 20 5 16 83341 1
24 28 12 5 86399 1
28 4 9 4 61804 1
16 11 21 21 33533 1
22 0 14 11 50671 1
18 19 28 8 57134 1
18 22 23 1 62001 1
5 28 18 19 53932 1
29 9 25 24 76377 1
27 25 14 2 88157 1
6 1 26 17 97270 1
26 14 24 0 61771 1
11 24 6 1 67823 1
7 15 14 26 49097 1
25 24 28 0 98215 1
21 14 16 1 38212 1
0 15 27 14 74209 1
20 25 3 14 69835 1
15 18 24 5 55786 1
17 3 13 14 33401 1
20 18 5 26 58910 1
3 6 20 28 96107 1
9 5 25 20 87281 1
3 19 7 3 44324 1
9 6 10 16 42446 1
1 20 12 12 51556 1
5 23 14 2 69805 1
0 1 21 18 86871 1
8 12 24 27 79174 1
29 6 16 6 48756 1
16 18 16 2 35563 1
12 8 19 5 30749 1
7 25 25 14 69560 1
17 26 20 7 63723 1
14 12 24 14 33584 1
4 29 28 17 102373 1
10 22 14 29 37258 1
26 27 19 10 65601 1
14 3 1 15 65279 1
15 24 10 15 46212 1
11 17 23 12 46909 1
11 12 13 23 45797 1
10 3 29 29 109017 1
17 8 4 25 73971 1
15 19 25 2 67556 1
22 23 13 14 46018 1
1 16 3 8 32135 1
28 20 27 8 76967 1
28 2 11 13 68211 1
16 23 20 4 58602 1
7 9 29 11 71452 1
26 29 1 18 90240 1
