5026 3796 6250 5702 4399 4982 4605 4238 3320 5540 5909 4381 3265 5593 3661 3215 4680 5152 3728 6782 5826 5248 4721 7341 5853 4998 5280 6729 7343
4095 3220 2638 4124 2485 1787 1880 3727 3498 2820 2310 3991 2380 4643 4240 3765 4034 3541 2040 2589 3266 6141 6629 7741 5907 6160 7225 7261 6244
5312 4439 2198 1816 4699 3006 3215 2477 3008 2590 2284 3116 4698 3366 4839 3736 3550 2570 4724 2687 2746 3737 3677 3736 1946 4637 4815 3741 3844
5301 7426 6969 5918 5996 5391 7104 6220 6545 7146 6261 6371 7735 7931 7286 5846 7804 5179 8618 7223 7504 8433 5545 5725 6936 6298 7230 5863 6810
5283 6378 4052 3477 5791 4692 3867 5927 3916 3263 6103 3527 5411 1959 3064 2070 3584 1435 3546 4350 4610 2027 3511 3496 1621 1511 1365 3757 3548
3841 2973 3320 1967 1870 2024 2076 3356 3458 5134 7285 4761 7216 6610 7206 4541 6526 6199 7659 7511 6878 4477 6255 5922 6953 5320 6024 5986 7201
5968 8054 7035 8544 6323 7949 7479 6931 7813 7925 7003 8238 7909 8214 7957 7563 5518 7288 6349 7909 5825 8098 5816 6141 7431 5597 1988 3835 3491
2462 1939 6167 5813 6556 6818 6337 5947 6450 6606 5423 5221 4950 5910 4694 4748 7176 3984 6635 5974 6779 6625 4812 6266 3961 4797 6241 6206 5605
5742 4777 4260 3261 6119 6014 4255 3198 4614 3891 5105 2874 4811 2917 5587 4434 6123 2965 5199 5836 3343 4077 4142 4188 6178 3136 5968 5209 4271
2019 1821 3015 4408 4360 4343 3747 3639 2356 1630 1622 3707 1444 4449 2696 3344 3014 2622 1898 1315 1581 2498 2899 1126 3519 1889 1400 3765 3325
4543 5324 6585 5957 6504 4903 5414 5513 3966 3658 5313 3490 3601 5786 6265 4553 6001 5577 6045 5580 4065 5766 4926 2720 4152 5317 4462 5663 4502
5382 4734 6464 5953 6573 7110 4169 5581 4463 6978 6987 5761 7089 5008 6598 6165 4198 6956 5649 4586 6052 3290 3605 5547 3776 4945 5528 4341 3617
4146 1936 2520 2715 4897 3796 3096 3003 1699 4821 4570 4175 4091 2509 2998 3669 4593 2878 3564 2644 4713 5465 6534 6600 7072 5060 4346 5890 7180
5738 4464 7567 7412 7460 7043 5162 4800 7690 6972 5785 6218 7704 4880 6622 5843 5707 7273 6493 7158 6283 4495 6334 6104 4858 6383 6936 4907 5991
5584 5410 5329 3419 5033 5380 5184 4701 3937 3071 5361 4423 4423 4597 4242 3605 6009 4762 3926 4925 6367 5634 5298 4720 6859 7688 7137 6018 5181
1991 2414 3807 1935 2075 3382 1929 3556 4928 4173 1881 3338 4623 3329 1674 2147 1599 2903 3371 3082 2339 2928 2956 1667 3032 4541 2135 2383 2907
7854 6555 7410 6161 7980 5438 5485 4571 6330 6558 5668 6380 5714 3950 3533 3540 5394 4336 4567 3312 5829 5415 5297 6502 3712 4281 6270 4930 4096
4091 2163 3212 4265 2031 1753 3299 2825 4457 3746 4440 4045 2263 1571 3633 3671 3732 2501 3709 1840 3468 4495 3333 5661 3648 5610 6695 4491 6579
4409 4389 7105 6463 4417 4068 4426 4483 6276 5331 3860 4998 6757 6463 4620 5791 3719 2853 5194 5179 3564 5163 2154 2727 2145 3934 4078 2735 3750
5166 4526 4557 4085 5601 6867 6682 3946 5918 4521 5530 3858 3812 4005 4683 6731 5230 5795 4066 5683 6573 3743 3333 2291 2273 2436 4116 4533 2419
7764 7597 5798 5871 5844 7327 5122 5342 7503 6141 4934 5370 6949 6772 6069 7858 7773 7850 5582 7003 4961 6898 5889 5301 6394 7570 6102 5649 6623
2882 4406 3414 4560 3143 3058 2799 3311 2828 5227 3649 4109 4634 3978 5021 3085 4588 5612 2510 3360 4143 4027 5421 3580 2649 2978 3381 2401 3899
5648 7546 7171 4264 7374 4490 7193 6887 4765 7537 6954 6676 5155 6115 7034 6140 5169 2800 3185 1243 3490 1425 4451 1407 1244 2953 2345 4538 4247
4380 4451 4842 3240 4411 3311 2829 3650 2829 4112 5158 3243 2774 3620 3978 4210 4537 4725 5185 4003 3648 5588 2649 3874 5486 5693 5626 6527 6682
4707 4740 6666 5843 3822 3733 3373 5920 2818 2806 5406 3720 5351 4410 5885 5875 2758 3727 3692 3519 3476 4826 4461 5530 5904 3211 3063 2646 3898
2999 5316 4691 3551 4519 4338 6847 5285 4711 3729 5441 4823 3626 3867 6722 6755 4045 5456 6329 6527 6685 6676 5801 5985 5192 4901 4105 3591 4998
3654 2705 3902 5030 5301 4709 4580 4925 5347 2563 3550 5059 2611 3992 2309 2541 4150 3644 4499 3123 4046 5550 3337 3707 2788 3312 4006 3613 2691
3267 4754 3857 6421 3878 3826 3141 4479 4755 4052 3472 3564 5438 5077 6435 4924 5004 5205 6152 7053 5799 4679 7572 7266 4941 5012 5203 4513 7218
5880 3578 3214 4010 3105 5641 3381 5059 4393 5808 7433 5854 6259 6872 7413 6856 5473 7902 8361 5755 6677 6908 6767 7009 7534 5438 5693 8104 6219
8231 6202 7046 6684 6383 6231 6515 7628 6300 6533 8510 6347 7977 6660 8475 7286 6195 8246 7107 5653 5976 4595 4061 2975 4342 5889 5520 5114 3868
3489 4144 3382 3646 3366 4316 4883 4524 6577 4763 3801 3447 2756 4300 4753 5668 5690 3674 4402 2535 3561 6472 5018 5539 4924 3764 5860 4028 6207 5616
1397 2752 4172 1180 2563 3950 6235 6618 8046 2970 5043 1928 4518 4470 6969 4108 6663 3501 2331 3562 3050 6429 3681 6706 3935 6058 7542 2875 5613 4012
4242 3767 2594 4393 3302 4231 4337 4139 6672 4391 1936 2971 3166 3649 6062 6004 6531 1807 3334 2205 3289 7860 3545 5580 5602 4152 7324 3627 6156 6117
3508 2656 1426 1781 2366 3575 4962 5533 8343 5800 3767 3718 3174 2725 6496 4218 4386 4327 2246 4114 2918 7995 4232 6267 6911 4472 5783 2998 4503 2909
3461 2509 1814 3731 2879 2854 4655 4585 6052 5296 4544 1680 2377 4913 6362 4994 6745 1803 2973 2250 2822 5432 4584 7830 6921 3245 6336 3122 5543 3329
1167 2639 2566 1726 2991 2112 5529 4017 8325 5586 3562 4244 3782 4380 4944 6047 5623 3914 3454 3312 3919 7706 6542 6387 4804 3446 6636 2943 6295 3018
3450 3173 3545 1453 2736 4305 5938 6458 5611 4866 4230 4291 4454 4343 5055 4736 5998 4072 2725 1805 5492 5413 4889 6003 6503 6004 5563 4463 5137 5366
4130 3953 2191 4112 3707 4027 4276 7499 7959 3002 2003 3543 5510 5121 6311 4135 5213 1620 3990 3792 2920 5588 6491 6742 4553 4818 5003 3212 6423 5303
2472 2767 4226 1712 2449 4504 5419 4603 5669 3916 4874 4296 2787 3786 6828 5739 4770 5458 2589 3346 3659 4661 5813 7842 6034 6718 6015 4421 6877 5158
2717 2407 4609 4092 2455 4735 5750 5125 7230 6063 4979 4375 2495 2687 5847 5113 4029 3569 3426 1683 2197 5820 5732 8543 6811 3860 6919 3154 7171 2349
2131 4308 3437 2791 2346 3069 8220 6160 5620 3875 3720 3749 4581 3657 6298 5064 6165 4762 4785 3414 2401 7051 4767 7509 6111 4092 5765 2112 6070 5059
1728 4497 1413 1857 4378 3010 8566 6721 6574 1705 3791 2985 3383 3931 7508 4402 6091 4678 3739 3061 3928 5642 3924 8552 4819 4721 5074 3079 6031 2217
1352 3000 1261 2271 3744 3029 7276 6180 7642 2490 2509 3871 2766 5563 5474 3907 4646 3888 3842 4515 5399 5830 5586 5835 6771 6578 6771 3962 4508 4679
2001 3200 4123 2057 3613 3852 5963 6385 6946 4586 1924 5237 5263 3054 5916 5995 4387 5096 4300 1954 3116 5530 6020 8621 6032 6853 5807 4495 5544 2782
4473 2880 1250 2091 2221 5137 7224 7518 5088 3747 4755 6846 2886 4132 5961 4451 6574 3587 1857 1622 2587 2249 4630 5572 4638 6925 6816 2962 7499 4009
4239 2656 3607 2048 2375 2441 8287 5545 7502 1991 5306 6514 5004 5003 6703 3142 6785 3663 2143 4726 4195 4369 7395 5699 6677 4101 6908 3092 7253 3331
1510 3418 3259 2241 3123 1941 6538 5508 6051 1933 3494 4762 5495 3673 5543 6456 6372 3466 2477 1416 4057 3734 6116 5882 6006 3966 6035 3564 4786 4607
1633 3072 3080 2061 2243 3215 6968 5094 6186 2356 3598 6468 2836 3468 7341 5835 4300 3551 4678 3881 3155 2978 6742 7125 3854 6365 5326 1585 7565 2224
3298 4235 2818 1965 1245 4483 6395 7893 5319 3829 2952 7057 4998 4175 7584 5767 4493 5204 3854 1851 2628 1966 7990 8528 5774 5353 7717 2657 6010 4316
2885 4752 2564 1957 2083 2115 6387 6083 7570 4642 2143 4572 5092 5011 5906 6180 6070 6561 2019 3719 5492 4870 7267 7440 5784 5664 4921 4071 6687 2922
3273 4717 2226 4501 3371 4669 8679 7022 7329 2210 3660 6526 3647 5674 5393 4979 4940 5780 3076 2355 2271 4490 7735 6062 5309 3721 3409 3396 7947 2299
3548 2660 2972 1385 2908 4828 7877 6594 6325 4267 3924 4206 5048 5138 5546 5306 5113 3817 5040 2942 3465 3912 5585 8659 2972 5851 2692 4507 6926 4178
2168 2792 4225 4479 1822 6190 7259 7095 4762 2499 2719 4324 3703 4602 4572 3633 6154 3703 2649 4260 2457 2057 5832 7995 3057 4780 3227 4376 6884 4004
5003 1981 1030 1923 1149 6314 7867 5581 7367 2513 3295 6840 2985 3686 3228 3329 7604 3956 2800 1470 4368 2406 5095 6382 5137 6689 2850 4275 6815 4238
2345 3463 4056 4085 3206 7262 5607 6451 5165 4861 3865 6118 3269 5054 3705 5669 7621 6107 3230 3493 4303 3628 7484 5923 5011 6986 5359 7155 5466 2921
3097 3313 1469 5466 4422 7598 5603 6045 6861 2289 5151 4657 3658 2722 4780 5308 8023 6568 3029 6575 2332 2601 5292 6240 3078 4490 5578 5119 6007 3268
4826 1966 4245 5877 1725 5300 8213 5496 7438 3473 4832 6598 3798 4948 4029 4473 7993 4600 3748 5944 2887 4531 5636 6363 3755 3867 4664 6075 7545 5413
3164 4394 4169 5384 1948 6618 7768 5175 5208 3621 3629 5583 5445 3716 5151 3085 6130 5214 1864 6104 5013 2105 4801 8615 5971 6633 4712 7103 8345 3587
5047 2452 1549 4059 4472 7030 7930 6978 5242 1579 2555 5554 5591 2451 3558 3767 5857 4309 4434 5161 4238 2262 4737 8231 3290 4686 3968 5838 6470 5256
15 27 2 2 102839 1
10 6 14 27 74947 1
0 15 12 29 71733 1
11 0 15 12 43946 1
0 17 4 25 36366 1
5 6 1 15 42618 1
13 2 21 24 90514 1
19 24 19 5 72962 1
9 20 0 13 45997 1
22 2 8 7 56000 1
3 29 4 8 70583 1
12 0 21 1 27546 1
5 29 28 22 102358 1
1 7 19 26 104728 1
8 29 23 5 110108 1
16 0 23 24 92585 1
28 19 13 2 101370 1
17 12 9 17 45268 1
25 13 28 26 59096 1
20 27 29 29 42561 1
12 28 17 18 47543 1
16 10 1 26 97533 1
28 14 15 28 79751 1
5 29 18 10 91972 1
27 28 16 22 69499 1
23 19 9 10 66195 1
6 14 14 3 61139 1
17 12 29 22 64593 1
21 22 26 17 30280 1
23 15 0 10 101716 1
26 9 7 13 72281 1
10 16 16 28 55576 1
29 13 27 25 58668 1
24 28 22 16 39153 1
8 10 1 17 46891 1
6 8 3 28 81229 1
18 9 14 19 36940 1
4 5 28 20 117306 1
20 28 3 27 61541 1
3 9 27 24 121904 1
3 25 27 25 93904 1
23 13 17 6 44498 1
24 2 0 18 112264 1
28 24 26 5 83968 1
28 29 10 25 77069 1
17 3 8 25 87037 1
23 25 29 13 60684 1
22 21 10 11 65706 1
17 23 9 9 61953 1
22 29 14 4 93975 1
10 24 10 4 63556 1
5 11 16 20 60732 1
16 17 8 5 62428 1
20 10 10 9 32766 1
6 13 19 11 58259 1
13 6 6 29 88792 1
25 6 17 25 94436 1
20 11 13 0 52785 1
0 11 7 17 40029 1
3 4 3 14 41823 1
25 1 22 27 94223 1
28 4 21 26 89705 1
23 27 19 17 39276 1
13 17 7 2 66941 1
12 10 18 27 64974 1
5 16 24 17 73084 1
12 1 13 19 61294 1
3 9 17 21 80690 1
8 17 15 20 26783 1
25 14 4 11 89943 1
0 18 5 29 46884 1
4 2 15 20 79221 1
19 6 24 20 73804 1
5 14 27 27 114028 1
7 27 8 18 28347 1
17 13 8 29 67823 1
18 11 2 16 77990 1
24 11 15 4 46925 1
10 18 24 27 66422 1
26 22 20 0 95776 1
4 12 3 3 36944 1
16 29 14 16 45748 1
14 8 28 7 57620 1
21 7 25 13 34245 1
22 10 18 23 61056 1
20 17 23 2 68022 1
24 17 14 0 85667 1
26 0 10 14 87818 1
8 17 1 9 43332 1
3 17 22 29 86428 1
16 25 28 9 89627 1
1 29 11 15 73665 1
9 6 16 0 38395 1
18 11 1 2 69418 1
3 12 25 1 92677 1
0 12 11 7 53950 1
1 0 18 26 120471 1
11 1 14 19 63551 1
25 12 19 7 41196 1
10 28 28 16 96007 1
16 8 28 4 42081 1
11 29 29 26 73773 1
26 28 20 18 48000 1
13 12 2 2 60784 1
1 26 16 25 65427 1
18 12 6 0 66966 1
9 2 26 11 72085 1
24 26 9 24 57087 1
5 19 2 29 38951 1
19 20 23 28 39446 1
16 24 1 9 86682 1
26 25 0 20 98068 1
29 1 11 15 91540 1
13 1 11 19 67591 1
17 9 8 5 41659 1
28 23 29 8 77371 1
6 17 2 4 51861 1
19 9 12 16 43372 1
13 28 20 25 35478 1
10 7 9 28 57538 1
27 8 13 23 94685 1
20 11 6 17 71019 1
2 12 9 22 46004 1
13 24 18 6 73406 1
1 9 12 29 82452 1
9 6 16 12 43079 1
7 23 10 2 78994 1
5 22 16 14 61604 1
25 14 10 4 77709 1
6 29 24 29 69041 1
22 18 29 5 74725 1
24 17 12 6 75764 1
17 28 9 21 44242 1
19 23 12 15 46265 1
4 11 13 15 40552 1
2 9 29 6 100286 1
3 20 17 11 67429 1
9 0 8 9 33624 1
24 24 3 4 117930 1
15 24 22 19 33561 1
16 1 16 12 41078 1
12 9 4 17 50416 1
7 11 25 7 72710 1
19 15 8 29 73710 1
16 15 10 24 45641 1
14 12 5 6 51707 1
29 4 1 17 116826 1
24 9 3 13 81320 1
3 10 7 28 71594 1
25 25 23 6 80930 1
13 20 24 4 70933 1
1 19 22 8 95666 1
29 24 19 1 109510 1
8 15 23 17 63444 1
5 13 0 1 53140 1
2 11 16 3 57287 1
8 26 27 29 74272 1
26 1 21 12 49625 1
10 6 19 16 67382 1
20 11 24 17 40102 1
24 27 18 11 68862 1
10 14 5 5 45160 1
11 4 3 2 24362 1
8 16 2 12 39281 1
24 11 23 27 58446 1
29 19 22 5 76044 1
1 10 10 15 44048 1
27 29 16 26 50271 1
18 15 8 14 49442 1
25 19 5 1 106024 1
18 29 27 19 57031 1
3 3 16 1 37479 1
15 29 7 15 62033 1
13 21 7 0 81817 1
21 5 15 14 46301 1
28 17 11 11 82803 1
18 23 29 25 56207 1
7 23 18 16 56102 1
2 19 18 0 97407 1
28 24 5 7 125494 1
26 23 6 22 84038 1
4 0 11 24 91852 1
24 0 8 6 65920 1
14 3 13 29 83695 1
26 8 1 12 94762 1
7 9 3 20 54108 1
3 28 12 21 54572 1
14 0 4 13 63575 1
5 9 24 14 84525 1
13 1 23 25 96687 1
9 6 8 19 39514 1
21 29 11 17 64962 1
22 7 14 15 53163 1
10 23 29 3 113339 1
1 14 19 14 81378 1
16 27 1 25 58575 1
5 3 27 19 112250 1
24 11 12 27 87582 1
23 7 18 19 58666 1
15 6 18 15 39870 1
3 1 27 10 90813 1
14 10 5 27 72455 1
14 22 10 4 74189 1
10 26 24 25 54798 1
27 13 4 2 95825 1
14 0 13 17 61937 1
17 26 5 5 100640 1
21 16 22 3 50787 1
29 3 16 2 43386 1
27 27 25 16 52759 1
12 5 15 16 42595 1
26 25 17 17 51612 1
25 15 28 4 50892 1
27 23 9 13 85837 1
23 6 1 24 119664 1
14 3 29 23 101416 1
17 10 3 6 64112 1
24 5 10 5 43153 1
10 7 24 27 98789 1
1 21 15 9 75114 1
17 28 7 3 101653 1
20 1 26 28 115101 1
28 20 0 10 111507 1
28 21 15 9 70602 1
7 25 1 5 80106 1
1 26 8 7 88137 1
0 26 21 25 81457 1
17 10 9 15 43866 1
21 27 14 21 37873 1
1 7 23 7 75047 1
12 27 5 22 42594 1
27 23 22 9 69499 1
2 20 14 0 88239 1
21 28 16 8 79886 1
22 20 17 5 61483 1
5 7 16 5 38550 1
9 1 24 17 92977 1
28 6 25 16 50575 1
22 5 15 8 32193 1
3 26 8 7 78438 1
10 19 5 7 52293 1
28 1 18 0 32907 1
12 13 22 20 48518 1
19 10 12 7 29745 1
1 19 25 6 113631 1
15 20 28 18 44176 1
27 3 15 21 83343 1
26 4 21 18 68549 1
12 24 9 13 45183 1
7 16 27 3 99340 1
19 20 0 3 98114 1
21 6 24 24 73241 1
21 1 15 9 39611 1
24 19 29 9 49043 1
18 18 18 4 50113 1
26 26 19 14 66213 1
25 29 19 11 78523 1
1 17 29 25 105931 1
2 4 26 5 69859 1
21 5 1 28 124611 1
3 10 21 13 78203 1
2 1 12 3 31336 1
9 14 22 1 74338 1
9 22 19 17 40890 1
10 11 17 15 39790 1
10 26 10 3 75029 1
18 29 12 10 71459 1
20 26 1 28 73839 1
3 12 23 18 81096 1
25 20 10 1 97830 1
10 0 16 17 63112 1
25 19 15 4 73634 1
22 0 16 23 92083 1
1 1 2 26 83241 1
19 4 26 25 94346 1
14 9 6 13 39487 1
21 19 13 21 30847 1
24 15 16 2 67652 1
21 7 22 28 73328 1
10 8 27 10 61154 1
18 9 6 15 57425 1
16 13 26 16 51924 1
29 26 7 18 91801 1
21 3 6 21 95636 1
27 9 11 13 64881 1
12 20 5 9 53637 1
9 16 15 6 50886 1
25 22 18 14 50884 1
10 15 21 17 54327 1
17 16 22 27 43095 1
21 12 25 5 41728 1
16 5 10 21 66403 1
3 18 15 1 81457 1
8 22 12 0 73917 1
20 7 4 27 105731 1
12 21 10 6 56472 1
26 14 20 23 50763 1
5 1 25 2 60098 1
20 14 1 29 108434 1
17 14 29 21 56164 1
4 3 14 1 32130 1
29 3 0 24 144033 1
1 29 22 20 90992 1
2 23 24 26 85622 1
18 27 27 4 100337 1
12 18 24 23 51028 1
16 6 15 27 70095 1
8 7 11 0 33064 1
1 20 20 21 64074 1
13 1 10 23 80273 1
10 19 22 19 35456 1
1 21 3 4 58861 1
12 25 25 8 98339 1
23 7 20 23 71025 1
29 11 22 0 66951 1
0 1 5 29 97062 1
12 29 14 2 91340 1
27 18 17 13 48456 1
13 4 6 15 60932 1
24 7 2 8 80539 1
21 13 3 26 99090 1
20 15 13 25 63666 1
6 28 7 16 48406 1
27 12 22 6 40661 1
16 14 9 0 62370 1
19 22 16 8 55569 1
16 13 10 23 51847 1
5 27 26 11 107604 1
5 10 17 24 80653 1
28 8 26 28 79887 1
18 7 1 23 101891 1
20 8 3 26 108955 1
16 26 12 15 47181 1
2 2 29 7 85976 1
0 22 9 3 85868 1
2 23 3 7 57944 1
2 4 29 14 112987 1
25 13 12 16 67409 1
15 14 9 23 36236 1
17 5 9 3 23551 1
13 9 8 0 39346 1
18 22 29 4 91719 1
9 7 7 25 56388 1
14 3 0 0 45862 1
21 21 0 17 73870 1
18 5 23 12 42542 1
4 15 0 27 46654 1
29 5 13 9 62879 1
19 18 22 7 57731 1
2 21 29 17 96056 1
17 1 17 23 70452 1
13 16 25 2 76019 1
9 10 12 17 30817 1
16 29 7 28 40278 1
25 23 20 16 43736 1
10 11 21 16 63264 1
1 1 0 26 93424 1
5 2 10 7 33896 1
15 12 4 26 71526 1
9 0 17 29 104348 1
14 17 1 13 60381 1
14 20 5 4 74936 1
13 0 1 22 95633 1
26 1 18 19 82000 1
23 9 24 23 58548 1
4 17 18 12 63308 1
26 15 13 11 67193 1
3 22 16 10 76144 1
14 21 8 9 54261 1
24 22 12 5 83993 1
11 22 19 28 49922 1
26 2 4 1 64076 1
17 3 2 5 42948 1
4 0 2 11 40974 1
6 8 28 19 110390 1
7 19 16 25 43492 1
25 13 21 23 50377 1
10 15 18 18 39766 1
17 28 0 2 121159 1
9 27 28 16 87190 1
16 4 15 28 72346 1
23 14 28 28 75718 1
19 10 6 19 65200 1
0 18 27 11 108583 1
9 16 13 2 53012 1
26 23 17 17 45117 1
10 22 13 6 64269 1
8 2 7 21 67986 1
24 16 0 4 110829 1
7 13 29 25 104365 1
10 12 2 21 48219 1
14 18 19 7 47497 1
24 5 13 27 96107 1
29 28 27 19 49715 1
4 12 27 1 92624 1
12 5 26 28 109443 1
25 23 10 16 73108 1
26 25 29 0 104454 1
18 3 6 8 49397 1
29 6 16 12 73622 1
9 17 20 20 40026 1
25 14 17 7 51752 1
8 6 11 22 56534 1
3 25 0 11 57413 1
25 3 29 14 59130 1
27 26 17 27 39460 1
22 24 3 9 102146 1
26 26 0 5 136358 1
19 25 8 25 47221 1
22 2 24 18 67911 1
17 27 10 10 70900 1
4 14 10 18 29107 1
0 7 9 4 33669 1
17 2 16 22 69549 1
12 20 7 6 55396 1
12 1 24 10 54329 1
2 15 27 1 107343 1
0 0 22 0 62104 1
29 12 7 18 94590 1
21 22 16 1 83811 1
1 24 26 25 100070 1
29 21 6 28 91203 1
12 21 14 29 40167 1
26 15 5 19 74622 1
10 6 27 15 89243 1
22 24 7 9 82499 1
5 10 27 4 75654 1
7 25 2 7 72515 1
13 6 3 22 82867 1
16 3 29 9 55544 1
14 13 10 0 53386 1
26 0 19 11 56318 1
18 0 17 11 37915 1
25 27 12 28 55550 1
18 22 11 26 43305 1
26 24 2 22 95152 1
5 29 19 8 99981 1
29 25 5 16 101019 1
18 27 23 19 36670 1
9 1 1 12 49258 1
26 27 3 13 106275 1
11 29 21 8 90484 1
22 8 11 5 49019 1
15 11 23 17 49403 1
25 24 2 6 119660 1
29 17 24 26 54950 1
27 22 5 6 114460 1
2 18 27 1 115727 1
17 3 11 14 55120 1
6 3 22 29 116125 1
26 25 8 16 80250 1
18 14 5 1 74587 1
27 1 13 15 80162 1
0 13 9 12 35789 1
26 20 11 20 50256 1
12 4 23 1 36654 1
21 19 6 9 72407 1
4 18 21 21 59329 1
1 27 15 18 63508 1
3 9 24 5 76085 1
29 16 7 6 113680 1
17 11 24 23 58203 1
24 21 8 28 69775 1
25 12 10 18 72092 1
28 9 10 10 59246 1
29 14 3 22 107138 1
21 11 5 12 67812 1
9 16 5 10 31931 1
7 9 12 24 60504 1
13 18 21 13 44213 1
10 22 21 24 60058 1
11 20 1 27 47171 1
22 19 10 3 77413 1
17 13 1 26 90461 1
2 21 11 10 59752 1
27 28 19 19 56033 1
4 9 4 24 51956 1
1 2 12 29 102307 1
11 29 27 15 89329 1
16 13 26 12 41172 1
28 7 20 18 66789 1
0 27 16 9 95194 1
21 19 9 24 43616 1
17 1 8 9 50338 1
1 2 3 10 26565 1
14 4 3 13 66003 1
18 9 1 10 59980 1
8 20 28 0 107390 1
27 14 15 27 72217 1
21 4 19 19 62350 1
22 10 8 13 56784 1
14 26 20 7 82455 1
25 16 22 27 39923 1
28 22 19 15 57272 1
17 21 15 6 49514 1
23 13 1 25 108583 1
12 23 0 21 61661 1
22 9 14 16 48302 1
0 13 1 25 53943 1
8 20 26 26 75340 1
3 6 18 7 58178 1
29 8 6 3 78419 1
27 6 0 12 101804 1
11 28 19 12 74715 1
28 2 1 11 95574 1
14 26 23 11 80000 1
16 11 4 15 60236 1
29 25 5 7 128045 1
2 11 21 23 94874 1
23 3 6 9 65136 1
17 11 5 14 60375 1
28 8 16 22 86004 1
15 18 20 5 51738 1
22 14 26 25 55135 1
10 11 19 15 50917 1
14 11 25 0 64454 1
15 8 13 28 69010 1
24 16 13 18 41378 1
9 2 17 22 79575 1
25 19 5 6 99048 1
19 19 29 6 82185 1
5 12 14 25 75042 1
17 29 0 10 100984 1
9 8 28 0 76918 1
18 20 19 7 54355 1
11 26 17 21 45388 1
25 28 29 8 88470 1
18 7 1 12 72325 1
2 5 20 0 58322 1
13 10 14 20 37213 1
10 11 24 17 70562 1
18 25 26 0 102248 1
8 15 28 22 82725 1
25 9 15 13 45116 1
25 29 28 0 116541 1
12 9 20 16 52979 1
20 24 28 3 95107 1
9 0 10 14 46584 1
13 13 10 0 54887 1
7 21 5 2 74337 1
5 29 27 13 112283 1
15 26 14 5 68515 1
3 16 4 3 52998 1
15 23 27 10 76868 1
20 24 25 5 85662 1
17 7 24 13 44885 1
27 8 15 8 46546 1
0 15 10 9 55252 1
16 0 13 24 82936 1
15 21 25 8 68682 1
18 12 17 3 33697 1
8 25 17 8 73324 1
15 7 29 29 109367 1
29 11 18 23 78619 1
13 24 2 4 98936 1
24 27 22 6 83240 1
13 6 11 29 82594 1
19 22 28 0 100511 1
20 19 10 19 30159 1
26 27 4 12 108961 1
20 29 13 23 46340 1
28 17 0 23 108904 1
18 28 10 10 75220 1
10 1 9 15 45644 1
20 26 11 6 88470 1
14 4 12 29 86569 1
2 14 24 6 96228 1
16 6 24 20 73093 1
21 2 10 29 106158 1
24 19 17 25 41939 1
24 25 23 4 83079 1
29 26 13 24 75174 1
6 7 22 22 94278 1
4 7 6 27 72361 1
7 5 2 23 75192 1
0 21 17 2 103490 1
23 25 12 14 64723 1
17 25 5 26 55227 1
15 29 12 9 66844 1
17 18 11 26 49869 1
29 15 26 3 61301 1
14 23 13 11 49069 1
10 1 25 11 71873 1
22 10 6 8 65392 1
0 17 15 23 59724 1
20 22 21 1 87422 1
10 18 0 7 64061 1
27 16 23 28 57602 1
11 11 9 23 37494 1
16 29 8 3 95015 1
12 7 16 23 60580 1
11 26 1 17 54331 1
21 12 15 18 38564 1
25 0 2 5 74622 1
1 17 10 21 36073 1
19 1 29 15 78303 1
14 19 4 23 43630 1
0 8 10 16 57211 1
20 22 0 0 120813 1
5 22 17 7 85153 1
3 8 15 16 71682 1
6 1 12 13 54396 1
2 4 23 6 63503 1
9 26 16 6 78491 1
19 24 7 26 51905 1
3 19 1 28 39540 1
14 8 3 2 48687 1
8 10 15 25 61923 1
24 28 9 3 109504 1
3 16 6 25 39257 1
15 8 12 25 69044 1
1 8 15 13 61132 1
23 16 29 4 61047 1
28 26 5 11 116948 1
20 11 7 26 83720 1
15 1 3 0 34581 1
23 2 18 10 41397 1
23 24 18 13 51953 1
26 6 8 20 98503 1
5 13 27 0 101579 1
6 17 1 4 51017 1
9 7 26 26 102787 1
28 29 27 14 66345 1
17 13 7 19 46486 1
17 3 2 6 45954 1
23 17 14 12 48951 1
28 0 21 15 71655 1
22 16 12 1 77205 1
14 6 18 20 56263 1
2 16 10 6 63242 1
3 29 2 7 72910 1
6 6 3 24 78019 1
29 19 2 7 123270 1
1 12 6 19 34444 1
25 1 29 25 106770 1
28 14 1 20 100417 1
1 15 24 26 95724 1
14 25 16 3 71820 1
20 25 28 13 61551 1
19 27 29 14 70028 1
0 10 11 23 70625 1
6 19 15 13 40215 1
9 5 28 23 113386 1
4 10 0 20 43254 1
4 17 19 3 80942 1
21 5 18 23 73819 1
18 22 9 16 43374 1
24 26 7 9 92773 1
23 21 1 24 85271 1
24 14 9 0 81867 1
6 23 25 23 89639 1
15 3 0 7 47915 1
12 27 11 16 41621 1
20 11 28 27 88421 1
9 21 23 20 43735 1
27 2 16 28 110012 1
15 4 22 23 75020 1
10 14 11 23 38281 1
4 1 16 4 37274 1
10 9 29 14 80306 1
27 28 21 24 37973 1
1 21 11 16 46637 1
15 20 22 8 58113 1
10 3 21 9 42581 1
9 6 23 8 58764 1
10 2 19 26 89715 1
26 25 16 29 48599 1
5 12 14 13 36869 1
5 29 21 7 107054 1
23 19 21 5 60304 1
8 9 22 17 73082 1
1 0 4 22 75061 1
6 28 29 8 125808 1
18 20 17 8 42763 1
11 24 8 1 79223 1
8 20 14 4 66381 1
3 25 24 18 84365 1
21 23 17 3 80545 1
14 6 1 16 81128 1
14 17 25 11 59676 1
5 7 4 16 36944 1
19 29 16 5 82982 1
13 18 29 2 85008 1
13 15 2 4 66793 1
4 7 26 9 84482 1
5 27 5 17 32397 1
3 11 22 12 76631 1
6 12 3 24 52133 1
9 1 8 12 37435 1
18 26 17 5 70054 1
22 6 3 18 97811 1
24 18 20 2 68715 1
14 2 29 29 123745 1
28 3 2 25 133061 1
19 16 6 16 57166 1
22 16 17 1 68537 1
19 1 11 16 74130 1
8 4 1 29 99930 1
15 9 27 17 64765 1
0 19 21 10 88981 1
2 14 7 2 48418 1
29 27 10 24 90857 1
23 12 9 19 65946 1
5 11 19 6 68392 1
3 0 7 10 44436 1
23 29 0 5 133236 1
24 3 6 15 88269 1
18 3 10 19 67759 1
1 27 13 16 67727 1
12 10 19 22 52803 1
13 21 17 0 73798 1
19 10 17 21 41034 1
28 26 1 0 153413 1
2 4 4 18 47579 1
24 11 16 3 47933 1
22 14 12 26 80744 1
15 7 25 7 43924 1
29 10 8 21 95854 1
20 18 29 20 35369 1
10 16 26 29 86788 1
17 20 16 2 60252 1
15 29 14 7 69299 1
27 7 28 22 68338 1
24 27 3 28 77708 1
12 6 13 15 34869 1
20 3 9 17 68936 1
5 19 29 17 82054 1
27 0 21 6 32935 1
3 27 19 8 98700 1
29 15 18 28 71698 1
19 18 20 5 59506 1
16 17 26 9 58606 1
29 4 21 2 27807 1
24 14 5 7 91339 1
0 8 6 13 38570 1
23 7 2 3 65723 1
15 25 28 7 94978 1
11 9 8 18 37055 1
17 3 3 9 54298 1
18 26 19 9 63905 1
0 6 6 10 33357 1
18 26 22 2 91973 1
22 22 11 18 42442 1
18 21 29 8 78948 1
15 22 8 1 77954 1
16 10 2 16 73104 1
25 7 21 25 74214 1
27 24 24 11 57911 1
1 11 8 24 61107 1
9 24 19 10 65676 1
0 8 12 1 50190 1
10 29 13 8 73076 1
28 29 23 11 79136 1
6 16 21 9 73415 1
6 10 7 28 65969 1
12 4 16 28 85188 1
2 11 7 1 39177 1
18 16 28 15 49391 1
26 27 8 1 125981 1
9 2 7 22 69992 1
28 1 18 19 88360 1
24 19 21 1 74587 1
10 8 23 26 87363 1
6 4 24 24 111112 1
8 26 29 18 82920 1
4 8 19 10 63268 1
13 4 23 16 69129 1
25 20 15 18 35245 1
26 7 13 4 48371 1
13 0 20 15 72417 1
24 22 21 4 73254 1
4 26 18 7 97218 1
18 7 22 1 34650 1
9 26 20 16 59401 1
2 22 13 8 77404 1
22 1 4 27 121946 1
3 25 17 27 51929 1
19 14 10 27 69299 1
27 6 15 14 66582 1
24 7 13 27 94153 1
10 20 25 18 49818 1
14 11 3 9 50115 1
19 11 3 4 67926 1
21 9 14 13 33662 1
15 9 3 22 75011 1
24 14 10 7 70571 1
15 13 21 1 53626 1
9 18 17 24 43086 1
7 24 12 10 56762 1
15 9 3 1 53425 1
23 8 28 2 33875 1
16 7 12 19 50021 1
27 22 9 2 109155 1
19 8 15 21 50486 1
24 10 5 18 86654 1
27 9 14 1 60372 1
20 27 5 7 101570 1
18 9 7 26 77412 1
26 25 9 9 94372 1
25 7 8 25 104451 1
20 1 0 18 108098 1
28 26 12 12 92667 1
15 16 9 22 29516 1
18 11 15 4 29995 1
23 26 22 13 49883 1
15 27 22 23 30042 1
12 18 29 7 91657 1
3 8 13 15 61197 1
4 12 13 15 40043 1
2 21 5 10 45313 1
11 17 9 27 29078 1
2 12 2 26 50649 1
15 12 17 27 48982 1
24 14 9 20 64095 1
3 16 22 18 67155 1
17 25 17 14 39691 1
24 4 7 18 85798 1
5 26 24 29 75975 1
28 8 3 28 132812 1
22 7 5 25 108398 1
3 20 14 21 45138 1
4 9 10 28 72316 1
17 8 6 10 43229 1
7 23 24 9 93618 1
9 12 27 3 77424 1
13 0 16 7 29552 1
28 11 28 27 77623 1
10 21 20 4 74027 1
14 19 7 23 36718 1
7 23 4 1 88765 1
11 26 17 14 63406 1
11 9 25 23 84488 1
25 27 14 21 55589 1
18 6 4 26 101644 1
18 15 25 8 54185 1
10 26 17 3 89127 1
20 13 23 20 35848 1
14 29 8 5 84144 1
22 7 3 19 93600 1
16 25 0 12 81872 1
11 21 7 5 61007 1
3 26 1 18 33971 1
23 18 23 2 61469 1
15 23 27 25 60006 1
8 17 29 21 68914 1
0 7 16 9 67711 1
25 10 23 20 48068 1
8 21 26 14 72233 1
9 2 7 27 76154 1
27 29 14 3 111936 1
10 22 28 20 70388 1
10 14 18 23 57415 1
0 18 24 0 120030 1
27 27 7 22 92773 1
3 25 1 3 76898 1
6 12 21 3 71241 1
29 15 29 27 67845 1
3 17 7 23 40865 1
23 29 8 14 87646 1
24 18 9 17 50293 1
28 6 1 2 79789 1
15 17 29 1 80308 1
14 16 24 11 56027 1
12 15 12 5 34758 1
15 12 7 15 39243 1
22 10 18 28 75072 1
5 7 29 8 88082 1
29 26 6 9 121534 1
19 7 3 13 75053 1
16 13 1 1 77330 1
10 23 4 28 35939 1
1 22 27 24 102588 1
29 29 28 3 114857 1
15 4 23 18 67473 1
29 21 5 25 94879 1
8 26 4 19 35347 1
4 12 15 22 59547 1
21 12 2 24 95591 1
21 22 27 9 60528 1
3 28 7 0 97944 1
28 3 28 15 57152 1
19 7 12 11 35794 1
18 3 22 15 58567 1
28 25 10 1 126766 1
1 14 26 15 102902 1
12 23 0 9 81260 1
23 3 17 15 50975 1
2 12 3 29 59435 1
29 0 4 10 95035 1
25 1 24 29 107562 1
10 20 5 9 47308 1
3 9 14 8 51122 1
22 13 29 6 56317 1
10 14 15 8 40360 1
19 22 1 14 76921 1
27 26 20 20 42384 1
19 4 24 26 86976 1
13 28 27 26 58480 1
29 4 25 20 70345 1
23 3 0 7 68552 1
22 26 16 0 93725 1
11 0 23 24 98168 1
0 2 6 9 35933 1
24 18 0 4 112813 1
22 20 22 10 41170 1
14 21 22 4 66847 1
10 11 6 4 34964 1
18 7 29 5 46925 1
28 12 19 0 70900 1
26 6 13 1 52193 1
9 27 19 18 48416 1
11 29 15 16 49530 1
19 17 25 2 76490 1
24 22 29 10 58037 1
10 10 21 1 56931 1
27 18 3 23 91049 1
15 6 20 19 53657 1
7 14 15 4 58619 1
22 14 12 9 52762 1
6 12 20 26 83858 1
10 12 14 6 36120 1
27 15 15 27 70352 1
0 29 9 28 44153 1
8 6 18 28 88246 1
10 23 8 13 37861 1
28 9 8 21 93328 1
15 20 14 9 35773 1
13 10 28 11 58582 1
1 21 16 15 59238 1
18 21 13 1 72185 1
28 17 14 5 87908 1
13 4 6 7 34793 1
6 21 20 16 63132 1
26 12 15 11 47990 1
13 17 2 6 69058 1
12 22 2 13 55091 1
18 8 11 5 33473 1
15 8 7 1 38138 1
6 11 1 1 42746 1
19 11 10 25 70101 1
18 13 2 20 66327 1
27 23 5 28 95777 1
1 2 7 20 70100 1
12 24 7 9 60504 1
24 22 3 20 72934 1
10 3 27 24 109187 1
22 13 6 28 94972 1
11 22 6 14 45756 1
13 18 28 24 66776 1
4 7 9 1 26361 1
18 26 2 3 110074 1
28 13 16 20 59669 1
8 4 4 14 47214 1
26 11 12 18 69300 1
27 12 12 9 58644 1
26 0 12 21 96872 1
23 23 18 17 31893 1
22 15 8 9 73102 1
27 19 6 19 67824 1
29 6 14 2 54978 1
15 29 21 13 69397 1
13 19 10 2 64208 1
24 5 1 21 112046 1
25 9 4 1 78473 1
6 3 17 5 30828 1
9 7 6 21 50979 1
6 29 22 26 63624 1
3 19 15 15 44888 1
3 20 17 27 63062 1
21 1 29 19 89556 1
14 15 26 2 69496 1
7 18 26 14 73153 1
28 10 5 19 97997 1
5 13 26 3 92947 1
16 29 29 19 71440 1
24 20 0 29 103433 1
13 21 3 22 48750 1
10 4 0 29 105552 1
21 22 6 27 68234 1
4 6 11 26 83176 1
19 16 26 11 48204 1
14 10 4 9 39399 1
1 1 27 20 124443 1
25 24 19 0 105873 1
28 28 28 15 70980 1
0 15 29 24 113158 1
23 1 11 19 84684 1
28 28 17 15 81513 1
25 14 26 1 56871 1
25 10 9 22 81257 1
26 8 16 10 41015 1
9 29 14 23 43332 1
28 8 8 1 73503 1
7 16 2 0 74691 1
29 1 11 16 96898 1
9 10 18 26 71596 1
19 9 10 18 54299 1
25 17 21 26 36225 1
14 21 24 13 57978 1
6 27 14 12 66278 1
