8942 8086 7474 8235 7963 7192 7648 7853 6761 8793 7566 7556 6802 8564 6591 7476 8806 8397 7163 7164 8554 8086 7718 6961 8781 6903 6636 7945 8257
2414 2351 3310 2963 3493 2166 1791 2207 2659 3928 3281 2929 2150 3237 2657 1952 2011 4036 2912 2307 2653 2436 1987 1681 2925 3795 2520 2140 3885
6953 8362 6673 8561 7788 6362 8127 8616 6320 8238 7899 7642 7331 8079 8515 6925 8644 7417 7799 6783 7929 7623 6568 8236 8252 7780 6289 6437 6530
6654 6165 6464 6613 7344 6638 6219 6791 5976 8131 5979 7130 8149 6053 6658 8267 7720 8133 7998 6725 6813 6065 7234 7295 6447 7638 6679 7045 7006
8045 6513 6693 7042 7858 7721 7740 8365 8231 6968 8369 8266 7279 6092 6078 8408 8036 8287 7154 7792 6655 7045 7081 8232 6313 6959 8180 6722 6940
2397 3290 3980 3021 1780 3587 3867 2458 3829 2208 1812 2114 3836 3038 3232 2930 2005 1995 2496 2924 3231 3432 2889 2500 3892 1864 1733 3447 1933
3730 5107 4894 3476 4926 4582 3916 4008 4016 3899 3240 3408 3101 5435 5431 4224 3344 4715 4631 5319 3365 3895 3699 4013 3595 4261 4741 4305 4038
4271 4199 5131 3723 5956 3773 5093 3762 4991 4403 4648 4559 5838 5262 3896 4904 5315 4281 3924 5443 3913 5546 5574 5027 5280 4818 4740 5780 4298
2731 2546 3525 3405 2853 1680 2248 2177 3111 2206 1956 1652 2157 3485 2480 1817 3111 2060 2524 2383 1486 1466 1115 2254 1388 2315 2557 2336 2723
4039 2742 3764 2824 3982 3229 2538 2738 3890 3311 2587 3937 3403 2357 3252 2517 1837 4014 3563 4169 3284 2097 2792 2830 2143 2187 3612 2678 2158
6382 7163 6290 6776 6117 7025 6260 7372 5650 6014 6325 6547 7901 7164 7626 6099 6071 6197 7271 6900 7662 7943 7600 6340 7978 6414 5797 6570 6725
5701 5610 7337 7704 5776 7499 6474 7494 7319 7326 7854 7226 6581 6849 6010 7688 7779 5784 5601 7386 7090 5917 6787 6510 7808 5846 6469 6841 6069
4298 4484 4795 4991 5492 3613 4602 4706 5725 3588 4202 5069 5478 3946 4011 3457 5234 4798 5546 5391 4045 3532 4993 5795 3993 5749 3659 5227 4039
8651 6918 8733 7023 8552 6657 8749 6579 8832 7995 6928 7855 8719 8844 7511 7955 6858 7215 7605 8526 6822 8557 7782 6595 8147 6559 8125 8590 7047
4440 3036 3854 3435 3488 4747 4017 3600 4031 3307 4027 2555 2783 3148 4669 3421 4787 4836 4593 4892 4022 3955 2789 4879 4184 3930 4076 4010 4821
4814 5017 6947 6491 6340 5006 5886 6879 6451 6918 6961 6217 6974 4819 5950 5822 5217 5005 6613 5774 4816 6103 6845 5886 5659 6695 4641 5520 4652
4974 5040 3622 3226 4313 4997 3579 4911 4377 4215 4642 3960 4828 4437 3051 4038 3093 5109 4910 4650 4042 4201 4617 4732 4861 3197 4531 3156 4954
2228 2443 2031 1715 1286 1602 2275 3169 3521 2154 3198 2136 2405 2741 3252 3342 2395 1390 2794 2409 1589 2099 1961 2402 3451 1775 3457 2734 2143
7821 5872 6708 7628 6502 7072 8263 7993 8024 7227 6572 6266 7605 8019 7332 7777 7460 6055 8158 7849 6261 6276 6515 7014 6126 7790 6764 6213 8031
3045 4485 3868 5039 3077 4845 2807 5140 4588 4002 4533 4077 3356 3187 2828 3823 4541 3690 3682 3254 4796 3803 3863 3812 5148 4456 3584 3320 2905
7547 8155 8232 8249 7039 7946 7141 6746 6462 7674 7895 8721 8062 8278 8642 7342 7897 8808 7967 6795 6495 8165 6733 7979 6909 7164 7775 7409 8178
8435 6549 6289 6050 7997 6046 6137 7111 6683 8094 7300 7570 6194 7613 6360 7058 7245 6851 6697 7080 8144 8378 8172 6335 6325 8172 7643 8038 8112
4350 6152 4415 5895 4178 5221 6046 5646 6253 5904 4797 4649 5348 4143 4057 4256 5523 4121 4041 5057 5265 6155 5616 6191 5104 5199 5683 4179 4246
7787 8880 8885 6526 7341 8456 8318 7005 7939 8744 7947 7630 8626 7456 8476 7111 7203 6627 8282 7865 7188 7533 8400 7465 7172 7893 7362 8073 8404
6248 6550 6376 5265 4242 4983 5258 6032 5613 4287 6302 6353 4556 5989 4336 6535 4626 6213 5347 5611 4707 6265 4983 5087 4947 5640 6526 4325 4180
3081 4035 4008 4255 4439 4430 2624 4213 4032 4421 3281 4891 3606 3509 3084 4444 4949 4801 3286 4840 4026 3141 3981 3933 4599 3597 3088 3681 4194
2371 3069 3014 3758 2350 2850 3190 1874 1915 3106 3929 3603 3500 2204 3305 3509 4038 2975 4212 1870 3088 4151 1909 2793 2926 3944 3928 3490 3057
5764 4839 5628 4968 6334 5548 5853 7254 6357 4963 6532 4974 5013 4911 7085 5013 6931 6077 6396 6985 4922 6394 5330 6039 5967 5781 5903 7061 6764
5958 5521 5731 5359 3983 5350 5290 4434 4862 5997 4868 3870 4474 4678 4363 4901 5467 5661 4886 4514 3682 5680 5235 5079 3940 5724 5649 3901 5300
2380 1855 3023 3429 1981 3009 2155 1821 3655 2323 3334 2928 3849 1904 3939 3697 2060 3915 2737 2399 2584 2062 1949 3714 3089 3757 2125 3717 3441
1655 5775 5992 4454 6072 7398 7134 4370 5447 5116 7953 6410 3191 5999 6725 4355 5644 6064 3816 3354 3378 8200 6631 6293 2960 6846 4617 5617 2972 4606
3016 4282 7000 4133 6344 5904 8327 4747 3836 4596 6930 5084 3165 7421 5981 3293 7289 6693 1643 1795 4965 7122 5188 6601 2556 5539 3731 4746 2171 5816
2374 4107 5241 4777 5624 7108 7886 4399 4745 5474 6204 6400 2342 6789 5747 4271 6861 5169 2294 2440 5153 7368 5117 7460 4562 5936 3277 5805 2978 4333
1557 4340 6285 2885 5599 5583 7851 5727 4267 5208 8106 7415 1913 7562 5215 4181 6929 6353 1549 1762 4655 8833 5304 6768 4377 6622 4572 6115 3395 6526
1429 5171 5996 4360 6271 5993 7900 5295 3301 5280 7563 6753 2596 5810 6576 2659 7195 6191 2903 1784 3664 7868 6886 6865 3473 6818 3802 6108 1857 5974
1878 6101 6493 4371 5557 5079 8671 5023 4617 5388 6827 5336 2803 8044 5627 3173 5214 5784 2542 3472 3010 7615 6194 6878 4563 6695 4545 5131 2527 5056
2009 3995 5168 3175 4426 5593 7480 6011 4359 6029 7322 6307 2347 6954 6714 4169 6550 4641 2244 3183 4678 7507 5607 6505 2438 5694 4240 4074 1345 5367
1422 4173 5916 3172 6106 5057 8140 4773 4140 6474 8196 7102 3885 6938 5023 3967 6337 5215 2071 2008 3275 8621 5640 8212 2513 5180 3292 5745 2996 4319
2571 6200 6673 3862 5916 5795 8572 5480 4777 5751 6488 6929 3086 7426 5235 4261 5811 5583 3792 3527 3191 8512 5761 8296 2705 5193 3446 5947 2861 4718
1510 4524 6216 4702 5056 5687 6458 6702 3979 6908 6735 7439 2775 7305 5713 2367 7290 6622 2840 2009 5230 7261 6317 7898 4189 6659 4667 4674 2491 5409
2774 5392 6017 4111 4457 5691 6649 5603 5120 4547 6336 6802 3968 7486 6868 2267 6031 5544 3115 3445 4362 7547 5600 6719 4300 6526 4649 4981 2880 6401
2642 4107 4706 4695 6268 5984 6725 5313 4822 4891 6200 6459 1936 6473 6087 4306 7322 6480 2739 2014 4094 6553 6515 7785 3668 5244 3836 4539 2713 5730
3660 4879 4985 2955 5785 6668 6473 5009 3559 5039 5962 7106 3751 5836 5337 4309 7396 5571 1449 3203 3457 7417 5717 7514 4083 6310 4256 6128 1964 5688
2744 4995 6143 3168 6074 5433 7248 4470 4375 6843 7521 6941 2568 7359 6211 3587 6262 4525 1743 1797 3700 7604 4961 7640 2754 5793 4295 5609 1869 6229
3373 4504 6907 2665 5681 6941 7926 4624 5673 5799 6416 6679 2326 6810 5351 3990 5902 6515 3571 3482 3597 8696 6187 6553 4253 5683 3953 4722 1593 5665
3564 4043 6408 4056 5386 5065 8098 5067 4339 6404 6453 6529 4088 6260 4880 4464 7488 6461 2584 2589 3343 8004 5047 7887 3631 6018 3635 3857 2343 5412
1783 5551 5909 4379 4474 5201 7299 4710 3577 4644 6321 5414 3058 7323 5750 3500 6442 4480 1600 1803 4388 8732 5804 8326 4658 6827 4455 4987 2177 4701
3222 5756 5776 4409 4945 5030 8194 5259 5096 5791 6824 6810 3325 7177 6067 4201 5375 4654 2501 2362 4416 6535 5641 7574 3670 6172 3090 5485 1937 6435
2179 4935 5171 2954 6508 5293 8758 4689 5303 6760 7523 7372 4089 6130 6084 4438 6899 6328 1488 3763 4807 7673 6317 8063 3774 6553 2753 4958 3189 4751
1630 5586 4811 4648 6130 6503 7394 6048 4256 4690 6137 5223 4217 7836 6325 2452 6291 5264 3576 2920 5146 8783 6853 8089 3859 6504 3821 6148 1320 5153
2517 4172 5658 4863 4896 6020 8223 5029 3979 6869 7685 5627 4319 7819 4957 4668 7164 6562 2672 1873 3624 8562 6413 7109 2614 5500 2312 4010 2994 5222
3154 4058 5655 3126 6307 7273 7099 4653 4411 6407 6897 7023 3211 6096 6288 4418 5842 6163 2504 2805 3171 6762 5936 6936 3956 6083 3271 4961 2255 5356
2162 5976 5973 3035 6244 6605 6703 5397 3802 5192 5993 5018 2396 6432 5653 4486 6977 4620 3182 2917 3035 6680 5481 7879 2678 6275 2649 6115 1454 4589
2979 5249 6231 3761 4592 5777 7066 5175 5304 5060 7266 6070 3778 7578 6031 3895 7273 5493 2646 3064 4681 8728 6573 6460 2595 5905 4434 4545 2253 4610
1495 5286 4935 4694 5417 5274 8188 5065 3986 4725 6687 5864 3805 6622 5120 2453 7248 6280 1912 2240 4765 7406 7191 6523 2609 4850 3037 4900 2937 4545
3237 6098 5193 2675 5662 6867 8287 6216 4304 4998 7966 6034 2653 7786 6496 4618 7283 4489 3623 3516 3427 6873 6886 6496 3713 6625 4225 4566 2843 4705
1891 6191 5632 3959 6483 5811 6936 4908 3795 4658 7272 6385 2003 6389 6003 2636 5485 5239 2829 2227 4872 7163 7075 8428 3027 5456 4608 4097 1438 6342
3711 4450 6590 3550 5818 6246 7139 6298 5540 5534 7321 6603 4242 7534 5297 2843 6806 6454 2623 2505 3860 7909 6811 6535 3529 5485 2865 5934 2517 6611
3619 5419 5285 2642 5410 6271 8451 5607 4779 4533 8282 5027 2300 7329 5637 3625 7311 5262 2048 2115 3054 7874 6979 6418 3733 6152 3688 4797 1275 4953
25 4 29 12 37024 1
12 15 26 12 59761 1
2 12 18 27 79609 1
15 26 0 17 69265 1
20 26 6 14 72132 1
19 8 12 19 52601 1
4 4 18 26 96822 1
13 0 20 3 30177 1
11 4 20 13 68144 1
20 3 23 26 84968 1
16 12 6 26 62071 1
10 28 1 21 40105 1
7 25 25 12 85894 1
9 1 8 14 37298 1
21 4 28 22 92267 1
0 6 4 28 73872 1
2 26 11 14 60042 1
1 23 21 25 77556 1
28 7 18 13 59498 1
9 3 2 11 48678 1
5 29 12 21 44640 1
11 5 7 26 65536 1
1 28 14 13 72995 1
29 22 8 2 104254 1
19 18 10 23 47365 1
5 13 12 18 32543 1
0 27 21 16 90821 1
8 7 3 18 37521 1
21 21 10 26 68493 1
23 12 1 28 97608 1
3 24 17 1 93080 1
11 27 22 2 105167 1
28 0 1 15 108019 1
5 27 6 5 66951 1
13 24 17 1 69605 1
13 14 6 25 49311 1
2 6 2 25 63605 1
2 6 22 14 100381 1
21 28 20 3 82703 1
7 9 4 2 38656 1
1 1 24 1 64811 1
26 14 12 22 66567 1
6 3 6 18 47060 1
13 1 13 11 49478 1
9 6 14 11 36554 1
17 9 24 23 64500 1
12 18 19 8 47880 1
25 22 13 12 63062 1
9 6 16 29 77580 1
4 10 16 28 73920 1
28 6 5 11 101421 1
8 2 0 9 47432 1
5 11 22 11 62515 1
11 25 24 28 43916 1
19 25 11 28 29145 1
15 12 7 4 44399 1
9 7 0 5 50342 1
17 18 29 23 42847 1
27 13 17 11 40945 1
17 25 7 27 36938 1
2 15 18 4 82094 1
11 10 26 26 94474 1
17 3 29 6 52735 1
24 8 17 19 61479 1
28 9 15 2 72336 1
15 24 7 0 83802 1
23 15 21 7 49936 1
5 15 0 6 44051 1
27 3 18 27 101591 1
11 12 2 1 57541 1
28 13 22 9 38701 1
4 2 20 13 87977 1
11 8 7 26 56134 1
7 28 29 21 70712 1
10 28 13 10 67284 1
14 12 19 0 42631 1
18 29 17 6 65227 1
24 26 21 3 94265 1
25 1 7 6 70930 1
5 26 24 9 107733 1
0 14 21 28 82782 1
24 3 2 11 98936 1
26 3 7 4 71347 1
12 13 7 3 41703 1
7 22 1 5 63749 1
14 10 26 13 51347 1
8 8 10 29 54287 1
15 2 24 28 91002 1
17 6 25 18 52459 1
4 20 21 24 63497 1
13 20 3 6 75922 1
26 12 29 25 45565 1
13 0 2 0 23826 1
26 26 2 3 128453 1
8 19 23 27 59413 1
22 17 26 24 32474 1
18 11 1 8 68350 1
29 19 6 16 69660 1
26 6 6 13 86299 1
11 27 13 5 91495 1
6 20 3 12 29975 1
17 17 15 3 43626 1
13 21 5 23 45491 1
24 20 27 8 50153 1
16 18 22 13 36441 1
28 4 20 2 42106 1
25 29 15 6 92570 1
3 21 20 15 68088 1
19 9 14 27 70150 1
12 27 20 11 72083 1
20 25 6 6 95357 1
20 6 6 17 82315 1
0 4 27 29 129914 1
28 27 1 25 75653 1
20 13 9 17 53272 1
25 12 3 19 80997 1
23 19 8 13 54572 1
7 29 5 13 46923 1
11 16 3 22 53931 1
5 26 25 1 115633 1
12 19 2 1 76341 1
20 12 26 19 43905 1
29 7 11 6 92934 1
14 7 27 25 91716 1
1 19 24 9 98369 1
6 10 9 28 50675 1
28 24 12 11 83758 1
3 0 6 21 66160 1
17 21 22 14 37490 1
23 19 6 2 89258 1
9 24 3 4 71351 1
20 20 15 1 66720 1
12 4 22 13 67779 1
22 13 20 1 66299 1
13 8 8 20 51199 1
22 20 5 29 68750 1
17 11 14 19 28329 1
17 15 23 22 44354 1
15 1 13 26 85467 1
24 11 10 19 68340 1
1 12 15 19 53290 1
2 28 6 11 58139 1
27 22 21 9 74316 1
26 4 28 16 42206 1
2 26 15 17 62403 1
1 15 16 15 55264 1
20 5 2 9 92785 1
12 8 2 14 58042 1
4 4 23 25 116229 1
7 2 11 18 54448 1
26 0 9 6 65205 1
7 21 1 3 66678 1
29 5 22 13 45750 1
19 5 11 22 79054 1
1 23 18 18 52451 1
20 0 4 5 57422 1
13 19 9 25 27750 1
19 4 2 21 98968 1
23 15 28 22 44308 1
7 10 15 2 58981 1
0 3 22 7 90093 1
17 21 8 29 41493 1
8 18 17 20 28636 1
29 13 15 24 68662 1
14 25 3 18 48420 1
7 19 4 2 60398 1
5 8 25 26 99679 1
9 16 25 4 92800 1
27 26 0 14 106550 1
28 1 25 20 69177 1
28 25 28 8 59501 1
14 2 23 13 66193 1
11 2 25 22 98802 1
27 22 20 13 65106 1
24 17 6 10 76205 1
8 16 29 6 94049 1
15 7 18 20 49099 1
29 8 2 8 111445 1
2 9 20 20 85493 1
2 0 24 6 83278 1
3 28 27 1 128890 1
3 7 17 4 70303 1
29 3 16 5 52518 1
1 12 23 29 92534 1
19 28 25 7 88541 1
21 28 7 8 78330 1
2 15 9 23 41169 1
3 23 2 4 71197 1
18 17 24 8 61949 1
2 21 26 28 83948 1
27 20 28 1 66346 1
18 0 5 16 80004 1
2 15 0 29 45139 1
13 4 24 13 70847 1
16 22 24 8 73380 1
19 28 2 1 108663 1
25 18 9 7 73965 1
11 24 28 15 76406 1
0 28 17 5 97078 1
17 1 10 7 46148 1
11 9 15 26 75636 1
26 8 2 28 114543 1
4 27 11 3 83412 1
1 15 16 8 68787 1
20 25 16 14 45144 1
1 11 11 10 44661 1
19 8 6 18 64681 1
17 26 14 0 70483 1
3 0 28 12 96765 1
17 27 20 8 63126 1
20 27 13 2 91733 1
1 4 9 7 45502 1
27 29 20 2 106678 1
7 1 25 28 105696 1
5 29 2 10 66873 1
19 9 9 3 55765 1
9 0 6 27 74808 1
14 7 0 9 67272 1
14 28 22 3 87365 1
1 0 4 28 83435 1
23 7 26 14 36587 1
10 11 0 1 64372 1
26 9 15 2 62144 1
13 2 2 29 105000 1
8 21 1 13 35532 1
17 5 23 0 24567 1
21 8 27 13 41376 1
25 29 15 29 31705 1
27 29 4 16 88151 1
1 4 20 0 56375 1
12 0 16 11 46160 1
7 9 23 18 66754 1
15 29 8 3 77245 1
26 10 12 10 64387 1
14 19 14 29 40685 1
17 5 7 16 61887 1
4 26 0 10 62482 1
13 19 10 27 38223 1
16 19 16 5 43378 1
9 18 25 9 76899 1
6 18 6 7 37022 1
25 18 7 18 45985 1
29 23 10 12 80067 1
19 29 29 20 47188 1
22 2 6 13 82360 1
2 29 17 2 103497 1
26 6 29 29 76222 1
19 1 5 20 87439 1
13 22 17 7 58201 1
5 5 22 12 75627 1
29 0 16 3 42877 1
14 8 23 12 44949 1
20 5 2 29 115291 1
4 10 9 16 35139 1
22 6 15 17 70460 1
18 15 7 6 61123 1
18 2 12 12 44654 1
6 27 23 21 77385 1
10 20 26 5 92129 1
6 16 18 10 60196 1
23 9 19 2 48867 1
4 12 27 5 97258 1
14 10 7 0 55278 1
4 8 17 17 61980 1
25 19 1 1 107493 1
20 12 29 26 69484 1
13 27 25 2 109945 1
1 9 13 20 63794 1
2 25 10 1 87952 1
16 10 21 22 59970 1
18 17 1 2 89493 1
19 2 6 6 65155 1
12 23 29 27 64498 1
5 2 2 24 69589 1
10 5 13 28 74355 1
4 19 19 13 56351 1
24 2 6 18 97501 1
4 13 13 14 45207 1
21 6 0 7 99759 1
19 19 22 10 46300 1
23 11 11 12 46555 1
10 8 20 21 77291 1
21 0 14 24 78627 1
8 13 15 23 53683 1
4 2 23 4 77876 1
7 24 2 18 27344 1
28 27 20 22 52869 1
9 13 15 26 60188 1
7 8 25 17 76890 1
29 8 23 3 33676 1
3 23 19 12 81834 1
6 17 10 1 59086 1
21 29 20 2 94846 1
10 16 12 24 42860 1
23 6 2 20 113529 1
26 8 8 10 75510 1
11 9 23 23 90336 1
7 3 4 11 36861 1
0 1 10 25 89809 1
6 9 26 14 81832 1
6 26 8 17 24523 1
20 22 11 24 45019 1
10 5 29 16 102517 1
24 17 9 10 68327 1
20 5 28 26 105566 1
7 6 26 20 88387 1
3 4 14 7 63756 1
28 9 0 15 111629 1
27 4 9 21 103524 1
14 11 22 29 68164 1
4 5 28 16 113641 1
12 11 20 29 74240 1
7 5 27 22 101820 1
11 10 18 7 45464 1
25 19 5 6 87104 1
29 6 9 16 92553 1
8 16 23 9 77198 1
10 19 28 24 64160 1
1 0 17 19 84383 1
15 4 7 13 62632 1
2 3 13 21 88327 1
23 13 15 28 70464 1
6 11 20 23 79659 1
10 11 19 17 51446 1
19 29 12 4 91497 1
19 11 3 3 78298 1
9 6 22 13 67980 1
25 27 8 22 54876 1
12 2 29 5 68370 1
12 3 0 0 38414 1
5 29 0 1 90586 1
6 27 21 6 107335 1
6 25 17 2 81819 1
2 15 21 19 60795 1
7 29 26 12 93934 1
4 12 19 4 69981 1
1 10 29 23 103779 1
22 14 11 4 78190 1
16 1 26 22 82721 1
13 5 28 1 64293 1
21 7 20 27 84783 1
3 29 18 23 61410 1
17 2 24 6 43317 1
4 9 27 7 99133 1
28 22 6 18 73362 1
13 6 2 29 99966 1
4 28 16 21 55401 1
18 9 24 5 49373 1
26 0 27 21 70436 1
25 10 10 1 83307 1
2 2 25 19 112734 1
2 9 12 24 72079 1
10 15 2 21 42832 1
18 25 7 25 47417 1
22 17 11 5 82618 1
24 11 15 3 61179 1
7 29 27 3 124468 1
21 9 21 28 81221 1
11 29 1 21 49054 1
14 28 7 1 81244 1
5 25 20 1 105382 1
23 21 22 5 85285 1
11 18 22 10 57818 1
12 25 11 5 77396 1
6 3 21 22 98968 1
17 25 2 6 96549 1
23 17 6 15 60039 1
25 20 23 9 54071 1
14 8 10 14 40391 1
18 8 25 29 78834 1
14 22 9 3 71648 1
14 22 21 10 68703 1
19 18 24 1 71363 1
22 21 8 20 50297 1
6 19 17 0 74431 1
25 12 11 10 60402 1
4 9 17 14 53151 1
0 27 16 8 96599 1
4 1 18 9 63559 1
4 19 25 19 56260 1
12 10 26 19 67593 1
15 15 4 15 39055 1
21 27 8 6 86653 1
7 8 0 1 47179 1
2 17 24 1 111827 1
16 10 5 9 48269 1
7 21 24 1 102902 1
14 27 26 12 78234 1
1 15 13 11 50466 1
12 21 26 13 65239 1
15 12 2 7 57287 1
4 9 6 23 47839 1
23 4 3 7 98149 1
0 17 26 18 72883 1
3 26 16 7 92718 1
14 27 3 4 96030 1
9 21 27 26 69577 1
11 9 21 18 59303 1
7 11 25 7 85978 1
3 21 20 27 75758 1
18 19 29 16 38657 1
8 4 23 25 97403 1
11 27 24 26 45753 1
3 29 18 20 63901 1
13 25 17 2 74385 1
5 13 19 4 71221 1
25 4 20 28 95057 1
15 27 5 27 32206 1
22 6 12 7 55604 1
17 21 8 10 48943 1
13 9 15 21 58274 1
5 2 19 3 49682 1
6 16 25 22 71304 1
5 13 16 29 63549 1
3 0 0 19 61191 1
18 19 18 7 40118 1
2 9 16 2 74487 1
23 4 0 14 109336 1
15 2 28 21 90863 1
9 23 19 12 58417 1
25 14 11 12 53982 1
2 20 29 9 105108 1
20 0 13 9 48243 1
28 14 16 26 67403 1
24 16 12 0 86121 1
1 15 9 22 36724 1
24 0 17 28 85797 1
22 7 8 21 85051 1
21 18 28 11 43513 1
26 8 8 8 80662 1
4 20 18 1 86185 1
28 2 23 15 59015 1
3 2 20 12 84902 1
0 3 4 22 71831 1
11 18 1 26 44665 1
3 23 24 11 106108 1
1 6 22 14 92054 1
8 20 27 18 55273 1
9 1 29 18 100976 1
23 18 2 17 60376 1
7 29 20 25 50923 1
9 23 15 6 76313 1
12 4 4 24 78905 1
17 8 29 3 54363 1
9 22 20 13 62303 1
10 12 21 4 63515 1
9 10 23 16 70550 1
17 24 24 10 66769 1
17 6 9 8 40888 1
26 26 23 14 52853 1
3 16 29 20 84666 1
7 7 26 4 83169 1
1 18 9 5 51181 1
13 14 8 7 37628 1
20 23 25 0 94097 1
25 2 9 12 78682 1
20 27 4 19 62493 1
18 19 18 3 46146 1
14 18 15 2 58684 1
9 18 0 13 38930 1
4 1 23 19 98967 1
4 19 21 25 65018 1
25 6 12 28 101519 1
28 18 24 11 37794 1
16 2 6 3 40183 1
15 19 1 8 66087 1
3 27 12 23 48418 1
19 10 28 27 85258 1
16 15 9 12 33728 1
6 28 13 3 80888 1
22 5 19 17 64494 1
21 6 27 25 92321 1
16 6 6 0 46656 1
29 27 26 5 71914 1
0 29 15 7 100922 1
10 0 24 14 84178 1
24 11 28 0 48557 1
6 24 5 9 45205 1
3 1 22 14 95980 1
0 9 28 27 116296 1
21 20 2 19 56516 1
1 16 8 6 42397 1
16 18 27 24 45444 1
12 18 25 0 73568 1
6 20 18 14 52739 1
2 9 27 16 106024 1
21 7 12 13 56472 1
19 23 9 22 48414 1
23 14 16 11 41323 1
14 5 2 7 68810 1
27 16 16 8 63037 1
21 7 16 25 73501 1
11 19 18 29 45343 1
20 6 12 16 65752 1
29 28 5 26 59351 1
0 21 28 11 107477 1
16 11 26 7 53238 1
24 21 3 18 66310 1
25 12 2 11 80224 1
4 1 8 28 77901 1
2 11 8 18 38386 1
13 19 9 10 38138 1
24 0 17 28 85797 1
5 0 9 10 38279 1
25 10 19 19 51670 1
8 16 23 26 64980 1
17 28 18 4 64482 1
9 28 2 12 53429 1
12 10 26 9 67493 1
6 22 15 13 61600 1
2 24 3 7 56725 1
21 25 0 24 78835 1
23 27 16 10 70918 1
13 8 26 19 70298 1
28 9 29 29 64056 1
22 1 28 7 46031 1
12 12 16 20 40563 1
29 19 11 5 99609 1
28 2 5 15 113508 1
4 22 16 11 69394 1
15 27 19 9 66332 1
16 5 2 9 80248 1
14 3 23 15 64965 1
19 16 22 0 61068 1
27 20 6 29 81553 1
2 10 23 18 83785 1
9 27 6 18 26190 1
21 19 12 3 66268 1
11 21 17 11 49318 1
16 2 16 12 32054 1
25 27 4 18 72495 1
28 2 1 23 132889 1
28 4 14 5 65056 1
10 25 28 10 104786 1
27 22 7 21 75084 1
9 21 6 8 43916 1
9 24 28 10 95984 1
16 2 2 24 98708 1
27 9 12 20 79990 1
28 1 9 21 108007 1
4 4 6 15 41205 1
13 18 29 10 66728 1
25 25 22 17 39667 1
3 17 5 25 33949 1
24 29 17 22 35362 1
19 11 25 0 58587 1
23 21 27 15 39301 1
13 9 23 10 60804 1
22 18 9 11 53699 1
11 25 27 9 100801 1
11 2 5 8 45290 1
16 9 27 9 54968 1
0 17 20 3 97371 1
2 26 10 3 83111 1
1 7 26 1 81740 1
6 17 28 29 80182 1
9 12 8 28 38020 1
20 0 28 27 104023 1
9 2 26 4 63618 1
22 1 8 8 62838 1
6 1 29 6 79255 1
7 15 20 19 44979 1
7 27 17 9 69409 1
14 15 11 23 47528 1
1 11 8 3 43268 1
20 1 14 28 88099 1
28 7 4 24 116916 1
26 18 14 7 66621 1
20 2 14 10 47016 1
1 2 16 24 100827 1
7 23 6 5 57976 1
10 9 9 0 35485 1
23 6 8 7 83838 1
22 1 28 29 109409 1
28 0 26 20 66244 1
4 25 22 26 63055 1
20 25 0 0 114710 1
0 20 16 21 52887 1
22 5 22 28 100065 1
29 25 16 7 84063 1
3 14 15 18 46534 1
17 26 27 29 35575 1
16 1 2 20 92161 1
1 13 18 1 80043 1
3 5 12 6 54075 1
24 14 29 23 41160 1
21 21 0 7 101784 1
25 16 3 12 82066 1
0 22 14 10 70937 1
11 15 22 8 66328 1
28 10 15 29 92461 1
5 7 20 15 68249 1
11 21 26 9 85930 1
16 17 6 6 67400 1
22 21 19 6 68049 1
8 12 26 13 62849 1
12 10 23 11 53890 1
23 15 22 5 56550 1
23 25 18 6 81149 1
11 15 20 3 65341 1
27 17 29 8 39405 1
7 12 5 20 27606 1
6 4 3 22 68521 1
6 29 28 15 91741 1
14 14 8 10 27623 1
25 23 17 7 69181 1
5 15 10 28 38963 1
10 7 21 17 77274 1
24 8 18 1 52428 1
13 4 22 25 92712 1
6 12 13 2 54670 1
17 12 27 28 62816 1
26 13 24 25 45323 1
12 19 28 4 93252 1
11 22 17 26 41570 1
29 25 0 4 132898 1
27 4 17 20 78138 1
13 5 3 5 57130 1
21 3 16 29 84970 1
24 5 18 1 42228 1
11 18 22 6 74957 1
14 21 26 15 54208 1
0 5 18 19 86237 1
18 10 15 23 54270 1
6 19 22 15 57789 1
12 24 25 4 104747 1
1 24 11 21 49714 1
26 6 21 26 79657 1
7 2 24 2 65154 1
16 18 3 0 75328 1
25 27 25 2 84995 1
26 18 23 10 44309 1
4 29 12 22 49021 1
19 15 11 13 41093 1
1 28 3 5 73372 1
19 6 21 26 72914 1
12 29 26 2 109954 1
19 4 4 7 75263 1
9 12 17 2 47557 1
28 10 15 8 65701 1
26 21 25 9 43947 1
4 9 25 14 84260 1
2 19 17 9 61785 1
15 21 15 10 51039 1
20 16 7 3 78595 1
18 25 3 16 71291 1
26 25 11 19 57085 1
1 8 6 23 56426 1
10 22 13 8 66088 1
18 20 4 16 51104 1
23 4 14 9 57228 1
13 3 10 14 56172 1
26 3 28 23 71755 1
1 27 17 22 56080 1
16 14 3 9 59420 1
19 21 23 14 43299 1
1 16 25 28 80347 1
3 22 25 28 74613 1
2 22 9 14 44219 1
11 26 18 11 67381 1
19 18 24 1 71363 1
8 3 23 10 83444 1
5 14 27 19 69685 1
16 12 22 18 31324 1
28 0 8 21 101286 1
6 24 19 9 75163 1
12 18 22 1 71282 1
23 18 2 9 85345 1
25 22 4 13 84797 1
9 11 4 1 48244 1
2 19 15 27 53840 1
2 14 23 15 86443 1
16 3 17 27 62897 1
15 14 11 23 57468 1
6 10 19 10 56460 1
9 27 9 7 53425 1
25 15 15 15 38975 1
22 28 12 27 26868 1
3 1 5 18 58493 1
3 15 11 8 48782 1
10 0 0 29 94865 1
29 9 16 1 61861 1
0 10 12 10 54250 1
10 19 18 0 67632 1
23 28 24 18 44846 1
25 7 5 2 81827 1
17 5 1 8 68704 1
14 27 28 8 100122 1
8 16 17 22 37495 1
2 11 12 17 53257 1
8 14 29 1 94529 1
26 17 10 15 57455 1
22 21 6 6 89482 1
13 14 27 22 73151 1
1 4 11 21 78523 1
1 7 23 1 79445 1
0 23 8 13 45763 1
17 24 24 28 26819 1
3 13 20 18 64336 1
19 11 3 23 85911 1
22 14 4 14 76655 1
16 23 7 3 81670 1
6 2 16 5 48994 1
3 24 8 14 38060 1
16 28 26 29 26416 1
26 17 28 8 38444 1
25 20 4 17 66806 1
2 7 23 8 98063 1
6 26 10 8 55254 1
12 8 3 6 51513 1
11 7 19 28 86667 1
17 24 5 18 43544 1
28 26 10 22 75276 1
8 18 4 7 41609 1
24 7 12 23 98346 1
13 9 29 1 75388 1
3 1 25 5 78726 1
6 1 19 11 71031 1
29 24 13 27 54832 1
12 5 14 21 71926 1
28 9 11 17 83556 1
13 16 24 3 77607 1
20 4 8 7 63311 1
24 14 6 8 80860 1
12 11 2 3 60862 1
28 0 1 18 110139 1
29 1 22 23 90058 1
22 25 3 17 79106 1
5 27 15 0 92705 1
17 26 1 12 73202 1
10 22 4 12 46285 1
5 7 23 3 80601 1
22 18 12 3 66545 1
23 25 1 22 85184 1
13 28 15 10 66286 1
29 28 8 11 83889 1
28 13 25 29 62738 1
25 1 15 22 85444 1
21 6 11 11 66293 1
13 22 12 1 91199 1
26 21 23 6 66733 1
1 23 14 7 77231 1
28 8 12 0 69510 1
16 29 27 25 44844 1
10 24 20 25 45559 1
7 9 16 11 40746 1
0 9 4 15 35043 1
3 7 13 25 83729 1
3 12 13 10 40542 1
17 4 29 26 88273 1
17 7 8 16 51673 1
16 10 28 25 78493 1
2 12 14 9 43859 1
1 3 9 28 79391 1
16 23 1 1 103181 1
26 25 16 15 54370 1
28 25 21 17 48204 1
21 29 5 11 84274 1
20 21 18 3 63556 1
0 16 9 24 40870 1
1 21 26 11 92765 1
1 13 19 4 79551 1
5 1 0 17 60033 1
21 11 2 11 73425 1
14 2 17 24 64789 1
7 10 22 0 72001 1
28 5 9 17 99814 1
9 13 22 5 76047 1
22 11 24 21 52437 1
16 27 26 26 33933 1
2 28 19 25 52475 1
20 25 13 6 85248 1
0 23 25 26 82622 1
28 10 27 1 41327 1
11 2 12 13 56967 1
9 9 17 16 46045 1
28 24 15 6 92739 1
12 19 2 20 32427 1
11 13 26 13 59601 1
21 15 15 7 47860 1
23 28 4 9 89171 1
28 19 16 2 76259 1
11 24 22 24 40920 1
14 18 12 9 42822 1
2 17 25 23 83931 1
14 1 22 19 69840 1
18 24 5 26 48026 1
22 25 25 15 49862 1
22 22 9 11 72704 1
18 11 24 18 43040 1
27 10 10 6 95231 1
1 12 24 7 95799 1
9 9 1 0 43517 1
24 9 16 23 76980 1
11 4 28 14 96728 1
16 14 25 7 60874 1
16 21 26 12 56924 1
19 13 8 25 57830 1
17 20 2 9 74625 1
0 17 12 12 48887 1
3 7 27 18 97702 1
16 6 0 23 94235 1
14 13 1 9 50056 1
28 18 5 14 70008 1
26 14 12 8 68823 1
1 2 6 10 44611 1
2 24 8 17 32814 1
15 25 27 20 56610 1
9 0 7 17 50926 1
15 27 4 17 56758 1
0 20 20 15 64470 1
27 13 7 0 90663 1
13 4 28 9 80903 1
19 12 15 20 35529 1
0 7 14 7 66074 1
12 21 18 25 40204 1
23 23 29 9 66961 1
15 28 25 29 27053 1
12 29 11 18 44555 1
2 23 29 4 128725 1
17 3 11 9 42186 1
13 18 29 4 81672 1
28 1 26 23 74898 1
5 6 15 15 57997 1
15 1 16 29 82164 1
4 23 29 12 103095 1
27 21 13 23 67375 1
0 8 10 19 57593 1
23 10 15 18 54309 1
11 5 9 27 69188 1
16 8 21 29 72334 1
17 29 5 7 79172 1
9 3 20 2 46773 1
5 12 18 4 60877 1
1 24 18 12 70481 1
24 25 4 21 84328 1
13 7 27 27 100427 1
7 3 13 25 75963 1
5 24 14 19 34213 1
14 29 7 8 67598 1
7 10 27 15 82798 1
26 29 9 9 91629 1
0 25 4 18 29233 1
14 11 28 20 63804 1
6 22 29 26 74404 1
28 27 18 24 44125 1
28 9 17 10 57957 1
24 19 17 29 43724 1
21 9 14 3 46464 1
21 19 6 1 86534 1
11 19 13 28 39190 1
5 19 1 5 45697 1
13 10 1 4 68503 1
21 26 3 17 73331 1
4 2 13 3 41019 1
5 18 6 28 30935 1
3 20 25 2 112794 1
19 25 7 23 53513 1
27 21 4 29 87152 1
26 22 9 26 64492 1
9 16 24 15 59865 1
17 13 10 4 56266 1
4 29 7 6 70677 1
18 14 15 2 46617 1
23 13 13 25 77046 1
1 12 19 28 77130 1
24 6 13 1 64271 1
7 29 5 14 43885 1
24 27 2 27 62153 1
3 5 14 1 51694 1
11 14 23 20 57895 1
29 10 3 3 104269 1
13 3 20 16 61903 1
27 10 4 1 94085 1
2 2 29 28 132938 1
16 24 13 13 52169 1
21 1 7 7 66365 1
1 10 12 27 72573 1
0 25 0 15 36101 1
0 12 20 24 82470 1
15 0 7 21 76569 1
6 14 10 22 40351 1
19 19 0 11 71732 1
9 12 24 21 68589 1
8 22 18 18 33793 1
19 6 28 11 59641 1
16 26 5 28 33269 1
10 23 25 11 92932 1
7 24 26 29 56239 1
9 29 28 9 107215 1
18 8 28 24 79003 1
10 11 25 29 90766 1
21 19 28 26 42696 1
22 25 12 24 42356 1
23 29 23 6 104444 1
9 26 14 10 58039 1
5 9 9 22 43506 1
25 2 4 4 75343 1
22 22 13 5 87966 1
5 1 14 2 31083 1
13 26 29 24 57594 1
21 1 15 13 59861 1
11 26 20 8 84099 1
0 15 1 5 31360 1
12 18 0 22 43647 1
0 1 18 16 91368 1
14 26 0 21 65817 1
24 13 8 22 76639 1
16 10 22 5 49161 1
23 3 2 8 92574 1
27 14 21 4 61623 1
23 8 15 18 57565 1
18 19 12 27 39412 1
25 13 8 20 69608 1
5 27 21 8 96832 1
10 15 21 17 47464 1
15 22 6 17 46605 1
27 22 3 25 95490 1
0 7 11 3 54331 1
18 23 3 26 62706 1
4 29 26 13 98167 1
16 20 8 6 57700 1
2 6 12 27 91485 1
6 0 2 25 82229 1
8 11 27 20 73943 1
27 16 17 26 55082 1
1 5 2 21 49998 1
15 28 10 16 52965 1
28 22 8 3 105445 1
2 11 23 18 77742 1
16 20 7 4 68339 1
15 23 3 23 56497 1
14 13 19 21 42619 1
20 26 11 15 56886 1
21 27 29 6 87570 1
28 1 21 23 99577 1
23 6 3 11 100679 1
5 11 19 2 70992 1
29 11 5 25 101963 1
29 6 26 21 50122 1
16 24 15 11 46800 1
1 6 0 27 61671 1
11 4 10 16 53203 1
26 11 4 19 81808 1
28 8 7 8 94137 1
6 23 18 18 46126 1
10 2 15 23 90970 1
24 6 21 20 73855 1
12 7 22 3 50758 1
28 24 21 10 73085 1
0 6 8 2 42793 1
15 23 28 10 85205 1
6 15 1 7 38299 1
19 29 19 17 40381 1
6 26 24 23 72966 1
21 17 9 11 58046 1
0 29 11 3 94657 1
21 10 17 20 50369 1
9 17 17 0 65594 1
26 6 11 6 81167 1
3 25 16 21 63273 1
22 27 5 14 73608 1
11 4 29 16 102642 1
1 7 14 19 64812 1
8 9 27 15 76808 1
4 13 13 1 67445 1
17 8 24 18 45103 1
29 13 26 6 30011 1
17 23 19 13 32633 1
6 6 2 16 48661 1
7 12 23 6 83890 1
4 6 25 20 99844 1
5 19 13 2 72901 1
27 0 11 11 77177 1
15 21 6 3 74569 1
1 18 14 6 69977 1
7 20 29 29 68936 1
18 15 12 1 59779 1
11 15 9 28 38568 1
21 8 28 5 41778 1
12 3 28 12 76317 1
3 26 15 29 41445 1
11 12 16 7 35466 1
1 5 21 15 89473 1
13 24 28 0 100010 1
0 19 11 4 68910 1
27 9 10 9 83700 1
11 1 26 16 93589 1
15 28 5 18 43052 1
17 22 10 1 79096 1
1 20 28 27 85980 1
10 0 0 29 94865 1
18 28 6 9 74541 1
13 1 5 27 92105 1
21 4 26 16 62434 1
16 19 28 6 79155 1
5 20 11 13 41019 1
0 25 12 2 96532 1
21 13 1 17 79574 1
15 14 17 4 35117 1
