5114 3870 3462 5825 5117 5537 4166 4809 6277 3660 5376 6341 4728 3906 3344 4964 3626 5855 4872 4885 3839 4596 4116 5698 5816 6029 5768 5015 3825
2364 5127 3630 2974 3243 4258 3707 3026 5447 5493 2762 4345 4169 4684 2868 5125 5389 3100 3112 3243 4613 2389 4396 2902 4540 5568 4881 3323 3149
1926 1619 1992 4508 3227 2907 2321 4523 4409 2384 4268 3925 4351 1655 4491 2592 2320 1692 1877 2938 2160 3644 2043 2709 4198 1907 2876 2225 4083
5851 6063 6789 4673 5170 4694 6593 6308 7020 7122 5275 4514 4082 6572 6614 6713 4562 5574 5268 7156 6971 5730 4106 5147 6987 5211 6806 6885 6947
2517 2936 4241 3647 3923 4870 3705 3614 4351 2301 3718 4143 1816 3627 3938 2433 3710 1844 4527 1840 1897 3758 3659 3382 4411 4318 3144 3901 1962
6053 5664 7939 8258 7964 6974 6261 7777 7466 8048 7375 6042 7348 8251 5644 8803 7734 8466 8357 6621 5793 7301 8548 6312 6047 8714 7685 8065 5721
7677 7497 4829 6724 6331 6676 4764 5751 6498 7114 5023 5992 5376 7364 5184 6077 7906 5791 6930 7437 7159 7817 7632 7864 5518 4755 4955 5945 6691
3683 1734 4102 4124 4324 3014 2330 2976 3469 2792 2559 4194 4387 2320 2276 2160 3720 2229 3284 4894 4615 2807 4764 4810 2353 4488 2098 4242 4250
4846 3997 4350 6288 6291 4830 4003 5209 4624 5869 4087 3871 4306 3408 6238 6010 3513 4282 6140 3646 5064 4675 4436 4880 5323 4499 4327 5021 6369
5557 6219 8406 7845 5702 7425 7775 5639 5739 5786 8398 7451 8422 7928 8201 7280 5481 6788 6008 5296 5272 6126 6717 6948 5684 5734 5823 5640 6119
3997 3768 4614 3040 4931 3651 2309 3596 2115 4246 4292 2646 3235 2171 2591 3883 3745 2217 4565 2233 2285 3317 4040 4603 2810 3379 2209 2501 3637
4821 5370 4701 6753 3992 5141 6816 5716 6380 5702 5304 5540 4861 6805 5978 5545 4585 3805 5003 5356 4272 4447 5034 5007 4412 4008 4524 4996 5796
2878 4036 3695 3923 3846 4505 1959 3436 4568 3736 4025 1527 2115 2259 3261 1851 3694 4577 1660 4665 3310 3616 4585 3236 3693 4090 3972 3312 4674
1978 3884 3297 1178 2477 4252 2317 3365 1499 3221 4103 1219 2486 2303 1567 2239 1631 1203 2403 1500 3149 1435 1781 3345 3501 1395 3782 1610 2269
2889 3115 1559 4256 3396 1369 2014 2979 2620 3705 3627 3763 3199 3885 1218 3508 1549 2957 2199 3572 3590 3665 2273 4342 1306 3189 2922 1354 1454
4337 4640 4044 3816 2807 3837 2950 3026 4914 2891 2508 2501 3318 2273 4565 3138 4328 3914 2877 4737 3040 3308 2985 2921 4516 5109 3227 3792 2341
6134 7094 8227 7511 6505 5666 5303 6375 5366 6674 5405 7361 5962 5559 6001 8105 6497 6420 6963 7777 7801 6259 6889 5998 6212 7981 5543 6914 6108
8120 6313 6841 8158 7030 7817 5287 5967 6514 6004 6875 5764 5728 6477 6171 5869 5399 6063 5627 5480 6551 7323 5190 5119 5215 5777 6436 5057 4942
3620 2489 4622 3375 5477 4916 3840 3510 3735 2974 3428 2969 4010 5129 2330 5142 2652 2965 3241 2382 2284 3191 3711 3842 5431 4775 3265 4252 5089
2044 3895 3881 4465 3350 3400 4169 4176 3836 3688 2504 5228 2599 3992 2720 3321 2346 2997 4220 3233 3845 2797 2242 3551 4296 4243 5199 3316 4987
2732 2773 3951 5174 3473 5494 3020 2728 4414 3426 2880 5281 5173 5344 4038 4228 3378 4305 5303 5958 5220 2766 3488 5537 5936 2997 3515 5921 5169
4021 4548 3334 5824 5193 5462 4915 4236 4149 3909 3640 5017 5677 4717 4402 5281 5174 3836 2800 4758 2799 3235 4595 5205 3747 2820 2794 3823 5455
7699 8259 6196 8451 7078 8035 8501 7162 7193 7120 7659 6727 7879 7975 7646 6544 8711 5706 8598 7692 6601 6087 7339 7339 7812 7215 8614 7998 8161
6806 6932 6053 5409 5989 8220 6154 7163 7153 7686 8142 5939 5705 6598 6801 8328 7863 6708 7420 6941 7746 5325 6057 8221 5726 5844 5808 8288 6313
4146 4062 3621 5520 3539 5279 4632 5512 2690 2666 3478 4071 2634 4641 4443 2703 4622 3687 5124 5414 4546 5531 4313 2951 3009 3071 2962 4575 5580
7743 5522 5685 4752 7704 6836 5660 7271 5962 6020 5369 5557 7170 7651 7286 7632 6782 6263 6922 7149 7796 4818 5572 6873 5464 5265 5712 7053 6263
1710 2857 2531 4654 1708 3203 2511 3210 2952 2247 1702 2975 1767 3735 2534 4548 3808 3825 2921 1998 3899 4402 1941 4337 4057 2602 3338 2087 2438
7241 6625 5506 5367 7144 7814 6887 8437 5351 6465 8335 8245 5732 6094 6067 7496 6230 6872 5866 8231 6308 7038 5654 5652 8249 8144 6185 8328 5480
2983 2770 3745 5459 3707 4333 5492 3222 4902 3139 3034 2900 3751 3886 2780 5212 4905 3161 2890 5302 2534 3443 4815 4077 5246 4504 4459 5565 3667
4467 3902 3429 4431 3095 3723 5846 3042 2957 4938 4836 3959 4206 3709 2968 5264 4800 6146 3610 5079 4200 5626 5528 3565 3375 4168 4988 5784 4228
6415 5748 6995 6486 6593 7491 6591 2977 8173 4268 5201 5768 4025 5642 4220 6094 5382 7557 3571 1452 4153 5116 4704 5789 4834 4706 6054 7915 7097 5267
6634 7295 8065 6770 5534 7667 5913 4023 6021 3883 6877 3604 6403 6963 2009 5652 2447 6868 2831 2151 5302 4098 4402 4743 2021 4224 5942 7118 6336 6615
6347 6839 6301 5806 6874 5103 5463 4373 5591 4178 5038 3297 5300 7181 4162 4912 4128 5757 4072 2416 4952 5003 4410 3189 2143 5720 5343 5876 6601 7055
5060 6541 6727 4711 6272 5811 7603 3908 6507 2404 6035 2689 4659 6669 2445 5594 3372 8507 2935 2154 3671 2990 3612 5628 3007 5225 3563 7672 6004 4682
8020 5006 6837 6076 6624 7307 6947 2773 7678 1855 6932 4264 6090 5986 2395 4262 3120 7444 5143 1742 4228 4897 1783 4892 3698 5128 5235 7301 5778 6929
7476 6834 7442 7134 6106 5682 7295 3689 8014 2365 7002 3398 6677 6795 4130 6205 3463 6907 3680 2995 4428 2723 3423 4859 1905 6994 5690 8509 6469 7343
5508 6999 8315 4478 7466 4782 7322 4803 7093 2367 7586 5355 4259 7652 2497 4494 3437 5947 4654 3883 2689 4775 4952 3432 3093 6424 4452 8335 5739 7688
6089 4993 6513 7069 5348 4688 7310 4250 6622 1707 6474 3137 6510 5517 2789 6884 3593 7072 3079 2738 4634 2392 4853 4693 4147 6787 3886 7051 6176 6121
7537 4706 8010 4598 6220 6710 5852 4069 5147 3866 6863 3454 4124 6938 3260 4200 2381 7719 4576 3348 3095 4533 4256 5679 4017 6687 5400 7138 5521 6094
7750 5911 5344 4384 6173 7384 7573 3569 5767 4569 5433 4529 4234 4964 2102 4909 4567 6800 2433 2132 2711 2541 3693 6196 4261 4835 4693 8476 7376 5262
6239 6575 5496 5557 5587 4843 5882 4984 6945 3932 6918 5628 4318 5090 1204 4239 5231 8366 2496 2001 5093 3767 4476 3860 2468 5518 4011 7259 6104 5767
6052 5408 7603 5378 4856 6182 7749 3404 6284 1669 6388 5409 5869 7232 4266 4228 2451 5809 4245 3045 3873 3531 3747 3506 1955 5847 6028 8795 4653 5720
5831 7170 5899 6816 6074 7482 5460 2022 7995 4224 5124 5565 5190 5977 3985 5593 2887 7086 2486 3400 3636 4786 4052 5271 2315 5190 6254 7007 6767 5086
5818 5816 6139 6000 5490 6836 5372 3491 5098 2002 4871 3541 4288 6521 1774 5979 5544 7765 3464 1627 2683 4147 3632 5255 4050 5262 5674 7005 5613 7199
6929 6062 7966 5440 5238 5262 6493 2612 7743 3213 5610 2895 4056 7887 3827 5527 3331 7449 3283 3485 3907 4464 4367 3626 4210 4860 5158 6162 5540 6650
5120 5653 6296 7253 5475 7801 6461 3417 7698 3066 4556 5395 4450 5637 2260 7051 3135 6427 2263 2410 3355 2659 4266 4787 4005 4654 4298 7227 4671 7313
5255 4109 7139 6339 6480 5623 7338 3454 7108 4073 4762 2628 4098 6893 2342 5791 4908 5676 4261 3588 3930 3378 4683 3152 3886 6902 6148 8658 5894 6909
5696 6068 7866 4853 6655 4688 6269 4191 5638 4389 6650 4296 5929 6486 2027 5472 4432 6770 4544 4216 4063 4195 2223 5260 2036 5735 6530 7296 5199 4793
7578 5510 6168 5524 7064 5958 6985 3093 5962 3240 6343 4624 6664 5743 3746 4490 3174 7406 5041 1528 3724 4256 4932 3415 4335 6058 3569 7700 6220 6646
5905 6773 7453 4988 5602 5459 6775 2651 7575 2850 4957 4263 5864 7450 3213 5478 4513 7261 4476 4415 3548 3998 4790 5893 3755 4096 3782 8256 4906 4976
6505 5416 8187 6189 5706 5070 6143 2180 8157 2641 4833 3593 4727 6667 3226 6853 4422 8338 3951 2777 5184 4838 4257 5034 2724 4048 4657 6432 4609 5504
6189 4130 6985 6954 6496 6699 6209 3326 8031 4585 6670 5569 6219 7177 3819 5450 3801 8586 4670 4457 2254 3281 3230 4088 4423 4300 4057 8255 5031 5379
6343 5858 7734 6455 6202 5131 7753 3963 7667 2398 5822 2932 5388 5787 2400 5668 2972 6269 4510 2486 3699 4666 2287 5883 3207 5788 3605 7267 5921 6572
7724 7024 5249 6760 5056 7376 7082 3247 6066 4048 5758 2714 3590 6305 1941 5404 2863 8146 2156 1721 3572 3506 2051 6158 3717 6271 5858 8880 4522 4592
5574 4596 5584 4602 5721 5230 6261 1898 6343 4674 5667 5447 6281 5283 3529 4276 2650 5377 3626 2613 4226 5112 2757 3821 2488 4305 4994 8828 6625 5533
7916 4864 6082 4846 6481 7329 6734 2482 6694 3142 7705 4950 5070 5479 1931 7055 4886 5674 3327 4381 4698 4404 3476 6121 2692 4849 6335 8084 7200 7063
5140 4586 6261 4467 6385 6335 6592 4763 6562 4406 6771 2903 5862 5613 3765 6761 4906 8287 4994 2795 4280 3839 3856 5330 4650 4522 5750 8852 4543 7597
7629 5773 7107 7102 4533 5157 7291 3817 7998 2395 4838 5732 5651 6544 2117 6469 3411 6878 4867 2394 4973 4797 3963 5465 4750 6822 3811 6130 4935 6162
5943 6572 7630 4372 6353 4817 7547 2249 5368 1919 4574 4881 5320 7573 2411 4548 5417 5873 2390 2577 4582 3677 3871 3060 2345 4538 5328 7022 5054 7048
9 20 20 11 52834 1
11 0 7 29 106309 1
12 7 16 28 63503 1
10 20 24 18 48513 1
23 24 29 8 67213 1
21 14 15 24 47683 1
9 22 2 9 60887 1
16 2 26 10 66061 1
15 8 29 12 63894 1
10 9 3 19 49184 1
7 1 2 16 61679 1
3 0 12 27 113073 1
0 21 2 0 69314 1
5 0 1 15 68319 1
20 4 11 14 60589 1
8 28 24 2 126445 1
19 11 25 1 55608 1
19 0 24 9 48669 1
28 13 17 12 47805 1
11 29 23 21 69646 1
2 28 19 6 103809 1
0 15 19 9 75419 1
2 6 10 2 52300 1
17 2 26 8 55352 1
4 26 8 10 63679 1
3 0 28 18 135576 1
19 13 27 11 35431 1
1 27 10 0 113214 1
7 18 29 13 73992 1
9 8 3 16 43247 1
28 8 1 25 117459 1
1 16 28 22 94362 1
0 20 6 26 41037 1
24 23 20 17 33729 1
21 4 22 16 60399 1
19 15 24 3 61981 1
10 23 2 15 41764 1
28 1 10 12 92947 1
24 29 22 2 115306 1
16 9 29 1 72942 1
29 24 13 6 96151 1
27 4 2 0 114156 1
9 14 27 11 58972 1
18 9 27 6 39188 1
4 14 21 12 59437 1
10 14 17 19 29608 1
21 10 4 9 55937 1
17 25 22 3 98100 1
27 29 23 14 63721 1
16 15 22 26 59249 1
24 0 3 12 110310 1
15 7 1 22 72370 1
27 11 7 23 84802 1
27 7 12 27 93709 1
12 7 0 16 65072 1
5 4 3 14 45137 1
17 6 24 27 94949 1
29 11 16 19 65162 1
3 2 22 17 118201 1
17 22 12 8 54199 1
10 14 25 8 66553 1
29 26 12 7 103399 1
6 25 17 26 51923 1
0 1 26 27 158907 1
29 5 1 13 112677 1
10 26 15 6 59675 1
28 15 3 8 93780 1
9 8 19 8 41526 1
7 24 22 13 73625 1
10 16 27 29 92763 1
7 28 21 11 88248 1
9 11 14 18 32140 1
19 16 26 29 61896 1
5 9 10 4 31476 1
28 8 12 12 68523 1
24 26 13 3 93213 1
27 7 8 10 73007 1
9 3 29 8 82601 1
28 18 20 12 49303 1
25 9 16 16 54182 1
2 12 16 22 66633 1
2 24 22 7 96591 1
2 15 18 26 77004 1
5 3 23 7 80080 1
7 20 21 28 72621 1
24 4 13 23 83425 1
13 13 2 10 46549 1
27 18 3 17 85899 1
11 15 25 2 86700 1
22 4 14 16 70750 1
18 25 11 17 46833 1
25 8 11 23 82783 1
11 12 6 2 52979 1
23 19 19 0 80781 1
7 18 9 0 67966 1
25 15 7 8 75835 1
1 20 13 8 57465 1
12 10 4 12 36228 1
17 6 28 21 81567 1
15 23 5 8 70155 1
28 10 13 1 73244 1
20 13 6 26 75242 1
17 11 27 18 59918 1
24 15 7 15 54900 1
7 25 24 14 72344 1
27 7 3 17 99382 1
16 0 19 16 69366 1
12 23 18 4 71019 1
11 11 20 27 71764 1
21 13 9 21 50023 1
25 13 8 22 72115 1
25 15 0 8 99963 1
21 24 15 12 52225 1
24 2 28 26 94166 1
1 19 5 7 47797 1
21 7 14 23 63563 1
17 23 3 21 55565 1
22 11 0 12 88834 1
2 16 12 28 63265 1
28 2 7 2 107587 1
6 21 27 20 73187 1
19 11 5 18 62084 1
7 16 1 0 67923 1
5 6 17 12 62828 1
4 15 15 9 48409 1
5 20 20 17 58091 1
15 22 27 24 47824 1
5 1 16 23 102650 1
27 16 4 6 99352 1
1 2 24 8 101856 1
22 11 11 26 74163 1
0 28 18 26 86041 1
0 16 26 20 85274 1
15 7 20 17 45738 1
17 18 2 28 68187 1
29 25 6 12 107585 1
14 0 21 21 80137 1
25 4 7 5 81550 1
24 2 1 3 117023 1
11 2 5 20 80152 1
29 10 10 8 69919 1
29 25 8 22 83978 1
23 21 3 3 117300 1
26 13 13 23 56678 1
14 13 29 14 46439 1
15 19 23 14 40004 1
21 20 8 16 51558 1
21 4 1 8 87178 1
0 5 19 7 78805 1
21 28 12 20 54597 1
18 22 9 1 89056 1
16 3 28 10 67742 1
29 18 5 17 85204 1
23 24 9 26 54251 1
28 24 15 1 115408 1
24 16 1 11 83525 1
19 3 28 11 53877 1
4 7 2 28 67573 1
27 1 11 0 90326 1
19 19 27 14 39428 1
24 18 9 0 108190 1
25 5 0 1 121480 1
18 19 10 15 33768 1
24 10 0 4 101821 1
18 7 24 18 58550 1
25 15 22 0 72942 1
29 27 8 14 102986 1
9 13 4 6 41860 1
11 16 0 13 45620 1
28 26 27 12 61797 1
28 9 5 14 79495 1
6 7 18 23 80484 1
21 19 29 16 37073 1
7 12 25 14 58417 1
5 10 18 10 52464 1
2 7 9 1 48873 1
20 2 6 4 82776 1
5 26 16 26 54147 1
27 1 6 27 132337 1
28 13 10 8 70848 1
25 5 13 15 69028 1
10 26 0 16 57793 1
13 23 17 29 37213 1
10 18 20 22 42326 1
10 13 12 28 48934 1
7 18 15 12 37147 1
5 10 3 18 35096 1
12 7 22 19 57764 1
19 26 26 7 78458 1
3 26 19 0 122402 1
21 10 5 4 78358 1
26 10 25 27 62473 1
10 17 29 6 87110 1
23 6 0 27 129772 1
14 27 29 9 88901 1
15 6 7 14 44101 1
1 6 25 22 116737 1
3 28 14 24 53687 1
2 6 17 28 106900 1
5 27 23 23 88008 1
21 13 13 17 32569 1
6 11 12 24 56430 1
23 1 12 8 67656 1
24 18 4 29 94639 1
5 13 18 10 60250 1
15 15 25 1 75915 1
27 6 6 14 83829 1
22 16 12 0 77936 1
19 11 9 20 48571 1
25 7 19 19 56733 1
26 27 4 22 90425 1
28 19 12 25 62111 1
0 29 14 3 108660 1
19 25 3 16 75555 1
29 9 17 10 45922 1
29 27 1 26 114860 1
12 28 14 14 39082 1
29 3 3 0 132391 1
25 12 3 8 88979 1
8 14 21 14 37232 1
11 26 24 4 99460 1
26 29 18 24 41863 1
26 25 1 13 107878 1
21 18 26 2 64447 1
4 2 25 20 119630 1
4 18 8 1 65183 1
5 0 15 18 89426 1
2 11 12 23 63552 1
9 2 5 14 60968 1
8 27 10 16 47614 1
1 12 8 22 50910 1
29 29 29 13 70127 1
24 14 7 1 89720 1
27 10 13 18 59625 1
21 7 29 29 98561 1
29 21 23 25 35677 1
9 2 18 20 79246 1
12 7 15 26 54174 1
29 2 17 8 63341 1
10 9 19 4 45112 1
2 6 24 29 135631 1
16 5 5 28 102184 1
0 19 28 11 93297 1
10 20 11 10 38218 1
27 17 18 1 84365 1
22 25 5 24 61209 1
15 22 6 10 61778 1
15 4 10 18 48252 1
23 24 5 11 92934 1
16 27 15 9 61640 1
24 26 25 9 61041 1
21 6 2 15 85172 1
25 10 13 14 51066 1
29 12 2 24 102977 1
10 28 1 2 107865 1
4 4 29 4 109559 1
7 25 8 10 56037 1
2 24 7 16 35917 1
5 19 20 17 53397 1
22 10 5 18 80250 1
12 3 25 15 73518 1
0 5 29 1 132947 1
13 0 4 25 89196 1
17 18 4 24 52702 1
4 6 0 19 50181 1
12 27 18 17 46422 1
0 11 7 14 33966 1
19 26 8 26 54081 1
12 8 24 3 60053 1
29 25 10 6 109928 1
23 7 19 1 35280 1
12 23 25 12 66310 1
25 29 18 20 57123 1
12 29 26 15 76465 1
15 7 27 19 71563 1
1 12 19 8 70327 1
24 24 1 2 134706 1
26 20 12 2 88361 1
28 18 2 7 112226 1
3 19 29 16 87384 1
21 11 24 21 53100 1
9 13 29 25 95603 1
4 29 12 9 81844 1
11 8 4 13 37767 1
8 24 14 6 58216 1
28 27 2 6 142293 1
8 15 18 14 33285 1
6 28 21 9 96438 1
6 3 27 1 102623 1
20 24 7 23 50250 1
7 26 8 14 45189 1
1 16 11 3 73394 1
24 19 9 28 68933 1
26 4 2 6 91592 1
23 8 2 9 72746 1
23 26 5 13 94757 1
20 18 0 0 118558 1
25 4 4 29 133468 1
28 23 0 8 130926 1
8 12 23 2 96942 1
25 4 7 10 80777 1
18 29 26 16 73154 1
22 24 18 15 42098 1
11 27 12 7 57685 1
27 4 15 6 50659 1
26 2 10 12 79731 1
11 23 18 0 87839 1
14 14 25 24 61962 1
15 10 4 15 45518 1
10 29 22 6 95182 1
15 24 18 13 44938 1
29 15 18 23 60020 1
28 25 4 3 142535 1
14 28 9 0 95461 1
23 19 2 13 74922 1
16 17 3 2 94427 1
5 12 20 23 78476 1
25 8 9 13 73688 1
22 3 29 17 74652 1
8 27 11 16 49132 1
12 23 16 6 54444 1
1 25 21 25 72318 1
24 23 10 22 57306 1
14 3 10 18 47835 1
1 25 9 23 35113 1
28 10 17 12 52818 1
29 8 28 21 48370 1
2 20 23 22 73147 1
14 3 1 28 100244 1
15 11 5 21 49758 1
0 24 27 28 102019 1
27 3 2 7 98392 1
26 3 19 15 53443 1
15 25 7 1 89841 1
14 24 29 15 71599 1
22 14 19 3 51665 1
22 4 17 23 84594 1
10 12 19 29 78467 1
10 26 25 17 71035 1
0 0 12 14 83055 1
23 10 12 3 61262 1
19 1 13 25 84614 1
6 5 14 12 49369 1
18 14 25 0 69483 1
16 7 5 8 45795 1
12 3 25 5 66274 1
22 24 4 13 82722 1
16 27 10 20 44474 1
14 9 11 1 35730 1
24 7 15 28 91681 1
4 22 8 6 60734 1
16 14 25 22 50536 1
7 23 5 9 51733 1
25 0 12 5 75581 1
28 0 8 27 133029 1
3 22 25 7 98742 1
24 1 12 15 86880 1
20 20 13 11 38686 1
3 15 2 3 47881 1
9 22 14 5 51676 1
5 14 12 20 38225 1
29 12 8 9 83385 1
3 16 28 23 99724 1
29 1 18 6 61075 1
14 20 25 19 37268 1
24 6 19 18 56307 1
12 0 29 16 95743 1
0 4 3 15 55500 1
18 9 18 19 34840 1
9 1 28 1 106462 1
0 12 17 17 71371 1
25 9 7 15 71485 1
28 16 24 27 46944 1
19 20 21 1 76141 1
15 20 9 3 64054 1
17 7 29 12 53997 1
29 25 26 16 41634 1
23 18 24 2 65894 1
1 9 28 5 98340 1
6 26 3 8 71893 1
24 13 5 1 108194 1
23 29 25 14 65113 1
28 3 7 28 130865 1
6 7 10 15 38242 1
22 26 0 2 140979 1
13 29 28 27 77781 1
26 21 13 9 67976 1
29 15 23 4 52735 1
26 25 24 7 61238 1
23 21 17 29 54880 1
1 15 5 6 43812 1
11 5 5 11 40760 1
4 7 13 22 62978 1
26 5 17 2 57856 1
22 29 20 13 70326 1
20 27 9 24 48425 1
20 2 1 15 99575 1
21 14 29 23 55599 1
26 9 17 26 78055 1
3 24 14 10 63389 1
4 21 16 26 56659 1
16 0 5 13 82766 1
20 10 20 29 76228 1
26 9 6 20 79655 1
10 2 25 4 82863 1
11 8 24 23 81367 1
10 12 16 18 30511 1
24 27 1 6 130286 1
23 14 22 23 47187 1
22 4 14 9 49206 1
8 29 12 6 75060 1
27 27 3 20 104239 1
6 1 21 25 118162 1
4 15 3 4 46278 1
17 23 26 3 83125 1
28 23 23 2 87901 1
8 28 4 5 91186 1
9 19 15 9 35807 1
12 2 2 22 83598 1
5 5 7 19 52174 1
10 19 21 25 51194 1
23 25 14 0 100891 1
29 15 5 7 95305 1
10 7 25 0 77505 1
28 2 8 19 103325 1
16 12 10 18 31509 1
4 29 18 4 113782 1
6 0 8 14 54305 1
28 28 13 8 100286 1
8 18 2 10 42326 1
4 14 26 27 100518 1
16 11 19 29 74599 1
7 27 22 8 98235 1
13 2 5 20 67339 1
2 12 7 2 46856 1
27 9 16 2 68220 1
20 2 14 20 74689 1
7 11 26 15 67076 1
19 1 0 28 136233 1
28 6 8 26 111968 1
2 19 10 6 59620 1
11 18 22 7 59228 1
2 14 4 5 38476 1
18 24 22 16 39237 1
26 19 13 10 58858 1
24 29 26 20 38956 1
5 20 14 5 59938 1
2 8 13 23 67785 1
27 6 4 3 98816 1
10 28 9 16 42471 1
16 24 26 26 39922 1
21 11 10 11 47837 1
9 16 18 1 77476 1
14 26 5 24 32706 1
15 19 13 29 28879 1
11 24 19 15 43219 1
19 26 27 7 83221 1
7 26 2 14 47153 1
5 5 16 14 63186 1
5 18 28 22 84454 1
15 28 28 18 73213 1
20 6 28 18 60644 1
5 3 24 24 123861 1
16 16 23 1 85847 1
22 2 4 7 90141 1
0 10 12 20 65589 1
2 29 25 7 120988 1
21 12 16 17 41146 1
25 10 10 21 71416 1
8 17 18 23 49815 1
19 18 9 7 59308 1
26 16 17 6 57988 1
17 17 26 20 39352 1
8 15 26 15 59624 1
25 17 13 11 53161 1
9 8 20 26 83993 1
12 2 26 20 88361 1
21 14 22 27 59701 1
27 26 25 7 67692 1
10 21 18 6 58797 1
25 4 29 18 56821 1
10 26 24 17 65658 1
2 21 9 6 67143 1
27 16 5 29 116647 1
15 21 2 13 55063 1
29 5 23 22 72933 1
15 26 29 2 117660 1
26 16 3 2 117854 1
2 1 7 29 99832 1
19 24 0 18 70655 1
18 6 26 27 89478 1
24 6 1 26 120480 1
22 21 6 22 64525 1
8 26 25 20 76580 1
1 18 20 3 99460 1
25 22 4 11 90420 1
8 25 0 16 50198 1
8 27 25 22 74405 1
4 14 21 17 62754 1
1 27 5 16 46102 1
23 8 11 3 61174 1
17 6 6 8 50628 1
0 26 23 27 99343 1
29 26 2 21 106221 1
17 10 24 22 65596 1
2 1 19 9 78625 1
14 17 4 6 59605 1
6 20 14 17 30591 1
24 26 10 29 67702 1
3 7 27 28 132279 1
27 24 7 7 108287 1
28 16 14 21 59885 1
14 5 19 12 38383 1
14 18 16 7 37066 1
16 3 23 12 66025 1
1 18 14 13 47607 1
20 25 8 11 75447 1
18 13 22 20 37191 1
28 25 6 21 92126 1
24 15 24 27 47933 1
25 1 19 5 46551 1
4 19 10 5 58701 1
20 12 12 7 41306 1
6 20 12 2 68810 1
9 23 27 2 109394 1
27 18 17 23 47563 1
27 29 19 23 48664 1
19 8 12 14 40432 1
23 12 17 23 57363 1
11 25 24 1 108655 1
27 0 1 7 110186 1
18 15 22 23 41980 1
6 28 2 20 42482 1
1 23 19 1 113628 1
23 12 10 19 56769 1
11 27 7 0 99097 1
2 23 22 17 77861 1
0 7 24 12 95189 1
29 24 4 17 98250 1
20 28 0 19 86804 1
23 27 19 17 49401 1
9 17 16 24 43188 1
28 0 7 28 138026 1
20 24 13 27 33972 1
25 26 1 5 136576 1
22 11 6 4 81170 1
14 1 19 8 36652 1
1 4 29 4 119331 1
8 17 26 3 91535 1
28 23 8 1 129896 1
26 23 23 5 70131 1
27 27 18 6 98075 1
13 14 4 19 32670 1
24 9 10 16 62440 1
0 2 6 11 56106 1
15 18 27 24 57265 1
16 8 24 0 63279 1
26 12 24 23 43983 1
17 17 9 25 45289 1
26 20 16 3 89862 1
23 13 9 9 62731 1
2 11 4 24 41547 1
14 1 23 13 67643 1
28 11 26 20 36053 1
12 26 25 9 81954 1
19 27 11 22 48251 1
17 27 27 6 99756 1
5 6 28 25 133036 1
26 7 19 24 69919 1
1 23 3 6 61799 1
27 20 1 7 113849 1
16 12 4 8 48470 1
23 9 22 27 85852 1
2 29 16 14 73884 1
15 5 7 3 48226 1
27 6 6 6 80973 1
20 3 2 1 98488 1
25 5 19 18 63074 1
10 14 27 16 57478 1
11 29 7 17 50512 1
21 9 2 28 100042 1
0 23 11 9 75937 1
21 11 9 9 47126 1
19 28 10 23 50917 1
18 28 20 4 90255 1
4 7 12 20 62030 1
10 4 6 26 87851 1
7 25 5 11 55887 1
10 25 28 25 69722 1
6 23 22 29 80424 1
28 4 0 28 148336 1
2 19 14 28 53885 1
15 4 23 12 57881 1
13 2 19 21 64692 1
10 16 27 29 92763 1
5 24 16 11 62253 1
20 5 10 26 82045 1
12 22 20 12 47610 1
16 15 9 12 32957 1
10 0 3 21 85778 1
21 9 7 8 48910 1
10 10 20 22 61538 1
25 6 26 21 50263 1
23 5 17 16 65493 1
29 8 28 29 83545 1
17 25 28 20 53394 1
4 7 27 19 99393 1
10 12 21 13 41993 1
29 3 20 15 65124 1
23 16 8 10 67302 1
26 8 15 4 46706 1
6 0 9 16 61926 1
12 9 4 3 46440 1
26 26 19 16 54033 1
24 20 12 6 69344 1
11 13 25 0 94064 1
14 0 9 12 51442 1
5 5 25 25 121579 1
18 2 22 19 77492 1
2 24 13 10 60845 1
12 7 27 25 92690 1
23 12 17 25 64754 1
21 3 1 23 116469 1
24 3 15 24 99616 1
6 3 1 27 95803 1
1 8 17 18 75709 1
20 7 7 10 49778 1
7 2 10 27 87354 1
5 16 0 5 56714 1
0 21 9 16 40724 1
0 3 25 17 125775 1
17 11 8 23 56519 1
6 13 19 9 59130 1
15 29 6 17 60036 1
15 9 27 19 63623 1
26 29 13 5 103180 1
25 6 17 20 70366 1
18 22 4 10 72158 1
28 12 19 28 81904 1
26 24 22 7 64391 1
5 28 1 3 95646 1
5 3 24 24 123861 1
6 16 26 10 71693 1
12 5 21 9 38824 1
20 4 7 12 68518 1
27 11 2 21 89753 1
6 20 4 28 37126 1
9 4 2 24 82670 1
28 24 2 16 99993 1
27 29 5 1 159205 1
2 29 4 13 51989 1
9 9 24 8 53589 1
10 11 20 4 57369 1
10 15 4 29 63520 1
24 24 2 29 88646 1
26 1 4 15 102653 1
27 7 16 4 52722 1
27 24 13 21 55805 1
19 25 7 18 56766 1
22 23 16 29 51744 1
13 1 20 20 68279 1
28 19 6 12 82508 1
3 5 19 15 80706 1
10 4 22 21 83424 1
19 6 8 1 66097 1
9 3 22 12 77557 1
29 0 16 28 134657 1
4 16 19 23 64336 1
6 27 2 21 34377 1
24 22 23 12 46935 1
0 29 16 23 74935 1
11 1 9 19 65024 1
3 5 15 15 70756 1
1 13 4 5 40663 1
3 27 12 21 55868 1
19 21 0 19 57389 1
9 28 10 4 84763 1
14 29 22 15 66795 1
14 2 8 8 39342 1
20 20 1 29 87674 1
18 15 4 3 78329 1
8 22 0 2 92474 1
11 6 19 26 80030 1
2 9 25 4 91154 1
10 17 16 13 31504 1
14 6 7 16 44989 1
8 14 25 6 75442 1
16 1 25 11 72797 1
10 29 8 19 36494 1
11 4 20 23 78611 1
11 25 18 29 47343 1
11 5 3 29 100498 1
0 7 15 1 74106 1
15 3 16 18 51851 1
22 25 12 23 42599 1
27 10 4 12 85056 1
17 27 20 18 45098 1
11 13 26 15 52045 1
28 0 21 11 60747 1
1 8 14 28 88872 1
20 28 10 8 87662 1
10 4 24 0 87725 1
14 1 27 11 65237 1
27 14 18 11 39678 1
13 19 22 10 55004 1
23 14 12 3 62858 1
26 20 10 1 101664 1
14 19 24 0 94536 1
14 17 25 25 60513 1
8 18 27 26 85898 1
12 9 15 20 34689 1
15 21 21 25 33304 1
2 18 4 2 61382 1
18 3 5 22 93213 1
5 19 24 17 65063 1
28 29 3 0 167872 1
29 11 13 27 85133 1
19 18 13 27 40962 1
4 16 16 15 45924 1
11 14 21 7 50782 1
22 23 18 14 44310 1
26 9 8 9 62581 1
0 20 28 22 94514 1
22 16 8 11 60243 1
13 28 18 15 45101 1
22 7 24 21 63227 1
21 11 16 25 64351 1
22 22 11 23 46938 1
6 5 19 12 67941 1
19 16 0 25 81032 1
7 24 0 3 89276 1
20 20 9 23 50152 1
28 7 10 26 96383 1
12 6 8 29 75060 1
20 28 4 7 110241 1
29 28 0 12 138607 1
3 23 25 21 87889 1
26 4 3 2 108103 1
9 23 26 0 107700 1
9 17 22 1 98205 1
4 9 12 22 59065 1
16 0 3 18 91672 1
26 13 29 1 47836 1
15 4 5 7 45733 1
13 21 28 19 49542 1
22 12 25 26 68920 1
22 9 8 4 68095 1
11 23 22 0 105347 1
16 17 12 6 41640 1
13 14 9 29 46789 1
9 19 28 6 86659 1
17 13 2 21 59018 1
24 16 18 24 45072 1
18 14 19 29 55567 1
22 23 3 2 127313 1
15 23 29 3 102622 1
16 3 6 27 99118 1
26 0 20 25 96297 1
2 27 1 17 30283 1
5 16 22 12 67970 1
23 4 26 18 56189 1
5 22 28 11 93452 1
20 23 21 2 87621 1
0 18 13 2 77236 1
20 23 23 7 70406 1
15 1 4 13 67904 1
4 18 25 17 76709 1
1 28 20 29 99067 1
12 2 5 26 94015 1
23 24 20 9 66242 1
2 6 21 22 101602 1
16 8 11 27 63742 1
23 25 13 8 76231 1
7 11 21 4 70030 1
18 6 24 11 36542 1
6 5 7 18 43208 1
17 1 15 19 66621 1
0 22 20 19 67412 1
21 7 9 15 59486 1
27 6 11 19 77557 1
28 17 22 26 48540 1
28 15 15 9 52587 1
25 15 1 27 106127 1
22 22 26 13 42241 1
25 5 18 28 101955 1
20 27 9 24 48425 1
10 3 24 1 85028 1
8 11 2 17 38314 1
20 25 16 12 57808 1
22 27 13 13 67963 1
27 23 12 7 85171 1
12 21 22 19 36949 1
9 25 21 12 67445 1
28 20 14 24 60280 1
5 12 26 6 86739 1
26 10 16 20 57745 1
15 3 27 10 62492 1
17 6 17 23 66833 1
21 2 3 12 93479 1
13 5 28 5 63780 1
3 16 20 2 96897 1
9 14 29 3 91832 1
14 26 7 21 36656 1
10 16 20 7 54726 1
6 12 20 25 78529 1
19 16 13 7 39986 1
28 14 6 28 100253 1
26 2 3 9 87680 1
28 23 18 17 51867 1
25 0 26 12 40176 1
15 5 6 21 64169 1
27 26 9 18 81322 1
4 1 8 24 90723 1
26 14 19 19 35663 1
18 5 19 18 48636 1
19 10 5 18 64588 1
9 29 28 20 87941 1
12 8 3 9 29302 1
0 10 8 4 46441 1
10 1 10 19 61615 1
19 6 17 24 64770 1
23 0 1 12 119181 1
16 1 28 1 64707 1
29 12 8 29 105126 1
17 18 10 7 48517 1
0 7 9 9 34075 1
23 25 13 26 46270 1
18 17 3 20 51937 1
14 25 20 6 68980 1
22 27 10 29 67891 1
28 1 16 22 98365 1
15 18 26 16 45966 1
26 7 6 0 91122 1
4 0 2 8 34430 1
24 7 24 17 37460 1
29 22 18 6 83243 1
3 11 14 20 52129 1
5 9 29 6 85489 1
19 9 8 4 58019 1
29 11 16 7 54112 1
28 7 11 13 75554 1
4 1 26 16 114063 1
29 9 11 22 80107 1
5 15 16 16 42843 1
20 10 10 15 46984 1
3 25 15 24 45755 1
22 23 28 6 78505 1
18 29 14 20 48481 1
13 0 29 9 74002 1
25 15 0 25 101295 1
8 18 8 1 60782 1
21 21 13 11 46654 1
21 8 10 27 77640 1
6 4 19 21 89176 1
20 6 4 16 75433 1
1 4 8 24 83963 1
20 23 12 5 69909 1
19 28 0 1 143636 1
14 7 26 15 55271 1
27 16 7 21 77594 1
18 5 18 25 71682 1
27 8 2 6 93942 1
25 9 8 20 75474 1
26 16 1 16 85126 1
1 15 22 13 72321 1
17 23 27 6 80152 1
18 17 29 8 56029 1
19 18 0 9 81752 1
0 10 22 15 86034 1
26 4 10 13 73671 1
12 10 24 23 69673 1
5 6 23 21 103090 1
27 14 11 28 81761 1
4 11 27 26 112516 1
7 14 11 26 48565 1
19 29 11 23 53620 1
6 0 11 19 75404 1
1 28 24 0 152142 1
3 8 7 2 39280 1
14 15 1 1 82261 1
26 26 25 12 51444 1
19 2 15 26 90921 1
5 3 2 18 63217 1
14 27 5 23 41940 1
28 21 7 22 77966 1
28 21 20 12 58024 1
2 13 26 16 78007 1
24 9 4 23 91889 1
14 3 7 17 57730 1
5 20 3 29 39342 1
10 18 23 7 65687 1
24 2 18 13 61677 1
16 14 21 7 38048 1
9 5 11 28 83911 1
6 28 4 17 47683 1
22 8 4 22 90045 1
27 19 23 9 44721 1
29 23 12 9 90646 1
14 10 23 1 68011 1
25 2 25 25 81646 1
10 28 1 3 104235 1
3 23 26 16 90755 1
1 22 6 29 46312 1
9 28 29 27 94817 1
14 18 27 24 60072 1
2 14 24 14 63810 1
6 0 15 4 60427 1
22 8 5 19 80808 1
1 25 27 25 93677 1
18 0 22 13 68995 1
5 23 18 1 104212 1
3 11 20 14 58092 1
22 27 24 13 71441 1
2 2 18 20 97106 1
23 10 8 24 86426 1
12 12 2 28 69554 1
13 11 9 18 24308 1
20 29 27 11 85082 1
3 23 23 24 72644 1
15 28 4 16 64936 1
24 22 10 10 73248 1
4 14 28 11 79082 1
17 22 16 7 57887 1
6 12 12 25 54833 1
20 26 27 9 78364 1
27 15 24 6 36895 1
1 22 0 2 76983 1
23 1 14 29 114168 1
15 27 15 1 79887 1
0 11 24 19 93325 1
21 26 7 26 61572 1
19 22 7 21 47088 1
11 29 7 17 50512 1
18 9 9 1 60241 1
5 15 3 4 50379 1
13 28 25 3 102086 1
1 18 13 19 34562 1
29 11 20 15 41051 1
16 28 6 7 87832 1
27 7 6 8 77135 1
24 4 10 1 81798 1
9 16 16 11 36781 1
28 16 9 29 93595 1
26 8 14 24 75716 1
16 1 29 23 118303 1
5 10 21 18 80422 1
21 2 8 25 107627 1
17 0 0 4 101819 1
18 10 14 22 46525 1
12 9 16 21 40388 1
10 16 8 29 52897 1
28 20 0 19 83652 1
28 28 20 12 83138 1
17 16 2 16 55449 1
13 29 22 4 97350 1
8 16 20 28 76101 1
24 23 18 4 87711 1
4 26 22 7 101792 1
1 2 25 21 132818 1
2 22 20 2 107445 1
2 10 19 2 79153 1
18 20 0 14 66215 1
28 23 10 6 100945 1
21 21 26 0 78613 1
23 27 1 7 126905 1
11 26 22 15 65210 1
7 1 3 18 63125 1
13 5 12 22 43944 1
9 2 26 7 74304 1
29 4 1 27 142677 1
15 26 13 2 65673 1
20 4 17 24 74568 1
29 14 27 0 51195 1
26 6 8 29 110017 1
20 14 29 12 33054 1
9 18 20 23 48247 1
14 3 3 17 71964 1
11 9 24 7 45628 1
8 26 13 11 49281 1
24 26 28 0 94867 1
15 0 24 13 76900 1
28 29 28 17 49663 1
20 6 3 3 80348 1
4 22 20 12 68596 1
29 17 19 23 51582 1
29 22 29 11 48383 1
17 8 0 22 85025 1
14 28 0 9 87693 1
11 12 12 0 48003 1
15 26 8 15 52464 1
0 28 7 17 56836 1
4 20 29 22 87167 1
25 20 20 6 63036 1
10 19 25 12 59963 1
16 26 0 25 62277 1
20 11 11 3 55636 1
22 17 11 26 61122 1
28 24 20 17 51260 1
16 1 10 9 44850 1
8 27 21 5 100508 1
