2946 2670 2762 2745 2819 2905 2698 2793 2801 2752 2972 2905 2936 2873 2777 5692 5785 5788 5779 5564 5576 5629 5747 5640 5714 5829 5762 5615 5783
6865 6701 6757 6702 6852 6751 6669 6801 6638 6735 6706 6577 6630 6577 6847 6802 6706 8215 8078 8095 8243 8107 8113 8037 8202 8020 8040 8088 8220
6515 6696 6584 6664 6537 6288 6297 6244 6170 6080 6200 6256 6146 6333 6351 6367 6083 6284 6286 6186 6214 6257 6323 6166 6290 6099 6142 6241 6068
3484 3573 3696 3709 3489 3611 3631 3513 3484 3679 3769 3643 3571 3691 3483 3594 3765 3690 3633 3713 3597 7017 6998 7159 7192 6973 7078 7226 7014
2142 2082 2340 2091 2133 2204 2272 2080 2156 2247 2068 2307 2352 2128 2070 2175 2097 2099 2259 2099 2233 2238 2337 2280 4401 4521 4582 4586 4530
7941 7853 7872 7984 7815 7867 8689 8824 8936 8901 8764 8921 8789 8946 8816 8926 8899 8788 8737 8933 8762 8657 8732 8743 8720 8840 8790 8762 8843
6351 6380 6548 6456 7275 7242 7437 7281 7385 7413 7503 7514 7389 7515 7401 7341 7299 7311 7521 7331 7304 7394 7326 7274 7524 7346 7424 7364 7510
7766 7860 7798 7885 7881 7680 7649 7871 7884 7760 7648 7884 7838 7633 7603 7903 7773 7692 7791 7769 7710 5431 5424 5503 5674 5711 5569 5607 5610
1565 1512 1524 8744 8499 8607 8710 8528 8493 8567 8578 8576 8762 8710 8497 8725 8572 8662 8598 8600 8714 8740 8552 8635 8507 8571 8600 8726 8516
4148 5298 5499 5534 5466 5489 5415 5545 5287 5464 5326 5328 5518 5453 5479 5370 5280 5578 5467 5552 5550 5285 5373 5454 5478 5326 5302 5509 5317
2121 2273 2172 2320 2237 2195 2273 2114 2370 2123 2189 4116 4316 4163 4212 4235 4337 4302 4079 4304 4139 4208 4060 4087 4143 4143 4269 4239 4198
8163 8021 8109 7994 7967 8093 8203 8151 7953 8190 7945 8040 8209 8120 7958 8124 8235 8039 8234 8161 8244 8154 8145 8171 2328 2235 2218 2213 2280
7510 7599 7758 7677 7641 7672 1606 1479 1478 1614 1435 1418 1536 1693 1597 1430 1440 1473 1466 1631 1629 1527 1580 1619 1426 1581 1524 1645 1717
4214 4197 5524 5338 5553 5321 5371 5318 5590 5594 5567 5575 5320 5340 5323 5373 5596 5531 5386 5311 5455 5510 5468 5472 5573 5544 5588 5570 5488
5646 5544 5680 5740 5619 5550 5666 8181 8121 8292 8132 8055 7992 8003 8083 8219 8048 8122 8217 8148 8105 8207 8232 8233 8149 8188 8014 8114 7990
7682 7858 7944 7878 7762 7813 7709 7653 2145 2082 2249 1972 2205 2205 2087 1987 2197 2204 2097 2205 1956 2035 2055 2095 1957 2127 2045 2187 1964
3699 3739 3721 3552 3613 3753 3721 3602 3612 3749 3774 3503 3685 3514 3781 3755 3538 3547 3735 3563 3755 3694 3678 3735 3595 3612 3670 3725 3733
6996 7158 7151 6990 7229 7094 7026 7093 7114 7281 7069 7167 7179 7093 7073 7185 2876 2824 2883 2775 3014 2869 2915 2735 2725 2878 2843 2861 2773
3111 3095 3073 3222 3109 3248 3172 3107 3032 2997 2980 3015 3119 3251 5395 5462 5585 5644 5612 5571 5413 5535 5498 5408 5549 5550 5476 5498 5459
3133 3279 3345 3169 3225 3268 3270 3252 3302 3153 3185 6693 6613 6605 6557 6496 6474 6469 6692 6563 6472 6675 6548 6752 6618 6560 6665 6511 6509
8435 8683 8664 8631 8482 8683 8519 8681 8634 8440 8525 8582 8707 8442 8448 8700 8507 6593 6452 6515 6487 6358 6488 6380 6477 6577 6305 6403 6463
8961 8866 8678 8920 8815 8909 8741 8668 8798 8724 8768 8860 8668 8894 8811 8726 8819 8858 8742 8678 8765 8933 8745 8812 8767 8840 5759 5758 5917
4220 4184 4301 4149 4196 4367 4374 4168 4186 4346 4201 4167 4253 4306 4132 4382 4125 4267 4203 8659 8862 8847 8666 8850 8909 8699 8949 8766 8866
3781 3998 3903 3923 3928 3770 3970 3852 3805 3928 3925 3776 3974 3856 3903 3903 4046 3808 5257 5311 5484 5306 5508 5503 5344 5376 5416 5286 5426
4476 4554 4486 4287 4325 7089 7058 7027 7061 6944 7113 7080 6888 7022 7053 6946 7033 6889 6863 7121 6978 6837 6852 6855 6989 6855 6937 7113 6919
2946 2971 2937 2836 3008 2744 2976 3010 2957 2779 2975 2969 2840 2739 2772 2898 2773 2882 2817 2820 2949 2784 2979 2993 2916 3018 2735 2917 2594
6771 6759 6931 6786 6954 6902 6715 6893 6808 6875 6971 6756 6770 6736 6769 6974 6773 6709 6833 6790 6899 6921 6790 6871 6801 3175 3036 3152 3132
5615 5670 5611 5589 5782 5743 5572 5615 5817 5779 7069 7107 7096 7078 7116 7173 7109 6965 7029 7107 7256 7179 7151 7110 7203 7172 7203 6984 6982
6400 6233 6155 6400 6347 6434 6396 6205 6139 6379 6431 6392 6223 6187 7956 7923 7864 7704 7859 7772 7972 7717 7968 7929 7936 7960 7925 7933 7881
3271 3448 3389 3465 3273 3391 3333 3315 3458 3469 3289 3451 3446 3520 3513 3384 3298 3389 3469 3540 3520 1421 1622 1433 1568 1428 1510 1542 1403
7935 3801 8062 1334 4815 8190 2988 3933 5112 1779 1780 4761 1593 7526 2255 3897 3771 7248 4903 5860 2805 1513 8228 6488 3892 7336 3833 1728 7375 2797
8124 3618 8021 1210 4705 8395 2913 3819 5193 1917 1927 4619 1397 7464 2293 4008 3832 7248 4740 5759 3010 1579 8073 6640 4085 1954 3919 1653 7558 2899
8195 3784 8102 1251 4649 8382 3049 3646 5147 1929 1894 4655 1553 7440 2173 3914 3536 7406 5004 5912 2792 1782 8211 6519 3931 1991 3876 1837 7568 2781
8169 3788 8165 1325 4925 8269 2810 3838 5384 1783 1910 4712 1324 7569 2412 4005 3764 7168 5028 5757 2900 1794 8078 6511 3805 2155 3885 6795 7302 2766
8015 3541 7984 1155 4773 8217 2821 3718 5400 1777 1666 4582 1583 7588 2257 3965 3704 7355 4950 5619 2854 1641 8192 6674 3536 1973 3807 6860 7481 2962
8098 3620 7991 1238 4670 3402 3037 3841 5411 1959 1740 4719 1611 7443 4505 3960 3747 7140 4946 5749 2849 1720 8304 6734 3719 2063 3999 6701 7507 2798
8023 3598 8166 1415 4698 3590 2919 3916 5390 1933 1664 4612 1572 7392 4606 4174 3617 7267 5139 5905 2875 1526 8083 6565 3582 2120 3879 6826 7325 2780
6322 3661 8193 1359 4862 3464 2980 1445 5128 1897 1921 4869 1329 7425 4500 3972 3717 7243 5127 5810 2896 1680 8241 6491 3723 2154 3736 6756 7394 2877
6297 3750 8074 1199 4918 3485 3044 1479 5372 1924 1920 4790 1554 7452 4586 4076 3809 7360 5088 5617 2922 1618 8131 6680 3560 2005 4020 6733 7500 2944
6214 3604 8153 1304 4657 3332 3052 1645 5119 1901 1948 4843 1602 7405 4546 3981 3805 7119 4975 5891 3645 1496 8161 6777 3684 2097 3795 6637 7338 2067
6277 3760 8208 1396 4804 3538 3051 1595 5411 1788 1722 4744 1378 7282 4338 3992 3741 7268 5153 5622 3800 1771 8335 6759 3718 2095 3826 6768 7307 2025
6310 3723 8161 1355 4759 3567 2938 1433 5316 1883 1833 4791 1549 7360 4379 3966 3811 7134 4985 5859 3762 1541 8309 6639 3705 2043 3989 6623 7504 2221
6452 3577 8061 1366 4848 3576 2880 1528 5338 1806 1891 4682 1457 7352 4484 3998 3616 7370 5005 5856 3633 1710 6934 4322 3646 2106 3843 6900 7493 1997
6384 3747 8147 1304 4763 3466 2917 1687 5198 1797 1917 4746 1412 7469 4520 4090 3563 7122 5094 5899 3587 1647 6960 4433 3692 1975 3788 6840 7337 2031
6265 3785 8011 1418 6966 3360 2815 1705 5356 1732 1713 4710 1352 7306 4425 4118 3734 7120 5029 5827 3590 6967 7103 4312 3655 2034 3944 6777 7304 1972
6184 3812 4344 1309 7087 3331 2907 1443 5219 1741 1899 4712 6166 7503 4530 4177 3568 7265 4964 5829 3630 6847 6898 4425 3607 2222 3760 6802 7379 2147
6431 3726 4236 1280 7048 3518 2979 1584 5136 1876 1772 4851 6162 7432 4505 4034 3608 7177 5027 5851 3839 6789 6885 4219 3660 2121 3857 6670 7322 2044
6418 3647 4265 1208 7062 3352 2804 1403 5241 1980 1892 4870 6117 7286 4327 4100 3559 7192 5084 5638 3689 7019 6979 4325 3758 2121 2983 6759 7528 2199
6390 3748 4210 1155 6901 3426 2915 1698 5279 2332 1693 4629 6157 7286 4330 4072 3828 7142 5162 8743 3627 7004 6814 4449 3571 2213 2989 6765 3919 2114
6340 3150 4236 1331 6943 3360 4876 1652 5389 2266 1696 4613 5960 7493 4385 4098 3762 7245 5075 8839 3666 6913 6903 4171 3678 2122 3014 6888 3940 2223
6303 3361 4301 1348 7104 3484 4770 1477 5276 2477 1904 4789 5924 7418 4555 4025 3753 7125 5198 8747 3653 6790 7100 4163 3562 1968 3131 6698 3791 2199
6367 3340 4433 1213 6892 3420 4968 1688 5215 2377 1820 4864 6029 7538 4513 3978 3795 7250 5023 8646 3712 6852 7049 4211 3636 2156 3080 6639 3983 2210
6449 3197 4408 1287 6896 3427 4744 1671 5351 2373 1743 4781 6144 7556 4588 4092 3826 7233 5233 8634 3742 7046 7019 4315 3668 2076 3091 6882 3980 2240
6457 3345 4276 1367 6993 3531 4928 1531 5181 2225 1782 4872 6127 7521 4470 4132 3682 7172 5234 8733 3686 6996 6850 4366 3516 2150 3065 6808 3758 2030
6250 3261 4245 2589 6877 3520 4958 1472 5152 2374 1883 4805 6054 7503 4440 7499 3195 7279 5194 8776 3596 6929 7032 4335 3628 2185 3243 6712 3835 2198
6397 3397 4308 2516 7134 3571 4804 1613 5122 2439 6459 4360 6027 7577 4481 7667 3319 7379 5084 8642 3741 6885 6822 4338 3605 2070 3153 6767 3888 2110
6407 3411 4228 2723 7080 3579 4888 1501 5127 2425 6506 4321 6113 7351 4560 7416 3318 7220 5051 8708 3584 7021 6893 4341 3583 2051 3185 6673 3855 2039
6204 3194 4492 2525 6896 3488 4761 1613 8507 2245 6692 4342 6154 7530 4585 7492 3113 5622 4945 8728 3829 6997 7091 4221 3765 2212 3212 6880 3774 2153
6443 3180 4447 2511 7085 3336 4820 1683 8406 2452 6651 4336 5900 7563 4485 7432 3409 5680 5038 8837 3777 6887 6959 4160 3746 2240 3212 6698 3772 2006
6 2 13 27 61354 1
2 2 1 16 48575 1
1 18 22 1 79089 1
4 3 23 15 63668 1
7 18 24 28 74998 1
24 5 0 3 39739 1
20 12 27 27 80383 1
7 22 25 26 50156 1
22 1 22 19 74529 1
21 23 24 3 77323 1
17 0 3 26 90218 1
6 15 1 6 36377 1
2 23 1 9 47919 1
18 22 11 18 39223 1
25 10 20 25 53641 1
24 9 20 22 64872 1
4 3 14 11 35157 1
18 2 27 9 35758 1
16 4 7 19 61934 1
17 29 9 2 62985 1
15 26 20 11 48687 1
5 4 16 10 38543 1
14 12 3 7 29743 1
12 24 1 23 39094 1
2 10 29 0 67966 1
24 19 12 5 71895 1
10 26 9 17 38532 1
21 20 8 6 62333 1
22 22 13 17 63481 1
18 4 9 1 21907 1
15 23 18 15 29047 1
13 2 1 29 84752 1
25 6 10 1 33959 1
12 22 29 7 49795 1
7 5 29 20 89267 1
23 26 15 23 26427 1
15 15 20 20 29141 1
26 24 16 28 36640 1
12 19 11 2 39617 1
2 13 3 27 52690 1
2 27 15 10 61358 1
12 20 12 4 36609 1
7 6 26 15 64515 1
9 2 28 25 80109 1
28 21 25 6 59333 1
12 2 16 15 44881 1
1 1 23 2 42896 1
17 22 29 18 50512 1
29 17 23 8 44833 1
1 27 29 10 96904 1
15 0 6 20 75701 1
17 19 28 2 78954 1
24 4 22 23 72524 1
28 24 21 4 84392 1
11 28 7 12 36168 1
27 4 27 17 58337 1
29 27 17 23 33962 1
17 19 24 9 49036 1
14 19 17 0 67296 1
25 1 0 16 74207 1
6 10 19 24 54420 1
26 28 22 11 64148 1
8 9 5 1 28465 1
11 8 4 20 40382 1
18 15 9 0 54703 1
6 1 29 8 55013 1
1 10 18 24 59272 1
14 7 8 11 23163 1
0 6 17 27 70726 1
23 7 3 0 48953 1
11 5 4 20 47126 1
18 28 19 17 52741 1
24 13 24 0 50242 1
11 15 4 6 34100 1
12 23 20 2 55263 1
28 28 26 13 58724 1
6 26 5 7 56726 1
3 8 12 7 23286 1
16 0 24 13 60534 1
28 5 28 17 49883 1
3 29 10 11 56997 1
13 16 2 13 31073 1
15 22 6 12 34383 1
3 1 17 21 67248 1
6 2 28 4 46915 1
4 26 19 5 66128 1
17 3 25 9 29029 1
9 21 28 27 56618 1
1 5 22 23 98115 1
13 18 0 0 54819 1
17 5 0 4 34366 1
20 22 0 22 66793 1
12 18 22 2 48042 1
5 28 21 2 95106 1
14 12 18 1 38310 1
3 24 29 13 90001 1
19 28 13 20 38894 1
29 9 22 21 60637 1
11 26 2 5 61780 1
23 11 22 23 56915 1
14 1 5 0 38894 1
11 29 6 9 44528 1
13 17 3 2 47234 1
2 1 20 9 50204 1
8 26 25 19 60471 1
24 13 18 5 42642 1
18 1 22 26 84273 1
6 14 14 0 60761 1
26 8 29 16 38002 1
27 24 16 5 77774 1
10 12 0 12 15118 1
13 23 22 13 54995 1
28 5 14 17 63387 1
15 16 8 27 48300 1
14 23 4 16 35642 1
11 25 22 28 37336 1
18 22 29 13 71498 1
19 14 28 15 48533 1
5 22 25 1 79339 1
9 9 13 27 40091 1
1 25 24 21 68700 1
0 21 16 1 68641 1
5 10 21 18 61701 1
27 12 2 22 81263 1
25 5 1 14 57219 1
4 4 18 0 29676 1
13 28 3 15 48355 1
20 28 26 4 93529 1
5 15 29 8 60381 1
16 5 2 18 56392 1
11 25 17 12 38639 1
24 2 7 13 56962 1
4 25 11 13 42421 1
27 26 19 2 84326 1
8 0 4 9 22704 1
1 15 15 16 43088 1
6 7 15 12 23158 1
19 22 10 9 56691 1
8 21 3 8 37968 1
10 0 1 16 53651 1
17 6 1 29 76121 1
23 25 22 14 49252 1
4 14 25 5 50341 1
15 26 20 21 37163 1
11 1 18 21 65661 1
28 12 10 26 76999 1
29 28 14 21 49496 1
25 1 10 4 29154 1
3 26 19 2 79028 1
18 24 10 9 45126 1
1 24 0 6 60510 1
11 22 29 13 76043 1
15 4 19 27 77519 1
0 20 22 28 66682 1
17 15 3 12 32431 1
27 26 17 27 31142 1
9 28 4 6 63452 1
24 22 2 18 79137 1
3 12 12 16 19758 1
0 24 23 13 83924 1
0 17 19 20 69433 1
21 27 10 22 44884 1
19 17 7 28 69952 1
28 7 12 20 44956 1
9 27 26 0 91688 1
19 13 1 13 53419 1
22 15 2 3 66126 1
12 10 29 28 63402 1
12 22 3 23 25606 1
29 21 17 3 77533 1
29 27 12 11 60425 1
12 3 29 5 35188 1
10 17 2 12 33200 1
13 27 13 3 53646 1
14 24 23 13 59298 1
17 3 0 26 83455 1
25 12 12 12 32402 1
23 29 17 5 74669 1
3 20 24 26 55833 1
16 2 12 8 25401 1
28 4 2 14 71383 1
19 22 8 5 70290 1
4 14 21 5 48512 1
8 10 24 29 62196 1
18 20 7 29 45972 1
4 7 21 12 53491 1
14 21 28 11 59708 1
15 25 20 18 38546 1
21 19 7 23 62023 1
18 4 3 28 83271 1
10 16 22 22 67246 1
2 20 24 7 61304 1
12 19 1 22 29515 1
17 9 25 26 61557 1
6 25 26 2 79333 1
1 21 27 16 79913 1
24 2 12 18 50881 1
3 22 17 23 43874 1
23 26 9 19 50552 1
22 27 9 0 89203 1
14 27 2 21 39566 1
25 11 10 27 61853 1
4 25 23 2 76359 1
28 18 16 13 64793 1
15 17 3 6 43020 1
22 28 22 16 56859 1
25 28 6 5 84957 1
2 11 20 2 52229 1
1 24 29 16 90134 1
2 7 26 18 79918 1
1 12 29 17 76560 1
9 29 24 12 69448 1
26 6 1 13 58825 1
7 2 24 23 88877 1
2 26 2 15 42382 1
27 21 6 11 85182 1
9 18 24 2 65994 1
2 22 6 3 51296 1
13 16 2 4 46259 1
14 11 7 22 38278 1
29 11 14 23 68948 1
24 3 2 29 89961 1
22 19 8 20 59414 1
22 9 5 0 57643 1
29 2 20 19 84968 1
20 2 1 9 45607 1
11 12 3 15 21004 1
22 3 19 16 53984 1
15 12 13 25 26374 1
26 18 11 25 54834 1
10 25 7 12 31597 1
23 9 25 21 38812 1
17 8 7 17 53203 1
0 22 17 16 51018 1
27 11 7 17 71026 1
16 14 29 5 51302 1
29 18 13 14 69441 1
24 25 27 3 70840 1
1 26 14 16 51640 1
29 27 23 0 90565 1
20 13 26 0 68546 1
24 27 15 18 46777 1
3 5 16 12 42116 1
26 17 14 19 58993 1
27 7 20 2 31146 1
4 17 3 3 31705 1
28 2 5 15 72588 1
11 19 1 21 27267 1
8 21 29 15 75244 1
4 20 22 1 68675 1
6 8 23 24 71683 1
2 4 18 23 76677 1
28 14 14 12 48806 1
25 7 0 8 48767 1
8 18 17 29 47737 1
18 13 8 13 37896 1
6 5 25 12 55487 1
18 3 28 16 57543 1
3 29 6 14 54035 1
9 3 17 18 46362 1
4 11 15 12 18706 1
25 29 3 22 62027 1
15 3 28 3 21851 1
16 7 13 17 28853 1
23 27 6 2 85255 1
19 25 5 24 38089 1
11 10 17 18 30267 1
15 26 22 17 50926 1
11 22 20 11 47018 1
28 6 0 5 61967 1
16 10 23 23 61251 1
1 19 11 3 61232 1
29 27 11 12 60556 1
13 9 5 0 39065 1
5 29 24 2 85938 1
12 0 3 7 39361 1
16 3 24 0 23705 1
16 5 22 19 64746 1
22 7 9 0 40115 1
5 28 21 15 84219 1
11 12 7 26 37701 1
10 6 16 1 22360 1
14 12 26 15 45619 1
13 5 1 6 37878 1
19 18 2 0 81483 1
29 0 17 12 62417 1
2 6 16 11 40222 1
9 18 11 8 35543 1
3 5 24 14 69158 1
26 23 29 12 46844 1
27 24 25 5 61844 1
11 28 23 2 68518 1
17 3 5 16 49085 1
24 18 5 19 80584 1
16 24 4 8 52682 1
22 1 9 24 72785 1
16 25 0 12 46429 1
5 27 28 19 89342 1
14 27 9 19 38907 1
6 14 26 23 78635 1
22 20 16 28 45733 1
4 11 12 28 39282 1
3 27 15 20 48247 1
3 0 25 6 48878 1
24 21 12 2 84606 1
13 2 17 23 65083 1
11 18 11 1 41836 1
1 1 24 12 72415 1
29 25 2 19 69278 1
24 24 16 13 56778 1
5 2 13 28 66154 1
18 28 28 25 37104 1
9 15 24 5 52996 1
4 24 20 13 71573 1
10 2 26 9 43068 1
17 13 17 28 51276 1
1 21 13 26 29724 1
19 12 5 27 77762 1
19 29 18 19 38339 1
28 23 9 16 68331 1
14 20 24 7 45977 1
2 1 15 29 71655 1
0 5 27 17 89522 1
7 0 23 15 69424 1
8 2 3 19 47186 1
26 7 4 25 66173 1
12 26 19 17 47322 1
20 23 14 15 42443 1
12 10 27 0 55005 1
25 2 4 14 55571 1
21 0 24 26 93992 1
28 19 5 19 86231 1
15 3 25 17 54363 1
18 15 1 3 53962 1
1 17 5 23 39874 1
23 11 16 21 47137 1
6 15 19 25 54174 1
18 13 18 28 59393 1
8 20 19 8 47428 1
8 2 13 28 55794 1
25 26 15 15 45140 1
20 17 3 15 62090 1
14 10 28 19 65584 1
7 13 5 1 40125 1
2 15 15 16 39172 1
18 27 26 9 70488 1
20 1 2 1 41229 1
27 14 27 24 44896 1
12 6 4 12 21208 1
12 11 20 3 30593 1
27 21 12 19 62439 1
14 18 25 20 46171 1
7 10 18 13 29542 1
14 23 4 3 52904 1
17 8 6 0 46242 1
1 3 9 25 57215 1
18 23 1 2 77980 1
7 18 2 4 54997 1
22 25 24 14 42434 1
16 23 29 6 66629 1
5 15 28 5 67014 1
8 28 11 13 50111 1
18 24 28 10 74925 1
9 11 17 4 39082 1
27 23 15 0 96307 1
1 9 25 2 50098 1
2 3 0 14 33743 1
17 19 4 21 35517 1
12 10 18 17 31878 1
7 10 24 22 74199 1
0 23 21 26 62642 1
2 7 26 12 63957 1
12 29 29 10 68781 1
7 18 12 12 34497 1
8 4 8 26 62360 1
0 3 11 12 33816 1
25 25 11 15 46636 1
25 13 10 22 56657 1
26 22 7 21 57417 1
3 17 27 11 66546 1
12 1 26 25 80971 1
27 8 12 13 38228 1
14 7 2 22 47360 1
23 27 12 21 40058 1
17 6 5 3 28560 1
7 7 28 18 73701 1
20 7 2 29 72859 1
4 1 20 6 38421 1
25 15 22 29 46543 1
7 24 29 5 77212 1
5 26 24 3 80690 1
5 5 9 12 31200 1
17 21 12 26 23283 1
26 2 1 22 86922 1
0 25 26 12 88462 1
9 11 0 2 37302 1
0 11 25 7 48913 1
21 18 20 28 64404 1
26 1 13 26 74303 1
5 27 12 24 33633 1
24 19 11 17 62879 1
13 2 27 5 35327 1
19 18 27 1 84218 1
27 27 6 14 83342 1
5 17 19 12 55863 1
5 29 1 3 75159 1
6 0 4 27 77363 1
10 9 17 22 42898 1
16 24 1 0 80091 1
0 27 19 2 90390 1
0 4 2 25 62337 1
13 25 10 12 25080 1
19 19 29 26 53240 1
27 17 13 22 75105 1
13 27 28 28 49536 1
8 17 18 5 53188 1
23 12 6 13 46867 1
26 6 2 29 88478 1
15 22 28 4 73111 1
18 18 24 23 49540 1
9 11 25 1 49498 1
19 1 12 23 54306 1
24 11 7 25 62031 1
15 13 1 15 36809 1
21 8 29 4 30464 1
1 11 25 0 65070 1
17 18 29 21 51524 1
8 18 23 3 65229 1
2 8 11 14 36290 1
15 1 20 26 81266 1
1 10 16 11 31339 1
14 29 4 1 62111 1
2 27 0 6 69477 1
20 29 13 24 28266 1
11 15 4 25 35737 1
26 18 21 25 33909 1
9 27 9 13 46957 1
22 23 27 9 57856 1
13 21 28 29 48235 1
14 21 4 14 31382 1
0 12 28 21 87045 1
27 13 2 22 86891 1
28 24 6 25 53832 1
27 12 19 4 46084 1
26 3 10 10 39074 1
8 8 17 21 52347 1
9 28 8 2 61648 1
6 29 11 23 31065 1
1 29 18 15 74589 1
2 23 8 16 41728 1
27 24 6 3 82354 1
22 11 0 29 83682 1
23 24 24 14 40251 1
9 21 26 7 48279 1
24 26 26 5 67404 1
24 17 13 18 54938 1
9 7 20 26 54466 1
27 9 3 5 59135 1
13 6 13 24 34177 1
22 27 10 13 64772 1
10 11 26 26 59784 1
2 11 24 26 72913 1
8 16 8 0 48003 1
14 18 23 28 50554 1
16 10 3 25 49025 1
22 28 15 20 41247 1
2 7 23 8 47944 1
7 12 6 29 48840 1
25 17 8 22 71907 1
12 16 15 24 21863 1
6 13 27 9 50474 1
29 14 10 5 58393 1
19 1 29 1 32836 1
21 16 20 5 54261 1
12 18 7 4 40393 1
21 15 6 3 59978 1
7 0 22 26 81483 1
21 10 24 26 56595 1
26 26 29 3 76969 1
4 9 20 7 30719 1
27 3 20 26 85767 1
12 15 21 26 40674 1
21 15 2 22 67871 1
27 13 11 14 57778 1
1 12 12 2 42011 1
12 23 15 7 29346 1
29 3 13 8 44201 1
24 29 13 1 85235 1
26 7 14 24 55535 1
15 19 19 7 34719 1
4 17 28 10 65725 1
2 2 21 23 89380 1
2 8 14 6 35304 1
23 11 16 26 55684 1
27 25 29 7 58557 1
27 25 19 20 40797 1
15 18 20 28 39913 1
19 15 8 27 66670 1
25 8 10 11 33864 1
6 28 5 14 54715 1
21 27 27 8 77822 1
8 5 25 10 42489 1
4 7 22 20 70260 1
7 27 21 19 68669 1
26 6 6 29 77171 1
14 4 12 26 47624 1
24 7 10 14 37897 1
18 9 18 27 54865 1
29 24 5 12 68232 1
28 0 1 4 61394 1
20 10 22 23 59345 1
6 24 12 20 27431 1
17 0 3 15 63341 1
28 13 12 10 52218 1
9 15 4 4 41566 1
7 23 19 20 46026 1
23 10 1 24 68357 1
2 14 21 0 70180 1
13 2 9 25 55400 1
5 5 23 16 72617 1
7 29 12 7 46072 1
29 5 2 8 61574 1
18 28 29 12 71987 1
13 0 26 17 78339 1
28 20 12 2 85882 1
24 29 14 29 21378 1
0 0 26 13 77758 1
16 10 23 6 24956 1
15 23 25 16 51299 1
16 28 22 4 74620 1
21 16 0 20 65867 1
16 29 6 25 27128 1
21 27 4 26 52283 1
29 18 25 9 39818 1
1 18 9 26 48260 1
2 22 9 0 64968 1
22 0 11 10 45742 1
10 25 22 22 50041 1
3 2 22 4 32523 1
0 20 22 26 59922 1
3 21 16 9 40225 1
23 11 12 18 35887 1
5 4 5 28 74178 1
13 26 6 18 41056 1
10 21 25 19 54354 1
4 2 29 17 83053 1
21 20 4 3 70659 1
17 28 13 21 26902 1
13 24 18 4 48570 1
13 21 9 2 41885 1
27 6 27 28 74999 1
28 25 8 9 65792 1
12 2 27 28 92770 1
11 14 17 4 39530 1
6 16 13 29 44755 1
3 5 27 14 73759 1
20 2 17 18 60886 1
4 6 13 9 23376 1
6 8 1 18 45436 1
10 10 17 23 42373 1
29 19 21 24 38660 1
9 7 4 23 43560 1
26 21 17 17 47687 1
0 25 11 16 47588 1
28 1 24 29 92788 1
15 26 10 6 41014 1
7 21 7 2 53138 1
13 6 4 1 27713 1
9 3 5 20 46057 1
9 10 0 14 24962 1
1 25 11 4 64658 1
12 7 5 27 59678 1
19 14 13 9 27869 1
25 11 13 13 33364 1
19 22 2 9 71065 1
2 0 12 8 39711 1
10 18 16 9 30850 1
4 28 15 23 40406 1
10 17 6 27 52602 1
22 15 25 6 38189 1
11 9 25 16 44295 1
16 25 6 21 24121 1
27 25 6 7 70554 1
21 2 4 18 63297 1
28 19 2 6 98420 1
0 19 19 6 66438 1
16 17 17 3 46767 1
8 19 15 7 45968 1
2 4 4 13 29393 1
6 9 5 29 60019 1
4 16 17 3 45381 1
9 23 16 13 43290 1
10 10 21 18 52508 1
16 27 15 11 38761 1
25 27 13 19 48470 1
29 4 17 6 33572 1
14 20 25 15 51767 1
25 9 15 10 20863 1
23 6 16 19 51006 1
27 17 2 6 83572 1
11 14 22 16 44192 1
12 23 5 2 50866 1
10 8 13 26 35979 1
7 4 3 26 70425 1
15 14 13 24 28265 1
26 26 2 19 65950 1
29 5 13 11 44361 1
25 10 15 17 32986 1
12 5 19 26 56057 1
9 24 26 20 57524 1
21 20 16 2 72909 1
29 13 1 16 84488 1
19 23 11 4 66700 1
28 4 16 25 79052 1
26 27 17 1 91802 1
21 8 22 20 58661 1
2 25 27 18 78538 1
0 13 28 21 89981 1
28 5 25 17 45070 1
28 27 8 15 76894 1
17 14 5 15 40359 1
17 10 5 19 45022 1
2 16 25 3 64179 1
25 28 16 2 87512 1
16 10 27 11 27841 1
28 9 29 24 48216 1
13 20 9 27 28277 1
21 13 26 3 48393 1
3 29 2 13 58191 1
13 3 16 20 48632 1
21 21 16 5 70788 1
17 22 5 19 47929 1
19 17 29 15 45030 1
1 27 21 0 107413 1
15 10 23 20 50966 1
12 0 7 26 74782 1
7 18 18 12 54429 1
15 18 15 3 43422 1
12 18 22 8 36626 1
24 1 28 9 33809 1
6 27 17 26 40620 1
27 5 5 8 57587 1
1 21 13 0 69572 1
17 2 10 19 57698 1
14 12 0 2 37898 1
6 29 2 23 40581 1
6 3 17 27 60980 1
10 11 19 15 34144 1
4 29 6 19 44742 1
13 1 2 27 86299 1
9 11 16 6 25242 1
1 3 2 23 59012 1
4 27 18 14 67693 1
25 5 8 11 46207 1
21 0 18 20 82386 1
11 21 2 25 26854 1
4 21 17 2 62470 1
28 24 0 27 77636 1
23 20 7 7 65987 1
25 2 23 13 38587 1
18 2 22 23 83886 1
24 25 9 20 41774 1
3 6 14 0 39199 1
21 8 11 20 46297 1
13 23 15 9 31126 1
0 7 11 29 60537 1
22 5 12 19 42665 1
26 2 27 17 58494 1
5 24 24 10 61854 1
13 27 27 22 58214 1
15 0 0 18 84437 1
29 5 1 12 57549 1
6 24 11 8 50958 1
19 24 2 20 47582 1
15 14 5 20 40606 1
10 6 25 17 53443 1
5 1 1 19 60129 1
5 23 21 14 73400 1
9 8 9 25 41608 1
6 22 12 16 24665 1
0 22 23 8 67997 1
29 10 15 17 48795 1
2 5 17 13 58816 1
29 4 14 19 66444 1
20 8 16 27 59712 1
13 4 6 14 46204 1
21 7 6 29 63029 1
13 1 15 20 54723 1
25 10 2 21 56922 1
24 22 10 7 72454 1
25 10 19 3 29445 1
18 10 3 2 40399 1
24 21 16 13 58769 1
28 13 18 1 62423 1
3 26 17 29 41614 1
12 24 19 3 49301 1
19 6 15 20 40194 1
1 15 23 5 63083 1
27 6 19 17 62535 1
2 29 8 7 66311 1
15 15 27 11 40458 1
6 14 13 26 46363 1
0 21 20 4 68734 1
6 21 27 6 60176 1
14 6 2 14 36070 1
10 25 26 10 57102 1
4 13 14 14 26763 1
18 29 22 21 54917 1
19 3 4 8 30241 1
10 6 6 23 50972 1
6 21 26 4 67352 1
4 25 26 29 52731 1
6 16 23 12 58848 1
11 12 9 24 31277 1
23 26 5 14 64924 1
9 3 3 10 23459 1
20 16 2 28 81785 1
11 9 1 28 69075 1
14 1 15 14 44753 1
13 22 29 11 66671 1
2 8 0 29 76734 1
3 2 21 14 66034 1
15 21 29 26 39477 1
11 9 2 19 45377 1
14 24 15 12 28983 1
11 25 17 8 42381 1
1 19 16 5 66047 1
1 7 14 15 47253 1
19 29 23 18 55050 1
12 19 1 10 32919 1
23 10 11 7 25944 1
6 4 18 28 75573 1
17 26 12 3 55611 1
27 17 3 26 89763 1
12 3 20 13 53665 1
22 25 3 22 48994 1
17 14 0 2 52695 1
21 26 20 14 63742 1
1 8 16 9 34405 1
29 2 14 10 49981 1
6 8 17 7 26741 1
25 7 0 12 46008 1
24 21 6 29 67431 1
0 20 22 8 66589 1
5 15 8 5 43566 1
26 9 12 15 36502 1
13 21 7 0 48508 1
19 4 1 10 43544 1
25 22 29 3 62836 1
1 27 20 13 92467 1
11 1 12 16 33938 1
5 5 20 22 84897 1
10 6 5 12 22853 1
18 16 2 14 44683 1
6 5 11 27 55334 1
4 26 17 5 65897 1
10 29 26 17 68681 1
18 21 4 14 54637 1
26 10 11 13 41813 1
22 3 8 29 70343 1
12 28 19 19 42311 1
24 21 28 10 54630 1
0 12 5 22 35677 1
2 17 15 9 44088 1
29 13 23 17 34499 1
4 13 27 16 64818 1
15 0 11 26 69293 1
18 1 15 14 41368 1
9 18 5 24 35145 1
11 24 4 18 28015 1
14 25 24 25 21183 1
23 5 12 6 26882 1
23 20 24 3 58666 1
20 19 2 0 92030 1
10 22 14 12 24284 1
9 1 11 20 43554 1
2 3 14 15 42637 1
7 28 12 14 41029 1
19 21 7 3 66004 1
20 25 25 13 44857 1
16 3 5 8 31998 1
19 27 3 25 44678 1
5 28 12 24 34448 1
11 1 15 7 25178 1
29 3 16 16 61152 1
4 24 26 21 66957 1
14 22 26 28 45977 1
9 28 20 8 64566 1
26 0 17 20 80699 1
5 5 24 13 68476 1
12 28 1 18 45258 1
27 21 11 25 55070 1
19 5 27 11 36431 1
2 17 25 22 78197 1
20 12 11 24 53794 1
12 24 7 3 41960 1
0 13 8 3 33528 1
11 22 18 27 34729 1
4 25 28 15 86648 1
12 21 18 12 33827 1
1 8 16 24 62793 1
0 6 16 18 56570 1
12 20 16 3 39891 1
1 13 3 29 60728 1
28 23 23 5 69586 1
26 29 7 16 68855 1
5 3 8 15 43334 1
9 18 5 24 35145 1
22 29 13 2 76768 1
28 9 4 12 48524 1
4 26 26 23 58767 1
18 15 29 27 63139 1
5 19 19 21 56481 1
28 1 8 5 48210 1
24 23 15 14 54453 1
2 15 15 16 39172 1
13 17 26 2 61838 1
0 7 14 18 51070 1
27 18 14 15 58471 1
7 26 7 5 61353 1
12 2 29 5 42946 1
22 28 17 3 84245 1
19 11 24 22 55263 1
1 22 21 2 82187 1
12 15 11 4 26787 1
11 4 21 20 65473 1
7 27 23 10 64514 1
3 14 17 8 39361 1
2 12 14 5 35432 1
3 2 25 26 82682 1
12 15 24 8 38344 1
22 19 4 13 65703 1
24 4 1 23 88819 1
26 27 5 8 82133 1
9 10 20 10 19976 1
23 29 2 26 56638 1
27 29 12 27 35115 1
13 26 8 8 45927 1
14 25 11 7 32985 1
17 22 5 21 36337 1
23 29 29 25 18419 1
28 25 9 29 46562 1
22 19 11 4 73134 1
13 26 5 5 57664 1
23 2 15 9 34724 1
11 4 4 11 31043 1
18 16 2 7 53960 1
5 8 18 14 47284 1
17 1 22 18 72648 1
6 15 18 14 48646 1
29 29 0 19 78858 1
10 1 5 29 68148 1
26 0 5 3 42692 1
5 27 21 3 85613 1
8 8 18 14 41052 1
26 14 12 4 61099 1
5 20 16 4 56849 1
9 28 29 8 75832 1
20 10 7 12 24738 1
20 0 15 14 52452 1
12 25 25 14 58028 1
24 17 10 2 69646 1
15 27 0 9 56542 1
1 23 0 7 60511 1
1 2 16 29 72351 1
8 6 29 14 62294 1
28 17 9 12 65794 1
0 28 9 4 83794 1
7 9 29 27 72867 1
19 21 22 5 71739 1
25 8 4 9 41568 1
8 7 29 23 72646 1
27 13 10 25 74355 1
5 26 19 7 61936 1
15 1 24 21 82723 1
23 27 28 16 49984 1
26 6 0 20 74875 1
24 22 28 9 51138 1
23 23 22 1 79936 1
24 28 3 19 66783 1
11 27 4 20 27874 1
9 17 11 4 44854 1
25 21 19 17 42728 1
27 27 9 20 58913 1
20 28 13 10 54448 1
27 14 0 9 68238 1
7 10 28 28 76518 1
20 21 26 16 39487 1
9 3 17 8 28397 1
11 14 19 3 38288 1
29 3 5 21 73082 1
0 22 9 24 36594 1
26 3 18 14 46770 1
4 21 19 7 45360 1
12 14 21 5 35083 1
6 22 5 10 36308 1
26 20 18 1 68994 1
18 29 10 18 39873 1
4 25 21 28 47860 1
22 15 4 28 85198 1
29 27 0 6 93507 1
15 1 5 10 43939 1
21 22 3 1 95161 1
29 29 21 20 43813 1
28 24 17 27 36581 1
29 17 12 29 61757 1
9 7 25 27 65346 1
10 26 17 4 60073 1
25 26 6 27 57751 1
25 16 5 5 70138 1
25 0 29 20 71369 1
11 10 21 2 40502 1
10 23 9 13 35522 1
17 18 1 11 48610 1
6 13 6 24 43419 1
8 9 25 6 33968 1
11 16 23 9 36788 1
22 10 3 5 47787 1
6 28 18 17 68247 1
23 2 2 4 37783 1
9 12 29 17 64637 1
5 22 0 9 43840 1
29 18 6 13 79870 1
27 0 29 8 35603 1
19 10 9 20 39103 1
10 16 17 21 34855 1
18 0 10 11 37736 1
23 25 25 13 38657 1
0 23 13 10 49676 1
17 11 2 7 44426 1
28 24 0 17 89838 1
7 3 14 17 44822 1
6 7 14 3 22931 1
22 22 18 29 48999 1
12 20 2 7 42786 1
6 23 23 7 63207 1
26 20 0 18 88543 1
3 23 24 22 73111 1
10 3 26 11 47564 1
3 21 16 22 34044 1
17 2 24 21 76301 1
23 28 3 27 65387 1
22 2 29 13 47946 1
14 26 0 0 69904 1
13 20 26 10 48816 1
22 17 18 5 52235 1
28 21 19 1 83680 1
6 6 28 26 83858 1
22 27 5 28 63795 1
25 29 7 21 48329 1
15 5 19 22 70395 1
20 19 0 9 72582 1
16 25 1 20 38417 1
2 11 21 29 66751 1
29 20 23 24 27816 1
19 1 17 20 63225 1
17 13 8 2 44865 1
10 24 14 11 36890 1
27 14 10 20 66850 1
15 26 23 24 24470 1
16 10 1 4 42202 1
13 0 20 25 74490 1
3 25 25 5 72435 1
24 25 20 19 41710 1
2 25 13 1 74058 1
1 20 14 15 41085 1
23 16 2 12 57459 1
17 21 21 6 59277 1
9 8 2 22 50744 1
1 4 12 8 31690 1
16 28 25 15 58930 1
24 8 10 20 53346 1
14 14 2 19 46774 1
7 23 19 24 42083 1
24 16 11 4 63101 1
18 16 6 2 54742 1
29 13 24 2 45477 1
27 11 23 23 51604 1
27 29 1 25 60870 1
7 22 17 16 39265 1
9 16 20 23 54011 1
27 22 29 1 83388 1
4 29 5 6 64938 1
23 4 10 4 23213 1
13 21 4 9 34405 1
7 10 28 16 59892 1
3 6 29 2 51498 1
8 28 28 10 87012 1
19 27 9 4 67834 1
14 29 9 14 40576 1
13 0 21 16 72312 1
16 2 23 12 44653 1
1 12 24 22 79868 1
29 22 16 4 81155 1
27 24 10 27 49926 1
27 24 8 2 81104 1
2 25 29 5 81840 1
14 14 1 23 54038 1
24 21 4 0 92826 1
19 0 12 14 43666 1
