2739 2755 4313 3958 2713 2767 4246 3761 3467 4701 4687 4618 2887 2898 4643 3834 4339 3373 3190 2728 2792 3911 3645 2582 3602 3242 2933 3591 4206
6349 5187 5555 6161 6020 4065 4879 4660 5610 4163 5315 5982 6005 5426 5757 6203 5579 4764 5295 6127 5515 5732 5857 6200 4255 4078 4914 6337 5624
5445 5710 5606 6131 6477 5914 5006 4781 5432 5075 6413 6657 6421 5065 4510 6582 6226 6047 6341 4655 5503 6403 5748 6099 4730 5371 4945 6634 5465
2255 1559 1152 2316 1844 3108 2345 2267 2977 1739 1516 1699 1563 1150 2745 1182 1648 2745 1625 1544 3181 2217 1815 3046 1981 1650 2001 2989 1630
6051 4823 6193 6216 4742 4306 5836 4527 5965 5094 4595 5682 4773 6075 4702 5998 4979 5206 6318 5955 5517 6348 6051 6059 5407 6229 5756 5894 5207
5540 5659 4057 5244 4282 6074 6138 3936 5883 4561 3983 3965 4626 5400 4360 5639 4468 4762 5574 4737 5826 5329 4149 4969 4018 6070 4422 5733 5327
2727 3013 1764 3021 3456 2456 3316 3486 2348 3244 2462 2113 3800 2564 4008 1939 3485 3212 2443 2603 2553 3303 3835 3545 1941 3697 2980 3729 2956
5391 6457 5908 5673 6525 6003 5407 5370 4564 6437 5826 4543 6123 6146 4514 4461 4351 4792 6003 6302 4707 4630 6477 4518 6261 6008 4810 6491 5373
2950 3071 3276 3294 3053 4195 4782 3425 2732 3062 4115 3180 2874 3034 4338 3635 3827 4945 4734 3932 2879 2761 4702 3072 3971 4778 4377 3273 3312
5112 5689 5117 5122 6277 5228 5042 6231 6520 6030 5856 5418 4830 6271 6761 6588 6579 4854 4894 6405 6469 6726 5170 4644 6051 4823 4920 5697 4809
4367 5080 3602 4001 4404 4913 5157 3650 4684 4482 4792 4379 3411 3739 5027 4763 3367 3197 4670 4646 4894 4922 4223 3700 3235 4671 3481 4161 3222
4495 5558 4499 5884 4987 5283 5033 4445 5012 4277 6017 4037 6301 5667 5951 6261 4267 6243 6153 5397 4681 5616 4758 6190 5416 5187 4325 5975 5571
3009 2997 3118 3306 3433 3329 2981 2518 2661 3427 3920 3226 2961 2303 3064 3683 3771 2018 3139 3628 2606 3720 3591 2933 2135 1947 3566 2557 2615
7087 6693 6160 7321 7310 6316 7238 7148 5354 6483 7033 7000 5641 7521 5353 7024 7085 6310 7100 6056 6964 5327 5524 6428 6107 7000 6550 6946 6166
5952 6661 5355 5139 6738 5762 6393 6490 4722 4646 5837 5348 5711 4972 5951 5872 4936 6676 4855 5395 4931 4556 5845 6029 5809 4548 5057 4709 4915
6770 5672 5622 5682 7083 6661 5597 7523 6916 5646 5976 7013 6342 5688 6231 7187 7008 5892 6931 6734 5857 7106 6828 6474 5835 7135 7233 5480 5661
4379 2699 4134 4472 3299 3943 3970 2709 4705 2974 4703 4321 4467 3817 3731 4500 2785 3601 2957 3947 2644 3660 4709 3173 4614 4748 2890 3085 3178
7646 8304 7951 8775 7002 7727 7138 7396 8086 6810 7152 7786 6924 7897 7975 7030 7241 6847 8100 8238 7869 7158 7227 8129 8676 7852 7852 7416 8722
6644 5374 6667 6371 6201 5871 5695 6798 6783 6779 7124 5997 6313 7295 5227 5439 7085 5431 6080 6873 7078 6038 6975 6582 5417 5999 5601 5661 5413
6612 6695 6831 6191 6747 6817 7605 7044 6428 7970 7389 6323 6047 8052 7798 8013 7254 6600 6425 6124 6193 5957 6009 6031 7761 7365 8155 6979 6152
8183 7769 7052 6456 7582 8260 8532 8483 6420 7808 8434 6811 7123 8281 8163 7873 8165 6889 8347 6605 8065 8034 8069 8136 8348 8268 6374 8356 6483
2629 3437 1757 3851 1940 3759 1698 2935 3167 2597 3018 3363 2978 3178 2084 2523 2686 3700 2083 3865 2222 1776 3174 3328 2540 2110 3755 3778 1601
6170 6027 8206 6786 7587 8190 8169 6932 7180 6451 7767 6975 6623 6171 6456 7303 6169 6235 7273 7153 7078 7713 7249 7273 7570 6692 7382 7628 8164
2473 2670 2409 1901 3183 1632 3535 1786 1994 2365 2040 1580 2908 3006 1769 1791 2518 2205 3393 3040 3284 3259 1957 3521 1300 1773 2318 1229 1642
5672 4116 4813 5674 4708 3463 4595 4076 5450 3672 4973 5307 3766 4336 3793 5164 5635 5633 3853 5605 4593 3626 5246 4735 5608 5280 4867 5327 4710
3253 1750 3029 3026 1822 1737 2461 2349 2984 1708 3119 1901 2799 2760 2346 2031 2823 3276 3051 1484 1630 1766 1958 2316 2150 2777 2175 2415 2854
7429 6934 8198 6903 8100 6884 7962 8007 8422 6921 8347 7684 7997 7163 8485 8238 8175 7451 8534 7102 7505 8441 8236 8361 6916 7168 6800 6826 7417
6258 5076 4973 5873 5600 5177 7029 5886 6523 6439 6927 6663 6869 4898 6866 6373 4968 5219 7001 5243 7082 5275 5562 6061 5703 7080 5649 6343 6788
5101 4947 5860 6248 5149 7141 5803 5787 6579 5310 6823 6268 5778 7167 7180 5728 5755 5763 6898 5645 6666 5458 5159 6579 6788 5563 5097 5784 6780
6421 5533 5462 4947 6173 6884 7054 6041 7090 5863 6729 6551 6127 6197 4927 6843 5949 6539 5520 4976 4911 5555 5191 5774 5216 5385 6232 7092 6566
2655 6953 3679 1894 7249 2696 5287 5130 6208 5876 3065 5095 2917 3449 2494 3555 4814 8303 4975 3445 2299 3916 5372 7206 4759 6456 1303 5140 5223 6934
3232 6925 4791 2909 7321 4378 5386 3749 5434 7528 5064 6045 2967 3402 2049 3309 5838 7844 4627 2974 2957 2538 5299 7378 5262 5550 1797 5649 4988 7883
2193 6437 3242 3975 6471 2533 6525 4058 7256 6332 4712 5464 2376 4787 2019 1885 5583 7414 4847 4196 3656 3035 6100 6969 6446 6633 1820 4193 4558 7731
3313 7587 4792 2944 6888 3532 5909 3791 7101 5531 5037 6427 2004 3223 2863 2149 4567 8024 4744 3011 3589 3191 6824 7199 5523 6030 1937 6111 6247 7579
1953 7408 3924 3765 6999 3188 6539 5094 7618 6906 3328 4766 1603 3578 1970 3777 4571 7371 4683 3213 2512 3119 6794 6795 4973 5719 2385 5900 6152 6260
2731 7386 5164 2180 8147 3955 5738 5086 7085 7292 4765 6460 2375 4449 4090 2641 5682 7249 6143 3087 3586 3771 6556 7861 5559 5082 1577 6210 5273 7083
2389 5816 3324 4149 7151 4387 4824 3808 7226 6766 4932 6539 3266 3647 3373 3422 4347 8578 4851 2965 2464 4140 6332 7850 6584 5747 1524 6352 4185 8209
3089 5891 4912 2626 5906 3453 6016 4124 7412 6871 4099 6066 3275 4945 4203 1949 5357 8182 4326 2516 3797 3018 6811 7725 5869 5405 1391 5772 4523 8036
1861 7643 3894 2420 6774 4598 5608 4469 7408 7398 3173 6643 2021 3428 2924 3233 3987 7200 5053 4262 2682 4405 5404 7169 6069 6496 2759 6399 4815 6986
3177 7413 3996 1859 6178 3787 5060 3800 7458 5220 3549 6027 2349 3289 2258 3712 5309 6947 5630 4319 3753 3377 6380 6724 5112 5492 3102 4292 4857 6580
3755 7932 3473 2113 6151 3108 5920 4695 7316 7315 3638 4977 2470 3815 2578 1598 5755 7875 4199 4372 2881 4490 5385 6668 6226 6657 3253 5206 4160 8461
2758 7253 5205 2339 6941 4070 4976 3972 6303 5554 4935 5450 1433 4661 2770 2679 3744 6981 5168 4541 1812 4408 7453 7270 6634 6635 2019 6389 6316 6456
3269 7375 3258 3109 7279 4594 5406 4290 6422 7213 3269 6071 2058 2978 3227 1499 4494 8561 5367 3356 3440 3305 6991 6506 4823 5866 3299 6278 4992 7183
3367 7882 3388 3555 6744 3559 5977 5935 7372 6444 3325 5969 2128 3147 3106 2791 5488 8331 5933 2772 3154 3435 5387 8285 5040 7050 1848 5894 4588 6944
1467 7175 3939 2876 6847 2635 5680 4112 5762 6403 3812 5255 3660 3678 2161 2803 4721 6742 5119 2867 3905 2479 5463 8207 4697 6942 1532 4169 5726 8093
3375 6526 3252 2202 6526 3565 5075 5024 6656 5674 5368 6904 2609 2950 2233 1915 4371 7454 5536 3829 2651 3325 6769 7681 5705 6368 1144 4535 4864 6452
3175 6973 4274 3810 8140 4559 5392 5714 6538 5653 3381 6042 2293 3288 2403 2278 4936 7134 4384 3655 3267 4633 6855 7983 5146 5610 1478 5410 4467 7581
2400 6172 5233 2081 8060 2651 5623 5064 7106 5534 3960 5880 2812 4581 4110 1827 5499 8604 6099 3085 2742 2908 6813 6837 5434 6372 1612 5976 6004 7904
3289 5932 5334 2368 7830 3912 6620 5577 6865 5556 4808 5688 1628 4230 2666 2401 5834 8810 6121 2904 1834 4478 6144 6101 5537 5854 3049 5934 6420 6549
1699 7438 4440 3123 6017 4050 6033 5113 6805 5736 4601 4879 1900 2947 2043 3750 5613 6885 6046 4123 2951 3549 6339 7182 5134 5909 2901 4164 5350 7226
3532 7919 4014 2687 6920 3548 4913 5725 7238 5547 3408 5568 1619 3931 2068 2530 3729 6883 5404 3686 3350 2327 7114 7791 5583 5702 3016 4275 5932 7403
3288 7863 3479 3643 7483 3217 4592 5629 6594 6449 3739 5074 1974 4817 4107 1883 5433 7771 5653 2296 2912 4376 5817 6071 4608 5430 1189 5692 5621 6757
3117 7441 4296 2618 6871 2842 6564 3950 6347 6620 3111 6210 2712 3835 2694 2383 3794 7034 4494 3817 3153 4500 6405 7663 5386 5140 1334 5246 4317 8248
2729 7086 3945 3813 6453 3025 6034 5731 5811 7344 3435 6953 2192 4297 2422 2597 5596 8706 4970 2426 3353 2496 7056 6800 5318 6007 3434 5842 4346 7601
1490 5862 3378 3154 6676 3403 4909 4211 7296 7289 3645 6017 2959 2967 2797 3516 5308 7564 6077 3510 3481 2479 5525 7361 4392 7293 1821 5509 5164 8461
1946 5698 4226 3117 6054 4182 6655 5235 7339 5548 3840 5097 2665 4789 3271 2328 4460 6705 6348 4064 2073 3959 5411 7097 6394 6798 2468 4359 6205 8308
2597 6255 5009 2504 6396 3395 4504 5003 6304 6394 4596 6915 3502 3319 2535 3620 5611 6746 4891 3263 2678 4066 6845 6228 6092 5112 2683 4418 5680 6902
3272 5816 3416 3376 6751 2556 6763 4236 6902 6927 3854 5168 3491 3440 2237 1551 3828 8795 5386 2544 1880 3193 6728 6092 5206 6992 1236 4457 5090 7932
1930 7070 4858 3262 6568 3030 5683 5097 6907 6158 3715 6061 2227 2704 3155 2881 4651 7725 5331 2593 2479 3801 6275 8249 4397 6528 1761 4797 4705 7088
2 29 15 23 59414 1
10 11 29 21 72706 1
25 21 15 14 40830 1
22 2 2 20 90768 1
1 4 26 28 115073 1
10 13 28 22 73844 1
26 7 25 17 30055 1
0 9 28 2 105452 1
5 20 5 0 50346 1
5 17 1 3 46941 1
5 14 28 9 78432 1
10 18 18 4 73758 1
29 1 27 28 94003 1
8 22 15 18 36322 1
14 9 23 4 55153 1
28 5 10 24 100394 1
21 12 29 0 46218 1
2 23 29 26 69398 1
21 11 4 8 59898 1
24 27 14 2 94663 1
7 4 13 24 84963 1
23 5 11 10 51812 1
14 18 10 12 33003 1
16 22 10 14 41514 1
6 22 9 5 61773 1
25 3 5 1 66441 1
12 23 3 24 30593 1
11 22 20 20 36006 1
6 13 20 17 57051 1
28 0 18 5 42239 1
9 19 28 28 75515 1
23 9 15 20 49475 1
5 19 15 8 66926 1
12 26 0 19 45477 1
6 11 19 4 65487 1
0 11 22 26 81985 1
5 17 22 11 65123 1
2 11 23 29 82793 1
26 1 27 18 58858 1
8 11 7 28 60588 1
25 10 8 5 69328 1
28 6 13 11 67824 1
27 2 7 0 65075 1
18 10 8 5 53594 1
9 15 14 6 46433 1
10 10 24 24 75539 1
3 20 28 13 79889 1
8 13 20 7 52659 1
1 27 18 26 39391 1
27 4 13 20 84849 1
26 3 3 23 96929 1
10 21 10 7 58573 1
17 29 26 25 46143 1
18 9 15 21 58918 1
29 19 23 12 35990 1
6 0 18 28 102988 1
14 22 10 14 38553 1
7 3 28 27 112536 1
28 15 1 7 84749 1
11 13 11 24 45751 1
4 7 10 0 36883 1
11 19 18 5 69105 1
19 12 4 19 53653 1
15 11 0 28 75121 1
12 5 8 13 33209 1
13 0 14 14 52791 1
16 25 22 5 72825 1
4 22 19 7 93442 1
20 5 22 24 62290 1
19 23 27 26 34327 1
16 10 4 5 59458 1
16 3 5 25 94139 1
26 3 17 7 47388 1
21 27 5 23 53848 1
11 26 24 26 27855 1
15 4 27 14 64746 1
13 20 6 0 76227 1
22 29 10 2 109303 1
13 4 12 23 67258 1
2 27 16 10 74561 1
15 15 3 12 36217 1
27 20 15 10 59091 1
14 12 0 1 60412 1
9 22 25 6 89058 1
27 7 21 13 35114 1
19 8 9 17 72980 1
4 29 22 8 102533 1
23 24 21 15 29234 1
8 6 4 25 64821 1
22 29 8 11 86007 1
26 12 12 5 55271 1
0 12 9 27 52845 1
0 10 10 11 37328 1
17 4 25 19 65680 1
14 6 9 26 79989 1
17 13 3 12 39006 1
18 20 1 26 59087 1
8 7 17 2 44205 1
9 29 25 21 61204 1
26 13 14 25 62215 1
14 0 13 20 72568 1
28 20 8 17 68702 1
18 8 7 12 51930 1
3 7 18 13 52867 1
10 25 17 10 73094 1
13 2 17 9 42572 1
20 9 8 8 56594 1
3 29 15 9 78706 1
8 16 14 4 59107 1
5 5 10 21 63182 1
14 1 15 25 100539 1
17 7 3 18 67410 1
4 27 23 27 48486 1
0 29 14 25 45292 1
16 3 25 24 73026 1
20 18 20 4 51950 1
7 10 17 4 60102 1
29 21 16 17 51565 1
9 29 29 19 76782 1
21 26 10 5 88194 1
28 1 14 7 69837 1
15 12 20 27 59138 1
15 21 9 8 65162 1
24 12 10 24 73496 1
14 1 8 15 63745 1
3 24 2 10 32388 1
7 8 25 13 62117 1
29 7 2 28 120612 1
20 7 14 23 76895 1
3 3 4 24 49795 1
18 14 2 23 66426 1
21 21 17 29 41718 1
13 5 12 22 57549 1
24 23 29 17 38722 1
26 17 9 29 77350 1
0 19 12 28 51600 1
21 15 4 24 71480 1
20 15 1 27 75589 1
1 10 2 25 46066 1
15 24 8 16 55976 1
18 23 11 20 37516 1
28 5 3 12 77682 1
13 5 4 19 63121 1
18 19 7 21 40217 1
16 23 9 12 52391 1
1 28 7 17 51367 1
18 26 23 12 47213 1
12 0 14 20 69086 1
8 19 23 27 56712 1
19 2 26 18 64022 1
20 12 1 7 57889 1
6 24 20 20 54569 1
3 8 1 29 56183 1
20 17 11 19 46368 1
13 4 2 4 43612 1
18 19 3 0 83492 1
21 19 29 24 43292 1
5 7 16 25 79693 1
15 0 17 16 71006 1
1 15 9 22 40930 1
29 10 0 2 105040 1
15 2 15 14 52999 1
4 7 20 2 67975 1
14 16 4 19 44134 1
29 5 4 26 108256 1
0 14 26 4 84700 1
19 13 3 17 52319 1
16 14 0 13 47216 1
7 10 28 2 85278 1
5 7 26 28 105574 1
29 27 13 17 76315 1
24 1 12 7 55591 1
29 1 29 28 99000 1
14 5 23 19 63501 1
14 3 20 14 53699 1
8 26 6 6 59857 1
21 6 15 15 39719 1
25 23 16 29 36230 1
3 14 14 0 59152 1
17 15 1 6 63294 1
16 4 29 29 108655 1
8 9 27 29 104284 1
17 11 24 0 50728 1
6 6 16 29 87966 1
26 24 18 26 28065 1
7 5 1 24 65963 1
22 16 11 4 68022 1
11 16 29 24 79638 1
22 21 11 13 53277 1
22 26 22 10 43789 1
2 25 28 3 114469 1
29 12 0 13 74372 1
19 2 14 25 94015 1
11 12 20 9 36665 1
18 7 11 1 50600 1
29 0 6 0 62971 1
3 5 15 16 59055 1
18 7 22 19 53023 1
16 17 23 1 57115 1
29 18 12 19 60310 1
25 7 10 26 78157 1
25 4 4 29 111662 1
1 29 27 4 128978 1
1 19 23 19 72189 1
17 27 26 0 90410 1
29 3 7 5 69829 1
0 4 19 14 73937 1
16 5 23 27 77753 1
27 25 23 4 64855 1
22 24 11 15 54438 1
18 8 4 1 74269 1
25 26 9 26 36031 1
16 1 1 9 70660 1
4 26 6 16 34579 1
19 4 2 7 64258 1
0 22 5 2 59496 1
26 24 7 3 102519 1
21 13 15 20 36914 1
8 28 3 0 69333 1
0 6 25 10 83741 1
13 21 24 22 41498 1
7 8 29 15 77603 1
6 25 13 14 51743 1
18 26 20 6 68904 1
3 14 29 27 87363 1
21 1 15 28 92613 1
17 9 7 26 82129 1
22 12 12 16 34692 1
16 1 29 14 69087 1
18 29 10 16 65093 1
15 16 22 21 38403 1
4 10 2 23 36636 1
5 28 8 21 33931 1
29 15 18 18 47239 1
20 16 14 10 42198 1
14 15 4 25 56464 1
7 5 3 21 47177 1
4 29 3 7 52489 1
13 23 9 12 47242 1
16 12 14 23 48654 1
3 14 25 14 59612 1
1 24 17 9 85071 1
12 27 20 14 57604 1
12 2 13 20 59926 1
23 5 10 19 68927 1
2 27 22 3 103109 1
27 23 0 6 117259 1
23 28 11 21 44683 1
14 29 13 8 80983 1
21 4 26 10 29506 1
28 19 18 15 38661 1
27 15 6 17 60138 1
9 8 22 28 97751 1
11 6 2 16 56728 1
27 0 11 2 51951 1
4 2 2 17 41457 1
4 13 23 24 75174 1
19 8 9 16 67975 1
5 18 18 19 51125 1
7 13 5 4 35109 1
23 0 25 27 67350 1
19 28 19 14 55017 1
12 25 12 9 50125 1
24 17 6 25 70193 1
29 15 7 17 64536 1
5 0 29 25 119272 1
27 17 7 0 103331 1
20 18 3 9 69010 1
27 0 19 7 43752 1
11 19 24 5 68830 1
4 8 12 28 69194 1
29 21 28 7 61126 1
13 28 4 23 44938 1
9 24 15 6 87797 1
28 15 10 18 55276 1
23 11 1 13 57521 1
11 14 22 23 55728 1
26 10 15 22 67636 1
6 16 26 11 63371 1
18 9 28 15 50288 1
29 15 8 19 70916 1
27 24 3 18 82076 1
4 29 3 15 36833 1
23 15 28 20 23958 1
23 3 15 23 79549 1
10 0 2 15 50633 1
3 10 17 8 57707 1
7 16 29 6 91729 1
27 5 19 3 31160 1
0 18 1 7 43469 1
24 26 6 11 81478 1
1 19 4 29 36803 1
21 7 12 25 75153 1
9 25 19 21 51880 1
17 25 15 11 63837 1
20 4 3 8 65855 1
3 23 19 9 81081 1
9 18 10 1 71497 1
1 29 24 21 76815 1
17 1 6 18 85964 1
23 8 14 6 43694 1
26 6 13 20 76590 1
0 17 19 5 90424 1
10 5 27 24 99799 1
1 23 17 23 66438 1
5 1 29 26 119182 1
16 25 17 16 37026 1
29 12 16 15 41484 1
22 4 3 18 82208 1
19 21 13 26 35384 1
1 19 28 7 97703 1
27 15 18 19 38032 1
6 11 29 5 76843 1
20 5 21 15 32325 1
5 4 17 5 47002 1
9 16 27 2 84657 1
20 16 5 20 60998 1
21 26 7 28 43185 1
25 27 13 12 63117 1
27 15 4 24 87807 1
17 21 8 19 34843 1
1 7 26 16 83741 1
11 8 18 21 64848 1
8 1 8 20 69288 1
5 28 23 10 87526 1
4 13 14 20 49532 1
2 27 16 29 43117 1
12 3 17 26 79601 1
27 3 13 0 46581 1
20 8 19 27 69824 1
28 15 19 7 50562 1
10 21 19 4 88438 1
11 9 12 24 53181 1
4 15 16 15 32019 1
25 26 9 5 96027 1
25 13 1 25 85667 1
14 13 24 1 56519 1
4 14 12 5 48434 1
7 26 13 5 80679 1
19 2 7 26 106553 1
11 2 7 19 67984 1
26 9 8 28 91883 1
25 26 23 2 60032 1
22 15 20 24 32823 1
28 17 22 7 45753 1
7 27 8 15 44261 1
15 21 14 10 50132 1
22 15 3 14 51582 1
7 23 2 2 65635 1
1 13 21 22 77893 1
11 24 11 7 63775 1
3 17 25 23 74651 1
7 20 2 3 50139 1
4 18 19 12 53761 1
4 14 23 1 76860 1
9 22 4 7 55183 1
19 16 1 10 65642 1
5 16 13 10 41926 1
12 11 17 16 29870 1
3 5 15 12 44293 1
21 21 15 1 78774 1
16 8 18 22 62731 1
26 4 3 15 80883 1
16 6 0 20 77747 1
26 3 23 21 51399 1
18 0 3 7 56658 1
9 16 22 6 64754 1
1 18 15 5 74153 1
29 1 13 6 72113 1
0 24 23 29 59302 1
6 21 17 20 36359 1
14 4 6 11 51098 1
12 2 29 9 79809 1
14 4 25 1 42029 1
17 1 14 12 55171 1
14 19 9 6 60328 1
12 0 29 16 89825 1
9 28 10 14 59354 1
12 10 1 6 50826 1
24 1 21 28 76266 1
18 28 11 16 55407 1
2 27 29 5 114998 1
6 6 17 3 39991 1
6 20 2 3 47675 1
4 7 19 6 71647 1
13 8 6 5 38653 1
19 9 4 0 79277 1
29 0 5 4 76518 1
24 2 12 6 48494 1
6 2 22 26 99571 1
12 5 25 7 49758 1
4 27 24 14 78400 1
10 29 13 10 68050 1
12 8 26 14 52608 1
1 6 29 4 95776 1
19 23 8 4 97945 1
1 19 17 27 58674 1
2 0 13 13 53705 1
8 9 5 21 45980 1
28 29 26 3 81439 1
19 28 15 22 44785 1
26 4 17 17 65727 1
8 25 7 10 57173 1
26 10 20 20 43769 1
20 23 25 16 38496 1
13 19 2 13 49809 1
12 14 18 3 51698 1
27 9 18 17 56688 1
8 2 3 16 45340 1
2 16 25 9 70291 1
21 6 10 9 55041 1
24 6 11 13 52349 1
17 21 8 16 48349 1
0 26 5 13 38250 1
28 21 23 2 60283 1
8 1 22 14 74849 1
17 13 2 17 54708 1
17 15 17 29 60350 1
1 26 15 26 30243 1
9 14 14 25 53536 1
10 29 23 8 82241 1
18 23 10 2 95179 1
10 26 22 5 81172 1
20 10 3 23 72707 1
12 13 26 14 41611 1
21 3 5 11 68189 1
24 13 26 28 44130 1
18 13 21 28 53696 1
12 0 9 18 67487 1
26 6 10 9 69277 1
26 22 22 28 27731 1
8 16 28 0 87149 1
1 28 0 11 55506 1
17 21 26 19 33931 1
12 17 28 5 72453 1
25 11 14 2 56633 1
0 14 27 16 78742 1
0 29 8 10 63330 1
18 13 21 4 33937 1
12 5 25 29 92506 1
19 0 3 15 75603 1
4 23 24 10 81858 1
17 27 23 6 69977 1
22 12 4 25 75949 1
6 11 12 2 42413 1
27 11 5 23 96748 1
20 20 15 11 46321 1
24 8 0 1 89934 1
20 10 1 12 56635 1
8 22 22 1 99264 1
2 24 17 2 95263 1
23 2 12 17 63600 1
12 20 18 29 44520 1
1 19 1 3 46523 1
15 24 27 4 95030 1
0 1 16 15 73562 1
11 29 14 14 57762 1
3 28 6 11 41177 1
28 21 11 0 100162 1
2 12 10 27 48624 1
16 9 23 20 47566 1
29 28 22 14 55859 1
9 21 0 1 72864 1
6 5 9 28 74778 1
11 0 10 21 74837 1
19 3 29 13 54289 1
15 23 20 13 56888 1
23 0 11 4 47847 1
3 29 16 10 74987 1
21 5 29 22 65577 1
1 27 17 1 106377 1
20 29 28 16 61445 1
9 2 24 23 98798 1
10 11 24 10 40730 1
21 19 26 11 34803 1
14 1 5 6 46602 1
25 17 3 28 73002 1
0 14 23 18 67041 1
0 2 24 21 105274 1
8 7 6 27 64538 1
20 25 16 5 79416 1
13 20 11 4 59126 1
18 8 0 2 81038 1
16 0 21 5 27709 1
10 25 16 18 45076 1
29 23 28 2 80454 1
15 13 2 3 57346 1
0 10 26 13 74984 1
9 27 10 12 58447 1
6 27 3 15 31513 1
11 19 8 2 66288 1
6 13 7 26 40652 1
24 8 19 20 46786 1
17 11 29 22 65017 1
7 5 29 24 117379 1
16 12 29 18 56448 1
19 29 11 24 44853 1
28 0 8 22 106330 1
26 15 24 0 40862 1
10 16 20 29 73921 1
7 6 29 0 78122 1
6 16 16 12 36284 1
0 22 8 14 42635 1
21 23 10 2 87831 1
25 2 28 20 51337 1
21 20 24 10 33750 1
7 11 19 15 39933 1
10 14 21 21 47285 1
13 17 1 3 71081 1
8 26 25 24 43717 1
19 20 0 22 63684 1
29 1 8 1 66864 1
5 7 19 15 57395 1
8 21 23 22 53909 1
7 24 4 3 66464 1
12 19 23 11 47912 1
19 18 18 28 52776 1
10 24 24 3 95133 1
25 29 27 4 70047 1
10 3 28 18 94341 1
20 5 1 16 82443 1
12 8 22 20 59950 1
12 4 16 22 66925 1
28 9 7 12 64712 1
20 20 0 12 73482 1
28 8 25 17 41958 1
21 27 5 29 54430 1
29 24 15 6 98164 1
22 7 11 12 40541 1
14 3 1 3 37943 1
27 20 18 0 72254 1
2 25 19 10 84771 1
12 27 28 19 55175 1
29 23 5 23 82394 1
1 6 25 2 81335 1
10 25 29 17 76204 1
14 0 6 2 29405 1
0 14 15 11 44860 1
1 28 29 29 90178 1
15 3 18 17 65942 1
18 29 21 9 72866 1
27 10 10 0 75265 1
19 10 11 5 46909 1
21 17 19 27 36992 1
5 5 19 23 99322 1
15 9 28 20 64251 1
12 13 8 4 39778 1
29 0 15 11 66092 1
18 23 6 17 61351 1
13 25 15 6 81104 1
20 12 1 7 57889 1
23 16 2 26 70419 1
3 13 22 8 61805 1
2 14 23 5 65853 1
8 27 22 12 75610 1
2 28 15 17 71873 1
12 10 13 26 51944 1
25 13 11 14 41377 1
25 17 2 6 83167 1
13 7 14 17 43468 1
10 2 11 20 63234 1
26 24 12 0 98620 1
17 3 3 22 79358 1
9 22 3 16 34554 1
25 14 18 24 52754 1
29 9 29 19 58438 1
22 2 7 17 81394 1
9 1 20 15 73510 1
1 29 28 7 126127 1
8 1 9 25 85690 1
1 1 4 20 51974 1
14 4 20 29 105299 1
0 22 15 26 44617 1
3 13 17 14 40753 1
9 3 21 8 46305 1
4 16 4 6 29659 1
4 9 17 24 80855 1
4 25 29 4 119357 1
23 21 9 26 42586 1
27 27 11 23 52742 1
8 18 0 29 50610 1
22 14 11 20 46036 1
26 23 10 3 94001 1
10 9 6 27 67517 1
26 23 17 8 75640 1
24 9 15 21 57535 1
3 10 4 0 24875 1
11 0 28 0 46770 1
23 0 3 28 106839 1
14 8 5 27 80740 1
4 29 28 28 79071 1
29 23 26 12 48002 1
15 21 24 20 29531 1
9 19 1 0 61914 1
14 24 27 2 97735 1
17 6 20 18 61579 1
27 20 23 5 44693 1
13 12 7 1 51828 1
23 28 22 1 71807 1
27 12 10 18 60378 1
0 3 21 6 68534 1
27 17 18 19 42271 1
7 20 18 21 37616 1
13 16 4 14 33741 1
27 28 24 14 46880 1
25 14 8 24 73829 1
1 19 13 3 67143 1
3 21 27 25 70544 1
7 28 14 0 101324 1
5 28 23 2 106331 1
8 14 10 24 48591 1
6 11 17 23 71049 1
11 7 26 25 86745 1
28 5 22 28 72678 1
6 26 3 10 37206 1
26 5 9 15 67037 1
9 28 1 24 33229 1
0 4 13 8 59120 1
7 11 14 17 39517 1
0 19 22 25 72896 1
8 9 20 14 45843 1
1 15 15 8 60318 1
24 27 1 1 112784 1
15 29 27 21 54431 1
13 10 27 3 67546 1
18 14 11 2 58143 1
11 5 28 17 83563 1
7 27 4 6 58777 1
10 11 23 11 35255 1
24 28 12 0 103163 1
13 9 27 24 87366 1
19 23 3 3 100224 1
13 2 25 25 88997 1
14 29 3 1 90389 1
6 9 26 12 55842 1
7 13 22 22 68039 1
27 7 21 21 56080 1
23 17 2 18 65951 1
5 1 22 21 103014 1
7 25 27 17 79779 1
11 29 1 19 54652 1
29 20 26 29 37459 1
17 3 1 16 76613 1
10 28 19 20 50271 1
12 20 29 8 88824 1
20 17 13 10 51363 1
15 10 9 27 72096 1
20 9 4 18 71805 1
27 7 14 5 51843 1
9 10 7 22 51090 1
27 24 22 6 65030 1
28 17 5 2 104384 1
5 27 20 1 116863 1
15 6 26 13 56134 1
10 14 25 18 48715 1
17 27 11 18 44990 1
20 19 24 26 28658 1
5 17 5 2 49925 1
22 9 28 20 44246 1
7 5 28 2 71580 1
3 22 25 26 56096 1
12 2 2 4 36300 1
22 18 23 27 28339 1
29 5 23 17 46278 1
29 26 21 20 31076 1
22 27 29 4 81581 1
10 22 8 1 82955 1
24 25 20 12 46263 1
15 2 22 5 30463 1
0 1 9 2 34209 1
5 14 23 28 76108 1
2 24 27 16 90983 1
22 14 29 7 45104 1
15 0 26 2 37323 1
24 5 18 21 57228 1
11 22 24 22 54827 1
14 14 15 1 59773 1
8 24 4 13 45224 1
18 13 27 6 46978 1
23 8 14 7 47694 1
0 17 0 5 46848 1
29 9 26 26 62523 1
22 27 2 2 100694 1
0 28 6 20 34787 1
26 3 28 14 37826 1
21 24 14 6 77986 1
15 7 1 11 62210 1
3 13 29 20 81552 1
23 4 28 15 38670 1
11 6 0 23 77967 1
2 6 27 11 83238 1
8 28 20 13 77862 1
11 25 22 13 66259 1
9 4 14 25 90498 1
9 29 20 14 76618 1
19 23 15 2 90944 1
24 23 20 6 61062 1
10 3 0 11 52632 1
29 17 8 17 74029 1
11 4 22 1 45297 1
19 27 26 2 81501 1
6 22 19 27 49183 1
8 17 16 24 51431 1
17 18 7 21 40818 1
2 20 19 23 69867 1
27 0 1 26 114228 1
7 13 28 17 72728 1
17 5 29 11 58739 1
19 28 23 11 58642 1
6 3 13 25 84552 1
10 29 17 4 105489 1
18 12 2 24 67263 1
4 8 2 28 52672 1
17 8 4 21 75066 1
1 17 23 16 69987 1
9 7 0 12 40296 1
23 2 9 18 77380 1
26 8 19 2 41870 1
7 21 25 22 60409 1
15 11 22 2 51281 1
16 22 23 29 37012 1
2 9 22 26 80393 1
24 21 6 16 63319 1
16 5 27 25 86451 1
0 20 20 13 70092 1
11 2 4 18 62143 1
27 16 20 23 48567 1
0 24 13 10 67255 1
27 10 15 4 59401 1
7 26 19 15 61209 1
13 12 11 2 37697 1
9 27 4 9 55070 1
29 27 1 16 94857 1
9 14 21 7 48657 1
26 9 15 25 73556 1
15 16 20 7 50702 1
10 25 21 5 88606 1
3 4 23 22 90857 1
6 10 15 3 46373 1
9 21 28 16 74603 1
10 21 7 6 62769 1
25 22 25 9 30694 1
3 24 18 26 34491 1
15 2 7 24 97482 1
3 18 11 5 55773 1
23 5 0 26 94133 1
26 12 0 6 81386 1
11 17 16 29 49674 1
0 10 26 3 91570 1
0 18 22 28 78933 1
5 7 8 23 59396 1
12 23 12 8 47718 1
25 27 14 21 46580 1
7 21 1 7 48587 1
14 7 4 23 75387 1
21 25 7 17 67292 1
4 7 25 13 68128 1
21 1 4 6 64437 1
15 2 29 18 89242 1
28 15 24 24 32226 1
0 7 7 2 34757 1
0 16 29 26 90969 1
8 0 25 27 109898 1
9 26 12 6 68606 1
16 9 12 29 72690 1
18 4 28 4 43022 1
2 0 26 14 87140 1
12 7 19 25 78578 1
12 12 24 8 39183 1
10 4 1 0 34335 1
13 23 15 9 64188 1
4 29 20 4 113191 1
28 24 4 12 94557 1
4 28 4 14 39479 1
8 28 1 20 36967 1
11 4 10 29 88754 1
16 3 0 17 78039 1
12 19 10 29 36696 1
15 6 0 27 92427 1
4 18 6 4 44640 1
18 4 29 10 57442 1
1 23 21 26 57976 1
11 15 6 9 32075 1
24 29 5 6 108035 1
5 7 12 3 32841 1
15 28 28 7 90375 1
20 12 7 28 83051 1
6 29 24 10 88894 1
24 28 6 13 83471 1
3 29 13 13 61447 1
4 5 3 20 33385 1
7 13 12 28 60867 1
20 6 12 28 85940 1
11 8 3 26 66798 1
23 9 29 1 41968 1
10 9 26 24 82023 1
9 22 9 10 52831 1
27 11 17 16 47181 1
22 23 28 14 42538 1
8 24 13 18 36676 1
19 26 7 25 32494 1
25 6 21 21 48303 1
9 5 15 16 55635 1
9 12 17 27 63874 1
28 1 24 9 40625 1
2 5 14 14 50577 1
20 9 6 14 56410 1
17 2 12 15 57279 1
14 22 7 15 43312 1
13 18 13 0 64361 1
8 23 23 9 77415 1
20 9 12 7 48938 1
21 3 28 17 58315 1
23 7 28 18 47566 1
11 16 9 1 61673 1
8 12 27 6 64498 1
8 28 19 8 103097 1
29 1 22 29 96220 1
4 14 11 2 51942 1
24 23 9 14 64329 1
2 28 21 16 76858 1
24 14 11 16 37678 1
17 20 4 15 53076 1
17 28 26 1 95027 1
25 7 8 4 59807 1
16 16 13 2 57013 1
29 19 7 10 81050 1
16 19 9 16 36560 1
15 15 1 18 47302 1
14 27 0 8 82467 1
12 19 27 10 64674 1
17 20 21 6 50752 1
13 12 1 24 59023 1
11 17 28 1 90118 1
14 11 9 26 59407 1
26 20 16 20 29116 1
23 18 24 4 36862 1
7 5 19 21 86379 1
1 21 14 13 52838 1
16 15 26 28 57771 1
21 29 17 23 41708 1
3 13 25 4 70934 1
23 4 18 21 57386 1
13 23 12 11 44216 1
26 29 11 9 94516 1
25 18 29 29 45170 1
18 4 25 26 76309 1
10 10 0 4 52640 1
2 16 24 24 77775 1
7 28 28 28 68231 1
21 15 28 11 32739 1
22 29 10 20 57395 1
16 6 3 16 61273 1
28 5 23 21 53567 1
27 6 18 14 48451 1
6 10 12 21 46562 1
28 7 8 7 81866 1
13 3 12 13 34871 1
16 14 28 1 67925 1
23 10 2 5 67993 1
8 8 11 1 35198 1
24 22 14 19 40258 1
18 9 28 26 73727 1
28 13 7 26 81933 1
7 20 16 6 73329 1
23 20 8 24 57378 1
16 21 5 3 80666 1
13 29 28 13 84782 1
2 29 4 21 28251 1
11 17 22 22 52868 1
9 18 23 19 54516 1
5 16 14 18 44986 1
22 16 3 23 70867 1
20 5 25 25 59369 1
2 4 26 9 87582 1
14 2 6 24 88462 1
19 24 0 14 79754 1
17 14 6 22 51273 1
7 19 22 27 62958 1
0 8 23 20 91043 1
7 1 4 18 55070 1
29 4 16 9 65870 1
4 20 27 14 75227 1
25 24 14 4 83243 1
9 9 3 2 43246 1
1 23 20 14 77296 1
0 9 15 14 55311 1
28 1 18 20 79533 1
0 5 18 13 67927 1
19 13 7 10 42902 1
10 26 26 24 44250 1
19 12 2 11 45147 1
15 13 21 4 40146 1
10 1 20 1 41104 1
23 2 22 25 61516 1
24 25 13 10 75675 1
0 20 12 24 46831 1
15 12 23 23 46677 1
15 24 10 14 52061 1
16 21 9 24 39399 1
3 3 25 26 95507 1
2 7 24 23 95727 1
23 15 18 27 45131 1
23 12 28 24 50372 1
23 26 14 8 77484 1
2 8 5 16 30965 1
3 17 23 20 66349 1
29 7 0 8 107196 1
26 23 3 4 101145 1
9 7 22 0 62438 1
21 13 26 28 50247 1
13 1 27 10 72031 1
1 18 8 11 36210 1
17 27 29 4 94970 1
21 29 4 28 58673 1
1 23 22 3 103368 1
10 12 18 15 25344 1
8 23 9 7 62644 1
6 28 20 13 79836 1
1 24 29 18 91619 1
26 23 27 6 58702 1
18 7 29 4 53695 1
10 6 23 20 75599 1
9 2 25 14 74226 1
21 22 12 29 39769 1
14 13 4 15 34503 1
0 14 14 29 71716 1
17 11 25 7 37643 1
9 16 12 23 35799 1
25 16 23 25 27276 1
3 27 27 15 80815 1
15 2 19 14 58050 1
26 10 3 25 86642 1
7 23 27 15 82492 1
1 29 17 24 62438 1
18 4 7 21 91418 1
5 5 11 28 76940 1
16 8 5 1 57537 1
1 14 25 22 78756 1
18 5 3 22 84021 1
11 0 9 9 46969 1
3 16 28 18 83260 1
16 11 24 18 38426 1
18 10 29 18 64464 1
6 8 8 24 53896 1
28 6 12 8 71662 1
16 23 29 27 46749 1
5 9 5 25 54307 1
3 5 24 25 93872 1
29 2 15 24 104422 1
3 3 17 5 48467 1
6 19 23 21 56635 1
11 23 23 28 40234 1
7 15 22 12 43149 1
19 26 5 11 69573 1
0 28 29 6 127132 1
22 7 28 26 57709 1
5 20 16 28 50306 1
10 11 17 17 40037 1
9 16 5 3 51447 1
14 4 1 13 65761 1
2 23 21 26 53472 1
20 26 16 12 51515 1
6 18 22 15 48906 1
15 3 20 28 94260 1
5 28 26 25 63012 1
13 17 13 7 43632 1
9 21 23 15 55263 1
29 18 0 4 115670 1
12 15 22 5 51495 1
4 29 25 23 69046 1
9 22 11 4 75376 1
17 18 0 12 61662 1
8 17 28 1 96077 1
7 22 21 27 57032 1
25 12 4 25 83812 1
13 26 8 9 63428 1
23 19 18 2 58712 1
10 13 9 2 46789 1
3 12 11 2 46366 1
21 11 4 23 73480 1
4 3 14 7 44725 1
9 3 17 24 89570 1
7 17 28 17 73138 1
7 29 28 20 75564 1
5 21 20 8 83986 1
22 9 8 27 86241 1
24 16 14 29 63782 1
10 5 25 24 87313 1
29 5 22 26 69178 1
6 3 13 16 57221 1
18 12 16 29 64603 1
14 6 26 26 89150 1
16 21 20 1 79326 1
23 13 8 16 45692 1
28 20 23 28 28030 1
28 2 26 20 57760 1
9 13 24 16 48887 1
16 13 23 19 33364 1
2 10 24 20 78099 1
